hash,key
53453,packed_mp_veh_secondary_colour_group_v258
93975,vem_colour_1_mct_metallic_black_graphite_t24_v1
162068,m_cl_clo_indm_l_0_2_t4_v1
200910,vem_insurance_intruder
204909,f_cl_clo_bif_decl_25_t100_v0
205211,m_cl_clo_h3m_ph_0_1_t14_v1
379701,vem_chassis_8_t4_v35
382694,packed_mp_veh_mod_idx_4_v352
417781,m_cl_clo_grm_b_0_18_t1_v1
421365,m_cl_clo_awm_u_3_4_t11_v1
441980,f_cl_outfit_clo_ief_o_8_t12_v0_cesp
535908,packed_mp_veh_mod_idx_14_v328
575420,m_cl_clo_vwm_u_19_11_t11_v1
618449,f_cl_clo_hstf_s_6_5_t8_v2
752151,vem_supermod_3_11_t44_v10
802377,m_cl_l_fmm_9_2_t4_v0
835646,f_cl_clo_h3f_ph_6_0_t14_v1
917047,m_cl_clo_vwm_pw_2_1_t14_v1
960931,vem_cmod_neonlay_0_t21_v35
962335,packed_mp_veh_livery2_0_v127
1012478,packed_mp_veh_mod_idx_s_2_v188
1090261,m_cl_clo_sbm_l_3_2_t4_v1
1101886,packed_mp_veh_livery_0_v149
1139439,m_cl_clo_sum_u_14_18_t11_v1
1197982,vem_colour_1_mct_matte_might_purple_t24_v1
1214893,vem_smod3_whlv126_t66_v3
1272002,f_ta_tat_bus_f_006_t0_v0
1273113,packed_mp_veh_mod_idx_s_23_v370
1297942,packed_mp_veh_mod_idx_7_v106
1353898,vem_colour_extra_1_mct_metallic_red_t24_v0
1448747,vem_colour_extra_1_mct_metals_gold_p_t24_v4
1452739,packed_mp_veh_colour2_0_v107
1464730,packed_mp_veh_mod_idx_s_17_v27
1473073,m_cl_clo_iem_l_4_6_t4_v1
1565131,vem_colour_2_mct_classic_torino_red_t25_v4
1614992,packed_mp_veh_mod_idx_1_v229
1693110,mba_colour_9_t0_v0
1710617,f_cl_f_fmf_7_0_t6_v0
1711353,packed_mp_veh_primary_colour_group_v301
1715488,packed_mp_veh_mod_idx_23_v115
1726180,m_cl_clo_smm_ph_2_7_t14_v1
1757390,packed_mp_veh_mod_idx_12_v338
1773425,f_cl_outfit_clo_x6f_o_o_4_t12_v0
1813420,packed_mp_veh_mod_idx_s_19_v14
1827061,packed_mp_veh_mod_idx_s_13_v344
1967759,packed_mp_veh_mod_idx_9_v244
2002672,packed_mp_veh_mod_idx_s_15_v179
2018678,packed_mp_veh_mod_idx_s_14_v60
2084753,f_cl_clo_h4f_b_4_15_t1_v1
2194887,f_cl_clo_hstf_b_11_0_t1_v1
2230565,vem_cmod_neonlay_0_t21_v1
2269012,packed_mp_veh_mod_idx_s_18_v252
2335917,wp_wt_gnade_smk_t2_v2
2464301,vem_colour_1_mct_metallic_bright_purple_t24_v4
2559477,packed_mp_veh_mod_idx_1_v13
2628658,m_cl_clo_h2m_b_7_6_t1_v1
2780699,f_cl_clo_apf_u_17_2_t11_v1
2842119,packed_mp_veh_mod_idx_8_v30
2848583,m_cl_clo_hstm_o_17_t4_v12
2870085,m_cl_clo_l2m_t_6_1_t7_v1
2877230,vem_chassis_27_t4_v3
2894232,packed_mp_veh_mod_idx_23_v155
2931685,packed_lr_vehicle_colour_6_v268
2949373,packed_mp_veh_mod_idx_s_17_v127
3086652,m_cl_clo_grm_u_13_8_t11_v1
3187931,packed_mp_veh_livery2_0_v178
3246381,packed_mp_veh_mod_idx_3_v285
3267548,m_cl_clo_x6m_f_4_3_t6_v1
3291713,packed_mp_veh_mod_idx_11_v325
3317121,ve_chino_t1_v0
3443746,dec_vw_aw_wh_29
3471035,vem_insurance_tribike
3509681,packed_mp_veh_mod_idx_22_v414
3532113,packed_mp_veh_mod_idx_s_14_v255
3551614,f_cl_clo_exf_eu_11_5_t11_v1
3569992,f_ta_tat_fm_025_t0_v0
3626872,m_ta_tat_bi_049_t0_v0
3639642,packed_mp_veh_mod_idx_s_15_v298
3656700,m_cl_clo_l2m_u_4_0_t11_v1
3667677,f_ta_tat_st_024_t0_v0
4107830,packed_mp_veh_mod_idx_9_v144
4108654,packed_mp_veh_colour2_0_v94
4111751,packed_mp_veh_mod_idx_s_22_v223
4281554,vem_smod4_whlv13_t66_v0
4297781,vem_colour_2_mct_classic_black_graphite_t25_v1
4315400,packed_mp_veh_plate_id_v355
4324059,f_cl_f_fmf_3_9_t6_v0
4353380,packed_mp_veh_mod_idx_s_12_v208
4377171,packed_mp_veh_mod_idx_s_5_v141
4472072,m_cl_clo_iem_b_3_2_t1_v1
4492344,vem_supermod_10_7_t51_v26
4537239,packed_mp_veh_mod_idx_11_v317
4730259,vem_supermod_9_0_t50_v5
4734571,f_cl_clo_smf_u_2_25_t11_v1
4753409,vem_colour_extra_1_mct_pearlescent_orange_t24_v3
4837991,packed_mp_veh_mod_idx_s_8_v297
4841777,packed_mp_veh_mod_idx_s_14_v218
4942418,packed_mp_veh_mod_idx_s_20_v161
4949451,packed_mp_veh_mod_idx_13_v298
4959702,vem_supermod_23_29_n1_t64_v34
5033332,vem_colour_1_mct_metallic_sunrise_orange_t24_v4
5229344,m_cl_clo_bim_decl_51_t11_v1
5230236,packed_mp_veh_livery2_0_v283
5387153,f_cl_clo_grf_g_1_5_t3_v1
5509529,vem_colour_2_mct_matte_black_t25_v3
5512720,vem_colour_2_mct_matte_red_t25_v2
5746578,vem_insurance_pcj
5757450,m_cl_clo_hstmb_23_9_t1_v1
5758326,vem_hiend_18_t19_v0
5796422,vem_colour_1_mct_matte_green_t24_v0
5798430,vem_smod4_whlv178_t66_v1
6224839,f_cl_clo_awf_u_10_2_t11_v1
6391928,packed_mp_veh_mod_idx_s_18_v190
6608401,vem_rwd_spt_03_t19_v0
6654107,packed_mp_veh_primary_colour_group_v249
6680436,m_cl_clo_s2m_u_5_14_t11_v1
6719990,f_cl_clo_s2f_d_23_t100_v0
6723813,packed_mp_veh_mod_idx_1_v350
6754504,m_cl_clo_lxm_t_17_1_t7_v1
6773494,kosatk_gms_1_t0_v0
6792778,f_cl_clo_s2f_f_1_1_t6_v1
6794331,packed_mp_veh_mod_idx_23_v129
6803448,m_cl_clo_vwm_l_1_9_t4_v1
6845022,f_cl_clo_stf_h_9_15_t14_v1
6845798,vem_loride_14_t19_v12
6885076,f_cl_clo_hstfb_21_7_t1_v1
6888459,wp_wct_muzz2_t1_v13_n2
6972456,packed_mp_veh_mod_idx_2_v186
6984493,vem_armour_2_t1_v33
6987763,f_cl_t_fmf_2_0_t7_v0
6993255,packed_mp_veh_mod_idx_s_22_v203
7003792,packed_mp_veh_mod_idx_8_v319
7052468,m_cl_clo_bim_f_3_5_t6_v1
7181336,packed_mp_veh_mod_idx_s_15_v380
7218566,vem_smod3_whlv42_t66_v3
7241876,veu_banshee2_t0_v0
7316915,m_cl_clo_vwm_u_6_20_t11_v1
7472360,packed_mp_veh_mod_idx_s_5_v236
7501177,vem_bumper_f_6_t34_v0
7534776,vem_supermod_12_8_t53_v3
7573488,f_cl_clo_ief_l_5_0_t4_v1
7583872,vem_suspension_4_t15_v38
7641298,packed_mp_veh_mod_idx_0_v262
7643120,packed_mp_veh_mod_idx_s_18_v256
7670313,packed_mp_veh_mod_idx_9_v378
7722528,vem_smod2_whl2_t19_v12
7754298,f_cl_m_fmf_7_3_t1_v0
7811461,packed_mp_veh_mod_idx_s_3_v321
7865867,packed_mp_veh_mod_idx_s_13_v195
7906921,packed_ng_vehicle_neon_v113
7937831,m_cl_clo_hp_u_2_2_t11_v1
7959209,packed_mp_veh_mod_idx_7_v76
8022392,f_cl_clo_suf_l_5_11_t4_v1
8072780,m_ha_cc_mkup_7_t7_v1
8081953,f_cl_clo_hstf_s_6_12_t8_v2
8193340,vem_supermod_16_4_t57_v26
8254307,m_cl_clo_x6m_b_2_12_t1_v1
8258441,f_cl_clo_h4f_ph_1_1_t14_v1
8341322,f_cl_outfit_clo_indf_o_3_t12_v0
8348490,packed_ng_vehicle_neon_kit_v309
8476791,packed_ng_vehicle_neon_v212
8481569,packed_lr_vehicle_colour_6_v188
8537914,vem_supermod_42_2_t42_v7
8602023,f_cl_clo_grf_l_3_15_t4_v1
8676150,packed_mp_veh_mod_idx_s_23_v68
8736778,mp_stat_mpsv_model_349
8828443,packed_mp_veh_mod_idx_s_18_v341
8830805,f_cl_clo_vwf_ph_0_19_t14_v1
8842390,packed_mp_veh_livery_0_v305
8852095,packed_mp_veh_mod_idx_s_18_v152
8858884,m_cl_clo_bim_o_13_t3_v12
9049422,packed_mp_veh_mod_idx_5_v195
9113513,f_cl_clo_exf_ob_0_t3_v12
9227793,packed_mp_veh_mod_idx_s_8_v246
9234979,vem_colour_1_mct_metallic_olive_green_t24_v0
9241236,vem_colour_extra_1_mct_metallic_racing_green_t24_v2
9308041,packed_mp_veh_mod_idx_4_v229
9325960,vem_cmod_pla_4_t23_v7
9371510,packed_mp_veh_colour1_0_v71
9389079,packed_mp_veh_plate_id_v396
9424876,kosatk_col_13_t0_v0
9428277,ve_draugur_t0_v3
9460637,vem_cmod_tyr_7_t18_v28
9577206,m_cl_outfit_clo_hilf_o_24_t12_v0
9689855,f_cl_clo_trf_u_9_13_t11_v1
9769780,packed_ng_vehicle_bpt_v41
9769796,vem_colour_6_race_yellow_t65_v3
9846838,vem_smod_whlv169_t66_v3
9874979,vem_supermod_15_16_t56_v38
9906045,packed_mp_veh_mod_idx_s_3_v374
9972861,packed_lr_vehicle_colour_6_v295
9993335,m_cl_clo_stm_h_102_t14_v1
10024635,f_cl_clo_valf_u_0_2_t11_v1
10085103,packed_mp_veh_mod_idx_s_13_v214
10100544,f_cl_clo_trf_u_9_10_t11_v1
10198811,m_cl_clo_hp_d_20_t8_v1
10206475,f_cl_clo_stf_o_19_t8_v12
10292681,packed_mp_veh_mod_idx_3_v109
10314286,f_cl_clo_suf_l_1_0_t4_v1
10384843,packed_mp_veh_mod_idx_8_v359
10436962,f_cl_m_fmf_7_1_t1_v0
10481256,packed_mp_veh_mod_idx_18_v103
10529063,packed_mp_veh_mod_idx_6_v332
10686852,m_cl_clo_vwm_u_2_25_t11_v1
10688098,vem_supermod_3_12_t44_v27
10739718,packed_mp_veh_mod_var_0_v46
10782027,packed_mp_veh_mod_idx_15_v27
10869872,vem_colour_2_mct_classic_creek_brown_t25_v0
10952627,vem_mct_matte_t3_v0
11035588,packed_mp_veh_mod_idx_2_v172
11046324,wp_wct_tint_11_t2_v48_n2
11054016,vem_cmod_col5_13_t29_v4
11105345,vem_supermod_19_8_t60_v26
11123418,packed_mp_veh_mod_idx_s_23_v265
11133628,vem_supermod_18_6_t59_v27
11248552,f_cl_clo_exf_g_19_8_t14_v1
11252912,f_cl_clo_h3f_u_20_0_t11_v1
11258538,f_cl_clo_valf_g_0_3_t3_v1
11298031,packed_mp_veh_mod_idx_11_v31
11376230,packed_mp_veh_mod_idx_11_v228
11455060,f_cl_clo_bhf_u_7_5_t11_v1
11488803,packed_mp_veh_livery_0_v192
11560653,packed_mp_veh_mod_idx_s_3_v57
11576478,m_cl_clo_h3m_o_clb_1_t3_v12
11650691,f_ta_tat_st_014_t0_v0
11660448,vem_colour_2_mct_metallic_flur_yellow_t25_v1
11985929,packed_mp_veh_mod_idx_s_13_v223
12053529,packed_mp_veh_mod_idx_2_v99
12182179,f_cl_clo_hp_f_l_1_0_t4_v1
12298013,packed_mp_veh_mod_idx_6_v314
12358662,vem_drft_20_t19_v0
12518459,vem_smod3_whlv6_t66_v3
12690346,f_cl_clo_h4f_pey_1_3_t14_v1
12701163,m_cl_clo_hstm_t_2_2_t7_v1
12736559,packed_mp_veh_wheel_type_0_v28
12876378,packed_mp_veh_mod_idx_s_9_v257
12878327,packed_mp_veh_mod_var_0_v198
12916723,f_cl_clo_grf_b_4_14_t1_v1
12938507,vem_cmod_tyr_7_t18_v6
13001176,packed_mp_veh_mod_idx_4_v406
13034650,f_cl_clo_vwf_pey_113_t14_v1
13185883,m_cl_clo_x6m_u_1_0_t11_v1
13195469,f_cl_outfit_clo_v2f_o_2_t12_v0
13241820,packed_lr_vehicle_colour_5_v375
13355831,packed_mp_veh_mod_idx_18_v386
13379407,f_cl_clo_fxf_u_4_7_t11_v1
13503359,packed_mp_veh_secondary_colour_group_v216
13513631,m_cl_clo_trm_b_0_2_t1_v1
13574170,packed_mp_veh_mod_var_0_v350
13666750,packed_mp_veh_mod_var_1_v47
13691720,packed_mp_veh_mod_idx_s_8_v45
13706188,packed_mp_veh_mod_idx_10_v325
13741041,packed_mp_veh_mod_idx_12_v168
13817095,f_cl_clo_sbf_f_3_0_t6_v1
13894052,vem_colour_1_mct_classic_rolled_steel_t24_v0
13992887,m_cl_clo_busm_s_1_10_t8_v2
14066832,vem_cmod_tyr_13_t18_v35
14183452,pr_mp_prop_42_t0_v1
14196616,packed_mp_veh_mod_idx_s_18_v280
14202226,packed_mp_veh_mod_idx_s_9_v312
14208413,m_cl_clo_fxm_l_0_6_t4_v1
14299067,fchub_mod7_2_t0_v0
14308980,vem_exhaust_5_t6_v35
14547891,f_cl_clo_h4f_b_2_9_t1_v1
14578195,packed_mp_veh_mod_idx_7_v66
14630057,m_cl_clo_x6m_f_5_20_t6_v1
14658715,service_earn_collectables_signal_jammers_complete
14714953,f_cl_clo_vwf_u_2_1_t11_v1
14758337,packed_mp_veh_wheel_type_0_v176
14797598,vem_suspension_0_t15_v29
14811761,packed_mp_veh_mod_idx_s_12_v104
14855000,packed_mp_veh_mod_idx_s_7_v231
14942862,packed_mp_veh_mod_idx_3_v298
14969519,m_cl_clo_v2m_o_1_t3_v12
15041107,packed_mp_veh_mod_idx_s_1_v8
15046197,packed_mp_veh_mod_idx_16_v131
15086110,m_ta_tat_x6_019_t0_v0
15168061,service_earn_juggalo_phone_mission
15218605,packed_mp_veh_mod_idx_0_v301
15262872,wp_wm_tint6_t2_v53
15341471,f_cl_clo_stf_u_3_2_t11_v1
15596133,m_cl_he_fmm_18_3_t14_v0
15646710,f_ta_tat_bi_027_t0_v0_cesp
15661954,m_cl_clo_grm_u_0_9_t11_v1
15693998,packed_ng_vehicle_insurance_v399
15735624,packed_mp_veh_mod_idx_8_v234
15748462,ve_furore_t0_v0
15885825,packed_mp_veh_mod_idx_s_3_v43
16026010,f_cl_clo_scf_u_55_8_t11_v1
16251012,vem_colour_1_mct_classic_nautical_blue_t24_v2
16294284,m_cl_clo_bim_prw_0_0_t14_v1
16310991,m_cl_clo_grm_u_18_10_t11_v1
16322591,packed_mp_veh_mod_idx_s_9_v220
16350621,vem_horn_indi_3_t10_v36
16433211,packed_mp_veh_mod_idx_s_22_v270
16531829,wp_wct_clip_inc_t1_v21_n2
16543138,vem_smod_whlv121_t66_v3
16680848,packed_mp_veh_mod_idx_1_v83
16685970,wp_wct_tint_2_t2_v48_n2
16690359,vem_cmod_neonlay_0_t21_v26
16715563,vem_colour_2_mct_matte_dark_blue_t25_v1
16727234,m_cl_clo_bhm_u_10_4_t11_v1
16735329,packed_mp_veh_mod_idx_s_10_v147
16766325,f_ta_tat_fm_235_t0_v0
16822437,vem_supermod_5_4_t46_v27
16927379,vem_cmod_neonlay_4_t21_v27
17113766,packed_mp_veh_mod_var_0_v323
17164051,m_cl_clo_hstmb_14_14_t1_v1
17377028,packed_mp_veh_mod_idx_s_23_v104
17446410,f_cl_clo_smf_ph_3_0_t14_v1
17463835,packed_mp_veh_mod_idx_8_v385
17526921,packed_mp_veh_mod_var_1_v221
17546195,packed_mp_veh_colour_extra2_0_v241
17684916,f_cl_clo_x6f_f_13_0_t6_v1
17755338,vem_supermod_14_6_t55_v26
17970530,m_cl_clo_sbm_f_5_4_t6_v1
18240216,f_cl_clo_s1f_dec_5_t11_v1
18524904,m_cl_clo_exm_al_9_0_t4_v1
18525705,m_cl_clo_grm_ph_6_2_t14_v1
18631764,packed_mp_veh_mod_idx_11_v132
18648996,packed_mp_veh_mod_idx_s_12_v255
18730184,f_cl_clo_x17f_u_4_7_t11_v1
18752775,packed_mp_veh_colour2_0_v193
18870108,m_cl_outfit_clo_iem_o_3_t12_v0
18921405,f_cl_clo_fxf_ph_1_16_t14_v1
18980068,packed_mp_veh_mod_idx_16_v256
19036285,vem_spoiler_1_t14_v38
19057144,f_ta_tat_h3_034_t0_v0
19173089,m_cl_clo_h3m_ph_9_5_t14_v1
19174213,f_cl_clo_lxf_o_1_t3_v12
19230864,packed_mp_veh_mod_idx_8_v182
19348300,vem_colour_1_mct_classic_race_yellow_t24_v33
19457465,m_cl_u_fmm_7_13_t11_v0
19476936,f_cl_clo_ief_u_7_2_t11_v1
19492274,f_cl_clo_scf_b_0_1_t1_v1
19493301,packed_ng_vehicle_bpt_v300
19531726,m_cl_f_fmm_1_13_t6_v0
19543107,vem_horn_clas7_t10_v28
19571139,vem_bumper_r_7_t35_v0
19601368,packed_mp_veh_mod_idx_0_v132
19637026,m_ha_cc_eyebrw_16_t2_v1
19649737,m_cl_outfit_clo_h4m_o_s2_m1_t12_v0
19776753,m_cl_clo_x6m_o_o_5_t3_v12
19879230,packed_mp_veh_mod_idx_16_v333
19963545,packed_mp_veh_mod_var_0_v332
19987756,packed_mp_veh_mod_idx_s_6_v14
19998136,vem_smod_whlv215_t66_v3
20125140,mp_stat_mpsv_model_12
20165957,f_cl_clo_trf_b_3_3_t1_v1
20242037,m_cl_clo_iem_b_3_4_t1_v1
20287761,vem_colour_2_mct_classic_purple_t25_v0
20343757,m_cl_clo_grm_f_0_3_t6_v1
20397360,vem_engine_1_t5_v5
20494159,f_cl_clo_h2f_u_3_21_t11_v1
20566547,packed_mp_veh_mod_idx_s_8_v271
20609925,vem_roof_5_t12_v6
20813712,mp_stat_factoryslot5_v0
20833851,packed_mp_veh_window_tint_0_v333
20867014,f_cl_clo_hstf_o_f_0_t3_v12
20897272,packed_mp_veh_mod_idx_8_v334
20913303,packed_mp_veh_mod_idx_0_v286
21103264,vem_colour_6_mariner_blue_t65_v3
21179086,packed_ng_vehicle_neon_v175
21239728,wp_wm_tint7_t2_v49
21248208,packed_mp_veh_mod_idx_s_4_v185
21251297,m_cl_clo_s2m_u_1_9_t11_v1
21339368,vem_smod4_whlv62_t66_v2
21367427,packed_mp_veh_mod_idx_s_15_v119
21621783,vem_cmod_col5_17_t29_v3
21622256,vem_smod4_whlv103_t66_v2
21622633,f_ha_clo_bif_h_3_0_t0_v2
21630910,wp_wt_machete_t1_v0
21669071,vem_smod4_whlv162_t66_v1
21737951,m_cl_clo_iem_u_2_10_t11_v1
21778623,vem_fender_r_14_t37_v35
21836147,packed_mp_veh_mod_idx_9_v153
21896245,vem_engine_3_t5_v0
22022694,f_cl_clo_stf_o_11_t8_v12
22080288,vem_cmod_tyr_10_t18_v2
22097867,f_cl_clo_awf_u_7_13_t11_v1
22138111,kosatk_col_10_t0_v0
22179172,packed_mp_veh_primary_colour_group_v190
22428676,packed_mp_veh_mod_idx_s_4_v163
22453117,dec_vw_aw_wv_46a
22485605,m_ta_tat_x6_013_t0_v0
22600259,packed_mp_veh_mod_idx_22_v273
22690580,packed_mp_veh_mod_idx_s_16_v307
22705421,vem_horn_cnote_a0_t10_v27
22813830,m_cl_clo_smm_decl_7_t100_v0
22823722,packed_mp_veh_mod_idx_s_1_v337
22851366,packed_lr_vehicle_colour_6_v287
22942424,f_cl_clo_h3f_o_pr_4_t3_v12
23006171,wp_wm_tint1_t2_v7
23077744,f_cl_f_fmf_10_1_t6_v0
23149923,f_cl_clo_grf_l_3_22_t4_v1
23204304,f_cl_clo_exf_et_0_1_t7_v1
23207188,wp_wct_scope_med2_t1_v13_n2
23220471,f_cl_clo_vwf_u_6_13_t11_v1
23438597,vem_cmod_neoncol_255_t21_v7
23456440,packed_mp_veh_mod_idx_10_v276
23507647,m_cl_clo_iem_u_4_10_t11_v1
23676004,m_cl_clo_hilf_o_9_t3_v12
23694912,packed_mp_veh_colour_extra2_0_v58
23768003,vem_cmod_neonlay_2_t21_v29
23780750,f_cl_clo_scf_o_5_t8_v12
23784122,m_cl_l_fmm_10_1_t4_v0
23796958,service_earn_personal_vehicle
23802808,packed_lr_vehicle_colour_5_v132
23817489,vem_smod3_whlv11_t66_v3
23838515,f_cl_outfit_clo_jaf_o_2_t12_v0
23852291,f_ta_tat_l2_002_t0_v0
24057314,packed_mp_veh_mod_idx_s_6_v9
24088215,packed_mp_veh_mod_idx_13_v89
24141647,ve_futo2_t1_v3
24182703,vem_colour_1_mct_metallic_sandy_brown_t24_v0
24185867,m_ta_tat_hp_005_t0_v0
24305513,packed_mp_veh_secondary_colour_group_v270
24355189,vem_cmod_col5_29_t29_v0
24367209,f_cl_clo_stf_ht6_3_t14_v1
24384456,wp_wct_camo_10_t1_v1_n2
24539837,m_cl_clo_v2m_t_0_0_t7_v1
24592723,ve_dominator6_t0_v38
24605400,vem_chassis_19_t4_v35
24663631,vem_hiend_17_t19_v12
24701602,packed_mp_veh_mod_idx_s_15_v313
24703377,m_cl_clo_h4m_decl_21_t11_v1
24732777,f_cl_clo_s1f_u_8_3_t11_v1
24905399,packed_mp_veh_mod_idx_s_5_v386
25065993,vem_cmod_neoncol_11_t21_v36
25079906,m_ta_tat_s1_001_t0_v0
25114010,packed_mp_veh_mod_idx_s_1_v263
25119934,packed_mp_veh_mod_idx_s_12_v81
25129736,vem_insurance_sugoi
25210726,f_cl_clo_val_decl_r_t11_v1
25260912,ve_adder_t0_v3
25295102,m_cl_clo_grm_ph_1_7_t14_v1
25316407,packed_mp_veh_mod_idx_s_7_v382
25485686,candc_hacker_dec_13_t0_v0
25494823,m_cl_clo_x6m_f_3_23_t6_v1
25507741,f_cl_clo_ief_u_14_16_t11_v1
25536444,vem_smod4_whlv171_t66_v3
25599454,packed_mp_veh_mod_idx_0_v15
25666063,f_cl_u_fmf_7_8_t11_v0
25716016,packed_mp_veh_mod_idx_s_21_v132
25727464,packed_mp_veh_window_tint_0_v33
25842883,m_cl_m_fmm_1_0_t1_v0
25853081,mba_floor0_6_t0_v0
26051951,packed_mp_veh_mod_idx_s_13_v99
26072380,packed_mp_veh_mod_idx_s_1_v225
26151261,f_cl_clo_half_10_2_t1_v1
26234906,f_cl_clo_x6f_decl_0_t11_v1
26265437,vem_colour_1_mct_classic_mariner_blue_t24_v2
26281511,packed_mp_veh_mod_idx_s_16_v90
26363824,packed_mp_veh_mod_idx_s_16_v358
26405996,packed_mp_veh_wheel_type_0_v31
26503927,vem_smod4_whlv87_t66_v0
26564563,f_cl_clo_vwf_f_3_1_t6_v1
26572659,m_ha_hair_beard3_t1_v0
26588836,vem_supermod_23_11_t64_v3
26629222,m_cl_clo_awm_f_0_6_t6_v1
26757739,f_cl_clo_h4f_u_2_11_t11_v1
26944801,packed_mp_veh_colour2_0_v184
27038954,packed_mp_veh_mod_idx_s_13_v389
27045937,m_cl_clo_hstm_t_3_13_t7_v1
27073256,f_cl_clo_h2f_o_g_6_t8_v12
27098333,vem_hiend_03_t19_v3
27460974,packed_mp_veh_mod_idx_0_v378
27557448,m_cl_clo_trm_d_30_1_t10_v1
27568243,vem_smod_whlv104_t66_v3
27645572,packed_mp_veh_mod_var_1_v406
27709792,f_cl_clo_vwf_decl_27_t100_v0
27742043,packed_mp_veh_mod_idx_16_v68
27748894,f_cl_clo_h2f_s_9_7_t8_v1
27757691,packed_mp_veh_mod_idx_13_v68
27765465,f_cl_clo_sbf_u_22_6_t11_v1
27792161,f_cl_clo_x2f_b_1_0_t1_v1
27819530,packed_mp_veh_mod_idx_13_v412
28109299,vem_colour_1_mct_metallic_stone_silver_t24_v2
28183125,f_cl_clo_awf_l_1_12_t4_v1
28199553,packed_mp_veh_mod_idx_s_3_v28
28244001,packed_mp_veh_primary_colour_group_v115
28268752,packed_mp_veh_mod_idx_s_23_v197
28285164,f_cl_clo_grf_l_2_5_t4_v1
28294472,packed_mp_veh_mod_idx_s_14_v16
28307815,vem_insurance_t20
28431418,f_cl_clo_fxf_u_9_0_t11_v1
28471346,packed_mp_veh_mod_idx_3_v21
28555294,packed_mp_veh_livery2_0_v340
28607288,mp_stat_prop_office_personnel_v0
28655016,m_cl_clo_og_decl_3_t8_v2
28673354,f_cl_clo_suf_g_1_4_t3_v1
28699381,vem_insurance_comet7
28716663,packed_mp_veh_mod_idx_1_v246
28740766,packed_mp_veh_window_tint_0_v137
28836489,m_ta_tat_fm_016_t0_v0
28840465,packed_ng_vehicle_insurance_v217
28913126,f_cl_outfit_clo_s1f_o_6_t12_v0
28968565,packed_mp_veh_mod_idx_s_16_v92
29000703,packed_mp_veh_mod_idx_s_8_v325
29062437,packed_mp_veh_mod_idx_6_v33
29100901,vem_colour_mct_none_109
29113942,vem_fender_r_9_t37_v0
29169062,packed_mp_headblend_overlay_makeup_v0
29212277,vem_chassis_17_t4_v39
29266593,vem_colour_1_mct_metallic_bleeched_brown_t24_v0
29296217,packed_mp_veh_mod_idx_s_8_v21
29317868,mp_stat_mpsv_model_2
29338093,packed_mp_veh_mod_idx_13_v402
29348678,packed_mp_veh_mod_idx_s_20_v1
29416834,vem_supermod_8_2_t49_v10
29517032,vem_supermod_20_1_t61_v10
29531804,m_cl_clo_vwm_ph_1_23_t14_v1
29564773,vem_cmod_tyr_6_t18_v6
29610866,packed_mp_veh_mod_idx_s_7_v18
29651262,m_cl_clo_grm_u_16_16_t11_v1
29692620,packed_mp_veh_mod_idx_3_v408
29712931,f_cl_clo_vwf_u_6_22_t11_v1
29906032,packed_mp_veh_mod_idx_s_4_v138
29925782,packed_mp_veh_mod_idx_11_v391
30046703,vem_colour_2_mct_metallic_might_purple_t25_v33
30094245,vem_bumper_r_19_t35_v1
30127481,fa_upgrade_weapons_range_2_t0_v1
30164572,vem_smod5_whlv194_t66_v3
30299495,vem_spoiler_18_t14_v3
30518223,wp_wct_tint_3_t2_v13_n2
30521564,packed_mp_veh_mod_idx_0_v48
30564172,vem_rwd_suv_16_t19_v12
30610948,packed_mp_veh_mod_idx_16_v157
30617288,packed_ng_vehicle_bpt_v267
30620319,vem_rwd_drft_14_t19_v2
30636995,f_cl_clo_sbf_l_2_13_t4_v1
30650741,f_cl_clo_fxf_u_13_1_t11_v1
30768104,packed_mp_veh_mod_idx_s_4_v70
30889251,m_cl_clo_fxm_pe_1_3_t14_v1
31089794,packed_mp_veh_mod_idx_s_12_v332
31140964,packed_mp_veh_mod_idx_14_v93
31334226,f_cl_clo_h4f_decl_53_t100_v0
31427990,packed_mp_veh_wheel_type_0_v341
31539213,f_cl_clo_bif_s_17_20_t8_v1
31635539,vem_supermod_17_7_t58_v38
31796312,m_cl_clo_grm_decl_35_t100_v0
31841606,packed_mp_veh_mod_idx_s_7_v92
31890625,m_cl_clo_s2m_u_0_8_t11_v1
32004616,f_cl_clo_exf_decl_15_t11_v1
32008588,packed_mp_veh_window_tint_0_v391
32071452,vem_colour_2_mct_matte_lime_green_t25_v3
32093756,wp_wct_clip2_t1_v3
32107822,packed_mp_veh_mod_idx_11_v29
32122588,packed_mp_veh_colour2_0_v209
32294860,f_cl_clo_busf_u_3_1_t11_v1
32318820,packed_mp_veh_mod_idx_s_17_v208
32338552,f_cl_clo_hp_f_u_2_3_t11_v1
32445428,vem_colour_2_mct_classic_maple_brown_t25_v4
32478946,wp_wct_clip_inc_t0_v47_n2
32508051,packed_mp_veh_mod_idx_1_v96
32508293,vem_supermod_0_7_t41_v3
32518081,vem_colour_2_mct_classic_racing_green_t25_v2
32560489,packed_mp_veh_mod_idx_s_11_v45
32597727,packed_mp_veh_mod_idx_s_20_v366
32605051,packed_mp_veh_mod_idx_13_v206
32647208,vem_smod_whlv47_t66_v3
32783963,f_cl_clo_vwf_pe_3_1_t14_v1
32857819,f_cl_clo_smf_ph_6_0_t14_v1
32972442,vem_smod2_whlv65_t66_v3
33016607,m_cl_clo_x4m_ph_1_3_t14_v1
33216437,packed_mp_veh_mod_idx_2_v308
33258149,f_cl_clo_lxf_t_14_0_t7_v1
33265089,packed_mp_veh_mod_idx_3_v200
33286043,vem_supermod_20_1_t61_v38
33538621,packed_mp_veh_mod_idx_s_1_v356
33654649,packed_mp_veh_mod_idx_s_18_v68
33676461,packed_mp_veh_mod_idx_s_13_v331
33711605,vem_supermod_15_2_t56_v6
33747694,packed_mp_veh_livery_0_v316
33754721,vem_insurance_verus
33778935,f_ta_tat_h27_008_t0_v0
33810328,wp_wt_snspistol2_t1_v47
33931594,wp_wct_c_tint_12_t2_v46_n2
33975051,packed_mp_veh_mod_idx_11_v16
34096753,f_cl_clo_hp_f_l_0_5_t4_v1
34322826,packed_mp_veh_wheel_type_0_v147
34351008,f_cl_clo_h3f_b_19_4_t1_v1
34360621,m_cl_clo_fxm_ph_0_22_t14_v1
34414793,f_cl_clo_bif_b_0_6_t1_v1
34427215,vem_supermod_9_2_t50_v28
34472712,vem_supermod_3_25_t44_v7
34529483,packed_mp_veh_mod_idx_s_0_v66
34676868,vem_yacht_flag_17_v0
34686120,wp_wt_wrench_t1_v1
34728904,packed_mp_veh_mod_idx_s_15_v319
34770351,packed_mp_veh_mod_idx_3_v214
34795161,m_cl_clo_stm_o_20_t3_v12
34874599,f_cl_clo_h4f_b_0_18_t1_v1
34914314,dec_vw_aw_mf_1b
34920809,wp_wct_tint_14_t2_v13_n2
35024958,vem_colour_2_mct_matte_yellow_t25_v2
35027715,f_cl_clo_grf_u_22_9_t11_v1
35094517,vem_cmod_exp_1_t20_v7
35105463,m_cl_clo_x6m_l_0_23_t4_v1
35254187,packed_mp_veh_window_tint_0_v385
35265506,m_cl_clo_h2m_u_3_7_t11_v1
35382781,packed_mp_veh_mod_idx_s_12_v322
35430496,packed_mp_veh_mod_idx_11_v7
35508308,packed_mp_veh_mod_idx_4_v116
35522671,packed_mp_veh_mod_idx_s_13_v125
35604843,packed_mp_veh_mod_idx_24_v90
35621147,packed_mp_veh_mod_idx_8_v286
35720476,packed_ng_vehicle_bpt_v356
35834588,packed_mp_veh_colour_extra2_0_v135
35886149,packed_mp_veh_mod_idx_s_22_v55
35914228,f_cl_clo_h3f_b_18_3_t1_v1
35936579,packed_mp_veh_mod_idx_s_7_v59
35963892,packed_mp_veh_mod_idx_s_17_v388
35981481,wp_wct_c_tint_19_t2_v47_n2
36165337,packed_mp_veh_mod_idx_s_0_v18
36193569,f_cl_clo_vwf_u_18_1_t11_v1
36194476,vem_livery_1_t26_v2
36322881,f_cl_clo_awf_l_0_10_t4_v1
36376565,packed_lr_vehicle_colour_5_v97
36442898,packed_mp_veh_mod_idx_s_9_v157
36492779,f_cl_clo_x2f_o_4_t8_v12
36576856,vem_smod4_whlv97_t66_v0
36691505,packed_mp_veh_mod_idx_22_v297
36820278,vem_chassis_2_t4_v27
36851213,f_cl_clo_grf_u_19_25_t11_v1
36856134,packed_mp_veh_mod_idx_13_v136
36892851,m_cl_clo_valm_l_0_1_t4_v1
36911158,f_cl_clo_bif_u_10_6_t11_v1
36931778,pr_pm_bfont_3_t1_v0
36933112,f_cl_clo_h3f_u_5_6_t11_v1
37064544,m_cl_clo_h3m_o_jan_6_t11_v12
37069033,wp_ps_bag_11_t1_v33
37186732,m_cl_clo_h2m_u_6_5_t11_v1
37218035,packed_ng_vehicle_neon_kit_v301
37241867,vem_smod_whlv147_t66_v0
37253849,packed_mp_veh_mod_idx_24_v379
37285965,packed_mp_veh_wheel_type_0_v356
37287323,m_cl_sp_fmm_3_2_t8_v1
37294761,m_cl_clo_exm_al_3_0_t4_v1
37408579,m_cl_clo_h2m_b_7_0_t1_v1
37446344,packed_lr_vehicle_colour_6_v355
37498203,wp_wct_clip1_t1_v72
37510060,m_cl_clo_h2m_b_8_9_t1_v1
37523459,packed_ng_vehicle_bpt_v67
37536628,f_cl_clo_hp_f_b_3_0_t1_v1
37724520,vem_colour_extra_1_mct_classic_midnight_blue_t24_v3
37724767,vem_exhaust_6_t6_v28
37916026,packed_mp_veh_window_tint_0_v134
37918261,mp_stat_mpsv_model_352
38032780,packed_mp_veh_mod_idx_s_20_v195
38044441,packed_mp_veh_mod_idx_s_10_v203
38076794,m_cl_clo_stm_o_e_0_t3_v12
38184555,f_cl_clo_h3f_ph_10_4_t14_v1
38209188,vem_supermod_9_21_t50_v3
38236010,packed_mp_veh_wheel_type_0_v389
38265362,packed_mp_veh_mod_idx_s_10_v157
38488397,m_cl_clo_s1m_u_3_2_t11_v1
38495040,f_cl_clo_grf_u_22_2_t11_v1
38751782,vem_smod_whlv29_t66_v3
38795182,packed_mp_veh_mod_idx_11_v254
38826250,packed_mp_veh_mod_idx_s_0_v6
38888127,m_cl_clo_x6m_u_1_4_t11_v1
38958909,packed_mp_veh_mod_idx_16_v34
39007821,vem_smod2_whlv82_t66_v3
39019984,packed_mp_veh_mod_idx_12_v230
39020011,f_cl_clo_h4f_o_l1_f3_t3_v12
39047850,m_cl_outfit_clo_ltsm_o_1_t12_v0
39176611,packed_mp_veh_mod_idx_s_16_v356
39218420,vem_horn_hips4_t10_v29
39284949,m_cl_clo_awm_decl_101_t100_v0
39483337,m_cl_clo_grm_u_11_1_t11_v1
39555989,vem_hood_19_t9_v38
39616463,f_cl_clo_x6f_f_6_4_t6_v1
39626320,packed_mp_veh_mod_idx_6_v214
39635392,wp_wct_flash_t1_v55
39731581,f_cl_clo_x6f_f_6_1_t6_v1
39792611,m_cl_g_fmm_5_1_t14_v0
39854269,packed_mp_veh_mod_var_1_v6
39993846,packed_mp_veh_mod_var_0_v104
40011552,m_cl_clo_hstm_o_0_t3_v12
40127520,m_cl_clo_grm_u_6_7_t11_v1
40188304,m_cl_g_fmm_9_4_t14_v0
40205705,packed_mp_veh_mod_idx_s_1_v149
40208659,packed_mp_veh_primary_colour_group_v290
40264147,m_cl_outfit_clo_h2m_o_g_10_t12_v0
40288896,packed_mp_veh_window_tint_0_v83
40444555,vem_bumper_r_24_t35_v3
40485824,f_ta_tat_h4_007_t0_v0
40528647,m_cl_l_fmm_9_12_t4_v0
40559807,packed_mp_veh_mod_idx_s_23_v88
40586601,packed_mp_veh_mod_idx_10_v69
40681440,packed_mp_veh_mod_idx_22_v325
40719792,f_cl_outfit_clo_x6f_o_o_7_t12_v0
40735371,packed_mp_veh_primary_colour_group_v216
40737858,m_cl_clo_grm_ph_3_19_t14_v1
40822737,m_cl_clo_x6m_u_0_5_t11_v1
40844800,vem_supermod_14_4_t55_v11
41072694,packed_mp_veh_plate_id_v240
41090266,packed_mp_veh_mod_idx_2_v238
41122033,f_cl_clo_fxf_ph_1_2_t14_v1
41133493,vem_colour_extra_1_mct_pearlescent_olive_green_t24_v3
41249375,f_cl_f_fmf_4_1_t6_v0
41274600,packed_mp_veh_mod_idx_10_v146
41376597,m_cl_clo_scm_u_48_10_t11_v1
41511374,ve_fcr2_t0_v28
41706623,vem_colour_1_mct_classic_stone_silver_t24_v3
41795025,packed_ng_vehicle_smoke_v196
41809166,packed_mp_veh_wheel_type_0_v90
41909269,m_cl_clo_stm_ht11_3_t14_v1
41917825,packed_mp_veh_mod_var_1_v356
41942391,packed_mp_veh_mod_idx_s_5_v325
41977772,packed_mp_veh_mod_idx_3_v194
41992920,f_cl_clo_h4f_pey_110_t14_v1
42004290,vem_rwd_offr_06_t19_v0
42005319,packed_mp_veh_mod_idx_s_5_v92
42065255,mp_stat_factorysetup2_v0
42268051,f_cl_outfit_clo_h2f_o_s_21_t12_v0
42298934,m_cl_clo_grm_ph_4_21_t14_v1
42308784,packed_mp_veh_colour_extra2_0_v21
42387700,m_cl_clo_hilf_s_2_6_t8_v2
42438005,f_cl_clo_s1f_u_8_4_t11_v1
42478060,f_cl_clo_fxf_pe_1_9_t14_v1
42743789,f_cl_clo_grf_ph_3_2_t14_v1
42775982,f_cl_clo_exf_eu_1110_t11_v1
42880306,m_cl_clo_hp_d_29_t100_v0
42895589,vem_colour_extra_1_mct_matte_matte_od_t24_v2
43012405,f_cl_clo_x4f_u_11_6_t11_v1
43014715,f_ha_cc_f_hs_3_t0_v1
43027708,packed_mp_veh_mod_idx_s_3_v215
43049318,ve_buccanee2_t0_v3
43152707,f_ta_tat_h3_022_t0_v0
43166943,f_ha_clo_bif_h_4_0_t0_v0
43217936,packed_mp_veh_mod_idx_s_21_v203
43230894,packed_mp_veh_mod_idx_s_0_v390
43269425,m_ta_tat_hp_045_t0_v0
43300799,packed_lr_vehicle_colour_5_v127
43339118,packed_mp_veh_mod_idx_18_v396
43339255,f_cl_clo_s1f_o_6_t8_v12
43345687,vem_smod4_whlv51_t66_v0
43407042,vem_colour_2_mct_metallic_pink_t25_v3
43428072,packed_mp_veh_mod_idx_23_v351
43457424,vem_supermod_4_3_t45_v38
43503332,vem_colour_extra_1_mct_classic_dark_blue_t24_v1
43513540,f_cl_clo_h4f_decl_22_t11_v1
43556291,packed_mp_veh_mod_idx_0_v161
43559184,packed_mp_veh_mod_idx_s_7_v245
43563520,vem_cmod_tyr_5_t18_v3
43576071,vem_insurance_tulip2
43666635,fcbase_sty8_t0_v0
43672844,arc_mac_claw_cr_t0_v0
43803620,f_cl_outfit_clo_v2f_o_4_t12_v0
43812637,vem_cmod_pla_text_new_t23_v6
43848093,packed_mp_veh_wheel_type_0_v323
43860394,packed_ng_vehicle_neon_kit_v154
43962179,f_cl_clo_ief_l_0_7_t4_v1
43964816,kosatk_fla_34_t0_v0
44014239,m_cl_clo_iem_o_11_t3_v12
44022214,m_cl_clo_smm_b_8_19_t1_v1
44066430,packed_mp_veh_mod_idx_s_11_v109
44068823,packed_mp_veh_mod_idx_s_14_v270
44132499,m_ta_tat_bus_002_t0_v0
44154861,m_cl_clo_h4m_b_2_16_t1_v1
44198068,m_cl_clo_bim_decl_44_t100_v0
44269196,packed_mp_veh_mod_idx_s_4_v80
44363608,m_cl_g_fmm_8_4_t14_v0
44375300,vem_smod2_whlv37_t66_v3
44436085,packed_mp_veh_livery_0_v29
44462477,packed_mp_veh_mod_idx_s_9_v366
44640424,vem_colour_1_mct_metallic_lime_green_t24_v0
44663183,packed_mp_veh_mod_idx_s_5_v247
44750347,vem_colour_extra_1_mct_classic_formula_red_t24_v1
44955455,vem_supermod_63_10_t63_v7
45024170,vem_supermod_8_6_t49_v26
45078241,f_cl_rstar_dev_1_t11_v1
45204195,packed_mp_veh_mod_idx_15_v311
45275019,packed_mp_veh_mod_idx_18_v250
45305064,packed_mp_veh_mod_idx_s_6_v187
45434953,packed_mp_veh_mod_idx_s_16_v160
45547344,packed_ng_vehicle_neon_kit_v76
45597407,vem_insurance_dominator5
45669083,vem_smod5_whlv151_t66_v3
45683370,mp_stat_mpsv_model_391
45683826,vem_supermod_17_3_t58_v26
45729978,packed_ng_vehicle_neon_kit_v373
45762802,vem_supermod_7_0_t48_v39
45865853,f_cl_clo_apf_u_17_8_t11_v1
45900337,ve_dune3_t0_v30
45979017,packed_mp_veh_mod_idx_22_v355
46017538,vem_hood_0_t9_v33
46021348,vem_smod4_whlv109_t66_v1
46075884,packed_ng_vehicle_bpt_v73
46086977,m_cl_clo_sbm_l_3_14_t4_v1
46190348,packed_mp_veh_mod_idx_s_17_v392
46217176,packed_mp_veh_mod_idx_s_16_v20
46226616,f_cl_clo_hp_f_g_0_5_t14_v1
46253464,f_cl_clo_ief_l_2_3_t4_v1
46292181,vem_rwd_offr_03_t19_v3
46333742,packed_mp_veh_mod_idx_13_v238
46359820,vem_supermod_13_13_t54_v3
46379170,packed_mp_veh_mod_var_0_v260
46491024,packed_mp_veh_mod_idx_s_11_v115
46561696,m_ta_tat_hp_008_t0_v0
46674773,f_cl_l_fmf_0_10_t4_v0
46738454,wp_gsa_type_r_t0_v94
46799635,f_cl_clo_ief_ph_0_14_t14_v1
46817484,vem_armour_1_t1_v2
46817626,packed_mp_veh_mod_idx_13_v125
46859326,f_cl_clo_vwf_u_6_19_t11_v1
46895210,packed_mp_veh_mod_idx_9_v289
46904409,packed_ng_vehicle_bpt_v297
46950290,packed_mp_veh_mod_idx_s_23_v166
46994228,packed_mp_veh_mod_idx_s_9_v168
47016940,packed_mp_veh_mod_idx_s_13_v374
47030440,packed_mp_veh_mod_idx_s_19_v111
47039801,m_cl_clo_stm_h_106_t14_v1
47206055,packed_mp_veh_mod_idx_7_v143
47282401,m_ta_tat_sb_038_t0_v0
47302586,packed_mp_veh_colour_extra2_0_v174
47326118,packed_mp_veh_mod_idx_s_5_v175
47390741,vem_fender_r_7_n1_t37_v27
47398629,vem_insurance_esskey
47519999,m_cl_clo_hp_l_2_4_t4_v1
47533051,vem_exhaust_0_t6_v6
47567125,f_ta_tat_sb_010_t0_v0
47599549,mp_stat_prop_office_gar3_numbering_v0
47609698,packed_mp_veh_mod_idx_s_22_v384
47634426,packed_mp_veh_mod_idx_10_v151
47641170,wp_vu_boatspeed_t0_v0
47668400,packed_mp_veh_mod_idx_s_21_v250
47897225,f_cl_clo_h4f_decl_6_t11_v1
47922610,m_cl_clo_fxm_b_1_0_t1_v1
47928496,m_cl_clo_x6m_f_6_23_t6_v1
47986523,vem_rwd_suv_13_t19_v1
47989424,packed_mp_veh_mod_idx_s_4_v155
48046842,f_cl_clo_exf_g_4_10_t14_v0
48047958,pr_pm_bgunlock_0_t0_v0
48301773,packed_mp_veh_mod_idx_1_v42
48368545,vem_colour_mct_none_123
48381167,f_cl_clo_half_d_4_t100_v0
48737083,f_cl_clo_fxf_u_7_15_t11_v1
48759722,packed_mp_veh_mod_idx_s_2_v213
48797817,vem_grill_11_t8_v3
48811476,vem_supermod_22_0_t63_v38
49002411,packed_mp_veh_mod_idx_s_19_v244
49011113,f_cl_clo_fxf_l_3_12_t4_v1
49236479,hangar_mod_lighting_8_t0_v0
49304477,vem_supermod_14_0_t55_v37
49444054,packed_mp_veh_wheel_type_0_v8
49451353,vem_insurance_blista2
49465171,packed_mp_veh_mod_idx_1_v413
49556638,m_cl_clo_halm_11_2_t1_v1
49566247,f_ta_tat_h4_030_t0_v0
49596171,packed_mp_veh_mod_idx_s_9_v404
49670043,packed_mp_veh_mod_idx_24_v247
49706924,packed_ng_vehicle_neon_v390
49734247,m_cl_outfit_clo_awm_o_h_8_t12_v0
49775749,vem_supermod_43_10_t43_v7
49824192,vem_turbo_0_t17_v6
49905021,packed_mp_veh_mod_idx_s_21_v90
49961877,vem_fender_l_0_t36_v11
49978300,packed_mp_veh_mod_idx_23_v334
50002064,packed_mp_veh_mod_idx_7_v41
50018160,vem_supermod_12_10_t53_v28
50123989,m_cl_clo_scm_u_22_1_t11_v1
50236386,packed_mp_veh_mod_idx_5_v282
50240982,ve_dukes_t1_v1
50299743,m_cl_clo_iem_u_6_1_t11_v1
50327427,vem_supermod_5_0_t46_v36
50404622,packed_mp_veh_mod_idx_1_v345
50482365,vem_supermod_0_2_t41_v28
50500771,packed_mp_veh_mod_idx_3_v252
50529398,vem_truck_slot_9_mod_1_t0_v0
50548103,packed_mp_veh_mod_idx_s_14_v56
50569018,mp_stat_mpsv_model_270
50570694,vem_suv_11_t19_v2
50638311,dec_vw_aw_mt_1d
50739426,packed_mp_veh_mod_idx_s_14_v142
50799343,packed_mp_veh_mod_idx_16_v278
50906472,m_cl_clo_indm_l_0_0_t4_v1
51011597,vem_supermod_3_20_t44_v10
51030486,vem_fender_r_7_t37_v39
51114424,f_cl_clo_h3f_u_13_13_t11_v1
51139473,m_cl_clo_grm_b_4_8_t1_v1
51224797,m_cl_clo_iem_f_0_0_t6_v1
51313411,vem_colour_extra_1_mct_classic_garnet_red_t24_v2
51319570,packed_ng_vehicle_smoke_v386
51375473,vem_colour_2_mct_metals_gold_p_t25_v0
51434663,m_cl_he_fmm_18_7_t14_v1
51486262,packed_mp_veh_mod_idx_15_v168
51512891,packed_mp_veh_mod_idx_3_v178
51525076,f_cl_clo_val_decl_a_t8_v1
51641849,packed_mp_veh_mod_idx_s_15_v92
51719252,vem_smod4_whlv78_t66_v3
51811143,f_cl_clo_sbf_f_6_9_t6_v1
51817482,m_cl_clo_l2m_t_13_1_t7_v1
51853731,wp_wm_tint4_t2_v53
51864248,packed_mp_veh_mod_idx_12_v274
51983615,packed_mp_veh_mod_idx_s_19_v48
52022259,packed_mp_veh_mod_idx_11_v173
52102065,vem_exhaust_4_t6_v6
52126028,packed_mp_veh_mod_idx_s_17_v78
52157867,m_cl_clo_h4m_b_2_20_t1_v1
52205819,vem_supermod_19_1_t60_v10
52378537,packed_mp_veh_mod_idx_1_v139
52457028,f_cl_clo_ief_u_6_11_t11_v1
52459710,packed_lr_vehicle_colour_6_v332
52584883,vem_horn_xm15_3_t10_v1
52586418,vem_colour_1_mct_matte_dark_blue_t24_v1
52599663,vem_horn_indi_4_t10_v38
52703239,f_ta_tat_sb_026_t0_v0
52706007,vem_supermod_23_6_t64_v3
52720948,f_cl_clo_lxf_u_6_0_t11_v1
52764439,m_ta_tat_bi_045_t0_v0
52794935,f_cl_clo_fxf_u_2_11_t11_v1
52821652,f_cl_outfit_o_fmf_b3_t12_v0
52886842,packed_mp_veh_mod_idx_s_7_v164
52988313,packed_mp_veh_mod_idx_s_22_v170
52990420,vem_colour_extra_1_mct_classic_dark_green_t24_v0
53082981,f_cl_clo_x6f_l_8_0_t4_v1
53107513,packed_mp_veh_mod_idx_s_15_v377
53111989,packed_mp_veh_mod_idx_s_20_v394
53441508,packed_mp_veh_mod_idx_s_4_v26
53456981,vem_rwd_spt_01_t19_v12
53526658,vem_smod4_whlv111_t66_v0
53662033,m_ha_cc_mkup_3_t7_v1
53688345,vem_turbo_1_t17_v35
53745181,vem_smod4_whlv102_t66_v2
53794846,packed_mp_veh_livery2_0_v31
53810248,m_ta_tat_bi_006_t0_v0_cesp
53899153,packed_mp_veh_livery_0_v122
53901914,f_cl_clo_vwf_u_12_9_t11_v1
54041641,f_ta_tat_bi_034_t0_v0
54052803,vem_supermod_1_2_t42_v11
54123612,packed_mp_veh_mod_idx_5_v363
54162392,f_cl_clo_indf_d_12_t8_v1
54177638,vem_colour_1_mct_metallic_bright_orange_t24_v1
54205771,m_cl_clo_h2m_b_1118_t1_v1
54362054,packed_mp_veh_mod_idx_s_5_v310
54445244,packed_mp_veh_mod_idx_s_23_v224
54499281,packed_mp_veh_mod_idx_15_v69
54514833,m_cl_clo_fxm_ph_0_5_t14_v1
54614045,vem_fender_l_1_t36_v35
54673888,kosatk_fla_39_t0_v0
54678749,f_cl_clo_trf_u_16_4_t11_v1
54692521,f_cl_clo_grf_u_2_5_t11_v1
54696244,f_ta_tat_h27_002_t0_v0
54699727,vem_supermod_18_13_t59_v27
54783804,packed_mp_veh_mod_idx_s_15_v324
54825087,packed_mp_veh_mod_idx_7_v90
54921497,packed_mp_veh_mod_idx_5_v276
55053238,packed_mp_veh_mod_idx_2_v203
55057279,packed_lr_vehicle_colour_5_v294
55246226,vem_colour_extra_1_mct_metallic_mariner_blue_t24_v33
55270433,f_cl_clo_grf_b_0_21_t1_v1
55274117,f_cl_clo_x2f_o_0_t3_v12
55323635,f_cl_clo_bhf_u_12_4_t11_v1
55351113,m_cl_clo_scm_f_0_16_t6_v1
55473628,packed_mp_veh_primary_colour_group_v153
55593389,packed_mp_veh_colour1_0_v377
55601751,packed_mp_veh_mod_idx_s_23_v13
55609798,packed_mp_veh_mod_idx_4_v164
55634206,packed_mp_veh_colour_extra1_0_v5
55770422,vem_colour_1_mct_classic_nautical_blue_t24_v0
55831919,f_cl_clo_awf_l_0_3_t4_v1
55885074,f_cl_clo_bif_decl_41_t100_v0
55943212,f_cl_clo_half_11_1_t1_v1
56210888,packed_ng_vehicle_neon_v14
56212545,vem_chassis_0_n1_t4_v3
56231083,wp_wct_tint_6_t2_v13_n2
56259441,f_cl_outfit_clo_bus_f_o_20_t12_v0
56290246,packed_ng_vehicle_neon_v254
56355680,vem_hlight_1_t11_v32
56383864,fcarcade_c_up3_c_1
56456108,m_cl_clo_iem_u_5_19_t11_v1
56542666,f_cl_clo_sbf_ph_5_10_t14_v1
56576819,packed_mp_veh_mod_idx_24_v96
56601139,m_cl_clo_exm_eu_6_6_t11_v1
56618801,f_cl_g_fmf_7_7_t14_v0
56929771,packed_mp_veh_mod_idx_s_9_v131
57152323,packed_mp_veh_mod_idx_s_15_v156
57152497,f_cl_clo_grf_b_5_17_t1_v1
57302327,vem_hlight_1_t11_v4
57409414,m_cl_clo_h4m_decl_23_t11_v1
57417505,f_cl_clo_sbf_decl_0_t100_v0
57421867,vem_cmod_tyr_13_t18_v11
57471413,f_ha_cc_mkup_11_t7_v0
57476833,ve_rentbus_t0_v0
57497178,packed_ng_vehicle_neon_kit_v412
57503181,m_cl_clo_h4m_pey_1_2_t14_v1
57549107,f_cl_clo_h3f_b_14_1_t1_v1
57569211,f_cl_clo_h2f_b_4_1_t1_v1
57575219,vem_supermod_14_7_t55_v28
57602942,vem_skirt_11_t13_v3
57662368,m_cl_clo_hstmb_19_9_t1_v1
57815689,packed_mp_veh_secondary_colour_group_v116
57903586,pr_pm_font_5_t1_v0
57919292,f_cl_clo_suf_u_17_11_t11_v1
57983315,f_cl_clo_x6f_ey_3_16_t14_v1
58003482,packed_mp_veh_primary_colour_group_v257
58021241,packed_ng_vehicle_neon_kit_v230
58075645,m_cl_clo_awm_ph_2_14_t14_v1
58112306,vem_supermod_8_5_t49_v6
58219721,vem_smod4_whlv149_t66_v3
58220222,h4_sub_heli_countermeasures
58231765,vem_supermod_22_8_t63_v27
58274243,packed_mp_veh_colour2_0_v47
58285660,m_cl_f_fmm_1_14_t6_v0
58310046,packed_mp_veh_wheel_type_0_v111
58345211,m_cl_clo_vwm_u_2_8_t11_v1
58377854,dec_vw_aw_mf_4d
58458795,m_cl_clo_x6m_l_6_11_t4_v1
58478210,packed_mp_veh_mod_idx_13_v148
58541132,f_cl_clo_awf_l_1_10_t4_v1
58664858,packed_mp_veh_mod_idx_s_13_v273
58676708,vem_supermod_59_11_t59_v7
58700359,packed_mp_veh_mod_idx_s_19_v225
58704395,vem_smod_whlv69_t66_v3
58720988,f_cl_clo_bif_decl_32_t11_v1
58873986,dec_vw_aw_ss_9
58975003,m_cl_clo_bhm_u_5_15_t11_v1
58978759,m_cl_clo_busm_u_3_2_t11_v1
59033247,m_cl_clo_bim_decl_41_t100_v0
59088535,m_cl_outfit_clo_h3m_o_grp_2_t12_v0
59093232,m_cl_clo_indm_s_0_5_t8_v1
59270400,packed_mp_veh_mod_idx_2_v131
59314528,f_cl_outfit_clo_h3f_o_dh_25_t12_v0
59401094,m_cl_clo_lxm_u_0_11_t11_v1
59456745,m_ha_cc_m_hs_13_t0_v2
59490125,vem_colour_1_mct_metallic_race_yellow_t24_v4
59504977,f_cl_clo_fxf_u_6_15_t11_v1
59540050,wp_wct_clip_inc_t1_v13_n2
59574716,vem_musc_05_t19_v3
59574903,vem_supermod_11_3_t52_v26
59603841,vem_cmod_tyr_9_t18_v27
59612144,wp_wm_tint6_t2_v4
59665643,f_cl_clo_vwf_u_8_0_t11_v1
59668567,packed_mp_veh_mod_idx_23_v56
59670736,packed_mp_veh_mod_idx_s_5_v319
59712007,dec_vw_aw_mt_14a
59732370,vem_cmod_win_2_t33_v37
59739912,m_cl_clo_smm_b_7_15_t1_v1
59894993,f_cl_clo_bif_decl_24_t100_v0
59959062,packed_mp_veh_mod_idx_8_v14
59967302,vem_colour_extra_1_mct_metallic_orange_t24_v0
60144693,vem_colour_extra_1_mct_classic_racing_blue_t24_v2
60147435,m_cl_clo_exm_g_18_10_t14_v1
60165829,packed_mp_veh_mod_idx_9_v407
60201121,packed_mp_veh_colour_extra1_0_v189
60379185,vem_colour_1_mct_metallic_sunset_red_t24_v3
60409856,packed_mp_veh_mod_idx_s_18_v296
60625668,vem_rwd_hiend_09_t19_v12
60733213,m_cl_clo_awm_b_12_14_t1_v1
60750587,wp_wct_camo_ind_t1_v5_n2
60845030,m_cl_clo_hstm_t_3_5_t7_v1
61056131,packed_ng_vehicle_insurance_v355
61091011,m_cl_clo_scm_u_0_13_t11_v1
61094142,vem_supermod_23_6_n1_t64_v3
61229919,packed_mp_veh_mod_idx_s_0_v264
61239129,packed_mp_veh_mod_idx_2_v258
61296891,packed_mp_veh_mod_idx_8_v147
61335494,vem_smod4_whlv35_t66_v0
61395649,vem_colour_extra_1_mct_pearlescent_woodbeech_brown_t24_v2
61424690,packed_lr_vehicle_colour_6_v259
61483967,vem_supermod_12_0_t53_v11
61532709,m_cl_clo_awm_decl_26_t100_v0
61681435,packed_mp_veh_mod_idx_9_v108
61812864,vem_horn_hips2_t10_v4
61912486,packed_mp_veh_mod_idx_5_v315
61970705,vem_colour_1_mct_metallic_spin_purple_t24_v3
61977961,m_cl_clo_bhm_u_0_20_t11_v1
62020206,m_cl_outfit_clo_exm_ob_7_t12_v0
62058813,f_cl_clo_s2f_u_4_16_t11_v1
62066986,vem_supermod_0_8_t41_v26
62076721,packed_ng_vehicle_smoke_v286
62081716,f_cl_clo_smf_u_6_5_t11_v1
62207635,f_cl_outfit_clo_arf_o_16_t12_v0
62221041,m_cl_clo_sum_b_3_5_t1_v1
62261246,mp_stat_hangar_savebed_v0
62276668,packed_mp_veh_colour_extra2_0_v257
62294769,packed_mp_veh_mod_idx_8_v273
62332861,f_cl_clo_s2f_u_6_7_t11_v1
62340561,packed_mp_veh_mod_idx_s_2_v144
62430329,m_cl_clo_h3m_ph_11_1_t14_v1
62541562,packed_mp_veh_mod_idx_s_6_v189
62620237,wp_wct_c_tint_7_t2_v47_n2
62624149,packed_mp_veh_mod_idx_s_9_v190
62837120,m_ta_tat_s2_019_t0_v0
62856623,m_cl_clo_h4m_u_3_11_t11_v1
62881379,wp_wct_tint_13_t2_v22_n2
62960112,m_cl_clo_vwm_l_3_14_t4_v1
63091845,m_cl_clo_sum_u_7_13_t11_v1
63155030,m_cl_clo_smm_ph_1_5_t14_v1
63203007,m_cl_clo_h2m_b_8_0_t1_v1
63293774,m_cl_clo_grm_u_7_17_t11_v1
63308885,packed_mp_veh_mod_idx_s_14_v376
63312651,packed_mp_veh_mod_idx_s_3_v229
63383859,vem_horn_clas2_t10_v11
63397928,packed_mp_veh_mod_idx_s_14_v226
63440392,packed_mp_veh_mod_idx_s_5_v220
63472176,m_cl_clo_grm_u_10_15_t11_v1
63498366,vem_cmod_pla_4_t23_v38
63520325,packed_mp_veh_mod_idx_s_8_v104
63593499,vem_smod4_whlv23_t66_v2
63638113,vem_insurance_tribike3
63673669,packed_ng_vehicle_bpt_v393
63718280,packed_mp_veh_colour_extra2_0_v224
63729358,f_cl_clo_bhf_decl_58_t11_v1
63775448,packed_mp_veh_mod_idx_0_v184
63799976,vem_colour_1_mct_metallic_bright_green_t24_v3
63800090,f_cl_clo_indf_d_4_t100_v0
63837634,vem_colour_2_mct_metallic_light_blue_t25_v0
63853260,m_cl_clo_exm_af_3_0_t6_v1
63879469,m_cl_clo_grm_l_4_3_t4_v1
64030504,packed_mp_veh_mod_idx_s_21_v21
64094018,vem_cmod_neoncol_7_t21_v6
64111601,vem_colour_extra_1_mct_metallic_torino_red_t24_v1
64158023,vem_supermod_16_14_t57_v3
64211729,packed_mp_veh_mod_idx_18_v220
64227624,f_cl_clo_hstf_t_3_10_t7_v1
64318309,packed_mp_veh_mod_idx_s_23_v15
64343584,packed_mp_veh_mod_idx_s_14_v314
64355212,vem_supermod_11_9_t52_v3
64432189,wp_wct_tint_22_t2_v13_n2
64468322,m_cl_clo_hp_u_8_0_t8_v1
64507559,packed_mp_veh_mod_idx_s_11_v388
64512379,m_cl_clo_grm_u_11_13_t11_v1
64544938,m_cl_clo_h4m_t_13_10_t7_v1
64657701,packed_mp_veh_mod_idx_16_v180
64719044,f_cl_clo_grf_u_10_14_t11_v1
64733015,packed_mp_veh_mod_idx_s_4_v190
64758429,f_cl_clo_fxf_b_1_1_t1_v1
64867016,m_cl_outfit_clo_h3m_o_sl_25_t12_v0
64953277,m_ta_tat_x6_051_t0_v0
65011608,m_cl_clo_sum_u_2_8_t11_v1
65145323,f_cl_clo_h3f_u_5_1_t11_v1
65159804,packed_mp_veh_mod_idx_s_4_v173
65174798,m_cl_clo_sum_b_2_1_t1_v1
65242241,packed_mp_veh_mod_idx_s_5_v394
65277048,packed_mp_veh_mod_idx_s_7_v127
65297479,wp_fw_tint3_t6_v1
65308285,packed_mp_veh_mod_idx_2_v128
65410740,vem_smod4_whlv1_t66_v0
65468774,packed_mp_veh_mod_idx_s_11_v271
65517807,packed_mp_veh_mod_idx_s_19_v252
65580551,m_cl_clo_bus_m_o_22_t3_v12
65817881,vem_supermod_16_0_t57_v27
65873724,f_cl_clo_ief_u_14_6_t11_v1
65959939,f_cl_clo_bhf_u_20_10_t11_v1
66000545,mp_stat_mpsv_model_208
66001328,packed_mp_veh_mod_idx_s_6_v59
66020721,dec_vw_aw_mt_7c
66036872,m_cl_clo_hstm_b_15_4_t1_v1
66039106,packed_lr_vehicle_colour_5_v231
66064118,packed_ng_vehicle_bpt_v22
66312910,m_cl_clo_busm_s_0_4_t8_v1
66441398,vem_fender_r_1_t37_v1
66463035,packed_mp_veh_mod_idx_13_v3
66533485,m_ha_hair_beard19_t1_v0
66570794,vem_cmod_neoncol_0_t21_v38
66591773,m_cl_clo_bhm_u_1_10_t11_v1
66639750,fcncl_light_5_t0_v0
66672503,ve_youga_t0_v2
66675996,packed_lr_vehicle_colour_6_v22
66876851,f_cl_clo_vwf_u_12_2_t11_v1
66913926,vem_smod5_whlv191_t66_v3
66956940,packed_mp_veh_colour1_0_v206
66998295,m_cl_clo_stm_ht1516_t14_v1
67101701,packed_mp_veh_mod_idx_22_v234
67165092,m_cl_clo_fxm_l_1_25_t4_v1
67223455,m_cl_clo_smm_b_2_1_t1_v1
67285622,packed_mp_veh_secondary_colour_group_v102
67287246,f_cl_clo_vwf_u_7_4_t11_v1
67364484,packed_mp_veh_mod_idx_10_v241
67394382,packed_mp_veh_mod_idx_18_v240
67409920,f_cl_clo_busf_g1_1_t14_v1
67594639,packed_mp_veh_livery_0_v234
67630688,packed_mp_veh_mod_idx_2_v410
67838522,packed_mp_veh_mod_idx_s_3_v123
67902022,packed_mp_veh_mod_idx_s_1_v81
67910139,m_cl_clo_x17m_o_m_2_t3_v12
67987723,packed_mp_veh_mod_idx_1_v339
68030260,service_spend_vehicle_insurance_premium
68033121,pr_pm_bfont_11_t0_v0
68035093,packed_mp_veh_primary_colour_group_v30
68197180,f_cl_clo_hstf_s_8_4_t8_v1
68288144,f_cl_clo_v2f_o_6_t8_v12
68296664,wp_wm_tint7_t2_v28
68349459,vem_insurance_dukes
68536360,packed_mp_veh_mod_idx_6_v197
68550022,packed_mp_veh_mod_idx_4_v326
68614728,vem_hood_5_t9_v27
68671749,vem_cmod_smoke_10_t18_v31
68698911,packed_mp_veh_mod_idx_s_0_v374
68717015,packed_ng_vehicle_smoke_v121
68782921,vem_offr_21_t19_v0
68857961,wp_ps_can_8_t3_v33
68944698,ve_pounder2_t0_v0
68967024,packed_mp_veh_colour_extra1_0_v237
68968917,f_cl_clo_ief_u_4_0_t11_v1
68984595,packed_mp_veh_mod_idx_0_v144
69055939,packed_mp_veh_colour_extra1_0_v109
69151594,m_cl_clo_bhm_decl_50_t100_v0
69250342,vem_horn_cnote_b0_t10_v36
69283002,f_cl_outfit_clo_awf_o_b_4_t12_v0
69290865,f_cl_clo_smf_u_4_10_t11_v1
69354117,f_cl_clo_suf_u_5_5_t11_v1
69447169,vem_colour_extra_1_mct_metallic_lime_green_t24_v4
69457185,f_cl_clo_bhf_u_19_6_t11_v1
69504429,f_cl_clo_h4f_decl_10_t100_v0
69555229,packed_mp_veh_mod_idx_7_v162
69605765,packed_mp_veh_mod_idx_23_v294
69684627,packed_mp_veh_mod_idx_s_4_v202
69691046,packed_mp_veh_mod_idx_24_v271
69704728,ve_minitank_t0_v36
69746915,m_cl_clo_iem_u_4_24_t11_v1
69875469,f_cl_clo_lxf_dec_29_t11_v1
69916742,packed_mp_veh_mod_idx_10_v176
70005030,m_ta_tat_fm_014_t0_v0
70005140,packed_mp_veh_mod_idx_23_v154
70032898,m_cl_clo_vem_dec_44_t11_v1
70034845,vem_cmod_tyr_7_t18_v32
70152998,vem_smod2_whlv85_t66_v3
70230832,packed_mp_veh_mod_idx_0_v16
70347916,f_cl_clo_h3f_o_clb_2_t3_v12
70402438,vem_supermod_14_4_t55_v10
70450869,f_cl_clo_bif_decl_58_t10_v1
70467626,m_cl_clo_awm_o_h_7_t3_v12
70515974,packed_ng_vehicle_bpt_v337
70563869,ve_stockade_n1_t1_v0
70573874,f_ta_tat_bi_058_t0_v0
70691980,vem_insurance_moonbeam
70704407,vem_livery_0_n1_t26_v3
70705622,packed_mp_veh_mod_idx_12_v138
70769208,f_cl_clo_h2f_o_g_1_t3_v12
71016906,vem_suspension_0_t15_v5
71069930,f_cl_clo_sbf_pe_1_14_t14_v1
71123895,packed_ng_vehicle_insurance_v92
71247807,m_cl_outfit_clo_hstm_o_g_0_t12_v0
71434885,pr_pm_bfont_14_t1_v0
71441989,packed_mp_veh_primary_colour_group_v393
71551163,f_cl_clo_lxf_u_3_2_t11_v1
71761701,m_cl_clo_fxm_pe_5_1_t14_v1
71770028,f_cl_u_fmf_0_7_t11_v0
71816855,m_cl_clo_x6m_ph_2_19_t14_v1
71835095,m_cl_clo_grm_u_3_2_t11_v1
71917511,packed_mp_veh_mod_idx_s_15_v356
71935322,f_cl_clo_awf_f_0_11_t6_v1
71972843,packed_mp_veh_mod_idx_1_v202
72129380,vem_supermod_18_0_t59_v10
72148754,packed_mp_veh_mod_idx_10_v247
72180418,vem_cmod_tyr_13_t18_v2
72207133,ie_wh_index_3_t0_v0
72207994,vem_cmod_col5_40_t29_v2
72269742,fcclub_stor_4_t1_v0
72275065,f_cl_clo_trf_u_7_11_t11_v1
72347022,m_cl_f_fmm_14_10_t6_v0
72351893,packed_lr_vehicle_colour_6_v309
72368833,m_cl_clo_x6m_u_10_5_t11_v1
72373575,packed_mp_veh_mod_idx_s_7_v379
72393799,vem_grill_0_t8_v37
72449025,packed_mp_veh_mod_idx_8_v346
72449158,packed_mp_veh_primary_colour_group_v103
72460733,packed_mp_veh_mod_idx_10_v351
72477112,vem_cmod_neonlay_3_t21_v5
72490526,packed_mp_veh_mod_idx_s_16_v290
72498500,m_cl_outfit_clo_hstm_o_h_1_t12_v0
72597611,m_ta_tat_bi_030_t0_v0_cesp
72739991,packed_mp_veh_mod_idx_s_22_v126
72779484,vem_colour_2_mct_chrome_chrome_t25_v1
72805458,packed_mp_veh_livery_0_v373
72901353,packed_ng_vehicle_bpt_v117
72906948,packed_mp_veh_primary_colour_group_v129
72937072,ve_cerberus3_t0_v38
73001991,packed_ng_vehicle_neon_kit_v104
73046130,packed_mp_veh_mod_idx_s_2_v340
73086930,packed_mp_veh_mod_idx_23_v131
73174332,packed_mp_veh_mod_idx_9_v337
73179552,wp_wct_grip_t1_v26
73248844,vem_roof_11_t12_v0
73343285,f_cl_clo_busf_u_2_3_t8_v2
73366989,vem_supermod_3_15_t44_v10
73399389,packed_lr_vehicle_colour_6_v341
73441964,f_cl_clo_sbf_ph_6_2_t14_v1
73541649,f_cl_clo_vwf_pey_1_5_t14_v1
73694190,packed_mp_veh_mod_idx_23_v239
73715067,f_cl_clo_vwf_pey_1_6_t14_v1
73738853,packed_mp_veh_mod_idx_s_0_v396
73765971,m_cl_clo_vwm_t_0_14_t7_v1
73786827,packed_mp_veh_mod_idx_2_v377
73989070,m_cl_clo_vwm_pw_3_3_t14_v1
74082983,f_cl_clo_bif_decl_44_t11_v1
74115536,m_cl_clo_smm_ph_0_11_t14_v1
74188130,packed_mp_veh_mod_idx_s_2_v249
74276264,packed_mp_veh_mod_idx_13_v181
74309424,packed_mp_veh_mod_idx_12_v383
74372786,f_cl_clo_bhf_u_0_16_t11_v1
74383614,service_spend_pa_service_impound
74388214,packed_mp_veh_mod_idx_13_v71
74451939,packed_mp_veh_mod_idx_s_3_v258
74515334,m_cl_clo_bbm_l_2_8_t4_v1
74544585,vem_colour_2_mct_matte_white_t25_v4
74554859,m_cl_clo_hilf_u_1_0_t11_v1
74588247,m_cl_clo_hstm_b_15_5_t1_v1
74626649,packed_mp_veh_colour_extra2_0_v231
74631040,f_cl_clo_suf_decl_4_t11_v1
74644275,ve_vetir_n1_t1_v0
74783021,vem_rwd_offr_09_t19_v0
74822390,packed_mp_veh_mod_idx_s_19_v368
74857755,packed_mp_veh_mod_idx_1_v127
74895608,vem_supermod_0_13_t41_v10
75040783,m_ta_tat_bi_022_t0_v0_cesp
75073947,vem_supermod_14_8_t55_v26
75121838,vem_smod4_whlv57_t66_v1
75302429,m_cl_clo_x6m_ph_2_21_t14_v1
75335568,f_cl_clo_bus_m_2_1_t1_v1
75441669,f_cl_clo_smf_b_6_11_t1_v1
75532577,f_cl_clo_bhf_decl_26_t100_v0
75581175,f_cl_clo_h3f_u_9_18_t11_v1
75626316,packed_mp_veh_mod_idx_2_v414
75696475,packed_mp_veh_mod_idx_5_v251
75714910,m_cl_clo_stm_h_9_7_t14_v1
75727856,vem_supermod_9_7_t50_v26
75748859,vem_supermod_16_8_t57_v27
75865482,f_cl_clo_vwf_f_1_9_t6_v1
75929752,m_cl_u_fmm_0_5_t8_v1
75937012,m_ta_tat_ie_001_t0_v0
75995077,wp_wct_camo_2_t1_v56_n2
75997468,m_cl_clo_grm_u_14_21_t11_v1
76169994,packed_ng_vehicle_smoke_v185
76180103,vem_cmod_neoncol_13_t21_v30
76189650,wp_wct_c_tint_29_t2_v48_n2
76244349,f_cl_u_fmf_0_13_t8_v0
76665666,m_cl_clo_stm_u_6_13_t11_v1
76669541,wp_wt_gnade_stk_t2_v0
76688160,packed_mp_veh_mod_idx_s_13_v281
76705128,m_ta_tat_fx_013_t0_v0
76732118,packed_mp_veh_mod_idx_s_20_v405
76780758,packed_mp_veh_mod_idx_3_v114
76829697,packed_mp_veh_mod_idx_8_v131
76866866,packed_mp_veh_mod_idx_16_v72
76872326,packed_mp_veh_mod_idx_s_5_v8
76889021,f_cl_clo_suf_l_5_5_t4_v1
76928671,packed_mp_veh_mod_idx_s_11_v81
76954720,packed_mp_veh_mod_idx_s_19_v233
76955827,m_cl_clo_h4m_decl_29_t100_v0
76962349,packed_mp_veh_mod_idx_s_1_v250
77036795,vem_trans_4_t16_v38
77075142,m_cl_clo_bhm_decl_21_t11_v1
77168255,ve_thrust_t0_v4
77211710,m_cl_clo_s2m_d_14_t11_v1
77229188,vem_smod_whlv146_t66_v3
77309054,wp_wct_camo_10_t1_v22_n2
77311840,vem_colour_1_mct_metallic_chocolate_brown_t24_v1
77353472,packed_mp_veh_plate_id_v124
77355315,service_earn_ambient_job_golden_gun
77426646,vem_supermod_16_9_t57_v28
77653826,packed_mp_veh_livery_0_v345
77765687,wp_wct_c_tint_31_t2_v13_n2
77827970,m_cl_clo_scm_t_4_2_t7_v1
77870090,m_cl_clo_stm_o_18_t3_v12
77947694,f_cl_clo_suf_u_0_11_t11_v1
77962998,m_cl_clo_trm_o_r2_t3_v12
78130798,m_cl_clo_h4m_u_0_5_t11_v1
78160889,ve_impaler3_t0_v38
78239635,vem_cmod_hrn_mus2_t10_v3
78262037,m_cl_clo_vwm_pey_010_t14_v1
78262268,vem_cmod_hrn_clo_t10_v6
78378806,vem_colour_extra_1_mct_pearlescent_flur_yellow_t24_v2
78592821,packed_mp_veh_livery2_0_v377
78614106,ts_veh_0_t0_v0_sell
78647390,packed_mp_veh_mod_idx_s_10_v31
78700872,vem_rwd_drft_02_t19_v12
78781323,vem_offr_10_t19_v12
78794401,vem_cmod_neoncol_1_t21_v29
78800645,packed_ng_vehicle_bpt_v101
78828539,packed_mp_veh_mod_idx_2_v2
78891936,vem_supermod_1_0_t42_v37
78929889,packed_mp_veh_livery2_0_v65
78986569,vem_supermod_19_5_t60_v28
79056537,packed_mp_veh_mod_idx_8_v100
79092166,m_cl_outfit_clo_ltsm_o_9_t12_v0
79135476,vem_supermod_54_3_t54_v7
79200608,wp_wct_camo_8_t1_v22_n2
79228089,vem_smod_whlv146_t66_v0
79301920,packed_mp_veh_mod_idx_s_13_v88
79352407,m_cl_clo_grm_ph_5_19_t14_v1
79458492,mp_stat_arenagarage_mod_interiorb_v0
79465149,packed_mp_veh_mod_idx_8_v254
79523765,vem_colour_1_mct_classic_lava_red_t24_v3
79543654,f_cl_clo_fxf_l_4_10_t4_v1
79620751,vem_insurance_kuruma2
79663421,packed_mp_veh_colour_extra2_0_v378
79763668,vem_supermod_13_0_t54_v11
79817557,f_cl_clo_x5f_u_16_10_t11_v1
79818472,packed_mp_veh_mod_idx_s_9_v382
79818483,packed_mp_veh_mod_idx_24_v200
79846281,vem_supermod_15_2_n1_t56_v3
79852952,packed_lr_vehicle_colour_6_v202
79906086,f_cl_clo_trf_u_15_3_t11_v1
79983755,vem_colour_2_mct_classic_blue_t25_v3
80010041,packed_mp_veh_mod_idx_16_v380
80014971,packed_mp_veh_mod_idx_s_22_v334
80059583,f_cl_outfit_clo_bus_f_o_17_t12_v0
80080659,packed_mp_veh_mod_idx_s_21_v146
80285697,m_cl_clo_grm_ph_4_18_t14_v1
80300823,packed_mp_veh_livery2_0_v234
80494125,wp_wm_tint4_t2_v66
80529375,f_cl_clo_awf_f_8_5_t6_v1
80624696,vem_colour_1_mct_metallic_bison_brown_t24_v0
80630996,m_cl_clo_arm_o_17_t11_v12
80656426,vem_smod4_whlv52_t66_v0
80657736,packed_mp_veh_livery2_0_v337
80704500,m_ta_tat_ie_006_t0_v0
80730927,packed_mp_veh_mod_idx_2_v326
80845106,vem_grill_13_t8_v3
80856526,packed_mp_veh_mod_idx_1_v110
80883618,packed_mp_veh_mod_idx_14_v119
80940056,m_cl_clo_vwm_ph_0_14_t14_v1
80948375,packed_mp_veh_secondary_colour_group_v197
80989234,packed_mp_veh_mod_idx_s_17_v320
81079839,vem_supermod_19_12_t60_v26
81082652,m_cl_clo_exm_eu_6_0_t11_v1
81122044,ve_dune3_t1_v30_cesp
81145764,f_cl_clo_h3f_s_1_10_t8_v1
81229097,packed_lr_vehicle_colour_6_v178
81256105,vem_supermod_15_11_t56_v27
81261137,packed_mp_veh_window_tint_0_v184
81322333,m_cl_clo_v2m_h_0_10_t14_v1
81394165,packed_mp_int_truck_mod_slot_8_v0
81427144,f_cl_outfit_clo_awf_o_c_10_t12_v0
81473247,vem_smod4_whlv77_t66_v0
81499108,packed_mp_veh_mod_idx_s_21_v302
81553932,packed_mp_veh_mod_idx_2_v367
81664529,packed_mp_veh_mod_idx_s_18_v128
81717785,f_cl_clo_busf_l_1_2_t4_v1
81739836,packed_mp_veh_mod_idx_s_22_v248
81778960,m_cl_clo_bhm_u_14_9_t11_v1
81838915,packed_mp_veh_mod_idx_8_v408
81850451,packed_mp_veh_mod_idx_s_11_v170
81878186,f_cl_clo_fxf_u_6_14_t11_v1
81890094,vem_colour_1_mct_metallic_galaxy_blue_t24_v0
82011004,f_cl_clo_h3f_b_9_0_t1_v1
82020177,packed_mp_veh_mod_idx_23_v21
82024246,m_cl_clo_x4m_u_11_0_t11_v1
82075234,vem_colour_1_mct_metallic_harbor_blue_t24_v2
82078197,packed_mp_veh_mod_idx_s_12_v143
82092778,f_cl_clo_smf_b_5_4_t1_v1
82108058,m_ha_cc_blush_25_t5_v0
82134650,f_cl_clo_l2f_t_13_2_t7_v1
82160725,f_ta_tat_sb_045_t0_v0
82257177,vem_supermod_2_0_t43_v7
82275285,vem_colour_mct_none_5
82340569,m_cl_clo_sum_u_12_3_t11_v1
82377272,m_cl_clo_fxm_ph_2_5_t14_v1
82394515,f_cl_clo_s2f_u_6_4_t11_v1
82442146,vem_supermod_15_5_t56_v3
82532196,m_cl_clo_h2m_b_3_4_t1_v1
82544047,m_ta_tat_h3_009_t0_v0
82551141,packed_mp_veh_mod_idx_s_11_v405
82677043,packed_mp_veh_mod_idx_s_7_v156
82718935,m_cl_clo_grm_decl_15_t100_v0
82855149,packed_mp_veh_mod_idx_11_v314
82882600,vem_supermod_12_0_t53_v36
82896555,m_cl_clo_exm_decl_11_t100_v0
83015761,vem_supermod_3_4_t44_v7
83016239,m_ta_tat_bi_050_t0_v0_cesp
83029495,packed_mp_veh_mod_idx_s_12_v385
83168673,packed_mp_veh_mod_idx_3_v184
83184609,vem_colour_2_mct_classic_yellow_t25_v33
83340037,f_cl_clo_grf_b_4_3_t1_v1
83380692,packed_ng_vehicle_neon_kit_v188
83395177,fixer_hq_qtr_1_t0_v0
83410335,packed_lr_vehicle_colour_5_v112
83421342,wp_wm_tint3_t2_v6
83430577,vem_cmod_neoncol_3_t21_v35
83438931,vem_supermod_16_1_t57_v6
83450665,vem_supermod_10_21_t51_v27
83608523,vem_smod4_whlv16_t66_v0
83675935,m_cl_clo_sum_decl_9_t100_v0
83741212,packed_mp_veh_livery2_0_v243
83768286,dec_vw_aw_mt_38
83801823,packed_mp_veh_mod_var_1_v336
83890499,m_cl_clo_scm_l_10_1_t4_v1
83893431,packed_mp_veh_colour2_0_v355
83936795,f_cl_clo_suf_u_20_16_t11_v1
83990289,f_ta_tat_x6_038_t0_v0
84030809,packed_mp_veh_mod_idx_s_9_v46
84058335,packed_mp_veh_mod_idx_0_v147
84072236,vem_smod4_whlv138_t66_v2
84129734,m_cl_clo_hilf_u_2_6_t11_v1
84139857,packed_mp_veh_mod_idx_s_8_v6
84261200,packed_mp_veh_colour1_0_v282
84286930,m_ha_clo_bim_h_2_0_t0_v2
84318935,packed_mp_veh_mod_idx_s_9_v170
84391114,vem_supermod_16_20_t57_v3
84411309,f_cl_outfit_clo_awf_o_f_0_t12_v0
84420284,m_cl_clo_bhm_b_0_15_t1_v1
84433941,f_cl_clo_h2f_ph_413_t14_v1
84442945,m_cl_clo_fxm_ph_2_6_t14_v1
84471500,f_cl_clo_scf_ey_0_16_t14_v1
84538769,f_cl_outfit_clo_hp_f_o_4_t12_v0
84583161,packed_mp_veh_mod_idx_s_3_v170
84650655,vem_rwd_loride_02_t19_v0
84680419,packed_mp_veh_mod_idx_15_v158
84712096,vem_spoiler_7_t14_v29
84721067,f_cl_clo_exf_eu_5_4_t11_v1
84751055,f_cl_clo_fxf_u_2_7_t11_v1
84761761,vem_rwd_suv_14_t19_v0
84892306,m_cl_clo_sum_u_11_2_t11_v1
84968166,vem_colour_1_mct_metallic_shadow_silver_t24_v2
85017129,wp_ps_can_2_t2_v33
85069386,m_cl_clo_x6m_l_6_18_t4_v1
85403072,m_cl_clo_smm_b_1_21_t1_v1
85416123,f_cl_clo_sbf_e_0_0_t14_v1
85455596,vem_colour_1_mct_metallic_dark_blue_t24_v2
85500230,vem_smod_whlv14_t66_v3
85560730,f_cl_outfit_clo_hp_f_o_3_t12_v0
85647707,wp_wct_muzz3_t1_v48_n2
85665614,packed_mp_veh_mod_idx_4_v53
85734041,f_cl_clo_s1f_dec_10_t100_v0
85783095,packed_mp_veh_mod_idx_12_v294
85815977,f_cl_clo_scf_u_55_19_t11_v1
85824973,packed_mp_veh_mod_idx_22_v391
85904260,f_cl_o_fmf_p2_t3_v12
85904506,vem_cmod_tyr_pat_t18_v29
85950653,m_cl_clo_hp_d_13_t100_v0
85954106,m_cl_clo_grm_ph_6_9_t14_v1
86005092,packed_mp_veh_mod_var_0_v271
86022044,f_ta_tat_bi_052_t0_v0_cesp
86046890,ve_comet2_t1_v3
86109042,m_ta_tat_bb_017_t0_v0
86183931,m_cl_clo_trm_u_15_11_t11_v1
86184449,f_cl_clo_fxf_ph_6_4_t14_v1
86222533,ve_mogul_t0_v33
86254620,f_cl_clo_ief_u_6_3_t11_v1
86296324,f_cl_clo_exf_au_7_1_t11_v1
86310894,vem_smod5_whlv23_t66_v3
86330424,mt_snk_item2_t0_v3
86413660,packed_mp_veh_mod_idx_s_5_v352
86548563,packed_mp_veh_mod_idx_5_v131
86553546,f_cl_clo_s1f_ph_0_8_t14_v1
86623578,packed_mp_veh_mod_idx_22_v328
86732997,vem_roof_21_n2_t12_v3
86741628,packed_mp_veh_mod_idx_23_v202
86980825,m_cl_clo_h4m_decl_26_t100_v0
87042172,m_cl_clo_exm_au_3_0_t11_v1
87271675,f_cl_clo_vwf_u_18_4_t11_v1
87287867,packed_mp_veh_mod_idx_2_v137
87302676,vem_rwd_hiend_16_t19_v0
87337900,packed_mp_veh_mod_idx_s_18_v231
87366836,m_cl_clo_x6m_f_10_12_t6_v1
87415978,vem_supermod_11_10_t52_v27
87435921,f_cl_clo_bif_o_16_t3_v12
87466511,packed_mp_veh_mod_idx_s_1_v70
87580361,packed_mp_veh_mod_idx_s_1_v204
87603783,m_ta_tat_bi_023_t0_v0
87667139,packed_ng_vehicle_neon_v148
87736208,packed_mp_veh_mod_idx_s_2_v102
87798689,vem_colour_2_mct_classic_woodbeech_brown_t25_v33
87822516,packed_mp_veh_mod_idx_s_2_v98
87887511,packed_mp_veh_mod_idx_4_v234
87889520,packed_mp_veh_mod_idx_2_v221
87891612,wp_wct_flash_t1_v46_n2
87953473,packed_mp_veh_colour_extra2_0_v86
88029929,p0_coupon_casino_reward
88068373,f_cl_clo_arf_o_19_n0_t14_v12
88085201,packed_mp_veh_mod_idx_14_v286
88150067,f_cl_clo_smf_u_2_22_t11_v1
88219621,packed_mp_veh_secondary_colour_group_v70
88309729,packed_mp_veh_mod_idx_23_v96
88386724,m_cl_clo_bhm_u_7_7_t11_v1
88422994,packed_mp_veh_mod_idx_s_19_v261
88432636,vem_bumper_f_12_t34_v38
88545015,packed_ng_vehicle_neon_v406
88602445,f_cl_clo_trf_ph_2_10_t14_v1
88687676,packed_mp_veh_colour1_0_v5
88757092,packed_mp_veh_plate_id_v120
88761700,f_ha_cc_lipstick_9_t8_v1
88768129,packed_mp_veh_mod_idx_24_v367
88839544,vem_colour_extra_1_mct_metallic_shadow_silver_t24_v2
88863473,vem_colour_extra_1_mct_metallic_frost_white_t24_v1
88926489,packed_mp_veh_mod_idx_16_v353
89016466,dec_vw_aw_wv_82
89033175,packed_mp_veh_mod_idx_s_2_v224
89124628,vem_insurance_prototipo
89135738,packed_mp_veh_mod_idx_5_v152
89191226,vem_cmod_hrn_sad_t10_v34
89227070,m_cl_clo_smm_b_3_1_t1_v1
89253592,vem_suspension_2_t15_v3
89257199,f_cl_clo_suf_u_7_5_t11_v1
89266470,packed_mp_veh_mod_idx_s_6_v298
89274260,packed_mp_veh_mod_idx_23_v114
89327120,m_cl_g_fmm_12_2_t14_v0
89339505,m_cl_clo_x6m_f_6_3_t6_v1
89354645,vem_colour_extra_1_mct_classic_black_steel_t24_v2
89407342,m_cl_clo_grm_ph_5_1_t14_v1
89456602,packed_mp_veh_mod_idx_4_v91
89463379,vem_engine_0_t5_v37
89589914,f_cl_outfit_clo_h2f_o_s_17_t12_v0
89591125,vem_cmod_neoncol_3_t21_v31
89625679,m_cl_clo_vwm_ph_1_18_t14_v1
89641456,m_cl_clo_busm_u_3_8_t11_v1
89682401,f_cl_clo_grf_u_9_7_t11_v1
89717341,packed_lr_vehicle_colour_5_v28
89747012,f_cl_clo_arf_u_3_0_t11_v1
89810028,m_cl_u_fmm_0_7_t8_v1
89815766,f_cl_clo_trf_decl_15_t100_v0
89838165,m_cl_clo_s1m_u_8_6_t11_v1
89951893,ve_s80_t0_v3
89955484,vem_supermod_20_7_t61_v28
90111920,vem_smod_whlv84_t66_v3
90129085,packed_mp_veh_mod_idx_11_v67
90136752,vem_insurance_cog55
90229846,vem_insurance_paragon
90341977,f_cl_clo_sbf_u_18_3_t11_v1
90370066,packed_mp_veh_mod_idx_s_15_v337
90440395,m_ta_tat_s2_022_t0_v0
90490351,packed_mp_veh_mod_var_0_v159
90539591,m_cl_clo_grm_decl_35_t11_v1
90582438,f_cl_clo_h2f_o_g_25_t3_v12
90631967,packed_mp_veh_secondary_colour_group_v35
90683247,packed_mp_veh_mod_idx_s_19_v215
90737671,packed_mp_veh_mod_idx_s_18_v48
90766712,multistorey_garage_tint_1_v0
90824243,mp_stat_mpsv_model_301
90827384,packed_mp_veh_mod_idx_s_3_v81
90943086,f_cl_clo_s1f_dec_8_t11_v1
91136240,packed_mp_veh_mod_idx_11_v213
91190201,vem_supermod_22_3_t63_v26
91214150,f_cl_clo_stf_u_7_3_t11_v1
91229744,packed_mp_veh_primary_colour_group_v286
91230967,vem_cmod_pla_1_t23_v2
91240831,packed_ng_vehicle_smoke_v294
91305757,packed_mp_veh_mod_idx_s_0_v320
91401811,m_cl_u_fmm_12_8_t8_v1
91430509,f_cl_clo_vwf_b_8_0_t1_v1
91438231,f_cl_clo_h2f_o_s_19_t3_v12
91461168,packed_mp_veh_mod_idx_1_v4
91478797,vem_smod4_whlv195_t66_v1
91514215,packed_mp_veh_mod_idx_s_7_v339
91526079,packed_mp_veh_mod_idx_7_v80
91529127,mp_stat_mpsv_model_47
91584128,packed_mp_veh_mod_idx_5_v43
91650454,f_cl_clo_h3f_decl_20_t11_v1
91691155,packed_mp_veh_mod_idx_5_v225
91732958,packed_mp_veh_mod_idx_23_v398
91771976,packed_ng_vehicle_smoke_v228
91845231,m_cl_clo_h4m_b_1_6_t1_v1
91888306,packed_mp_veh_mod_idx_3_v229
92000572,packed_mp_veh_mod_var_1_v125
92072621,vem_yacht_flag_26_v0
92150029,packed_mp_veh_mod_idx_15_v247
92244008,vem_cmod_pla_1_t23_v34
92331014,vem_colour_extra_1_mct_classic_cream_t24_v33
92396446,packed_ng_vehicle_neon_kit_v217
92516292,vem_supermod_20_11_t61_v27
92530746,m_cl_clo_sbm_u_11_12_t11_v1
92701477,packed_mp_veh_mod_idx_s_5_v406
92750362,f_cl_clo_hp_f_u_1_2_t8_v1
92753414,packed_mp_veh_mod_idx_18_v369
92776063,f_cl_clo_x4f_u_11_15_t11_v1
92847811,vem_colour_1_mct_classic_bright_green_t24_v0
92850036,ve_paragon2_t0_v3
93020008,packed_mp_veh_mod_idx_s_15_v406
93047778,wp_wt_hvypistol_t0_v0
93071082,m_cl_clo_arm_ph_0_25_t14_v1
93141421,packed_ng_vehicle_smoke_v296
93178229,packed_mp_veh_mod_var_0_v117
93194063,f_cl_clo_ief_o_3_t3_v12
93239978,packed_mp_veh_mod_var_1_v162
93312816,packed_mp_veh_mod_idx_4_v112
93336417,packed_ng_vehicle_neon_v74
93364377,f_cl_clo_ief_b_4_5_t1_v1
93532843,vem_colour_2_mct_classic_orange_t25_v0
93539224,packed_mp_veh_mod_idx_22_v130
93655513,packed_mp_veh_mod_idx_9_v249
93809021,m_cl_clo_s1m_t_0_1_t7_v1
93836318,vem_horn_clas6_t10_v32
93858646,vem_cmod_tyr_0_t31_v38
93864134,vem_drft_24_t19_v3
93901682,packed_mp_veh_mod_idx_18_v151
93921305,m_cl_clo_fxm_u_6_18_t11_v1
93926032,ve_mule_t0_v0
93963099,packed_mp_veh_mod_idx_s_1_v296
93964369,packed_mp_veh_mod_idx_s_1_v346
94005836,f_cl_clo_bhf_decl_32_t100_v0
94158229,wp_wct_camo_5_t1_v22_n2
94176440,f_cl_clo_h2f_ph_2_7_t14_v1
94267918,packed_mp_veh_mod_idx_13_v113
94375986,vem_supermod_21_16_t62_v3
94428178,packed_mp_veh_livery2_0_v52
94533817,vem_insurance_sultanrs
94567621,packed_mp_veh_primary_colour_group_v131
94600928,m_cl_clo_fxm_u_4_3_t11_v1
94666749,m_cl_clo_s2m_d_12_t11_v1
94688681,m_cl_clo_scm_u_2_0_t11_v1
94710941,vem_supermod_56_1_t56_v7
94753898,vem_smod4_whlv71_t66_v3
94754229,packed_mp_veh_mod_idx_7_v279
94833712,f_cl_clo_fxf_pe_3_2_t14_v1
94947612,pr_pm_modshop_7_t90_v0
94983532,f_cl_clo_x6f_f_3_17_t6_v1
95124475,f_cl_clo_busf_u_0_1_t11_v1
95157029,m_cl_clo_h2m_b_5_8_t1_v1
95171025,packed_mp_veh_secondary_colour_group_v147
95218988,f_cl_clo_fxf_ph_2_7_t14_v1
95324498,f_cl_clo_s1f_f_0_3_t6_v1
95352804,packed_mp_veh_mod_var_1_v271
95431283,packed_lr_vehicle_colour_5_v245
95538692,packed_mp_veh_mod_idx_3_v352
95555518,bhub_index_6_t0_v0
95596424,f_cl_clo_fxf_l_3_24_t4_v1
95653896,f_cl_g_fmf_4_7_t14_v0
95713739,vem_smod3_whlv72_t66_v3
95849110,m_cl_clo_valm_b_2_0_t1_v1
95879770,packed_mp_veh_mod_idx_s_10_v272
95901109,vem_smod5_whlv196_t66_v3
95966150,packed_mp_veh_mod_idx_s_17_v225
95991995,vem_hood_3_t9_v2
96033270,m_cl_f_fmm_3_12_t6_v0
96038223,packed_mp_veh_mod_idx_10_v414
96128980,packed_mp_veh_mod_idx_22_v91
96153144,vem_colour_extra_1_mct_matte_might_purple_t24_v4
96231494,packed_mp_veh_mod_idx_s_21_v279
96396382,packed_mp_veh_mod_idx_10_v211
96572765,vem_spoiler_5_t14_v4
96580852,f_cl_clo_x3f_b_2_2_t1_v1
96583042,packed_mp_veh_mod_idx_s_3_v316
96585802,packed_mp_veh_mod_idx_s_23_v217
96606069,f_cl_clo_h3f_decl_19_t100_v0
96643053,packed_mp_veh_mod_idx_4_v20
96669125,vem_smod_whl30_t19_v12
96680997,packed_mp_veh_mod_idx_s_19_v381
96870468,m_cl_clo_h4m_pey_2_8_t14_v1
96911612,m_cl_outfit_clo_awm_o_b_14_t12_v0
96933601,f_cl_clo_awf_b_2_5_t1_v1
96996837,packed_mp_veh_mod_idx_4_v159
97058015,f_cl_clo_bif_decl_47_t11_v1
97126756,packed_mp_veh_primary_colour_group_v276
97139508,m_cl_clo_grm_g_1_11_t3_v1
97203598,m_cl_clo_hstmb_17_10_t1_v1
97230901,packed_mp_veh_mod_idx_16_v136
97299749,packed_mp_veh_mod_idx_s_13_v286
97323435,dec_vw_aw_wv_10f
97358073,f_cl_clo_bif_s_15_1_t8_v2
97383183,vem_colour_1_mct_metallic_petrol_green_t24_v4
97392607,m_ha_brd_hp_2_t1_v0
97473204,vem_colour_extra_1_mct_pearlescent_rolled_steel_t24_v1
97489659,ve_tug_t0_v3
97568935,pr_pm_font_0_t0_v0
97609755,packed_ng_vehicle_bpt_v130
97715327,packed_mp_veh_mod_idx_s_9_v251
97784450,m_cl_clo_x4m_ph_5_0_t14_v1
97819717,vem_roof_1_t12_v29
97839427,packed_lr_vehicle_colour_6_v93
97887086,m_cl_clo_bim_s_11_7_t8_v1
97915739,vem_smod4_whlv79_t66_v2
97951707,f_cl_m_fmf_1_1_t1_v0
97977529,packed_ng_vehicle_insurance_v376
98067014,vem_smod_whlv216_t66_v0
98175648,packed_mp_veh_mod_idx_s_7_v119
98234554,m_ta_tat_fm_232_t0_v0
98286142,wp_wct_flash_t1_v93
98353782,f_cl_u_fmf_1_14_t11_v0
98399903,m_cl_clo_x2m_o_2_t8_v12
98419108,packed_mp_veh_mod_idx_6_v101
98494020,m_cl_outfit_clo_awm_o_e_9_t12_v0
98514476,packed_mp_veh_livery2_0_v162
98712110,f_ta_tat_x2_000_t0_v0
98713448,vem_rwd_hiend_05_t19_v3
98728654,vem_drft_01_t19_v3
98728850,vem_insurance_voltic
98744214,packed_mp_veh_mod_idx_s_0_v140
98864595,m_cl_clo_sum_u_6_5_t11_v1
98895157,m_cl_clo_h4m_s_2_17_t8_v1
99088222,packed_mp_veh_mod_idx_s_23_v389
99102025,f_ta_tat_x2_008_t0_v0
99104835,vem_colour_extra_1_mct_matte_might_purple_t24_v33
99110833,m_cl_clo_fxm_ph_4_10_t14_v1
99262003,packed_mp_veh_mod_idx_s_18_v58
99272375,packed_ng_vehicle_smoke_v177
99286408,packed_ng_vehicle_bpt_v322
99291469,packed_mp_veh_mod_idx_9_v253
99346896,vem_colour_2_mct_matte_green_t25_v0
99352494,f_cl_clo_x4f_u_11_2_t11_v1
99371742,f_cl_clo_hstf_h_4_t14_v1
99516849,vem_horn_hips2_t10_v11
99556592,vem_supermod_4_5_t45_v3
99590040,wp_wct_c_tint_22_t2_v22_n2
99745317,m_cl_g_fmm_2_1_t14_v0
99792878,service_earn_winter_22_award_juggalo_story
99820967,dec_vw_aw_mt_15c
99826237,packed_mp_veh_mod_idx_s_23_v204
99878320,m_cl_clo_l2m_u_6_9_t11_v1
100019651,packed_lr_vehicle_colour_5_v224
100049658,m_cl_clo_sbm_ph_1_0_t14_v1
100166515,vem_rwd_bikew_24_t19_v4
100178205,vem_colour_extra_1_mct_metallic_sea_green_t24_v2
100254331,vem_supermod_4_6_t45_v26
100328987,f_cl_clo_smf_ph_2_17_t14_v1
100343498,m_cl_clo_smm_b_6_5_t1_v1
100343712,f_cl_clo_h3f_ph_6_12_t14_v1
100447272,m_cl_clo_x5m_o_a_2_t3_v12
100507518,f_cl_clo_exf_eu_11_7_t11_v1
100512111,vem_cmod_neonlay_3_t21_v38
100655556,vem_supermod_23_8_n1_t64_v3
100659244,packed_mp_veh_mod_idx_s_20_v370
100702266,m_cl_clo_bim_u_13_0_t11_v1
100753809,f_cl_clo_vwf_pw_1_4_t14_v1
100885940,f_cl_clo_h4f_t_13_3_t7_v1
100926538,vem_supermod_18_1_t59_v10
101055550,m_cl_clo_lxm_f_1_4_t6_v1
101127969,packed_mp_veh_mod_idx_s_15_v146
101176291,packed_mp_veh_plate_id_v179
101236173,packed_mp_veh_mod_idx_s_1_v271
101292753,packed_mp_veh_mod_idx_s_10_v187
101375789,vem_musc_16_t19_v3
101383431,vem_horn_cnote_c0_t10_v28
101564887,fa_upgrade_weed_staff_0_t0_v0
101691706,vem_spt_08_t19_v1
101708200,f_cl_clo_awf_o_b_7_t8_v12
101714821,vem_supermod_12_21_t53_v3
101741869,vem_supermod_14_5_t55_v28
101764215,packed_mp_veh_mod_idx_s_18_v369
101767684,vem_cmod_hrn_trk_t10_v26
101957516,m_cl_clo_smm_u_1_7_t11_v1
101987321,m_cl_clo_awm_decl_86_t100_v0
102034097,vem_colour_2_mct_metallic_silver_t25_v4
102039035,f_cl_outfit_clo_awf_o_e_6_t12_v0
102081358,vem_cmod_hrn_mus2_t10_v32
102093052,pr_pm_modshop_20_t89_v0
102135257,f_cl_clo_indf_d_26_t11_v1
102180639,m_cl_clo_sbm_e_0_0_t14_v1
102202050,packed_mp_veh_mod_idx_s_16_v206
102203766,wp_wct_muzz3_t1_v9_n2
102330721,vem_supermod_5_12_t46_v3
102439900,packed_mp_veh_mod_idx_s_6_v281
102444767,wp_wct_clip2_t1_v68
102457416,f_cl_outfit_clo_awf_o_f_7_t12_v0
102457784,packed_ng_vehicle_insurance_v178
102573632,f_cl_clo_scf_t_5_3_t7_v1
102807415,packed_ng_vehicle_bpt_v263
102822531,packed_mp_veh_mod_idx_s_12_v364
102829663,m_cl_clo_sbm_ph_5_4_t14_v1
102860850,vem_bumper_r_17_t35_v1
102887700,f_ta_tat_bb_010_t0_v0
102924061,vem_colour_1_mct_metallic_graphite_t24_v1
102941475,packed_mp_veh_mod_idx_6_v303
102978524,packed_lr_vehicle_colour_5_v175
103045370,f_cl_outfit_clo_awf_o_i_2_t12_v0
103073026,packed_mp_veh_mod_idx_18_v34
103090911,packed_mp_veh_colour1_0_v158
103181503,m_cl_clo_val_decl_b_t100_v0
103341991,packed_mp_veh_mod_idx_s_23_v172
103344398,m_cl_clo_hp_f_1_6_t6_v1
103388238,wp_wct_c_tint_20_t2_v5_n2
103416657,f_cl_clo_x6f_l_7_16_t4_v1
103438237,m_cl_clo_vwm_u_19_13_t11_v1
103452524,packed_mp_veh_mod_idx_9_v313
103587617,m_cl_clo_hp_d_5_t100_v0
103754998,vem_sub_heli_c_5
103805341,packed_mp_veh_mod_idx_11_v405
103813011,packed_mp_veh_secondary_colour_group_v233
103828069,ve_gauntlet2_t1_v0
103865404,packed_mp_veh_mod_idx_7_v125
103895597,f_cl_clo_vwf_l_2_11_t4_v1
103940687,packed_ng_vehicle_insurance_v382
104012374,f_cl_outfit_clo_hstf_o_g_2_t12_v0
104073989,f_cl_clo_scf_t_5_0_t7_v1
104084269,m_cl_clo_exm_eu_10_2_t8_v1
104116825,f_cl_clo_sbf_pe_1_4_t14_v1
104233625,packed_mp_veh_mod_idx_s_11_v243
104241263,packed_mp_veh_mod_idx_s_16_v211
104280485,m_cl_clo_iem_u_7_18_t11_v1
104363250,packed_mp_veh_mod_idx_s_13_v356
104403508,vem_bumper_f_0_t34_v11
104488263,vem_spoiler_0_t14_v37
104500283,m_cl_clo_exm_g_8_10_t14_v0
104553680,vem_colour_extra_1_mct_pearlescent_candy_red_t24_v0
104578593,f_cl_clo_grf_u_10_1_t11_v1
104623023,m_cl_clo_iem_b_10_13_t1_v1
104672242,vem_engine_2_t5_v1
104858406,packed_mp_veh_mod_idx_s_1_v17
104935448,f_cl_clo_v2f_o_2_t3_v12
105046603,m_cl_clo_h4m_t_2_1_t7_v1
105134727,vem_supermod_47_3_t47_v7
105162631,m_ha_hair_beard6_t1_v0
105307703,vem_colour_extra_1_mct_pearlescent_grace_red_t24_v2
105369030,f_cl_clo_smf_u_2_20_t11_v1
105404812,f_ta_tat_gr_012_t0_v0
105422582,packed_mp_veh_primary_colour_group_v61
105429166,packed_mp_veh_colour2_0_v51
105451149,vem_smod3_whlv30_t66_v3
105452505,m_cl_clo_h3m_l_2_0_t4_v1
105482984,packed_mp_veh_mod_idx_9_v210
105574500,packed_mp_veh_wheel_type_0_v61
105951992,packed_lr_vehicle_colour_5_v266
105968932,vem_rwd_musc_04_t19_v2
106035505,packed_mp_veh_mod_idx_5_v78
106261684,m_cl_clo_bhm_decl_36_t100_v0
106262251,vem_supermod_3_9_t44_v6
106301061,packed_mp_veh_colour1_0_v182
106368979,m_ha_brd_hp_1_t1_v1
106473749,packed_mp_veh_mod_idx_s_3_v148
106790343,vem_smod5_whlv209_t66_v3
106799035,m_cl_clo_h3m_l_5_14_t4_v1
106833444,packed_mp_veh_mod_idx_8_v233
106874586,packed_ng_vehicle_insurance_v80
106879232,m_cl_clo_stm_o_15_t3_v12_cesp
106881271,m_cl_clo_busm_t_1_1_t7_v1
106882381,m_cl_clo_iem_u_7_7_t11_v1
106886807,vem_rwd_musc_06_t19_v1
106938704,vem_supermod_11_14_t52_v28
106978843,packed_mp_veh_mod_idx_s_16_v176
107166060,f_cl_clo_bif_f_3_3_t6_v1
107255658,vem_cmod_hrn_mus4_t10_v3
107309883,kosatk_fla_30_t0_v1
107404034,packed_mp_veh_mod_idx_s_14_v70
107411917,packed_mp_veh_primary_colour_group_v175
107419615,wp_wct_flash_t1_v47_n2
107519000,m_cl_clo_x6m_ph_0_18_t14_v1
107871246,packed_mp_veh_mod_idx_s_23_v350
107894874,wp_wct_camo_8_t1_v47_n2
107984125,packed_mp_veh_mod_idx_s_2_v262
108121178,m_cl_clo_h2m_f_5_5_t6_v1
108152467,vem_colour_extra_1_mct_pearlescent_beechwood_brown_t24_v0
108206286,f_cl_clo_indf_d_24_t11_v1
108332414,packed_mp_veh_mod_idx_13_v264
108338670,packed_mp_veh_mod_idx_s_2_v20
108410514,m_cl_clo_ltsml_0_2_t4_v1
108556343,mp_stat_mpsv_model_151
108559703,vem_smod2_whlv175_t66_v3
108622571,m_cl_clo_iem_f_0_5_t6_v1
108630022,vem_supermod_53_7_t53_v7
108768298,vem_aam_interior_8_t0_v0
108781569,f_cl_clo_stf_u_6_13_t11_v1
108805758,vem_cmod_tyr_8_t18_v26
108809991,f_cl_clo_ief_l_7_10_t4_v1
108833276,vem_supermod_1_7_t42_v28
108854123,vem_colour_1_mct_matte_matte_desert_t24_v3
108897746,vem_supermod_62_10_t62_v7
108906061,wp_wm_tint5_t2_v1
108982803,packed_mp_veh_mod_idx_s_13_v303
109226153,m_cl_clo_bus_m_0_2_t1_v1
109265002,m_cl_clo_h4m_b_2_2_t1_v1
109316401,vem_cmod_tyr_stt_t30_v31
109362606,f_cl_clo_exf_al_3_1_t4_v1
109427950,packed_mp_veh_mod_idx_23_v380
109497196,f_cl_ht_fmf_0_6_t14_v0
109594120,f_cl_clo_grf_b_4_6_t1_v1
109655897,packed_mp_veh_mod_idx_s_11_v314
109688271,f_cl_clo_awf_o_c_10_t8_v12
109707650,packed_mp_veh_mod_idx_11_v267
109992845,packed_mp_veh_mod_idx_12_v313
110033859,packed_mp_veh_mod_idx_s_4_v13
110299029,vem_cmod_col3_c_t24_v0
110350972,packed_mp_veh_mod_idx_s_14_v303
110371126,f_cl_clo_scf_b_0_0_t1_v1
110454856,vem_colour_extra_1_mct_classic_gold_t24_v0
110562133,packed_mp_veh_mod_idx_s_15_v202
110694635,m_cl_clo_iem_u_2_5_t11_v1
110710052,packed_mp_veh_mod_idx_s_14_v101
110728336,packed_mp_veh_mod_idx_15_v221
110781640,wp_wct_camo_6_t1_v5_n2
110964640,f_cl_clo_h3f_b_14_15_t1_v1
110977237,wp_wt_cerpst_t0_v0
111014001,f_cl_clo_stf_h_106_t14_v1
111168818,f_cl_clo_hstfb_22_9_t1_v1
111212090,pr_mp_prop_clubh2_t0_v0
111289378,ve_stingerg_t0_v3
111295721,f_cl_clo_exf_eu_15_9_t11_v1
111332596,packed_mp_veh_wheel_type_0_v199
111442789,m_cl_outfit_clo_iem_o_6_t12_v0
111443559,f_cl_clo_h4f_t_6_1_t7_v1
111537444,f_cl_clo_ief_l_0_4_t4_v1
111558004,vem_supermod_11_18_t52_v3
111573502,service_earn_ambient_job_heli_hot_target
111589577,vem_supermod_5_4_t46_v11
111647767,packed_ng_vehicle_smoke_v364
111660527,packed_mp_veh_mod_idx_s_10_v286
111703448,packed_mp_veh_mod_idx_s_20_v158
111759847,f_cl_clo_grf_u_7_1_t11_v1
111814485,f_cl_clo_bhf_decl_29_t100_v0
111961798,packed_mp_veh_mod_idx_s_17_v28
112045075,packed_mp_veh_colour2_0_v243
112113180,packed_mp_veh_mod_var_0_v243
112142319,m_cl_clo_h2m_f_3_10_t6_v1
112171971,f_ha_cc_blush_9_t5_v0
112186822,vem_bikew_25_t19_v4
112188585,m_cl_clo_indm_ht_6_5_t14_v1
112271105,f_cl_clo_scf_d_27_1_t10_v1
112289298,f_cl_clo_h3f_l_4_15_t4_v1
112367599,packed_mp_veh_colour_extra1_0_v334
112417154,vem_cmod_pla_0_t23_v26
112455249,ve_pbus2_n1_t1_v0
112534142,f_cl_clo_exf_af_3_0_t6_v1
112659600,wp_wm_tint2_t2_v97
112682556,f_cl_clo_stf_o_1_t11_v12_cesp
112689795,mp_stat_auto_shop_tint_v0
112761632,f_cl_clo_hp_f_l_2_2_t4_v1
112801339,packed_mp_veh_secondary_colour_group_v402
112806020,packed_mp_veh_mod_idx_s_22_v289
112930787,pr_pm_modshop_5_t87_v0
113002647,m_cl_clo_smm_u_7_15_t11_v1
113009089,f_cl_clo_apf_u_1_6_t11_v1
113104876,vem_supermod_23_4_t64_v3
113209940,ve_chino_t0_v0
113244843,packed_mp_veh_mod_idx_s_13_v177
113294605,f_cl_clo_ief_f_0_5_t6_v1
113364767,packed_mp_veh_mod_idx_s_20_v170
113547214,packed_mp_veh_colour_extra2_0_v43
113557979,m_cl_clo_h2m_b_5_12_t1_v1
113594370,packed_mp_veh_mod_idx_13_v337
113601508,vem_supermod_19_14_t60_v26
113613528,f_cl_clo_exf_au_6_1_t11_v1
113811968,f_cl_clo_bif_prw_0_0_t14_v1
113988717,packed_mp_veh_mod_idx_s_10_v310
113997897,f_cl_clo_s2f_u_0_1_t100_v0
114035961,f_cl_clo_valf_l_0_2_t4_v1
114078584,packed_mp_veh_plate_id_v131
114104215,packed_mp_veh_mod_idx_11_v413
114142578,packed_mp_veh_mod_idx_3_v134
114280159,m_cl_clo_hstm_o_i_3_t3_v12
114289700,m_ha_clo_trm_h_0_0_t0_v2
114313306,packed_mp_veh_mod_idx_s_18_v313
114420210,m_ta_tat_h27_023_t0_v0
114442727,packed_mp_veh_mod_idx_s_8_v169
114564626,vem_supermod_13_0_t54_v27
114652216,vem_cmod_neoncol_9_t21_v26
114707399,packed_mp_veh_mod_idx_10_v94
114727237,m_cl_clo_h4m_l_0_0_t4_v1
114913610,m_cl_clo_grm_decl_11_t100_v0
114990301,vem_colour_2_mct_classic_diamond_blue_t25_v3
115002631,packed_mp_veh_mod_idx_22_v148
115013677,fcarcade_c_up3_c_13
115047191,packed_mp_veh_mod_idx_s_9_v356
115079246,m_cl_clo_hstm_u_6_0_t11_v1
115100510,m_cl_clo_grm_g_1_5_t3_v1
115215902,vem_supermod_12_4_t53_v3
115280531,vem_horn_hween2_t10_v34
115313821,packed_mp_veh_mod_idx_s_2_v225
115337747,vem_rwd_offr_08_t19_v12
115393713,packed_mp_veh_mod_idx_s_19_v281
115420892,m_cl_clo_exm_es_0_0_t8_v1
115537475,packed_mp_veh_colour1_0_v195
115554693,wp_wct_c_tint_28_t2_v70_n2
115563587,m_cl_clo_smm_b_8_15_t1_v1
115637923,f_cl_clo_lxf_e_0_0_t14_v1
115657488,packed_mp_veh_mod_idx_22_v345
115665709,vem_supermod_0_0_t41_v35
115692948,m_cl_clo_vwm_u_21_16_t11_v1
115727094,packed_mp_veh_mod_idx_7_v153
115761550,vem_insurance_zorrusso
115774827,m_ta_tat_fx_008_t0_v0
115829380,m_cl_clo_x3m_b_13_2_t1_v1
115837147,f_cl_clo_h4f_s_1_13_t8_v1
115937097,vem_rwd_drft_18_t19_v0
116020027,f_cl_clo_ief_l_1_0_t4_v1
116068898,packed_mp_veh_primary_colour_group_v292
116298497,packed_mp_veh_mod_idx_13_v290
116428300,packed_mp_veh_mod_idx_1_v56
116543766,vem_rwd_hiend_08_t19_v2
116598122,packed_mp_veh_mod_idx_s_3_v184
116600619,dec_vw_aw_mt_17c
116634131,vem_smod4_whlv11_t66_v0
116691909,vem_fender_r_7_t37_v3
116752067,vem_colour_1_mct_classic_creek_brown_t24_v4
116754112,packed_mp_veh_mod_idx_23_v222
116765827,vem_supermod_60_4_t60_v7
116785110,packed_mp_veh_mod_var_1_v212
116798748,fcarcade_bh_t0_v0
116840865,m_cl_clo_s1m_dec_20_t100_v0
116878499,packed_ng_vehicle_bpt_v154
116888189,m_cl_clo_busm_s_1_14_t8_v2
116891174,ve_nemesis_t0_v4
116893951,packed_mp_veh_mod_idx_4_v31
116917400,m_cl_clo_h3m_u_9_11_t11_v1
116939545,vem_horn_clas7_t10_v1
117064381,f_ta_tat_lx_024_t0_v0
117077497,packed_mp_veh_livery_0_v112
117142526,vem_smod4_whlv17_t66_v3
117146001,packed_mp_veh_mod_var_0_v84
117221618,f_cl_clo_hstfb_14_16_t1_v1
117374905,vem_smod2_whlv118_t66_v3
117404174,packed_mp_veh_mod_idx_24_v217
117435358,vem_supermod_42_18_t42_v7
117444521,packed_mp_veh_mod_idx_9_v57
117448804,packed_mp_veh_mod_idx_s_2_v32
117552730,vem_hood_2_t9_v0
117583113,packed_mp_veh_mod_idx_16_v297
117617606,m_cl_clo_h2m_f_5_23_t6_v1
117723361,packed_mp_veh_mod_idx_s_14_v92
117792434,packed_mp_veh_mod_idx_2_v330
117996816,f_cl_clo_grf_u_4_8_t11_v1
118004459,m_ha_cc_mkup_47_t5_v0
118065284,f_cl_clo_x2f_l_0_2_t4_v1
118097733,m_ha_clo_bim_h_4_0_t0_v1
118102295,packed_mp_veh_wheel_type_0_v311
118104550,vem_smod_whlv59_t66_v3
118117877,vem_smod_whlv112_t66_v3
118154362,packed_mp_veh_mod_idx_5_v27
118231554,vem_cmod_win_0_t33_v11
118386180,f_cl_clo_stf_ht13_2_t14_v1
118416561,packed_mp_veh_mod_idx_s_21_v199
118439962,pm_coupon_car_site
118497214,m_cl_clo_x6m_b_2_19_t1_v1
118516941,packed_mp_veh_mod_idx_1_v314
118561889,vem_supermod_50_21_t50_v7
118567334,m_cl_clo_bus_m_o_8_t3_v12
118607412,f_cl_clo_fxf_ph_6_0_t14_v1
118831157,f_cl_clo_h3f_u_12_1_t11_v1
118916819,packed_mp_veh_wheel_type_0_v285
118969239,vem_colour_2_mct_classic_spin_purple_t25_v4
119076579,packed_mp_veh_mod_idx_s_22_v303
119163238,vem_colour_2_mct_classic_light_blue_t25_v0
119174998,wp_wct_tint_25_t2_v56_n2
119186359,packed_mp_veh_mod_idx_0_v131
119187429,vem_supermod_17_4_t58_v3
119190730,packed_mp_veh_colour1_0_v201
119239868,service_earn_acid_lab_sell_participation
119245703,vem_cmod_col5_16_t29_v2
119325634,f_cl_clo_s1f_dec_23_t100_v0
119350887,f_cl_he_fmf_18_7_t14_v0
119400855,vem_spt_23_t19_v0
119473153,f_ha_cc_mkup_86_t5_v0
119544229,packed_mp_veh_mod_idx_5_v205
119563315,mp_stat_mpsv_model_132
119568561,packed_mp_veh_mod_idx_2_v279
119615155,packed_mp_veh_mod_idx_s_19_v109
119810388,packed_mp_veh_mod_idx_s_3_v115
119878109,vem_cmod_smoke_pat_t18_v34
119951796,f_ha_cc_eyebrw_2_t2_v0
120079537,f_cl_o_fmf_s1_t3_v12
120131553,packed_mp_veh_mod_idx_s_19_v326
120314663,vem_suv_06_t19_v3
120491299,f_cl_clo_scf_ey_1_5_t14_v1
120525358,f_cl_clo_suf_u_10_3_t11_v1
120528636,packed_mp_veh_mod_idx_s_16_v401
120541454,f_cl_clo_grf_u_6_16_t11_v1
120543166,packed_mp_veh_mod_idx_s_10_v326
120586167,vem_supermod_0_4_t41_v7
120589779,wp_gsa_type_r_t0_v13_n2
120619402,f_cl_clo_h2f_b_7_11_t1_v1
120642170,packed_mp_veh_mod_idx_12_v375
120682468,dec_vw_aw_ss_23
120866127,vem_drft_15_t19_v12
120921916,packed_mp_veh_mod_idx_s_6_v279
120999160,wp_wt_sg_blp_t0_v1
121015715,m_cl_clo_fxm_u_4_0_t11_v1
121027873,packed_mp_veh_mod_idx_14_v337
121033408,f_cl_clo_bif_s_17_1_t8_v1
121122400,m_cl_clo_h3m_ph_6_14_t14_v1
121122754,m_cl_clo_iem_o_0_t3_v12
121270349,packed_mp_veh_mod_idx_14_v404
121296749,m_cl_clo_smm_u_1_4_t11_v1
121430129,f_cl_l_fmf_0_4_t4_v0
121584702,f_cl_clo_bhf_u_14_2_t11_v1
121619972,f_cl_clo_hp_f_u_2_1_t8_v1
121630515,packed_mp_veh_mod_idx_24_v259
121720722,f_cl_clo_x6f_u_25_0_t11_v1
121966793,packed_mp_veh_mod_idx_s_17_v112
121967782,f_cl_clo_vwf_ph_1_19_t14_v1
122291141,f_cl_clo_l2f_t_13_3_t7_v1
122474777,packed_mp_veh_mod_idx_13_v333
122490459,vem_smod4_whlv179_t66_v3
122562499,vem_cmod_exp_1_t20_v10
122604899,vem_horn_hips1_t10_v10
122699780,wp_wct_c_tint_8_t2_v9_n2
122741301,f_cl_clo_exf_decl_14_t100_v0
122811404,packed_mp_veh_mod_idx_10_v226
123074939,packed_mp_veh_secondary_colour_group_v359
123125412,packed_mp_veh_wheel_type_0_v172
123368873,wp_wct_c_tint_3_t2_v47_n2
123440201,m_cl_clo_v2m_l_0_1_t4_v1
123466933,packed_mp_veh_mod_idx_3_v46
123626855,packed_mp_veh_wheel_type_0_v27
123705032,packed_mp_veh_mod_idx_s_4_v90
123739145,vem_roof_0_t12_v2
123777243,m_cl_clo_awm_l_5_9_t4_v1
123921541,packed_mp_veh_mod_idx_s_20_v19
124050226,f_cl_clo_hstf_t_4_2_t7_v1
124113166,vem_supermod_15_1_t56_v11
124330627,f_cl_clo_arf_ph_0_10_t14_v1
124476279,packed_mp_veh_mod_idx_10_v100
124668591,packed_mp_veh_colour_extra2_0_v182
124691471,f_cl_outfit_clo_h2f_o_g_4_t12_v0
124834508,packed_mp_veh_mod_idx_s_17_v330
124854687,packed_mp_veh_mod_idx_4_v208
124883452,vem_supermod_59_18_t59_v7
124926467,f_cl_clo_suf_decl_11_t11_v1
124985561,m_cl_clo_h4m_ph_0_13_t14_v1
125018901,packed_mp_veh_mod_idx_5_v198
125042782,f_cl_clo_exf_eu_15_1_t11_v1
125205985,f_cl_clo_x6f_f_12_4_t6_v1
125232994,vem_supermod_43_20_t43_v7
125262688,m_cl_clo_smm_decl_11_t100_v0
125439419,f_cl_clo_suf_u_20_7_t11_v1
125508183,packed_mp_veh_mod_idx_5_v207
125593578,vem_supermod_21_21_t62_v3
125651750,m_cl_clo_s1m_u_3_1_t11_v1
125713740,vem_supermod_14_14_t55_v26
125737573,packed_lr_vehicle_colour_5_v343
125767233,vem_supermod_55_18_t55_v7
125921531,m_cl_clo_hp_b_1_0_t1_v1
125945171,vem_bumper_r_20_t35_v3
125949211,packed_mp_veh_mod_idx_s_10_v355
125960345,vem_bumper_f_5_t34_v6
125985067,vem_colour_extra_1_mct_classic_racing_green_t24_v33
125987507,dec_vw_aw_mt_9c
126112513,f_cl_clo_h4f_decl_2_t100_v0
126263795,m_cl_clo_grm_f_3_7_t6_v1
126277614,f_cl_clo_hp_f_d_6_t11_v1
126425483,f_cl_clo_h4f_b_1_8_t1_v1
126497549,packed_mp_veh_mod_idx_24_v411
126601372,packed_mp_veh_mod_idx_s_9_v341
126607158,m_ta_tat_sb_027_t0_v0
126620325,packed_mp_veh_window_tint_0_v161
126704866,vem_supermod_23_0_t64_v24
126728169,packed_ng_vehicle_neon_v82
126735753,packed_mp_veh_mod_idx_s_5_v133
126781854,vem_armour_0_t1_v35
126884007,packed_mp_veh_mod_idx_s_12_v39
126922147,f_cl_clo_smf_u_1_2_t11_v1
126973284,m_cl_u_fmm_3_15_t11_v0
127186026,packed_mp_veh_secondary_colour_group_v137
127203333,ve_rcbandito_t0_v39
127324353,packed_mp_veh_mod_idx_15_v355
127360774,vem_suspension_4_t15_v5
127417210,f_cl_clo_bhf_u_3_6_t11_v1
127508204,m_cl_clo_bhm_decl_54_t100_v0
127533368,m_cl_clo_x17m_o_m_0_t3_v12
127638717,vem_colour_1_mct_classic_surf_blue_t24_v3
127652826,m_ha_cc_mkup_78_t5_v0
127670314,f_cl_clo_h4f_s_2_19_t8_v1
127722544,vem_colour_2_mct_metals_br_steel_t25_v4
127724131,m_cl_clo_bim_decl_63_t10_v1
127771412,packed_mp_veh_colour1_0_v101
127815149,m_cl_clo_fxm_l_4_17_t4_v1
127856248,vem_colour_2_mct_classic_dark_blue_t25_v1
127856860,f_cl_clo_bif_decl_3_t100_v0
127975418,f_cl_clo_x6f_u_2_1_t11_v1
128022743,wp_wct_none_t1_v46_n2
128098383,f_cl_clo_bhf_u_19_4_t11_v1
128122576,wp_wct_c_tint_27_t2_v48_n2
128175569,vem_roof_3_t12_v3
128186180,m_ha_cc_m_hs_20_t0_v1
128214337,packed_mp_veh_mod_idx_s_12_v193
128318194,f_cl_clo_lxf_f_0_0_t6_v1
128338274,ve_slamvan5_t0_v38
128381294,packed_mp_veh_mod_idx_10_v282
128387062,packed_ng_vehicle_bpt_v182
128587677,vem_fender_l_8_t36_v3
128604730,f_ta_tat_s1_005_t0_v0
128610734,f_cl_clo_h3f_o_sl_11_t8_v12
128635498,f_ta_tat_bi_040_t0_v0_cesp
128808662,packed_mp_veh_mod_idx_s_13_v264
128822475,f_cl_clo_indf_ht_6_1_t14_v1
128952428,packed_mp_veh_primary_colour_group_v340
128996835,packed_mp_veh_mod_idx_22_v78
128996968,wp_wct_clip1_t1_v11
128999260,packed_mp_veh_mod_idx_s_4_v121
129018542,m_cl_clo_sum_u_8_5_t11_v1
129021545,packed_mp_veh_mod_idx_23_v162
129168206,packed_ng_vehicle_neon_v265
129251629,ve_dominato2_t0_v1
129314700,club_contraband_mission_add_v0
129392527,f_cl_clo_bif_u_14_1_t11_v1
129423612,wp_wct_flash_t1_v11
129439018,packed_mp_veh_mod_idx_s_7_v131
129535284,vem_smod4_whlv56_t66_v2
129591324,m_cl_outfit_clo_awm_o_h_2_t12_v0
129651625,packed_mp_veh_livery2_0_v216
129699992,wp_pm_tint11_t4_v33
129722525,m_cl_clo_sbm_u_9_13_t11_v1
129748152,f_cl_clo_bif_decl_55_t11_v1
129755959,packed_mp_veh_secondary_colour_group_v266
129847931,packed_mp_veh_colour1_0_v374
129924360,mp_stat_mpsv_model_292
129946687,m_cl_clo_h2m_f_3_8_t6_v1
130001090,vem_fender_r_5_t37_v28
130028878,m_cl_clo_trm_u_13_2_t11_v1
130229204,pr_pm_gnumber_3_t0_v0
130329925,m_ta_tat_h3_017_t0_v0
130345675,packed_mp_veh_mod_idx_s_11_v150
130347280,m_cl_clo_smm_b_5_1_t1_v1
130400039,packed_mp_veh_mod_idx_14_v342
130447238,vem_chassis_4_t4_v2
130488066,packed_mp_veh_mod_idx_13_v278
130539627,packed_mp_veh_mod_idx_s_4_v135
130685281,packed_mp_veh_mod_idx_15_v209
130770184,packed_mp_veh_mod_idx_s_23_v198
130775218,vem_horn_indi_4_t10_v4
130919231,f_cl_clo_bhf_u_11_15_t11_v1
131078729,m_cl_u_fmm_0_4_t11_v0
131172590,wp_wct_tint_16_t2_v5_n2
131313403,m_cl_clo_h4m_t_6_0_t7_v1
131323004,wp_ps_bag_35_t1_v33
131391170,m_cl_clo_h4m_decl_5_t11_v1
131480179,vem_colour_extra_1_mct_metallic_bright_purple_t24_v2
131515848,f_cl_clo_hp_f_u_6_0_t11_v1
131548324,vem_supermod_58_20_t58_v7
131619882,packed_mp_veh_mod_idx_22_v206
131642462,packed_mp_veh_livery_0_v69
131645472,packed_mp_veh_mod_idx_s_8_v129
131740927,packed_mp_veh_mod_idx_4_v9
131946831,m_cl_u_fmm_1_4_t8_v1
131957453,packed_mp_veh_mod_idx_11_v251
132113477,f_cl_clo_stf_u_6_0_t11_v1
132164153,packed_ng_vehicle_smoke_v340
132191794,m_cl_clo_sbm_ph_5_3_t14_v1
132324460,mp_stat_mpsv_model_74
132369776,packed_mp_veh_mod_idx_7_v332
132473246,vem_supermod_16_7_t57_v7
132490173,f_cl_outfit_clo_awf_o_b_0_t12_v0
132573428,f_cl_clo_x6f_u_12_13_t11_v1
132638529,packed_mp_veh_mod_idx_s_0_v26
132733072,packed_mp_veh_mod_idx_s_6_v174
132768653,packed_mp_veh_mod_idx_s_21_v286
132826560,m_cl_clo_h3m_b_14_19_t1_v1
132928760,ve_impaler_t0_v3
132933093,packed_mp_veh_mod_idx_12_v103
133030738,m_cl_clo_hstm_t_2_9_t7_v1
133093801,vem_cmod_tyr_3_t18_v38
133100299,m_cl_clo_lxm_dec_29_t100_v0
133140433,vem_horn_hips4_t10_v2
133187736,packed_mp_veh_colour_extra2_0_v217
133189927,vem_colour_2_mct_metallic_blaze_red_t25_v33
133331898,vem_colour_extra_1_mct_classic_yellow_t24_v1
133331992,vem_supermod_9_9_t50_v3
133377623,packed_mp_veh_plate_id_v26
133384603,packed_mp_veh_colour2_0_v12
133401525,m_cl_clo_grm_ph_2_7_t14_v1
133473571,packed_ng_vehicle_bpt_v96
133543498,packed_mp_veh_mod_idx_s_3_v379
133557524,m_cl_clo_awm_decl_64_t100_v0
133568189,packed_mp_veh_colour_extra2_0_v90
133570832,m_cl_clo_vwm_u_15_21_t11_v1
133606434,m_cl_clo_sbm_pe_1_19_t14_v1
133694605,vem_supermod_20_0_t61_v26
133776789,packed_mp_veh_mod_idx_11_v89
133782822,service_spend_island_heist_support_air_support
133977478,m_cl_clo_vwm_pw_8_2_t14_v1
134003196,f_cl_clo_exf_al_12_0_t4_v1
134088855,vem_colour_extra_1_mct_metallic_nautical_blue_t24_v1
134137923,ve_zr3802_t1_v38
134425289,wp_wct_tint_3_t2_v46_n2
134480844,vem_trans_4_t16_v30
134493510,m_cl_clo_x6m_u_26_4_t11_v1
134557322,m_cl_g_fmm_2_5_t14_v0
134612296,packed_ng_vehicle_bpt_v190
134670988,mp_stat_mpsv_model_178
134680531,f_ta_tat_hp_040_t0_v0
134696340,m_cl_clo_smm_b_1_19_t1_v1
134698552,vem_supermod_53_17_t53_v7
134733295,m_cl_clo_x6m_f_1_5_t6_v1
134736753,packed_lr_vehicle_colour_6_v378
134745929,packed_mp_veh_mod_idx_23_v284
134764496,m_cl_outfit_clo_grm_o_9_t12_v0
134794517,packed_ng_vehicle_insurance_v413
134803479,m_cl_clo_vwm_decl_5_t100_v0
134909901,ve_sm722_t0_v3
134926171,f_cl_l_fmf_0_0_t4_v0
135027937,packed_mp_veh_colour1_0_v326
135114344,m_cl_clo_hstm_t_2_8_t7_v1
135146386,f_cl_clo_ief_u_5_21_t11_v1
135154042,vem_colour_2_mct_matte_grey_t25_v0
135182725,packed_mp_veh_mod_var_0_v379
135191901,vem_cmod_tyr_10_t18_v31
135215573,f_cl_u_fmf_13_9_t8_v0
135251391,vem_smod4_whlv175_t66_v3
135265926,m_cl_clo_s1m_u_10_0_t11_v1
135266874,packed_mp_veh_mod_idx_s_10_v96
135268354,pr_pm_bemblem_4_t0_v0
135282512,vem_colour_2_mct_metallic_surf_blue_t25_v3
135322011,vem_colour_1_mct_classic_blaze_red_t24_v0
135343191,f_cl_clo_val_decl_p_t100_v0
135400290,packed_mp_veh_mod_idx_s_21_v66
135422343,f_cl_clo_assf_o_5_t3_v12
135506514,vem_smod3_whlv127_t66_v3
135590554,vem_smod4_whlv187_t66_v0
135591450,packed_mp_veh_mod_idx_s_12_v178
135633140,m_cl_clo_vem_dec_45_t11_v1
135641820,packed_mp_veh_mod_idx_s_0_v132
135748237,wp_wct_c_tint_4_t2_v70_n2
135836007,packed_mp_veh_mod_idx_16_v160
135884572,m_cl_clo_busm_t_0_6_t7_v1
135887463,vem_cmod_col5_19_t29_v0
135890971,packed_mp_veh_mod_idx_s_10_v266
135920700,vem_colour_extra_1_mct_pearlescent_spin_purple_t24_v3
136005271,vem_trans_2_t16_v11
136058295,packed_mp_veh_mod_idx_s_12_v266
136087066,vem_supermod_0_14_t41_v3
136299780,vem_cmod_hrn_cop_t10_v36
136318328,m_cl_clo_grm_b_4_17_t1_v1
136454435,f_cl_clo_h3f_u_5_7_t11_v1
136455197,vem_horn_luxe3_t10_v33
136527967,m_cl_clo_x6m_o_o_18_t3_v12
136639739,packed_mp_veh_mod_idx_2_v46
136641341,f_cl_clo_vwf_u_19_21_t11_v1
136681516,vem_colour_mct_none_108
136843614,f_cl_clo_x6f_u_1_11_t11_v1
136856224,vem_hlight_9_t11_v38
136897198,f_cl_clo_awf_decl_51_t100_v0
136916162,m_cl_clo_iem_l_4_5_t4_v1
137040292,packed_mp_veh_mod_idx_0_v111
137229608,f_cl_clo_smf_b_4_19_t1_v1
137298809,f_cl_clo_x6f_u_26_16_t11_v1
137311125,f_cl_clo_bbf_p2_4_t14_v1
137401529,f_cl_clo_bhf_u_16_11_t11_v1
137402911,vem_smod4_whlv63_t66_v1
137410575,packed_ng_vehicle_neon_v93
137450154,f_cl_clo_scf_d_27_3_t10_v1
137473276,packed_mp_veh_mod_idx_24_v30
137515555,packed_mp_veh_colour_extra2_0_v190
137516831,m_cl_clo_sbm_l_0_17_t4_v1
137719841,vem_offr_23_t19_v2
137933770,vem_supermod_18_1_t59_v5
137934290,wp_wct_clip_tr_t0_v47_n2
137994056,packed_mp_veh_mod_idx_s_15_v55
138202060,vem_smod3_whlv35_t66_v3
138247676,vem_horn_cnote_c0_t10_v32
138303677,packed_mp_veh_window_tint_0_v243
138319058,m_cl_clo_bim_decl_29_t11_v1
138346066,m_cl_clo_grm_ph_5_14_t14_v1
138357860,f_cl_clo_awf_decl_111_t100_v0
138371028,m_cl_g_fmm_7_3_t14_v0
138494921,pm_weapon_discount_plat_kills
138513449,m_cl_clo_h3m_o_sl_23_t3_v12
138539515,packed_mp_veh_mod_idx_2_v164
138555893,f_cl_clo_grf_ph_2_20_t14_v1
138570601,packed_mp_veh_mod_idx_16_v83
138595101,m_cl_outfit_clo_h3m_o_dh_12_t12_v0
138604115,packed_mp_veh_mod_idx_s_0_v78
138768182,vem_colour_2_mct_metallic_might_purple_t25_v3
138844676,m_cl_clo_arm_o_19_t7_v12
138892279,packed_mp_veh_mod_idx_7_v302
139020037,f_cl_clo_h2f_f_3_8_t6_v1
139028309,f_cl_clo_awf_f_0_7_t6_v1
139162335,vem_colour_extra_1_mct_classic_spin_purple_t24_v1
139169497,vem_rwd_spt_20_t19_v0
139293919,packed_mp_veh_mod_idx_10_v234
139313466,vem_smod4_whlv120_t66_v1
139332754,vem_colour_extra_1_mct_pearlescent_pink_t24_v2
139415005,m_cl_sp_fmm_10_1_t8_v0
139470775,packed_mp_veh_mod_idx_15_v133
139511714,f_cl_clo_trf_u_7_12_t11_v1
139603873,vem_smod4_whlv2_t66_v0
139702230,dec_vw_aw_ls_3e
139713090,packed_ng_vehicle_neon_kit_v271
139723206,vem_offr_05_t19_v0
139730290,packed_mp_veh_colour_extra1_0_v319
139742580,vem_insurance_diablous2
139754673,m_cl_clo_bim_l_0_2_t4_v1
139890413,packed_mp_veh_mod_idx_6_v3
139906635,m_cl_clo_busm_t_1_3_t7_v1
139912188,vem_colour_extra_1_mct_metallic_formula_red_t24_v1
140099022,packed_mp_veh_mod_idx_s_0_v332
140152945,packed_mp_veh_mod_idx_15_v374
140222630,f_cl_g_fmf_6_0_t14_v0
140239207,packed_mp_veh_mod_idx_s_11_v30
140320673,packed_mp_veh_mod_idx_s_6_v152
140370728,m_cl_clo_h2m_ph_2_6_t14_v1
140418151,packed_mp_veh_colour_extra1_0_v345
140462802,wp_wct_tint_25_t2_v46_n2
140542606,m_cl_outfit_clo_h3m_o_grp_5_t12_v0
140607212,packed_ng_vehicle_insurance_v105
140636743,m_ha_cc_mkup_0_t7_v0
140677196,vem_smod2_whlv171_t66_v3
140679287,vem_supermod_5_9_t46_v26
140696823,f_cl_f_fmf_13_7_t6_v0
140718364,packed_mp_veh_mod_idx_s_23_v142
140791234,m_cl_clo_sbm_f_2_2_t6_v1
140810883,f_cl_clo_suf_decl_25_t100_v0
140837842,packed_mp_veh_mod_idx_24_v332
140841492,m_cl_outfit_clo_stm_o_15_t12_v0
140921440,f_cl_clo_grf_l_3_8_t4_v1
141036790,packed_mp_veh_mod_idx_s_6_v26
141150461,vem_rwd_spt_16_t19_v2
141243304,vem_roof_8_t12_v1
141302496,packed_lr_vehicle_colour_5_v351
141310899,packed_mp_veh_mod_idx_s_0_v315
141327817,packed_mp_veh_mod_idx_0_v6
141343104,ve_marshall_n1_t1_v11
141571254,vem_cmod_pla_0_t23_v4
141602961,f_cl_clo_l2f_lw_3_2_t14_v1
141604632,f_cl_clo_fxf_b_2_2_t1_v1
141606822,packed_mp_veh_mod_idx_s_9_v54
141666802,m_cl_outfit_clo_x17m_o_m_9_t12_v0
141849682,m_cl_outfit_clo_awm_o_e_0_t12_v0
141866902,vem_bumper_r_10_t35_v28
142070799,packed_ng_vehicle_neon_kit_v170
142071710,vem_colour_5_garnet_red_t38_v3
142139899,packed_mp_veh_mod_idx_18_v263
142167855,f_cl_clo_hstfb_14_5_t1_v1
142190135,m_cl_clo_h2m_o_s_9_t3_v12
142333523,f_cl_outfit_clo_l2f_o_8_t12_v0
142418204,f_ta_tat_bi_014_t0_v0
142621409,m_cl_clo_x6m_ph_8_9_t14_v1
142807726,vem_colour_1_mct_classic_dark_silver_t24_v2
142850005,fchub_sta_2_t0_v1
142951095,packed_mp_veh_colour2_0_v65
142962453,f_cl_clo_bhf_l_0_10_t4_v1
142993849,vem_cmod_tyr_1_t32_v6
143064669,vem_smod4_whlv41_t66_v2
143084073,packed_mp_veh_mod_idx_s_6_v101
143129844,m_cl_clo_x6m_rw_2_6_t14_v1
143143900,hangar_mod_modshop_1_t0_v0
143171475,vem_colour_extra_1_mct_classic_cast_iron_sil_t24_v4
143195298,m_cl_clo_vwm_u_18_9_t11_v1
143228555,packed_mp_veh_mod_idx_5_v357
143242584,packed_mp_veh_mod_idx_3_v380
143254444,vem_colour_1_mct_matte_midnight_blue_t24_v1
143273470,m_cl_clo_bhm_u_12_1_t11_v1
143310517,m_cl_o_fmm_b4_t8_v12
143398770,vem_cmod_win_0_t33_v34
143446478,f_cl_outfit_clo_h2f_o_s_20_t12_v0
143463387,m_cl_outfit_clo_l2m_o_5_t12_v0
143540663,packed_mp_veh_mod_idx_6_v202
143556841,m_cl_clo_h2m_b_5_10_t1_v1
143614267,packed_mp_veh_window_tint_0_v272
143617709,packed_mp_veh_mod_idx_s_10_v151
143696380,mp_stat_mpsv_model_229
143751525,vem_roof_2_t12_v27
143772645,f_cl_o_fmf_s5_t8_v12
143780190,packed_mp_veh_mod_idx_4_v344
143788279,pr_pm_apt_var_4_t0_v0
143932405,f_cl_clo_scf_d_26_1_t10_v1
143992418,wp_wct_no_liv_t1_v13_n2
144011866,vem_suv_02_t19_v2
144081022,f_cl_clo_busf_u_1_9_t11_v1
144101714,packed_mp_veh_mod_idx_s_19_v70
144107542,vem_supermod_4_0_t45_v35
144126997,m_cl_clo_h4m_pey_010_t14_v1
144134915,packed_mp_veh_mod_idx_s_4_v218
144168263,vem_colour_6_cream_t65_v3
144200072,m_cl_clo_bim_decl_20_t100_v0
144212348,packed_mp_veh_secondary_colour_group_v313
144303034,packed_mp_veh_mod_idx_s_7_v70
144320545,packed_mp_veh_primary_colour_group_v360
144638731,f_cl_clo_suf_u_12_1_t11_v1
144655063,packed_mp_veh_mod_idx_s_0_v116
144719318,vem_smod5_whlv207_t66_v3
144775146,f_cl_clo_h2f_f_3_19_t6_v1
144878983,f_cl_clo_bhf_decl_8_t11_v1
144940761,packed_mp_veh_mod_idx_s_9_v164
144942513,vem_supermod_19_1_t60_v27
144974258,packed_mp_veh_mod_idx_5_v142
145012120,f_cl_clo_h2f_o_s_7_t3_v12
145013919,f_cl_clo_hstf_l_9_2_t4_v1
145063180,packed_mp_veh_mod_idx_s_22_v398
145120171,vem_colour_extra_1_mct_matte_matte_for_t24_v33
145125956,ve_tezeract_t0_v3
145281113,packed_mp_veh_mod_idx_s_16_v369
145305171,packed_mp_veh_livery_0_v16
145337863,f_cl_clo_indf_d_3_t8_v1
145362654,packed_mp_veh_colour2_0_v409
145381195,vem_supermod_22_0_t63_v11
145560924,m_cl_clo_h4m_decl_34_t100_v0
145838504,f_cl_clo_s1f_e_1_0_t14_v1_cesp
145840060,packed_ng_vehicle_smoke_v152
145896970,packed_mp_veh_mod_idx_14_v188
146030859,packed_mp_veh_mod_var_0_v225
146062236,vem_cmod_neonlay_7_t21_v7
146131027,f_cl_outfit_clo_ltsf_o_8_t12_v0
146167219,packed_mp_veh_mod_idx_13_v311
146177044,packed_mp_veh_mod_idx_s_20_v289
146189882,packed_mp_veh_plate_id_v288
146274265,vem_colour_extra_1_mct_classic_surf_blue_t24_v1
146275457,m_cl_clo_grm_b_0_17_t1_v1
146289991,packed_mp_veh_mod_idx_6_v231
146329777,vem_cmod_hrn_mus4_t10_v27
146362311,f_cl_clo_stf_ht6_10_t14_v1_cesp
146544468,ve_patrolboat_t1_v3
146664178,vem_colour_extra_1_mct_metallic_light_blue_t24_v2
146694265,vem_smod_whlv120_t66_v0
146718843,vem_colour_extra_1_mct_metallic_bleeched_brown_t24_v33
146721812,packed_mp_veh_mod_idx_s_23_v233
146947176,vem_smod4_whlv124_t66_v0
147050127,mp_stat_casinoapt_mod_c_v0
147116525,vem_grill_9_t8_v27
147168601,dec_vw_aw_wv_60b
147173975,packed_mp_veh_mod_idx_s_11_v224
147395055,packed_mp_veh_mod_idx_5_v255
147447780,f_cl_clo_vwf_decl_12_t100_v0
147512462,packed_mp_veh_mod_idx_4_v103
147560185,f_cl_clo_grf_o_8_t8_v12
147561561,m_cl_he_fmm_17_3_t14_v0
147585938,packed_mp_veh_mod_idx_7_v186
147617778,packed_mp_veh_mod_idx_s_13_v377
147660859,packed_mp_veh_secondary_colour_group_v90
147724229,vem_colour_mct_none_132
147735386,vw_lucky_wheel_usage
147743146,wp_wct_c_tint_29_t2_v9_n2
147772561,packed_mp_veh_mod_idx_15_v342
147951859,vem_supermod_8_19_t49_v3
148048857,m_cl_clo_h3m_ph_6_18_t14_v1
148121571,m_cl_clo_vwm_ph_1_20_t14_v1
148127950,packed_mp_veh_mod_var_1_v311
148166263,f_cl_clo_bbf_109_t4_v1
148186406,f_cl_clo_awf_o_h_0_t8_v12
148206477,packed_mp_veh_mod_idx_s_8_v192
148240196,m_cl_clo_fxm_u_2_0_t11_v1
148399609,f_cl_clo_ief_u_4_14_t11_v1
148415345,wp_gsa_type_r_t0_v46
148538941,f_cl_clo_scf_u_55_14_t11_v1
148540067,vem_supermod_2_0_n1_t43_v38
148560136,vem_supermod_3_8_t44_v10
148566445,vem_chassis_10_t4_v35
148633517,m_cl_clo_fxm_l_4_21_t4_v1
148770986,vem_suspension_3_t15_v0
148796141,m_cl_clo_sbm_f_3_9_t6_v1
148933639,packed_mp_veh_mod_idx_s_1_v98
148995384,packed_mp_veh_mod_idx_s_4_v43
149000286,f_cl_clo_h2f_ph_215_t14_v1
149022251,f_cl_g_fmf_7_4_t14_v0
149073633,m_cl_outfit_clo_awm_o_c_1_t12_v0
149078407,packed_lr_vehicle_colour_5_v148
149135205,m_cl_clo_smm_u_4_10_t11_v1
149204477,packed_ng_vehicle_neon_v167
149230042,packed_mp_veh_mod_idx_s_13_v74
149274659,wp_gsa_type_r_t0_v68
149285641,vem_smod_whlv173_t66_v0
149287997,packed_mp_veh_mod_idx_2_v22
149325042,packed_mp_veh_mod_idx_23_v234
149449045,vem_cmod_tyr_2_t30_v1
149468492,packed_mp_veh_mod_idx_1_v238
149547434,m_cl_clo_ltsm_o_8_t8_v12
149559520,m_cl_clo_x2m_u_1_1_t11_v1
149574928,m_cl_clo_hilf_l_1_3_t4_v1
149620028,packed_mp_veh_mod_idx_4_v327
149665408,packed_mp_veh_colour1_0_v292
149675069,packed_mp_veh_mod_idx_22_v124
149682326,f_cl_clo_x2f_ht_4_0_t14_v1
149733339,packed_mp_veh_mod_var_1_v325
149764790,vem_horn_lowrder2_t10_v27
149767575,m_ta_tat_hp_035_t0_v0
150103326,packed_mp_veh_mod_idx_6_v383
150253503,vem_colour_extra_1_mct_classic_dark_silver_t24_v0
150284056,vem_spoiler_11_t14_v0
150287832,packed_mp_veh_mod_idx_s_9_v125
150319762,m_cl_clo_x3m_b_0_2_t1_v1
150481453,m_cl_clo_sbm_ph_3_0_t14_v1
150527885,mp_stat_mpsv_model_312
150561065,vem_rwd_hiend_03_t19_v3
150562729,m_cl_clo_sum_u_16_4_t11_v1
150605689,vem_cmod_pla_text_new_t23_v26
150682381,packed_mp_veh_mod_idx_s_11_v365
150682967,f_cl_clo_x6f_b_2_18_t1_v1
150744553,ve_futo_t0_v0
150929822,m_cl_clo_h4m_u_3_2_t11_v1
151080443,f_cl_clo_hp_f_d_19_t100_v0
151185693,m_ha_face_e_c_13_t4_v0
151246047,vem_horn_clas5_t10_v29
151276831,m_ha_cc_blush_26_t5_v0
151304165,mp_stat_bunker_firing_range_v0
151323835,m_cl_u_fmm_14_1_t11_v0
151388480,m_cl_clo_v2m_f_0_6_t6_v1
151402396,vem_horn_hips1_t10_v4
151592092,f_cl_clo_grf_u_20_1_t11_v1
151683174,vem_truck_slot_2_mod_2_t0_v0
151799336,f_cl_clo_hp_f_d_35_t8_v1
151912509,vem_rwd_bikew_25_t19_v4
152028181,m_cl_clo_smm_u_7_8_t11_v1
152075627,vem_smod4_whlv169_t66_v1
152171793,f_ha_cc_f_hs_15_t0_v0
152232669,f_cl_clo_sbf_u_0_21_t11_v1
152350130,m_cl_u_fmm_8_0_t8_v0
152401400,f_cl_clo_exf_al_8_1_t4_v1
152457475,packed_mp_veh_colour_extra2_0_v142
152520950,m_cl_clo_h4m_u_0_8_t11_v1
152544381,packed_mp_veh_mod_idx_22_v375
152668594,f_cl_clo_x6f_f_10_5_t6_v1
152778850,m_cl_clo_s2m_f_1_8_t6_v1
152858825,m_cl_clo_valm_u_2_0_t8_v1
152891506,packed_mp_veh_mod_idx_18_v112
152904620,m_cl_clo_lxm_f_1_1_t6_v1
152905535,m_cl_clo_trm_f_1_8_t6_v1
152966615,packed_mp_veh_wheel_type_0_v105
153054728,ve_rallytruck_t0_v3
153089987,f_cl_clo_grf_ph_0_18_t14_v1
153169765,packed_mp_veh_mod_idx_s_18_v277
153226901,vem_cmod_tyr_stt_t30_v35
153227804,wp_wct_supp_t1_v8_n2
153236894,vem_yacht_flag_35_v0
153243173,pm_weapon_discount_gun_van_0_3
153261664,packed_mp_veh_secondary_colour_group_v224
153279766,m_cl_clo_grm_f_0_14_t6_v1
153385280,packed_mp_veh_mod_idx_s_2_v408
153392499,f_cl_clo_vwf_pey_112_t14_v1
153419873,f_cl_clo_x6f_l_0_18_t4_v1
153500598,packed_mp_veh_livery2_0_v131
153562855,packed_mp_veh_mod_idx_14_v223
153563703,mp_stat_appartment_var_4_v0
153589800,m_cl_clo_x6m_rw_1_2_t14_v1
153672166,packed_mp_veh_mod_idx_s_14_v322
153786583,vem_bumper_f_7_t34_v28
153828737,f_cl_clo_s2f_u_7_2_t11_v1
153840536,packed_mp_veh_mod_idx_s_0_v33
153997386,m_cl_clo_s2m_u_6_1_t11_v1
154019641,m_cl_clo_trm_u_11_18_t11_v1
154048238,packed_mp_veh_mod_idx_16_v229
154060164,m_cl_clo_trm_u_12_0_t11_v1
154122809,m_cl_clo_bhm_u_7_12_t11_v1
154147303,packed_mp_veh_mod_idx_s_17_v181
154196074,packed_mp_veh_mod_idx_18_v177
154281642,packed_mp_veh_mod_idx_s_22_v16
154309537,f_cl_clo_trf_u_6_0_t11_v1
154314864,f_cl_clo_x6f_l_7_8_t4_v1
154356712,vem_rwd_suv_02_t19_v2
154415730,f_cl_u_fmf_13_7_t11_v0
154422329,packed_mp_veh_mod_idx_6_v162
154439196,f_cl_clo_h2f_b_4_16_t1_v1
154451891,f_cl_clo_hstf_l_9_0_t4_v1
154526957,packed_mp_veh_mod_idx_10_v377
154544380,packed_mp_veh_mod_idx_s_3_v156
154739434,vem_cmod_neonlay_2_t21_v3
154757380,vem_bumper_f_12_t34_v26
154765782,packed_mp_veh_mod_idx_s_14_v8
154770854,packed_mp_veh_secondary_colour_group_v200
154792137,vem_supermod_19_14_t60_v28
154847627,m_cl_clo_x6m_f_12_12_t6_v1
155177152,packed_mp_veh_mod_idx_s_18_v406
155198579,f_cl_clo_trf_u_8_0_t11_v1
155205405,packed_mp_veh_mod_idx_s_9_v77
155225010,vem_roof_1_t12_v3
155279099,packed_mp_veh_colour1_0_v36
155283048,f_cl_clo_vwf_pey_1_1_t14_v1
155297864,packed_mp_veh_primary_colour_group_v390
155320414,vem_colour_extra_1_mct_pearlescent_flur_yellow_t24_v4
155410071,vem_bikew_06_t19_v4
155470357,packed_mp_veh_mod_idx_24_v407
155489859,m_cl_clo_trm_u_17_1_t11_v1
155579457,ve_tornado2_t0_v0
155655789,f_cl_outfit_clo_x17f_o_m_2_t12_v0
155781932,packed_mp_veh_mod_idx_s_21_v81
155932093,m_cl_clo_vwm_u_23_5_t11_v1
155947673,m_cl_clo_h4m_decl_12_t100_v0
155956484,packed_mp_veh_mod_idx_s_19_v135
156053240,candc_hacker_tnt_8_t0_v0
156188591,packed_mp_veh_colour2_0_v22
156237980,m_cl_clo_h2m_u_6_22_t11_v1
156244376,m_cl_clo_h3m_u_10_18_t11_v1
156247817,packed_mp_veh_mod_idx_s_6_v394
156279145,packed_ng_vehicle_smoke_v363
156296794,packed_mp_veh_mod_idx_s_15_v363
156339024,packed_mp_veh_mod_idx_s_4_v331
156439617,f_cl_clo_pif_u_0_0_t11_v1
156493051,wp_wm_tint7_t2_v7
156609460,m_cl_outfit_clo_stm_o_14_t12_v0
156619895,vem_insurance_tropos
156645264,vem_supermod_4_14_t45_v26
156821746,packed_ng_vehicle_neon_v225
156849055,packed_mp_veh_mod_idx_s_4_v249
156861512,vem_horn_cnote_c0_t10_v4
156946541,f_ta_tat_h3_018_t0_v0
156957783,packed_mp_veh_mod_idx_s_5_v55
157002120,f_cl_clo_awf_decl_97_t100_v0
157006738,m_cl_clo_halm_d_11_t100_v0
157048285,packed_mp_veh_window_tint_0_v211
157056535,f_cl_clo_x6f_u_24_22_t11_v1
157099452,m_cl_clo_stm_o_10_t11_v12
157149367,vem_supermod_0_1_t41_v27
157166937,vem_smod_whlv126_t66_v3
157236896,packed_mp_veh_mod_idx_s_21_v397
157309187,packed_mp_veh_mod_idx_s_0_v240
157314402,m_ha_cc_mkup_15_t7_v0
157418181,vem_colour_2_mct_metallic_diamond_blue_t25_v3
157426204,fcncl_style_7_t0_v0
157442561,fcarcade_b_up3_c_1
157509040,m_cl_clo_grm_u_3_18_t11_v1
157634774,m_cl_clo_scm_f_0_8_t6_v1
157846038,m_cl_clo_x6m_l_0_12_t4_v1
157848301,vem_supermod_2_1_n1_t43_v38
157856776,vem_supermod_4_23_t45_v3
157893719,packed_mp_veh_mod_idx_s_9_v95
157933701,f_cl_clo_exf_eu_4_0_t11_v1
158088143,vem_rwd_musc_15_t19_v0
158121424,m_cl_clo_v2m_h_0_3_t14_v1
158144728,vem_colour_extra_1_mct_classic_shadow_silver_t24_v3
158227286,packed_mp_veh_mod_idx_s_21_v372
158233553,wp_gsa_type_c_t0_v24
158235264,packed_mp_veh_mod_idx_s_8_v227
158346014,m_ta_tat_h3_001_t0_v0
158349559,vem_colour_extra_1_mct_classic_diamond_blue_t24_v3
158383899,packed_mp_veh_mod_idx_s_9_v101
158389873,f_cl_clo_bif_decl_2_t11_v1
158401269,f_cl_outfit_clo_x6f_o_o_22_t12_v0
158521360,pr_pm_name_2_t0_v0
158564064,f_cl_clo_h4f_decl_34_t11_v1
158672106,f_cl_clo_busf_u_1_10_t11_v1
158838043,f_cl_clo_stf_ht6_9_t14_v1
158838720,vem_rwd_musc_14_t19_v3
158839367,packed_mp_veh_mod_var_0_v300
158940665,packed_mp_veh_mod_var_0_v266
158946605,m_cl_clo_fxm_ph_0_10_t14_v1
159002797,packed_mp_veh_mod_idx_24_v20
159103306,packed_mp_veh_mod_idx_1_v286
159205129,vem_colour_extra_1_mct_classic_graphite_t24_v2
159239674,packed_mp_veh_mod_idx_1_v107
159317353,m_cl_outfit_clo_awm_o_d_7_t12_v0
159376031,packed_mp_veh_colour_extra1_0_v291
159409448,packed_mp_veh_mod_idx_s_4_v102
159422499,packed_mp_veh_mod_idx_2_v201
159439670,m_cl_clo_hstm_b_12_2_t1_v1
159517585,packed_mp_veh_colour1_0_v177
159527723,m_cl_clo_val_decl_p_t11_v1
159571064,vem_supermod_0_13_t41_v26
159602759,packed_mp_veh_mod_idx_s_4_v204
159636535,pr_pm_bemblem_13_t0_v0
159797269,f_cl_clo_awf_u_10_15_t11_v1
159804127,m_cl_clo_grm_u_11_2_t11_v1
159897400,vem_supermod_16_0_t57_v38
160036007,packed_mp_veh_mod_idx_24_v245
160097340,vem_smod2_whlv20_t66_v3
160117884,packed_mp_veh_mod_idx_s_5_v185
160130271,packed_mp_veh_mod_idx_24_v53
160197173,vem_smod_whlv45_t66_v3
160225217,vem_rwd_hiend_06_t19_v1
160238003,vem_supermod_54_23_t54_v7
160272732,m_cl_clo_sbm_ph_2_1_t14_v1
160282021,f_cl_clo_s2f_o_7_t3_v12
160291296,packed_mp_veh_colour_extra1_0_v31
160337221,m_cl_clo_x3m_b_11_2_t1_v1
160355165,packed_mp_veh_mod_idx_13_v352
160370783,f_cl_clo_h2f_o_g_18_t3_v12
160418239,f_cl_clo_bif_o_15_t8_v12
160443174,packed_lr_vehicle_colour_6_v8
160471890,dec_vw_aw_wh_52
160478411,f_cl_clo_vwf_u_4_10_t11_v1
160527761,mp_stat_mpsv_model_164
160633987,packed_mp_veh_mod_var_1_v20
160680668,pr_pm_gunlock_1_t0_v0
160706176,packed_ng_vehicle_smoke_v330
160837690,vem_colour_extra_1_mct_pearlescent_sea_green_t24_v4
160884096,mp_stat_mpsv_model_101
160903923,f_cl_clo_grf_ph_0_4_t14_v1
160913781,packed_mp_veh_mod_idx_s_0_v242
160922280,packed_mp_veh_mod_idx_s_13_v369
160984301,vem_supermod_8_2_t49_v27
161011078,vem_supermod_3_31_t44_v10
161064249,packed_ng_vehicle_bpt_v42
161100297,packed_mp_veh_mod_idx_7_v0
161158751,packed_mp_veh_colour1_0_v115
161161151,packed_mp_veh_mod_idx_16_v218
161180858,f_cl_clo_busf_f_0_7_t6_v1
161211419,vem_horn_clas2_t10_v2
161225413,f_cl_clo_h4f_ph_0_11_t14_v1
161262871,vem_sub_heli_cm_2
161274086,f_ta_tat_x6_036_t0_v0
161292862,f_cl_outfit_clo_h2f_o_g_16_t12_v0
161422928,packed_mp_veh_mod_idx_s_16_v228
161479106,m_cl_u_fmm_13_0_t8_v0
161486648,f_ta_tat_sb_060_t0_v0
161512106,packed_mp_veh_mod_idx_s_12_v358
161520058,vem_trans_0_t16_v29
161560607,packed_mp_veh_mod_idx_3_v394
161564673,f_cl_clo_bbf_010_t4_v1
161609728,vem_bumper_f_0_t34_v2
161684700,f_cl_clo_sbf_l_2_24_t4_v1
161761269,packed_mp_veh_mod_idx_0_v331
161804604,f_cl_clo_bif_ph_1_2_t14_v1
161819754,vem_supermod_10_2_t51_v3
161908273,wp_wct_clip_fmj_t1_v47_n2
161934445,vem_smod4_whlv200_t66_v0
161943069,packed_mp_veh_mod_idx_s_15_v259
162034454,vem_horn_cnote_d0_t10_v0
162059369,packed_mp_veh_mod_idx_13_v365
162076114,packed_mp_veh_mod_idx_s_7_v145
162100142,packed_mp_veh_mod_idx_s_20_v30
162172726,vem_colour_extra_1_mct_pearlescent_frost_white_t24_v2
162199103,packed_mp_veh_mod_idx_s_12_v314
162233822,f_cl_clo_bhf_u_9_7_t11_v1
162322614,f_cl_clo_h3f_b_9_2_t1_v1
162373156,vem_colour_mct_none_57
162419885,vem_truck_type_0_t0_v0
162571919,packed_mp_veh_mod_idx_5_v162
162588396,f_cl_clo_grf_l_0_6_t4_v1
162644711,vem_drft_14_t19_v1
162696975,vem_horn_indi_3_t10_v32
162745749,packed_mp_veh_mod_idx_22_v314
162948604,vem_smod5_whlv171_t66_v3
162963799,packed_mp_veh_colour_extra1_0_v324
163216346,dec_vw_aw_ss_3a
163250156,packed_mp_veh_mod_idx_s_23_v287
163265671,m_cl_clo_iem_b_10_15_t1_v1
163279704,packed_mp_veh_mod_idx_12_v269
163347465,vem_livery2_0_t39_v7
163386504,m_cl_clo_vwm_f_2_1_t6_v1
163432310,fcarcade_b_up3_c_10
163437171,packed_mp_veh_plate_id_v181
163470070,packed_ng_vehicle_smoke_v142
163477251,vem_colour_1_mct_metallic_moss_brown_t24_v3
163483255,packed_ng_vehicle_neon_kit_v68
163594969,m_cl_clo_vwm_ph_1_15_t14_v1
163613334,vem_supermod_18_14_t59_v26
163702056,f_ta_tat_h4_029_t0_v0
163767677,packed_mp_veh_mod_idx_16_v389
163797967,packed_mp_veh_mod_idx_18_v154
163835382,packed_mp_veh_mod_idx_s_23_v92
164095679,vem_horn_luxe1_t10_v7
164164650,f_cl_clo_ief_u_5_22_t11_v1
164197118,packed_mp_veh_mod_idx_24_v263
164267461,f_cl_clo_s2f_o_1_t3_v12
164294377,vem_spt_23_t19_v2
164377253,f_cl_clo_exf_ob_5_t8_v12
164463461,vem_colour_2_mct_classic_bright_green_t25_v3
164619367,f_ta_tat_s2_011_t0_v0
164681416,m_cl_clo_h3m_ph_5_3_t14_v1
164713723,vem_colour_2_mct_classic_beechwood_brown_t25_v33
164765534,m_cl_outfit_clo_hstm_o_0_t12_v0
164958722,packed_mp_veh_colour1_0_v70
164980148,packed_mp_veh_mod_idx_6_v390
165015454,m_ta_tat_vw_028_t0_v0
165045335,vem_colour_extra_1_mct_metallic_salmon_pink_t24_v1
165059382,vem_colour_mct_none_87
165169497,pr_pm_glight_2_t0_v0
165177704,f_cl_clo_ief_l_7_1_t4_v1
165180649,vem_colour_extra_1_mct_metals_gold_s_t24_v4
165282593,m_cl_clo_x6m_u_20_7_t11_v1
165373479,packed_mp_veh_mod_idx_18_v189
165403884,m_cl_clo_smm_u_7_9_t11_v1
165425287,vem_colour_1_mct_classic_red_t24_v1
165555531,f_cl_clo_vwf_u_4_1_t11_v1
165557018,f_cl_clo_hst_f_a_1_t8_v1
165752028,mp_stat_factoryupgrades0_v0
165773731,m_cl_outfit_clo_h3m_o_jan_4_t12_v0
165777437,vem_livery_0_t26_v1
165796645,packed_ng_vehicle_insurance_v158
165802109,m_cl_clo_sum_g_1_2_t3_v1
165805433,f_cl_ht_fmf_13_2_t14_v0
165837871,m_cl_clo_h3m_u_9_23_t11_v1
165874273,packed_mp_veh_primary_colour_group_v149
165947583,packed_mp_veh_mod_idx_15_v152
166006063,m_cl_clo_x6m_ph_1014_t14_v1
166024295,packed_mp_veh_mod_var_1_v136
166077018,vem_supermod_2_1_t43_v27
166135159,packed_mp_veh_mod_idx_8_v196
166141399,vem_trans_3_t16_v38
166156279,packed_mp_veh_livery2_0_v210
166210295,vem_cmod_tyr_3_t18_v27
166270291,packed_mp_veh_mod_idx_0_v228
166270570,packed_mp_veh_mod_idx_s_2_v65
166282067,packed_mp_veh_mod_var_1_v160
166357541,packed_mp_veh_mod_idx_12_v388
166363781,vem_cmod_neonlay_5_t21_v29
166529051,vem_chassis_0_n1_t4_v33
166545042,vem_smod3_whlv45_t66_v3
166632348,m_cl_clo_grm_u_16_19_t11_v1
166711019,f_cl_clo_x6f_b_3_2_t1_v1
166723100,vem_cmod_col5_19_t29_v3
166728857,packed_mp_veh_mod_idx_s_6_v332
166741147,vem_chassis_1_t4_v5
166746439,packed_mp_veh_mod_idx_s_8_v355
166749598,f_ta_tat_x2_002_t0_v0
166769714,wp_wct_clip2_t1_v49
166887931,vem_colour_extra_1_mct_pearlescent_silver_t24_v0
166912798,fcarcade_b_up3_c_4
166975108,packed_mp_veh_livery2_0_v227
167080760,f_ta_tat_x6_014_t0_v0
167205495,m_cl_clo_smm_b_6_14_t1_v1
167209345,m_cl_clo_bhm_u_7_11_t11_v1
167222818,packed_mp_veh_mod_idx_s_15_v137
167224004,packed_mp_veh_mod_idx_s_15_v54
167299138,f_cl_clo_trf_u_18_8_t11_v1
167373294,mp_stat_mpsv_model_136
167428940,packed_mp_veh_mod_idx_1_v159
167491055,ve_patriot3_t0_v38
167513123,packed_ng_vehicle_insurance_v366
167703683,f_cl_clo_hstfb_14_6_t1_v1
167719539,f_cl_clo_s1f_f_1_1_t6_v1
167733623,packed_mp_veh_mod_idx_10_v182
167924840,packed_mp_veh_colour_extra2_0_v6
168034253,m_cl_clo_bbm_e_0_3_t14_v1
168073782,vem_colour_mct_none_130
168128455,packed_mp_veh_mod_idx_12_v117
168176993,vem_rwd_loride_15_t19_v3
168196463,packed_mp_veh_mod_idx_s_8_v88
168296184,packed_mp_veh_mod_idx_18_v122
168343773,vem_skirt_13_t13_v1
168362329,vem_smod4_whlv41_t66_v3
168381410,packed_mp_veh_mod_idx_s_19_v271
168576321,vem_supermod_1_9_t42_v11
168671108,packed_mp_veh_mod_idx_14_v209
168844892,vem_supermod_18_2_n1_t59_v38
168920113,m_cl_clo_bhm_u_11_16_t11_v1
168945491,packed_mp_veh_colour_extra1_0_v285
169059139,vem_colour_1_mct_metallic_bleeched_brown_t24_v4
169061734,f_cl_clo_x3f_b_11_2_t1_v1
169073145,packed_mp_veh_mod_idx_18_v209
169251353,veu_weevil2_t0_v0
169258708,m_cl_clo_hp_t_0_1_t7_v1
169279966,m_cl_clo_bus_p_0_13_t14_v1
169381736,vem_supermod_8_12_t49_v11
169411204,vem_supermod_19_2_t60_v5
169486059,packed_mp_veh_colour2_0_v358
169491996,f_cl_clo_h2f_u_3_19_t11_v1
169502452,fcarcade_c_up3_c_2
169580535,packed_mp_veh_mod_idx_s_22_v174
169638596,f_cl_l_fmf_15_11_t4_v0
169649603,vem_supermod_17_0_t58_v28
169663723,packed_mp_veh_mod_idx_s_5_v117
169680165,packed_mp_veh_mod_idx_s_12_v298
169734337,f_cl_clo_scf_ey_5_0_t14_v1
169768857,f_cl_clo_smf_b_0_0_t1_v1
169874334,f_cl_clo_x6f_u_26_4_t11_v1
169925066,m_cl_u_fmm_5_2_t8_v0
169931207,m_cl_clo_stm_o_11_t11_v12
170066764,vem_colour_2_mct_metallic_wine_red_t25_v33
170264723,vem_chassis_3_t4_v39
170344974,m_cl_clo_sbm_ph_5_15_t14_v1
170346370,packed_mp_veh_mod_idx_s_19_v236
170528154,packed_mp_veh_mod_idx_5_v112
170549393,vem_smod5_whl_27_t19_v3
170584912,wp_wct_tint_23_t2_v13_n2
170648781,vem_exhaust_0_t6_v39
170664767,packed_mp_veh_mod_idx_s_6_v153
170665602,f_cl_clo_smf_u_2_24_t11_v1
170667407,mp_stat_mpsv_model_275
170700946,f_cl_g_fmf_9_2_t14_v0
170727115,m_cl_clo_grm_l_3_18_t4_v1
170841504,packed_mp_veh_mod_idx_s_17_v315
170854436,packed_mp_veh_mod_idx_s_8_v93
170978647,wp_wct_tint_15_t2_v70_n2
171006120,f_cl_clo_bif_ph_12_9_t14_v1
171127551,packed_mp_veh_mod_idx_s_14_v390
171162777,m_cl_clo_h2m_b_4_8_t1_v1
171170865,vem_colour_6_blue_silver_t65_v3
171201422,dec_vw_aw_wv_76
171212104,vem_supermod_10_14_t51_v3
171230042,wp_wm_tint1_t2_v53
171314824,f_cl_clo_suf_l_5_9_t4_v1
171328155,kosatk_fla_33_t0_v0
171431780,f_cl_clo_h4f_pey_2_4_t14_v1
171563152,m_cl_clo_fxm_l_3_1_t4_v1
171615732,f_ha_cc_mkup_82_t5_v0
171626368,m_cl_clo_h3m_ph_9_0_t14_v1
171767106,packed_mp_veh_mod_idx_s_3_v90
171859737,packed_mp_veh_mod_idx_s_4_v295
171883032,ve_diablous2_t0_v28
171972385,f_cl_l_fmf_14_8_t4_v0
171974118,vem_supermod_10_0_t51_v11
172032075,packed_mp_veh_mod_idx_2_v83
172032983,vem_fender_r_4_n1_t37_v1
172035524,packed_mp_veh_mod_idx_5_v110
172099560,m_cl_f_fmm_14_6_t6_v0
172268230,packed_mp_veh_mod_idx_16_v236
172279471,m_cl_clo_grm_ph_2_2_t14_v1
172286252,m_cl_clo_x6m_f_10_22_t6_v1
172362146,packed_mp_veh_mod_idx_s_1_v153
172365615,m_ta_tat_hp_004_t0_v0
172394007,packed_mp_veh_mod_var_1_v210
172428946,m_cl_clo_vwm_u_23_2_t11_v1
172453236,packed_mp_veh_mod_idx_22_v156
172529573,m_cl_clo_sum_u_7_8_t11_v1
172556058,vem_colour_2_mct_classic_saxon_blue_t25_v3
172582830,packed_mp_veh_mod_idx_s_20_v77
172595709,packed_ng_vehicle_bpt_v346
172620323,f_ha_cc_f_hs_23_t0_v2
172750167,packed_mp_veh_mod_idx_s_22_v156
172761407,packed_mp_veh_mod_idx_1_v28
172796931,m_cl_clo_sbm_b_1_0_t1_v1
172822298,f_cl_clo_awf_l_3_5_t4_v1
172825667,f_cl_clo_scf_ey_0_22_t14_v1
172962099,vem_supermod_0_11_t41_v10
173120645,vem_bumper_f_7_t34_v38
173152631,m_cl_clo_indm_l_0_1_t4_v1
173156088,f_cl_clo_fxf_ph_4_18_t14_v1
173230066,m_cl_clo_h3m_o_jan_1_t4_v12
173252148,packed_mp_veh_plate_id_v7
173455979,packed_mp_veh_mod_idx_10_v311
173515020,packed_mp_veh_colour_extra2_0_v39
173664916,m_cl_clo_s2m_d_8_t11_v1
173669979,vem_supermod_22_0_t63_v5
173684651,packed_mp_veh_colour2_0_v191
173688231,packed_mp_veh_mod_idx_1_v279
173714598,f_cl_clo_v2f_u_1_1_t11_v1
173951517,m_cl_clo_sbm_f_2_3_t6_v1
173953448,packed_lr_vehicle_colour_6_v251
174015489,vem_insurance_luxor2
174078381,vem_horn_cnote_b0_t10_v37
174078911,m_cl_outfit_clo_awm_o_b_7_t12_v0
174130055,f_cl_clo_vwf_u_15_6_t11_v1
174208057,f_cl_clo_ief_o_2_t3_v12
174279916,m_cl_clo_fxm_u_6_4_t11_v1
174281871,f_cl_clo_hp_f_d_12_t8_v1
174332315,wp_wct_c_tint_8_t2_v46_n2
174507505,f_cl_clo_fxf_ph_4_3_t14_v1
174545625,f_cl_clo_exf_h_1_0_t14_v1
174554010,m_cl_clo_busm_u_1_7_t11_v1
174562046,f_cl_clo_grf_f_0_13_t6_v1
174672651,f_cl_outfit_clo_h3f_o_bs_2_t12_v0
174761900,packed_mp_veh_mod_idx_11_v202
174766385,m_cl_clo_iem_u_17_0_t11_v1
174830778,f_ha_cc_eyebrw_29_t2_v0
174831104,f_cl_ht_fmf_9_4_t14_v0
174861486,f_cl_clo_hstf_t_1_11_t7_v1
174871801,packed_mp_veh_mod_idx_7_v357
174884948,m_cl_clo_h2m_u_3_0_t11_v1
175029068,m_ta_tat_x6_023_t0_v0
175056110,packed_mp_veh_mod_idx_16_v179
175074008,vem_insurance_sanchez02
175078279,f_cl_clo_stf_h_9_4_t14_v1
175342187,vem_smod2_whlv13_t66_v3
175348927,packed_mp_veh_mod_idx_s_7_v196
175705902,packed_mp_veh_mod_idx_s_10_v243
175725116,vem_colour_extra_1_mct_metallic_shadow_silver_t24_v33
175765412,mp_stat_mpsv_model_413
175773917,packed_mp_veh_mod_idx_9_v77
175784235,pr_pm_off_var_1_t0_v0
175817889,packed_mp_veh_colour_extra2_0_v294
175885543,vem_insurance_paragon2
175893023,pr_pm_modshop_3_t87_v0
175988567,packed_mp_veh_livery_0_v171
176072186,vem_colour_2_mct_matte_black_t25_v0
176139531,f_cl_clo_hstfb_18_1_t1_v1
176185520,m_cl_clo_s2m_f_1_3_t6_v1
176282252,packed_mp_veh_mod_idx_s_19_v84
176294238,m_cl_clo_x2m_ht_4_4_t14_v1
176339056,vem_supermod_2_2_t43_v10
176344352,vem_engine_0_t5_v1
176376428,m_cl_clo_v2m_u_0_5_t11_v1
176442015,packed_ng_vehicle_smoke_v234
176451244,wp_wm_tint3_t2_v56
176546576,packed_mp_veh_mod_idx_s_4_v288
176583432,packed_mp_veh_secondary_colour_group_v284
176589919,m_cl_clo_grm_b_5_7_t1_v1
176621422,m_cl_clo_exm_al_5_2_t4_v1
176632294,wp_rwt_tint5_t2_v82
176673203,vem_supermod_10_22_t51_v27
176761153,candc_hacker_dec_17_t0_v0
176928628,wp_wm_tint2_t2_v1
176972377,m_cl_clo_x4m_u_11_3_t11_v1
177043938,packed_mp_veh_mod_idx_s_13_v244
177225911,mba_floor1_7_t0_v0
177257239,f_cl_clo_vwf_decl_16_t100_v0
177267466,packed_mp_veh_colour1_0_v315
177367693,vem_trans_0_t16_v0
177372002,vem_suv_03_t19_v12
177399969,vem_offr_04_t19_v3
177519889,wp_gsa_type_r_t0_v84
177671280,ve_faction2_t0_v3
177696715,f_cl_clo_s2f_d_26_t100_v0
177872662,vem_smod4_whlv5_t66_v0
177895506,packed_mp_veh_mod_idx_3_v78
177914818,vem_smod4_whlv52_t66_v1
177952460,m_cl_clo_halm_d_5_t11_v1
177981814,f_cl_clo_stf_o_1_t3_v12_cesp
177985489,wp_ps_bag_48_t1_v33
178056407,packed_mp_veh_mod_idx_22_v275
178066086,f_cl_clo_h4f_decl_25_t100_v0
178141958,m_cl_clo_stm_u_6_8_t11_v1
178152161,packed_mp_veh_mod_idx_10_v190
178169513,vem_musc_09_t19_v3
178182083,packed_mp_veh_mod_idx_s_18_v389
178231702,f_cl_clo_ief_u_4_25_t11_v1
178254895,f_cl_outfit_clo_smf_o_1_t12_v0
178318172,packed_mp_veh_mod_idx_16_v7
178356710,vem_supermod_19_6_t60_v27
178371321,f_ha_cc_mkup_70_t5_v0
178431342,wp_wt_molotov_t2_v1
178468664,m_cl_clo_vwm_b_10_2_t1_v1
178485173,m_cl_clo_trm_ph_2_3_t14_v1
178490490,packed_ng_vehicle_neon_v385
178522198,packed_mp_veh_mod_idx_11_v257
178593907,packed_mp_veh_mod_idx_9_v410
178741515,m_cl_clo_grm_g_0_6_t3_v1
178780988,packed_mp_veh_livery_0_v276
178896983,vem_musc_02_t19_v3
178916915,m_cl_clo_exm_ef_0_9_t6_v1
178988882,vem_roof_1_t12_v36
179047395,packed_ng_vehicle_insurance_v390
179120092,m_cl_clo_h4m_t_4_2_t7_v1
179142426,packed_mp_veh_mod_idx_s_20_v167
179155160,m_cl_clo_grm_ph_2_20_t14_v1
179161310,f_cl_clo_s1f_dec_3_t11_v1
179204199,packed_mp_veh_mod_var_0_v74
179206965,f_cl_clo_busf_u_4_4_t11_v1
179264881,packed_mp_veh_mod_idx_s_16_v102
179283711,m_cl_clo_awm_decl_32_t100_v0
179371988,packed_mp_veh_mod_idx_s_2_v3
179466534,packed_mp_veh_mod_idx_s_4_v318
179513206,packed_mp_veh_mod_idx_s_3_v191
179549841,packed_mp_veh_mod_idx_16_v166
179557108,packed_mp_veh_mod_idx_s_4_v252
179559555,vem_spt_18_t19_v12
179559587,packed_ng_vehicle_smoke_v204
179642227,m_cl_clo_h3m_b_16_0_t1_v1
179681868,vem_fender_r_7_t37_v28
179719457,vem_armour_4_t1_v31
179737700,vem_supermod_16_5_t57_v27
179746986,f_cl_clo_smf_ph_3_24_t14_v1
179794652,ve_pcj_t0_v4
179816240,packed_mp_veh_mod_idx_5_v302
179993885,vem_colour_extra_1_mct_pearlescent_black_steel_t24_v0
180123487,packed_mp_veh_mod_idx_s_8_v190
180302769,f_cl_clo_awf_u_9_5_t11_v1
180315068,f_cl_clo_lxf_u_6_4_t100_v0
180415204,f_cl_clo_grf_u_22_3_t11_v1
180435303,m_cl_clo_vwm_u_10_7_t11_v1
180560187,packed_mp_veh_mod_idx_15_v263
180588076,packed_mp_veh_mod_idx_s_15_v80
180612844,packed_mp_veh_mod_idx_16_v407
180632906,m_cl_clo_sum_u_8_8_t11_v1
180946888,f_cl_clo_vwf_u_20_22_t11_v1
181066378,f_cl_clo_hstf_u_8_2_t11_v1
181084775,f_cl_f_fmf_7_15_t6_v0
181158931,vem_horn_clas7_t10_v36
181238035,m_cl_clo_vwm_u_2_6_t11_v1
181249790,packed_lr_vehicle_colour_5_v280
181272565,vem_armour_3_t1_v35
181324941,packed_mp_veh_mod_idx_s_16_v311
181340722,f_cl_clo_trf_b_2_1_t1_v1
181367978,packed_ng_vehicle_neon_kit_v332
181372303,vem_cmod_neonlay_5_t21_v10
181443262,m_cl_clo_ltsmh_0_0_t14_v0
181445113,packed_mp_veh_mod_idx_13_v96
181461729,vem_cmod_tyr_10_t18_v30
181557598,wp_wct_tint_16_t2_v47_n2
181578915,f_cl_clo_half_4_2_t1_v1
181663777,vem_bumper_f_5_t34_v26
181695950,f_ta_tat_s1_007_t0_v0
181773982,ve_dinghy5_t1_v0
181904612,packed_mp_veh_mod_idx_s_18_v133
181908402,packed_mp_veh_mod_idx_s_18_v288
182063884,packed_mp_veh_mod_idx_s_5_v213
182071797,pm_coupon_casino_car_site2
182111285,vem_chassis_0_t4_v39
182190127,fcarcade_c_up3_c_10
182364295,m_cl_clo_h2m_o_s_20_t3_v12
182417163,packed_mp_veh_mod_idx_s_12_v133
182454048,packed_mp_veh_mod_idx_s_5_v7
182472141,packed_mp_veh_mod_idx_0_v320
182509117,packed_mp_veh_mod_idx_s_10_v337
182617834,vem_smod2_whlv211_t66_v3
182745902,packed_mp_veh_window_tint_0_v198
182797188,pr_mp_prop_17_t0_v0
182810176,vem_supermod_16_1_t57_v27
182964862,f_cl_clo_l2f_dec_8_t100_v0
183116627,vem_supermod_13_2_t54_v10
183164246,vem_cmod_smoke_5_t18_v33
183168927,packed_mp_veh_mod_idx_s_13_v324
183264199,packed_mp_veh_mod_idx_12_v89
183267285,packed_mp_veh_mod_idx_10_v203
183285273,f_cl_clo_hstf_o_a_3_t8_v12
183294963,packed_mp_veh_secondary_colour_group_v0
183399352,f_cl_clo_vwf_decl_42_t100_v0
183407537,packed_mp_veh_primary_colour_group_v274
183434949,packed_mp_veh_mod_idx_s_5_v301
183457350,packed_mp_veh_colour_extra2_0_v0
183468958,m_cl_outfit_clo_h3m_o_dl_14_t12_v0
183537002,packed_mp_veh_mod_idx_s_4_v326
183608280,m_cl_clo_x6m_ph_10_8_t14_v1
183633377,m_cl_clo_l2m_t_0_0_t7_v1
183707766,mp_stat_mpsv_model_362
183729767,f_cl_clo_bif_o_11_t8_v12
183897166,m_cl_l_fmm_7_3_t4_v0
183903323,ve_gauntlet3_t0_v3
183927860,packed_lr_vehicle_colour_6_v211
183998252,packed_mp_veh_window_tint_0_v106
184016495,packed_mp_veh_mod_idx_s_10_v335
184145324,packed_mp_veh_mod_idx_7_v402
184229930,vem_colour_extra_1_mct_classic_wine_red_t24_v2
184273336,packed_mp_veh_mod_idx_s_9_v317
184294753,packed_mp_veh_livery_0_v49
184363756,m_cl_clo_awm_u_3_7_t11_v1
184385320,m_cl_clo_x6m_ph_8_0_t14_v1
184479870,m_cl_u_fmm_14_2_t8_v2
184505669,m_cl_clo_trm_f_1_21_t6_v1
184536448,f_cl_clo_suf_u_11_1_t11_v1
184580875,f_cl_clo_sbf_f_4_10_t6_v1
184595091,packed_mp_veh_mod_var_0_v98
184599958,f_cl_clo_grf_l_2_14_t4_v1
184620335,vem_bumper_r_14_t35_v6
184729562,packed_mp_veh_mod_var_1_v177
184750393,f_cl_clo_bif_u_4_2_t11_v1
184774956,m_cl_clo_hstm_t_2_13_t7_v1
184822957,packed_mp_veh_mod_idx_0_v274
184826641,mp_stat_multi_property_6_v0
184883730,ve_blimp3_n1_t1_v7
184894115,vem_colour_extra_1_mct_matte_dark_blue_t24_v0
185176396,m_cl_clo_h3m_ph_8_0_t14_v1
185203909,packed_mp_veh_mod_idx_s_5_v43
185222957,f_ta_tat_gr_026_t0_v0
185232402,f_cl_clo_stf_ht13_3_t14_v1_cesp
185284930,packed_mp_veh_mod_idx_s_13_v295
185312469,f_cl_clo_grf_u_21_21_t11_v1
185375255,m_cl_outfit_clo_hstm_o_k_2_t12_v0
185410558,f_cl_clo_bbf_u_3_9_t11_v1
185618106,m_cl_clo_fxm_l_1_4_t4_v1
185752129,packed_mp_veh_mod_idx_8_v112
185755393,m_cl_clo_grm_decl_12_t100_v0
185827220,m_cl_ht_fmm_6_2_t14_v0
185834365,vem_colour_2_mct_matte_midnight_blue_t25_v2
186013079,packed_mp_veh_mod_idx_s_17_v377
186224373,m_cl_clo_h3m_b_6_1_t1_v1
186227781,packed_mp_veh_mod_idx_24_v140
186234095,packed_mp_veh_mod_idx_4_v48
186277255,packed_mp_veh_mod_idx_s_8_v337
186376496,packed_mp_veh_mod_idx_4_v104
186383978,vem_cmod_col5_14_t29_v2
186387306,vem_cmod_col5_24_t29_v3
186406553,packed_mp_veh_mod_idx_3_v337
186453706,packed_mp_veh_mod_idx_24_v325
186502644,vem_armour_4_t1_v35
186561924,m_cl_f_fmm_11_15_t6_v0
186662112,vem_rwd_suv_01_t19_v12
186832994,f_cl_clo_sbf_l_3_16_t4_v1
186842118,m_cl_clo_hst_a_1_t11_v1
186866905,packed_mp_veh_colour_extra2_0_v132
186889615,packed_ng_vehicle_insurance_v335
186899605,packed_lr_vehicle_colour_5_v181
186946213,ve_imperator_t1_v38
186963375,packed_mp_veh_mod_var_0_v128
187045377,vem_colour_1_mct_classic_shadow_silver_t24_v4
187055221,m_cl_clo_x6m_f_12_22_t6_v1
187092172,ve_marshall_t1_v6
187096922,f_cl_clo_awf_decl_0_t100_v0
187101398,m_cl_clo_h4m_b_4_11_t1_v1
187104478,m_cl_clo_sbm_e_0_8_t14_v1
187273856,vem_supermod_1_16_t42_v3
187334400,f_cl_clo_s1f_dec_11_t11_v1
187412976,f_cl_clo_hstf_s_6_11_t8_v1
187547432,packed_mp_veh_secondary_colour_group_v404
187562992,f_cl_clo_stf_o_5_t11_v12_cesp
187610167,f_cl_clo_vwf_u_6_3_t11_v1
187612351,vem_hlight_13_t11_v3
187702933,dec_vw_aw_wh_54
187717419,f_cl_l_fmf_11_5_t4_v0
187791686,m_cl_u_fmm_1_11_t8_v0
187810627,vem_smod_whlv178_t66_v3
187894659,packed_mp_veh_mod_idx_9_v15
187896602,packed_mp_veh_primary_colour_group_v266
187950517,f_cl_clo_h2f_o_g_2_t8_v12
187996952,m_cl_clo_v2m_o_10_t3_v12
188051632,m_cl_clo_h2m_u_7_3_t11_v1
188154055,vem_armour_3_t1_v32
188256596,m_cl_clo_h2m_u_6_20_t11_v1
188395674,packed_mp_veh_primary_colour_group_v359
188462241,m_cl_clo_bim_decl_49_t11_v1
188497291,f_cl_clo_bif_ph_12_0_t14_v1
188598636,f_cl_clo_fxf_l_3_3_t4_v1
188698908,packed_mp_veh_mod_idx_s_18_v318
188765060,vem_supermod_9_12_t50_v26
188793713,packed_mp_veh_mod_idx_23_v111
188808933,packed_mp_veh_mod_idx_s_22_v166
188825784,m_cl_clo_x6m_l_0_10_t4_v1
188893945,f_cl_clo_suf_decl_14_t100_v0
188896504,packed_ng_vehicle_insurance_v402
188955443,packed_mp_veh_colour1_0_v294
189006825,vem_skirt_12_t13_v3
189023865,m_cl_clo_s2m_t_2_0_t7_v1
189046803,packed_mp_veh_mod_idx_3_v215
189174528,packed_mp_veh_mod_idx_s_15_v226
189191659,packed_mp_veh_mod_idx_22_v141
189204857,vem_colour_extra_1_mct_classic_rolled_steel_t24_v33
189252491,vem_supermod_15_6_n1_t56_v38
189294770,packed_mp_veh_mod_idx_7_v269
189354267,packed_mp_veh_mod_idx_7_v386
189383905,vem_supermod_22_2_t63_v28
189390049,m_cl_clo_vwm_f_1_2_t6_v1
189391699,mp_stat_mpsv_model_325
189406799,m_cl_clo_fxm_l_5_0_t4_v1
189445724,ve_monster4_t0_v38
189449162,ve_bus_t0_v0
189472350,packed_lr_vehicle_colour_5_v337
189538191,packed_mp_veh_mod_idx_9_v365
189718647,packed_mp_veh_mod_idx_s_5_v148
189729585,vem_supermod_7_0_t48_v7
189739735,packed_mp_veh_primary_colour_group_v11
189749058,wp_wt_rifle_scbn_t0_v0
189803832,m_cl_clo_busm_f_0_11_t6_v1
189827155,packed_mp_veh_mod_idx_6_v34
189998984,packed_mp_veh_mod_idx_s_1_v52
189999913,f_cl_clo_stf_o_9_t8_v12
190008160,vem_smod4_whlv94_t66_v1
190010614,vem_colour_2_mct_classic_nautical_blue_t25_v3
190091638,packed_mp_veh_mod_idx_9_v224
190137931,vem_supermod_43_1_t43_v7
190165285,mp_stat_warhouseslot4_v0
190189157,vem_roof_15_t12_v38
190213723,m_ha_cc_m_hs_6_t0_v1
190216888,m_cl_clo_grm_f_0_13_t6_v1
190232148,m_cl_clo_lxm_u_1_0_t11_v1
190239346,packed_mp_veh_mod_idx_s_9_v325
190250790,packed_mp_veh_mod_idx_2_v400
190275434,m_ha_cc_body_1_15_t3_v1
190298477,m_cl_clo_x2m_ht_3_1_t14_v1
190319963,f_ta_tat_bi_057_t0_v0_cesp
190331300,vem_supermod_55_10_t55_v7
190350268,m_cl_clo_exm_al_3_1_t4_v1
190413516,packed_mp_veh_mod_idx_s_5_v66
190461500,f_cl_g_fmf_7_1_t14_v0
190474431,packed_mp_veh_mod_idx_s_0_v299
190561133,f_cl_clo_fxf_l_1_14_t4_v1
190659575,f_cl_clo_h4f_decl_47_t11_v1
190713510,f_cl_clo_jaf_o_0_t3_v12
190793861,packed_mp_veh_mod_idx_s_2_v113
190832308,wp_wm_tint4_t2_v73
190856243,packed_mp_veh_mod_idx_1_v296
190858419,f_cl_clo_smf_u_4_4_t11_v1
190868282,packed_ng_vehicle_insurance_v169
190895460,vem_smod4_whlv83_t66_v0
190972492,vem_cmod_tyr_7_t18_v0
191019492,f_cl_clo_s1f_dec_4_t100_v0
191036166,vem_smod2_whlv31_t66_v3
191054398,vem_bumper_f_1_t34_v26
191112533,m_ha_cc_mkup_8_t7_v0
191146378,vem_smod4_whlv104_t66_v0
191218661,packed_mp_veh_mod_var_1_v331
191227931,f_cl_clo_sbf_lw_3_0_t14_v1
191343483,f_cl_outfit_clo_exf_ob_12_t12_v0
191402782,packed_ng_vehicle_bpt_v3
191429533,f_cl_clo_x5f_o_a_0_t8_v12
191452579,wp_wct_c_tint_16_t2_v21_n2
191459431,vem_trans_2_t16_v38
191621292,packed_mp_veh_mod_idx_24_v55
191655657,m_ta_tat_fx_001_t0_v0
191737701,m_cl_clo_x6m_l_0_21_t4_v1
191763818,f_cl_clo_s2f_d_12_t100_v0
191798315,packed_ng_vehicle_neon_kit_v44
191907530,pr_pm_cashlock_1_t0_v0
191940261,vem_colour_extra_1_mct_classic_lava_red_t24_v33
191994974,packed_mp_veh_mod_idx_s_12_v95
192103165,packed_mp_veh_mod_idx_s_19_v346
192109415,vem_smod2_whl2_t19_v3
192111244,m_cl_clo_stm_o_12_t11_v12_cesp
192135173,m_cl_clo_fxm_ph_0_7_t14_v1
192340027,packed_mp_veh_mod_idx_s_17_v234
192453654,m_cl_clo_awm_l_5_8_t4_v1
192511246,packed_mp_veh_mod_idx_s_13_v255
192567074,f_cl_clo_grf_decl_2_t100_v0
192572733,vem_smod_whlv93_t66_v0
192572762,vem_bumper_r_11_t35_v35
192637071,f_cl_clo_x6f_f_7_3_t6_v1
192708292,packed_mp_veh_mod_idx_s_21_v169
192709775,m_cl_clo_sum_u_0_13_t11_v1
192749445,pr_pm_font_10_t1_v0
192876775,packed_mp_veh_mod_idx_23_v211
192916134,vem_fender_r_5_t37_v31
192938201,m_cl_clo_h2m_b_8_4_t1_v1
193020121,vem_brake_1_t2_v31
193024012,packed_mp_veh_mod_var_0_v138
193082610,f_cl_clo_scf_u_55_18_t11_v1
193112464,vem_colour_2_mct_matte_might_purple_t25_v1
193126544,packed_mp_veh_mod_idx_s_17_v391
193176540,packed_mp_veh_mod_idx_15_v255
193256390,m_cl_clo_s1m_dec_21_t100_v0
193304039,ve_kanjo_t0_v3
193393190,m_cl_clo_h4m_decl_41_t100_v0
193479238,packed_ng_vehicle_bpt_v260
193480403,vem_rwd_musc_05_t19_v1
193483316,f_cl_clo_bif_decl_31_t100_v0
193519149,packed_mp_veh_mod_idx_15_v389
193534906,f_cl_clo_sbf_u_11_9_t11_v1
193634640,m_cl_clo_hp_f_1_7_t6_v1
193676444,f_cl_clo_bhf_u_11_14_t11_v1
193797525,packed_mp_veh_mod_idx_s_12_v270
193828736,f_cl_clo_ief_l_7_3_t4_v1
193831648,wp_ps_can_6_t2_v33
193856247,packed_mp_veh_wheel_type_0_v352
193996700,vem_cmod_neonlay_2_t21_v1
194192808,packed_mp_veh_mod_idx_s_6_v297
194207963,packed_mp_veh_colour_extra1_0_v90
194385548,vem_supermod_61_19_t61_v7
194563177,m_cl_clo_x6m_u_0_1_t11_v1
194569444,m_cl_outfit_clo_x6m_o_o_11_t12_v0
194608110,f_cl_clo_hp_f_d_35_t100_v0
194768854,vem_smod2_whlv68_t66_v3
194782429,packed_ng_vehicle_insurance_v202
194799001,f_cl_clo_grf_ph_4_3_t14_v1
194799580,vem_suv_15_t19_v3
194817280,vem_spoiler_13_t14_v27
194858654,packed_mp_veh_mod_idx_s_3_v403
194934083,f_cl_clo_arf_u_3_5_t11_v1
194951906,packed_mp_veh_mod_idx_11_v386
194976953,packed_mp_veh_wheel_type_0_v301
194993087,packed_mp_veh_mod_idx_7_v310
195042866,vem_colour_2_mct_metallic_racing_blue_t25_v33
195050483,m_cl_clo_x6m_f_12_6_t6_v1
195214898,service_earn_evolve
195220299,packed_mp_veh_mod_idx_s_22_v254
195255653,vem_colour_extra_1_mct_pearlescent_formula_red_t24_v3
195326857,packed_mp_veh_mod_idx_12_v126
195392028,packed_mp_veh_mod_idx_s_4_v300
195436151,f_cl_clo_h2f_ph_418_t14_v1
195478256,packed_mp_veh_mod_idx_s_11_v307
195503512,vem_colour_2_mct_metallic_light_blue_t25_v4
195508656,f_cl_clo_ief_u_7_14_t11_v1
195560657,vem_horn_cnote_c0_t10_v30
195669134,f_cl_clo_awf_ph_1_16_t14_v1
195694867,f_cl_outfit_clo_jaf_o_0_t12_v0
195891095,vem_colour_1_mct_metallic_rolled_steel_t24_v2
196031817,vem_colour_extra_1_mct_metallic_mariner_blue_t24_v4
196052566,m_ha_face_e_c_27_t4_v0
196059852,packed_mp_veh_colour_extra2_0_v59
196142649,vem_roof_7_n2_t12_v3
196243937,vem_cmod_tyr_7_t18_v29
196304868,packed_mp_veh_mod_idx_s_21_v374
196345512,packed_mp_veh_livery_0_v280
196529174,wp_wm_tint4_t2_v63
196578503,packed_mp_veh_mod_idx_13_v41
196708351,vem_supermod_23_27_t64_v3
196710999,packed_mp_veh_mod_idx_24_v309
196752649,m_cl_clo_busm_g0_3_t14_v1
196936009,f_cl_clo_h4f_pey_011_t14_v1
196996756,packed_mp_veh_mod_idx_s_15_v351
197139036,pr_pm_bemblem_0_t0_v0
197270918,packed_mp_veh_mod_idx_24_v149
197298807,f_cl_clo_vwf_f_3_6_t6_v1
197310440,packed_mp_veh_mod_idx_s_18_v269
197344689,vem_hood_2_t9_v31
197392650,wp_wm_tint2_t2_v64
197457549,m_cl_clo_jam_decl_0_t100_v0
197470502,f_cl_clo_grf_u_13_6_t11_v1
197630388,vem_colour_1_mct_metallic_bronze_t24_v1
197667589,mp_stat_arcade_screens_v0
197701636,f_cl_clo_sbf_f_3_18_t6_v1
197736559,packed_mp_veh_colour1_0_v259
197771473,f_cl_clo_stf_h_9_1_t14_v1
197838350,vem_insurance_bjxl
197844457,m_cl_clo_iem_u_4_13_t11_v1
197926710,vem_insurance_coquette4
197947309,packed_mp_veh_mod_idx_8_v28
197985352,m_cl_clo_h3m_decl_15_t100_v0
198047373,vem_smod4_whlv186_t66_v2
198161481,packed_mp_veh_mod_idx_16_v122
198181993,wp_wct_camo_ind_t1_v47_n2
198211015,f_cl_clo_x6f_f_3_14_t6_v1
198215858,vem_cmod_neoncol_255_t21_v10
198235843,vem_supermod_23_3_t64_v3
198300355,f_ta_tat_bi_059_t0_v0_cesp
198366193,f_cl_clo_suf_u_6_4_t11_v1
198511942,f_cl_clo_x6f_ph_0_18_t14_v1
198514317,packed_mp_veh_mod_idx_16_v307
198588832,ve_ellie_t1_v3
198619054,vem_brake_2_t2_v28
198857653,packed_mp_veh_mod_idx_11_v300
198980776,packed_mp_veh_mod_idx_1_v394
199076684,packed_mp_veh_primary_colour_group_v331
199084173,packed_mp_veh_mod_idx_s_17_v261
199086134,vem_supermod_2_7_t43_v28
199147064,vem_colour_extra_1_mct_metallic_olive_green_t24_v4
199235551,f_cl_clo_s2f_t_0_2_t7_v1
199252098,vem_supermod_3_36_t44_v27
199262043,m_cl_clo_bim_ph_11_9_t14_v1
199283264,f_cl_clo_vwf_u_6_18_t11_v1
199308921,mp_stat_mpsv_model_261
199395837,m_cl_f_fmm_3_14_t6_v0
199397988,m_cl_clo_fxm_l_3_12_t4_v1
199509304,packed_mp_veh_colour2_0_v296
199625036,packed_mp_veh_mod_idx_16_v42
199629758,vem_colour_extra_1_mct_metallic_bronze_t24_v3
199640698,m_cl_clo_awm_ph_2_7_t14_v1
199651617,vem_smod4_whlv202_t66_v3
199658402,fa_upgrade_weapons_gnlck_1_t0_v0
199683516,f_cl_clo_bhf_u_9_0_t11_v1
199730435,packed_mp_veh_mod_idx_13_v214
199824947,packed_mp_veh_mod_idx_s_6_v355
199893570,packed_ng_vehicle_bpt_v72
199932975,f_cl_clo_scf_l_19_0_t4_v1
199965119,packed_mp_veh_plate_id_v59
199986485,packed_mp_veh_mod_idx_23_v91
199995875,vem_cmod_airhorn_01_t10_v1
200171240,packed_mp_veh_mod_idx_s_8_v259
200181861,packed_mp_veh_mod_idx_24_v352
200249716,m_cl_clo_vwm_u_14_6_t11_v1
200250116,mba_floor1_4_t0_v1
200292333,wp_wm_tint1_t2_v66
200345466,vem_colour_2_mct_metallic_stone_silver_t25_v1
200449150,packed_mp_veh_mod_var_1_v16
200454881,packed_mp_veh_mod_var_0_v340
200468783,packed_mp_veh_mod_idx_s_5_v196
200570689,vem_supermod_3_6_t44_v11
200587683,m_cl_clo_bim_u_16_1_t11_v1
200680038,mp_stat_mpsv_model_92
200695862,m_cl_clo_bim_prw_7_0_t14_v1
200755145,packed_mp_veh_colour2_0_v128
200815386,dec_vw_aw_mt_22
200868806,packed_ng_vehicle_smoke_v18
200946456,f_cl_clo_vwf_ph_0_21_t14_v1
200947513,wp_wct_clip_tr_t0_v46_n2
201002970,m_cl_clo_vem_dec_45_t100_v0
201004700,vem_horn_clas4_t10_v34
201007319,vem_cmod_neonlay_0_t21_v2
201014609,vem_rwd_suv_16_t19_v2
201055893,packed_mp_veh_mod_idx_s_0_v407
201105655,packed_mp_veh_mod_idx_s_16_v286
201119714,packed_mp_veh_mod_idx_7_v353
201159798,packed_mp_veh_window_tint_0_v310
201242028,vem_colour_2_mct_classic_sunset_red_t25_v4
201286378,f_cl_clo_smf_b_5_5_t1_v1
201339718,m_cl_clo_val_decl_s_t11_v1
201345878,dec_vw_aw_mt_8a
201434943,m_cl_l_fmm_1_2_t4_v0
201442883,f_cl_clo_h3f_decl_13_t11_v1
201583432,f_cl_l_fmf_4_6_t4_v0
201588080,m_ta_tat_hp_012_t0_v0
201665636,vem_colour_2_mct_metallic_dark_blue_t25_v33
201704514,f_cl_clo_h4f_prw_010_t14_v1
201706694,vem_brake_3_t2_v37
201738039,f_cl_clo_bif_ph_2_0_t14_v1
201832586,m_cl_clo_grm_l_2_5_t4_v1
201858419,packed_mp_veh_mod_idx_s_12_v92
201935072,vem_supermod_11_0_t52_v34
201936043,f_cl_clo_fxf_pe_2_2_t14_v1
202060979,f_ta_tat_x6_040_t0_v0
202067761,vem_supermod_3_33_t44_v6
202119966,f_cl_outfit_clo_smf_o_3_t12_v0
202154552,packed_mp_veh_mod_idx_9_v385
202160355,m_cl_clo_x4m_u_9_1_t11_v1
202218848,vem_supermod_0_9_t41_v28
202279381,vem_colour_extra_1_mct_metallic_beechwood_brown_t24_v0
202336438,f_cl_clo_h3f_decl_5_t100_v0
202344921,packed_mp_veh_mod_idx_7_v75
202457296,packed_mp_veh_mod_idx_14_v92
202551675,f_cl_clo_vwf_b_6_0_t1_v1
202622531,m_cl_g_fmm_8_3_t14_v0
202685577,m_cl_clo_grm_ph_1_25_t14_v1
202713736,packed_mp_veh_mod_idx_16_v158
202728725,vem_supermod_23_36_n1_t64_v34
202798183,m_cl_clo_vwm_u_15_22_t11_v1
202837421,m_cl_clo_trm_u_6_2_t11_v1
202848304,vem_supermod_7_4_t48_v28
202896055,wp_wct_tint_2_t2_v9_n2
202982352,f_cl_clo_h3f_u_10_10_t11_v1
203294887,m_cl_clo_grm_u_13_23_t11_v1
203332447,vem_supermod_3_6_t44_v7
203348734,vem_smod4_whlv131_t66_v3
203368164,packed_mp_veh_mod_idx_s_22_v41
203418792,m_cl_clo_x6m_u_2_3_t11_v1
203419476,vem_colour_2_mct_classic_blue_silver_t25_v4
203449283,f_cl_clo_hstf_g_1_0_t3_v1
203644876,packed_mp_veh_mod_var_0_v186
203769565,packed_ng_vehicle_smoke_v299
203836886,f_cl_clo_h3f_u_10_15_t11_v1
203857258,m_cl_clo_bus_p_0_9_t14_v1
203872358,vem_supermod_58_2_t58_v7
203902244,vem_insurance_vstr
204059240,packed_mp_veh_colour1_0_v231
204059420,packed_ng_vehicle_insurance_v242
204070850,f_cl_clo_sbf_f_4_9_t6_v1
204164695,f_cl_clo_sbf_u_14_6_t11_v1
204206337,packed_mp_veh_mod_idx_s_13_v332
204286304,packed_mp_veh_mod_idx_16_v142
204452518,vem_colour_extra_1_mct_matte_matte_desert_t24_v3
204523512,packed_mp_veh_mod_idx_18_v329
204551390,vem_drft_03_t19_v0
204670629,packed_mp_veh_mod_idx_s_12_v218
204686475,packed_mp_veh_mod_idx_3_v318
204767568,packed_mp_veh_mod_idx_s_5_v307
204939352,packed_mp_veh_mod_idx_15_v9
205103509,vem_hiend_11_t19_v12
205129005,packed_mp_veh_plate_id_v208
205137302,packed_mp_veh_mod_idx_s_16_v249
205167968,f_cl_clo_x6f_f_12_25_t6_v1
205241841,vem_colour_1_mct_metallic_midnight_silver_t24_v1
205280933,f_cl_clo_s2f_d_18_t100_v0
205478510,f_cl_clo_exf_au_16_1_t11_v1
205547730,vem_supermod_50_0_t50_v7
205654408,f_cl_clo_grf_b_0_18_t1_v1
205687440,f_cl_clo_suf_decl_14_t11_v1
205691713,f_cl_clo_bif_u_16_4_t11_v1
205760801,m_cl_he_fmm_18_5_t14_v0
205895608,f_cl_clo_h4f_decl_30_t100_v0
205946292,vem_supermod_13_3_t54_v26
205948577,vem_supermod_11_12_t52_v27
206036899,packed_mp_veh_mod_idx_s_10_v344
206061298,packed_mp_veh_mod_idx_s_1_v116
206088015,packed_mp_veh_mod_idx_s_10_v186
206124853,packed_lr_vehicle_colour_5_v210
206229639,vem_horn_indi_3_t10_v28
206387921,packed_mp_veh_mod_idx_3_v158
206412210,f_cl_outfit_clo_h2f_o_g_5_t12_v0
206567248,packed_mp_veh_mod_idx_1_v317
206584375,packed_mp_veh_colour2_0_v181
206601141,packed_ng_vehicle_smoke_v93
206636189,packed_mp_veh_mod_var_0_v290
206651215,packed_mp_veh_mod_idx_s_0_v181
206665406,packed_mp_veh_mod_idx_s_20_v92
206682009,ts_veh_1_t0_v0_sell
206715452,packed_ng_vehicle_insurance_v317
206764286,f_cl_clo_l2f_dec_21_t100_v0
207045791,packed_mp_veh_mod_var_1_v194
207063377,vem_roof_2_t12_v6
207066860,vem_supermod_51_4_t51_v7
207202048,vem_hiend_06_t19_v1
207222889,packed_mp_veh_mod_idx_22_v171
207252768,wp_wct_c_tint_10_t2_v70_n2
207259867,packed_mp_veh_mod_idx_23_v68
207317898,packed_mp_veh_mod_idx_2_v314
207492249,vem_cmod_neoncol_8_t21_v30
207567851,wp_wm_tint3_t3_v4
207596144,packed_mp_veh_mod_idx_s_13_v384
207604514,packed_mp_veh_wheel_type_0_v157
207629687,m_cl_outfit_clo_bus_m_o_5_t12_v0
207656659,vem_horn_indi_1_t10_v30
207667780,ve_marshall_n1_t1_v20
207841968,m_cl_clo_stm_o_1_t11_v12
207849619,m_cl_clo_val_decl_g_t100_v0
207888898,m_cl_clo_hp_g_1_0_t14_v1
207925644,f_cl_clo_hstf_f_0_0_t6_v1
207950443,packed_mp_veh_livery2_0_v117
208143023,packed_ng_vehicle_neon_v344
208168613,vem_horn_xm15_2_t10_v6
208223429,service_earn_from_contraband
208228276,vem_smod2_whlv180_t66_v3
208241540,m_cl_clo_vwm_u_21_7_t11_v1
208272427,packed_ng_vehicle_neon_kit_v102
208315577,f_cl_clo_trf_o_ms_1_t8_v12
208439618,vem_supermod_20_9_t61_v3
208513675,mp_stat_mpsv_model_351
208559288,m_cl_clo_trm_u_17_2_t11_v1
208562357,packed_mp_veh_mod_idx_s_1_v246
208596859,vem_colour_1_mct_metallic_pink_t24_v2
208621473,packed_mp_veh_mod_idx_s_6_v127
208633758,packed_ng_vehicle_neon_v332
208676335,f_cl_clo_h4f_b_1_3_t1_v1
208694901,m_cl_clo_x4m_u_11_13_t11_v1
208703571,f_cl_clo_grf_decl_32_t100_v0
208723740,m_cl_clo_bbm_h_0_5_t14_v1
208809670,vem_grill_0_t8_v26
208851647,autoshop_emb_1_t0_v0
208899209,packed_mp_veh_mod_idx_8_v341
208909187,packed_mp_veh_mod_idx_1_v377
208935837,vem_cmod_hrn_mus5_t10_v31
209014315,m_cl_clo_h3m_s_1_7_t8_v1
209023910,m_cl_clo_trm_u_8_11_t11_v1
209033316,pr_pm_modshop_4_t89_v0
209057587,f_cl_clo_scf_u_4_6_t11_v1
209059014,vem_smod5_whlv112_t66_v3
209155413,vem_cmod_hrn_sad_t10_v5
209165255,packed_mp_veh_colour_extra1_0_v207
209166010,m_cl_outfit_clo_hilf_o_25_t12_v0
209182535,packed_mp_veh_mod_idx_s_12_v16
209225665,m_cl_clo_vwm_pw_4_0_t14_v1
209283065,vem_colour_extra_1_mct_metallic_saxon_blue_t24_v1
209353005,vem_rwd_musc_02_t19_v12
209374333,m_cl_clo_iem_u_6_4_t11_v1_cesp
209441078,m_cl_outfit_clo_h3m_o_dl_34_t12_v0
209559208,f_cl_clo_hstf_t_1_15_t7_v1
209595754,packed_mp_veh_mod_idx_s_1_v67
209620765,m_cl_sp_fmm_10_7_t8_v0
209684370,packed_mp_veh_mod_idx_s_16_v207
209714462,f_cl_clo_x2f_ht_0_5_t14_v1
209777758,vem_colour_1_mct_classic_race_yellow_t24_v0
209914946,packed_lr_vehicle_colour_5_v325
210023270,vem_smod4_whlv62_t66_v1
210067364,vem_colour_1_mct_classic_white_t24_v2
210177675,m_ta_tat_x6_038_t0_v0
210372143,packed_mp_veh_mod_idx_s_13_v176
210464402,m_cl_outfit_clo_awm_o_e_1_t12_v0
210465998,m_cl_clo_h3m_b_7_0_t1_v1
210594086,vem_colour_extra_1_mct_metallic_petrol_green_t24_v0
210638284,packed_mp_veh_primary_colour_group_v268
210715135,packed_mp_veh_mod_idx_9_v112
210727964,packed_lr_vehicle_colour_6_v384
210780469,vem_spoiler_10_t14_v6
210955175,m_cl_clo_awm_decl_76_t100_v0
210955503,service_earn_ambient_job_urban_warfare
211058565,packed_mp_veh_mod_idx_s_20_v392
211160601,packed_mp_veh_mod_idx_s_12_v128
211171387,packed_mp_veh_mod_idx_s_18_v251
211253651,packed_ng_vehicle_neon_v295
211289647,packed_mp_veh_primary_colour_group_v178
211341575,packed_mp_veh_wheel_type_0_v207
211523144,vem_smod5_whlv107_t66_v3
211526600,vem_cmod_hrn_mus4_t10_v7
211563263,m_cl_clo_valm_s_1_1_t8_v1
211563525,f_ta_tat_bi_046_t0_v0_cesp
211610305,packed_mp_veh_mod_idx_s_11_v44
211628634,packed_ng_vehicle_smoke_v354
211681839,m_cl_clo_grm_b_0_21_t1_v1
211739521,m_cl_clo_s2m_d_21_t11_v1
211741578,packed_mp_veh_mod_idx_10_v152
211805575,mp_stat_mpsv_model_320
211896289,dec_vw_aw_ls_6c
211912180,m_cl_clo_stm_ht8_10_t14_v1
211986271,vem_smod4_whlv190_t66_v2
211993543,m_cl_clo_hp_d_25_t11_v1
212123184,f_cl_clo_suf_l_2_11_t4_v1
212192091,m_cl_clo_iem_b_5_1_t1_v1
212308998,f_cl_clo_vwf_u_21_6_t11_v1
212315635,packed_ng_vehicle_smoke_v313
212342433,vem_horn_cnote_f0_t10_v26
212473255,m_cl_clo_smm_u_0_8_t11_v1
212535009,mp_stat_mpsv_model_294
212669197,m_cl_clo_grm_u_2_12_t11_v1
212847828,wp_wm_tint4_t2_v54
212874678,vem_fender_r_21_t37_v3
213137336,packed_mp_veh_mod_var_0_v303
213143500,ve_blimp3_t1_v0
213165916,f_cl_l_fmf_12_10_t4_v0
213184707,packed_mp_veh_mod_idx_s_17_v45
213187325,m_cl_clo_scm_o_3_t3_v12
213327418,m_cl_clo_x3m_b_3_3_t1_v1
213370551,pr_pm_colour_2_t0_v0
213408353,packed_mp_veh_plate_id_v377
213439624,packed_mp_veh_mod_idx_s_8_v140
213501218,f_cl_clo_suf_u_17_24_t11_v1
213509472,packed_mp_veh_mod_idx_8_v128
213512402,f_cl_clo_x6f_l_0_3_t4_v1
213568725,packed_mp_veh_mod_idx_14_v300
213828991,vem_smod4_whlv74_t66_v1
213948090,packed_mp_veh_mod_idx_9_v95
213984446,vem_rwd_hiend_13_t19_v2
214077443,packed_mp_veh_mod_idx_s_1_v122
214202517,vem_supermod_49_5_t49_v7
214266575,dec_vw_aw_mt_28c
214269915,m_cl_outfit_clo_iem_o_0_t12_v0
214295678,wp_wct_flash_t1_v26
214384991,vem_colour_extra_1_mct_pearlescent_surf_blue_t24_v4
214493450,vem_colour_extra_1_mct_metallic_cast_iron_sil_t24_v33
214509532,vem_colour_1_mct_classic_hot
214568669,m_cl_outfit_clo_trm_o_r1_t12_v0
214572920,vem_fender_r_7_t37_v0
214595856,f_cl_clo_hp_f_u_2_6_t8_v1
214642975,vem_insurance_pbus2
214656648,packed_mp_veh_mod_idx_s_18_v98
214708841,packed_mp_veh_colour1_0_v249
214735363,vem_smod5_whlv87_t66_v3
214758026,vem_rwd_musc_01_t19_v1
214950754,packed_mp_veh_mod_idx_10_v79
214952811,f_cl_clo_vwf_pw_0_5_t14_v1
214988968,f_cl_clo_bhf_u_10_16_t11_v1
215000530,packed_mp_veh_mod_idx_s_2_v317
215207585,f_cl_clo_hst_e_0_0_t14_v1
215246413,vem_fender_l_10_t36_v35
215257753,packed_mp_veh_colour_extra1_0_v169
215264011,m_cl_clo_stm_o_18_t11_v12
215289226,packed_mp_veh_mod_idx_16_v29
215345967,vem_yacht_flag_6_v0
215352429,vem_smod4_whlv194_t66_v0
215464189,packed_mp_veh_mod_idx_s_5_v125
215471555,vem_insurance_astron
215487171,f_cl_clo_h2f_u_3_2_t11_v1
215561035,vem_engine_3_t5_v1
215596235,vem_cmod_neoncol_3_t21_v26
215608230,service_earn_refund_orbital_auto
215697592,packed_mp_veh_livery2_0_v128
215760632,f_cl_clo_vwf_u_4_13_t11_v1
215821011,vem_insurance_alphaz1
215821174,m_cl_clo_awm_u_1_6_t11_v1
215822789,m_cl_clo_bim_prw_6_0_t14_v1
215857284,m_cl_clo_fxm_l_1_17_t4_v1
215872981,packed_mp_veh_mod_idx_22_v232
215891868,packed_mp_veh_mod_idx_s_3_v5
215924372,f_cl_clo_hp_f_d_23_t8_v1
216019151,m_cl_clo_bhm_decl_13_t11_v1
216020190,packed_mp_veh_mod_idx_s_22_v71
216091541,f_ta_tat_fm_010_t0_v0
216093928,vem_supermod_7_11_t48_v27
216203394,m_cl_clo_val_decl_k_t100_v0
216230748,vem_colour_2_mct_metallic_pink_t25_v4
216274040,f_cl_clo_hstfb_17_7_t1_v1
216308073,vem_supermod_8_4_t49_v26
216340803,vem_supermod_19_14_t60_v3
216388491,packed_mp_veh_mod_idx_14_v355
216407708,vem_colour_extra_1_mct_metallic_sunset_red_t24_v33
216523017,m_cl_clo_s2m_d_8_t100_v0
216890447,f_cl_clo_fxf_u_9_3_t11_v1
216902772,m_cl_clo_vwm_pey_0_4_t14_v1
216911858,vem_fender_l_0_t36_v7
216916111,vem_colour_extra_1_mct_classic_torino_red_t24_v3
217222042,packed_mp_veh_mod_idx_s_22_v389
217266359,packed_mp_veh_mod_idx_14_v243
217294330,f_cl_clo_grf_g_0_13_t3_v1
217316174,vem_sub_heli_c_27
217347957,vem_supermod_4_0_t45_v11
217541472,vem_supermod_2_16_t43_v3
217732675,packed_mp_veh_mod_idx_s_8_v134
217844077,packed_ng_vehicle_insurance_v117
217874901,f_ha_face_e_c_25_t4_v0
217922819,m_cl_clo_bbm_l_2_3_t4_v1
217948171,m_cl_clo_h4m_t_2_0_t7_v1
218051130,m_cl_clo_s2m_l_0_2_t4_v1
218093174,packed_mp_veh_mod_idx_s_8_v130
218098416,packed_mp_veh_mod_idx_s_1_v258
218151309,packed_mp_veh_colour2_0_v254
218151971,ve_mule4_t1_v37
218285860,vem_colour_2_mct_metallic_bronze_t25_v3
218408633,vem_supermod_2_11_t43_v28
218414285,packed_mp_veh_mod_idx_23_v192
218419795,packed_ng_vehicle_bpt_v228
218447297,vem_supermod_9_10_t50_v3
218466224,m_cl_clo_hp_o_5_t8_v12
218500142,m_cl_clo_fxm_ph_6_2_t14_v1
218544419,packed_mp_veh_mod_idx_16_v104
218547406,f_ha_cc_f_hs_19_t0_v2
218680896,packed_mp_veh_mod_idx_1_v124
218729862,vem_supermod_21_6_t62_v38
218827198,packed_mp_veh_mod_idx_5_v378
218870436,packed_ng_vehicle_insurance_v260
218923830,vem_insurance_hunter
219061893,packed_mp_veh_mod_idx_0_v396
219064902,vem_cmod_win_3_t33_v39
219163123,packed_mp_veh_mod_idx_s_6_v141
219289542,packed_mp_veh_mod_idx_s_21_v46
219344827,packed_mp_veh_mod_idx_s_23_v193
219436355,packed_mp_veh_mod_idx_s_11_v16
219533787,packed_mp_veh_mod_idx_s_4_v199
219660861,packed_mp_veh_mod_idx_12_v189
219794688,packed_mp_veh_colour2_0_v77
219806590,m_ta_tat_bi_033_t0_v0_cesp
219878483,m_cl_clo_x6m_f_4_19_t6_v1
219910464,vem_smod_whlv0_t66_v3
219920168,vem_insurance_italirsx
219925912,f_cl_clo_bbf_u_3_2_t11_v1
219928096,vem_smod_whlv189_t66_v0
219965518,f_cl_clo_exf_au_9_2_t11_v1
220084781,f_cl_clo_grf_u_7_19_t11_v1
220165533,mp_stat_mpsv_model_188
220196169,f_cl_clo_fxf_l_0_13_t4_v1
220241710,vem_colour_1_mct_metallic_candy_red_t24_v33
220298167,packed_mp_veh_livery_0_v350
220316246,m_cl_clo_h3m_u_10_3_t11_v1
220348339,packed_mp_veh_mod_idx_s_3_v381
220358771,vem_colour_extra_1_mct_metallic_blue_t24_v3
220370250,f_cl_clo_bhf_u_9_9_t11_v1
220414864,f_cl_clo_bhf_decl_55_t11_v1
220448718,f_cl_clo_trf_u_9_12_t11_v1
220478185,m_cl_clo_awm_f_0_7_t6_v1
220497914,f_cl_clo_grf_ph_6_10_t14_v1
220582051,vem_fender_r_6_t37_v30
220653432,ve_bf400_t0_v3
220712714,vem_colour_extra_1_mct_pearlescent_straw_brown_t24_v1
220785482,packed_mp_veh_livery2_0_v258
220798016,packed_mp_veh_mod_idx_3_v260
221053351,vem_bumper_f_10_t34_v6
221065660,f_cl_t_fmf_2_2_t7_v0
221089794,m_cl_clo_awm_l_3_0_t4_v1
221095112,m_cl_clo_trm_u_8_15_t11_v1
221164538,vem_rwd_spt_13_t19_v2
221182555,packed_mp_veh_mod_idx_s_1_v373
221182815,packed_mp_veh_mod_idx_s_23_v52
221282681,f_cl_clo_v2f_u_2_1_t11_v1
221443114,packed_mp_veh_mod_idx_5_v13
221500439,vem_cmod_col5_22_t29_v3
221540555,vem_hlight_1_t11_v3
221541590,packed_mp_veh_mod_idx_12_v250
221591406,packed_mp_veh_mod_idx_s_3_v131
221627932,f_cl_clo_x17f_o_m_8_t3_v12
221724657,vem_fender_l_17_t36_v3
221838907,f_cl_clo_ief_b_10_13_t1_v1
222084831,vem_cmod_neoncol_4_t21_v7
222190102,m_cl_clo_indm_d_6_t11_v1
222245455,packed_mp_veh_primary_colour_group_v59
222277392,packed_mp_veh_primary_colour_group_v389
222351621,vem_supermod_57_20_t57_v7
222383091,packed_mp_veh_mod_idx_s_0_v112
222414463,vem_smod5_whlv95_t66_v3
222481469,ve_hakuchou2_t0_v3
222684885,f_cl_clo_awf_o_e_11_t8_v12
222689209,f_ha_cc_mkup_12_t7_v1
222750879,packed_mp_veh_mod_idx_22_v224
222772939,m_cl_clo_sbm_f_0_7_t6_v1
222791691,packed_mp_veh_mod_idx_5_v359
222879682,packed_mp_veh_livery2_0_v208
223018617,packed_mp_veh_mod_idx_s_22_v122
223062534,packed_mp_veh_colour2_0_v360
223161103,m_cl_clo_hp_b_3_1_t1_v1
223195802,f_cl_outfit_clo_stf_o_3_t12_v0
223247421,m_cl_clo_x6m_ph_1025_t14_v1
223316072,wp_wct_c_tint_7_t2_v70_n2
223323986,packed_mp_veh_mod_idx_3_v106
223358122,packed_ng_vehicle_bpt_v40
223396019,vem_hood_14_t9_v3
223396822,packed_mp_veh_mod_idx_s_19_v31
223648139,vem_colour_extra_1_mct_metallic_galaxy_blue_t24_v0
223649093,packed_mp_veh_mod_idx_8_v267
223785388,vem_supermod_1_8_t42_v3
223839059,packed_mp_veh_mod_idx_s_9_v392
223876130,m_cl_clo_x6m_ph_1017_t14_v1
224076509,m_cl_clo_h3m_o_val_1_t3_v12
224098738,m_cl_clo_grm_ph_5_7_t14_v1
224300833,packed_lr_vehicle_colour_5_v317
224307745,f_ta_tat_bi_056_t0_v0
224384048,vem_cmod_tyr_2_t30_v38
224394231,f_cl_clo_h3f_b_19_2_t1_v1
224453604,packed_mp_veh_mod_idx_s_11_v326
224503209,f_cl_clo_x6f_ey_3_14_t14_v1
224610659,f_cl_clo_fxf_l_0_18_t4_v1
224649898,packed_mp_veh_mod_idx_22_v65
224762406,vem_supermod_6_2_t47_v26
224843709,vem_suv_05_t19_v2
224951292,packed_mp_veh_window_tint_0_v358
224953743,packed_mp_veh_wheel_type_0_v40
224978880,packed_mp_veh_mod_idx_10_v26
225013993,vem_horn_clas3_t10_v39
225097110,packed_mp_veh_mod_idx_12_v5
225189360,packed_mp_veh_livery_0_v298
225220924,packed_mp_veh_mod_idx_s_19_v313
225261756,f_cl_clo_awf_b_2_3_t1_v1
225344976,f_cl_clo_suf_l_2_24_t4_v1
225397600,f_cl_outfit_clo_indf_o_1_t12_v0
225411287,packed_mp_veh_mod_idx_s_12_v173
225598730,vem_colour_2_mct_metallic_racing_green_t25_v0
225598772,vem_cmod_hrn_mus4_t10_v38
225669365,vem_horn_clas3_t10_v35
225778351,vem_smod4_whlv179_t66_v1
225798539,vem_supermod_8_7_t49_v10
225838042,f_cl_u_fmf_12_7_t8_v2
225899687,packed_mp_veh_mod_idx_s_12_v390
225934200,packed_mp_veh_mod_idx_s_14_v212
226046532,f_cl_clo_fxf_ph_4_20_t14_v1
226065899,vem_offr_06_t19_v1
226103310,vem_supermod_56_23_t56_v7
226108855,packed_mp_veh_colour_extra1_0_v309
226110054,vem_spoiler_13_t14_v1
226153246,f_cl_clo_h4f_decl_3_t100_v0
226175997,m_cl_clo_grm_ph_0_5_t14_v1
226308741,f_cl_clo_x6f_u_1_5_t11_v1
226346480,pr_mp_prop_4_t0_v0
226410882,vem_supermod_2_5_n1_t43_v38
226580886,packed_ng_vehicle_neon_kit_v138
226605955,vem_rwd_musc_09_t19_v2
226609788,vem_spt_22_t19_v12
226632209,m_cl_clo_val_decl_n_t8_v2
226642932,m_cl_clo_grm_u_7_10_t11_v1
226853178,packed_mp_veh_mod_idx_s_13_v252
226879344,m_cl_clo_x6m_u_2_7_t11_v1
227048424,packed_mp_veh_colour_extra1_0_v391
227062739,m_ha_none_t7_v0
227080924,vem_rwd_drft_01_t19_v1
227117439,packed_mp_veh_mod_idx_24_v378
227151347,packed_mp_veh_mod_idx_s_2_v186
227167489,f_cl_clo_trf_u_12_20_t11_v1
227202889,vem_supermod_10_6_t51_v11
227248616,vem_cmod_neoncol_255_t21_v33
227272317,f_cl_clo_grf_u_2_19_t100_v0
227376967,packed_ng_vehicle_smoke_v88
227472568,kosatk_fla_27_t0_v1
227487377,wp_wct_muzz5_t1_v9_n2
227601588,fa_upgrade_weapons_staff_0_t0_v0
227654540,packed_mp_veh_secondary_colour_group_v181
227670328,m_cl_outfit_clo_hp_o_2_t12_v0
227694887,packed_mp_veh_mod_idx_s_17_v365
227788983,vem_cmod_win_1_t33_v38
227810016,m_cl_clo_fxm_ph_4_12_t14_v1
227844362,f_cl_l_fmf_8_2_t4_v0
227937619,ve_sandking_t0_v2
228042554,packed_mp_veh_mod_idx_s_12_v243
228068448,m_ha_cc_mkup_67_t5_v0
228122865,packed_mp_veh_mod_idx_11_v172
228395602,vem_colour_1_mct_metallic_black_graphite_t24_v2
228434224,packed_lr_vehicle_colour_5_v402
228445318,m_cl_outfit_clo_hstm_o_b_0_t12_v0
228463028,packed_mp_veh_mod_idx_13_v54
228623497,m_cl_clo_x6m_u_20_11_t11_v1
228673887,f_cl_clo_stf_h_9_0_t14_v1
228675813,f_cl_clo_s2f_d_8_t11_v1
228697103,ve_marshall_t1_v23
228718655,f_cl_clo_trf_u_11_20_t11_v1
228721815,ve_zombiea_t0_v3
228777731,f_cl_clo_assf_o_6_t3_v12
229149895,vem_colour_2_mct_metallic_bison_brown_t25_v2
229203393,packed_ng_vehicle_neon_kit_v383
229239344,vem_fender_l_0_t36_v31
229261661,wp_wct_clip2_t1_v98
229262251,packed_mp_veh_mod_idx_8_v308
229305137,mp_stat_mpsv_model_336
229357512,packed_mp_veh_colour1_0_v219
229375980,packed_ng_vehicle_bpt_v165
229520102,vem_supermod_4_3_t45_v26
229590785,m_cl_clo_hst_a_5_t11_v1
229624784,packed_mp_veh_mod_var_1_v156
229684547,vem_colour_1_mct_metallic_bright_purple_t24_v3
229692734,f_cl_outfit_clo_x2f_o_1_t12_v0
229711890,packed_mp_veh_mod_idx_s_7_v124
229726572,f_cl_clo_x3f_u_1_13_t11_v1
229735545,m_cl_clo_x6m_u_20_3_t11_v1
229755833,f_cl_clo_hp_f_d_2_t11_v1
229834862,packed_mp_veh_livery_0_v263
229919032,m_ha_hair_beard18_t1_v1
230038956,vem_colour_extra_1_mct_matte_red_t24_v3
230137482,wp_wt_rifle_asl_t0_v0
230186840,packed_mp_veh_mod_idx_18_v352
230232065,m_cl_clo_iem_f_0_9_t6_v1
230285915,vem_smod4_whl_7_t19_v3
230295347,m_cl_clo_stm_h_9_11_t14_v1
230503909,vem_supermod_8_13_t49_v26
230625332,vem_colour_extra_1_mct_metallic_pink_t24_v1
230646289,packed_mp_veh_window_tint_0_v405
230804920,f_ha_clo_s2f_h_0_0_t0_v2
230830469,m_cl_clo_exm_h_0_0_t14_v1
231007904,wp_wct_tint_13_t2_v1_n2
231044903,f_cl_f_fmf_14_3_t6_v0
231047034,packed_mp_veh_mod_idx_s_13_v233
231085130,packed_mp_veh_mod_idx_s_1_v143
231112913,vem_smod5_whlv44_t66_v3
231158560,f_cl_clo_suf_u_13_2_t11_v1
231161924,f_cl_clo_h3f_u_10_9_t11_v1
231163647,vem_cmod_neoncol_8_t21_v1
231164809,f_cl_clo_fxf_u_9_16_t11_v1
231398662,packed_mp_veh_mod_idx_3_v324
231399622,packed_mp_veh_livery2_0_v203
231419557,vem_cmod_tyr_lg_t30_v37
231424808,m_cl_clo_vwm_decl_6_t100_v0
231445512,dec_vw_aw_wv_19a
231507614,ve_trash_t1_v0
231513410,m_cl_clo_h2m_b_5_9_t1_v1
231528542,f_cl_clo_arf_ph_0_22_t14_v1
231533175,packed_mp_veh_mod_idx_18_v285
231565070,packed_mp_veh_mod_idx_11_v140
231650372,vem_supermod_19_2_t60_v10
231681056,f_cl_outfit_clo_s1f_o_1_t12_v0
231715889,packed_mp_veh_mod_idx_0_v162
231805340,vem_colour_1_mct_classic_bison_brown_t24_v0
231814320,vem_bumper_r_15_t35_v0
231960561,packed_mp_veh_mod_idx_s_0_v270
232050024,f_cl_clo_vwf_pw_4_1_t14_v1
232166011,vem_colour_1_mct_classic_moss_brown_t24_v2
232203030,m_cl_clo_s2m_d_26_t100_v0
232247283,vem_smod4_whlv34_t66_v0
232327926,f_cl_clo_stf_h_9_12_t14_v1
232340479,packed_mp_veh_mod_idx_11_v371
232508446,vem_colour_5_pink_t38_v3
232533049,packed_mp_veh_mod_idx_4_v278
232567712,m_cl_clo_grm_ph_5_22_t14_v1
232596522,m_cl_outfit_clo_h3m_o_dh_13_t12_v0
232687663,packed_mp_veh_mod_idx_s_23_v282
232700671,f_cl_clo_arf_ph_0_24_t14_v1
232718741,f_cl_clo_x6f_ph_8_10_t14_v1
232810651,vem_colour_1_mct_metallic_sunrise_orange_t24_v3
232893450,m_cl_clo_busm_u_3_7_t11_v1
232986465,vem_smod2_whl18_t19_v12
233032624,packed_mp_veh_colour2_0_v82
233069860,packed_mp_veh_mod_idx_s_16_v387
233085883,vem_colour_1_mct_classic_gold_t24_v2
233089341,f_cl_clo_hp_f_d_33_t100_v0
233184980,packed_mp_veh_mod_idx_0_v368
233310772,m_ta_tat_bi_017_t0_v0
233409845,packed_mp_veh_mod_idx_s_4_v413
233462110,vem_drft_21_t19_v2
233479177,m_cl_clo_l2m_w_7_1_t14_v1
233503867,packed_lr_vehicle_colour_6_v72
233570878,wp_wm_tint6_t2_v47
233597518,packed_lr_vehicle_colour_5_v195
233619915,packed_mp_veh_mod_idx_14_v115
233621217,f_cl_clo_scf_d_25_1_t10_v1
233838334,f_ha_cc_lipstick_0_t8_v0
233925087,packed_mp_veh_livery2_0_v282
233959565,vem_livery_0_n1_t26_v4
233966635,packed_mp_veh_secondary_colour_group_v311
234084211,packed_lr_vehicle_colour_6_v269
234141062,m_cl_clo_h4m_decl_47_t100_v0
234145524,packed_mp_veh_mod_idx_1_v248
234167420,ve_cavcade2_t0_v2
234235083,packed_mp_veh_mod_idx_9_v260
234240952,f_cl_clo_smf_u_2_13_t11_v1
234242017,packed_mp_veh_mod_idx_s_19_v197
234248040,f_cl_clo_x6f_o_o_19_t3_v12
234408824,packed_mp_veh_mod_idx_18_v320
234421322,packed_mp_veh_livery_0_v229
234463232,packed_mp_veh_primary_colour_group_v6
234517882,m_cl_clo_scm_u_0_19_t11_v1
234547606,packed_mp_veh_mod_idx_10_v192
234656457,vem_cmod_neoncol_7_t21_v30
234694109,packed_mp_veh_secondary_colour_group_v213
234715639,f_cl_clo_vef_dec_47_t100_v0
234728475,packed_mp_veh_mod_idx_s_2_v17
234832219,f_cl_clo_ltsft_0_2_t3_v1
234859671,f_cl_outfit_clo_awf_o_e_4_t12_v0
234911333,vem_colour_1_mct_classic_lime_green_t24_v33
234914482,m_cl_he_fmm_18_1_t14_v0
234974591,f_cl_outfit_clo_x6f_o_o_17_t12_v0
235060915,packed_mp_veh_mod_idx_s_17_v217
235068136,packed_mp_veh_window_tint_0_v77
235112655,m_cl_f_fmm_15_2_t6_v0
235237306,ve_infernus_t0_v3
235380882,packed_mp_veh_mod_idx_9_v336
235512112,m_cl_clo_ltsmh_0_0_t14_v1
235539760,m_cl_clo_bhm_u_2_11_t11_v1
235616443,m_cl_clo_scm_f_0_15_t6_v1
235666857,m_cl_clo_hp_o_7_t3_v12
235714286,packed_mp_veh_mod_idx_4_v289
235754426,m_cl_clo_smm_ph_8_20_t14_v1
235765415,packed_mp_veh_livery_0_v385
235894481,vem_supermod_17_8_t58_v27
235916844,m_cl_clo_exm_decl_8_t11_v1
236079936,fa_upgrade_meth_staff_1_t0_v0
236206373,m_cl_clo_hstm_o_i_2_t3_v12
236273715,packed_mp_veh_mod_idx_s_19_v199
236304341,m_cl_clo_grm_ph_4_9_t14_v1
236359312,f_cl_clo_stf_h_9_3_t14_v1
236408115,packed_mp_veh_mod_idx_9_v171
236437947,f_cl_clo_fxf_u_4_12_t11_v1
236534591,f_cl_clo_hstf_o_20_t4_v12
236541415,packed_mp_veh_colour_extra1_0_v75
236547222,vem_colour_extra_1_mct_classic_bleeched_brown_t24_v1
236671057,m_cl_clo_hp_g_0_5_t14_v1
236707526,packed_mp_veh_mod_idx_s_17_v322
236798773,m_cl_clo_trm_u_5_0_t11_v1
236827669,f_cl_clo_hp_f_o_0_t3_v12
236840352,m_cl_clo_bbm_l_0_8_t4_v1
236886402,vem_colour_extra_1_mct_classic_sandy_brown_t24_v4
236990639,m_cl_clo_trm_u_16_0_t11_v1
237043016,vem_bikew_09_t19_v4
237093709,m_cl_clo_vwm_u_9_6_t11_v1
237131297,packed_mp_veh_mod_idx_11_v328
237154178,packed_mp_veh_secondary_colour_group_v58
237159493,m_cl_clo_awm_b_8_2_t1_v1
237201723,m_cl_clo_h4m_o_h2_m3_t3_v12
237208355,packed_mp_veh_livery_0_v100
237237110,f_cl_clo_x6f_ey_3_21_t14_v1
237240585,packed_mp_veh_mod_idx_3_v19
237401427,packed_mp_veh_mod_idx_s_8_v400
237422587,m_cl_clo_grm_b_0_1_t1_v1
237438226,wp_wct_c_tint_8_t2_v8_n2
237457319,pr_pm_off_var_6_t0_v0
237513778,cb_buy_1_t1_v1
237535101,packed_mp_veh_mod_idx_4_v129
237669990,vem_smod4_whlv101_t66_v2
237743501,packed_ng_vehicle_insurance_v6
237779807,packed_mp_veh_mod_idx_s_18_v255
237858988,m_cl_clo_smm_b_7_7_t1_v1
237900016,f_cl_clo_grf_u_19_10_t11_v1
238164476,vem_cmod_pla_text_t23_v7
238181136,f_ha_cc_f_hs_22_t0_v1
238310384,m_cl_clo_busm_w0_2_t14_v1
238313669,packed_mp_veh_mod_idx_10_v115
238350769,wp_wm_tint5_t2_v48
238367400,packed_mp_veh_mod_idx_5_v130
238494631,packed_mp_veh_mod_idx_14_v270
238515496,packed_mp_veh_mod_idx_22_v245
238533246,vem_bumper_f_13_t34_v27
238625151,m_cl_f_fmm_15_1_t6_v0
238661376,vem_trans_3_t16_v27
238682517,vem_colour_extra_1_mct_classic_blue_silver_t24_v0
238958751,packed_mp_veh_mod_idx_11_v4
238971817,packed_mp_veh_livery2_0_v274
239009479,packed_mp_veh_mod_idx_12_v205
239064946,packed_mp_veh_mod_idx_1_v106
239071131,packed_mp_veh_mod_idx_s_4_v119
239094099,m_cl_clo_bim_decl_45_t100_v0
239131396,m_cl_clo_h2m_f_5_17_t6_v1
239165880,vem_colour_extra_1_mct_classic_spin_purple_t24_v33
239192241,vem_supermod_22_12_t63_v28
239234718,vem_colour_extra_1_mct_classic_bright_green_t24_v3
239302882,vem_supermod_63_19_t63_v7
239354064,f_ta_tat_hp_043_t0_v0
239435646,packed_mp_veh_mod_idx_24_v236
239482470,vem_sub_heli_cm_0
239634781,vem_rwd_suv_19_t19_v2
239766551,m_cl_clo_smm_b_2_10_t1_v1
239818057,m_cl_clo_exm_eu_1611_t11_v1
239822184,vem_colour_extra_1_mct_pearlescent_light_blue_t24_v4
239885825,f_cl_clo_x6f_f_5_13_t6_v1
239919764,m_cl_clo_x6m_ey_014_t14_v1
239957165,packed_mp_veh_mod_idx_s_7_v81
239969722,f_cl_clo_bif_s_17_18_t8_v1
239999058,packed_mp_veh_mod_idx_s_2_v233
240241650,vem_colour_5_galaxy_blue_t38_v3
240394363,packed_mp_veh_mod_idx_s_19_v303
240400193,m_cl_clo_x6m_ph_0_2_t14_v1
240402850,ve_pbus2_t1_v7
240404050,f_cl_clo_fxf_ph_2_9_t14_v1
240525827,m_cl_clo_busm_s_0_8_t8_v2
240544571,f_cl_clo_busf_u_4_9_t11_v1
240797889,ve_monster_t0_v0
240805605,m_cl_clo_sbm_ph_5_11_t14_v1
240851652,vem_horn_indi_1_t10_v32
240989803,casweb_office_0_t0_v0
241002694,f_cl_outfit_clo_awf_o_b_11_t12_v0
241035559,vem_cmod_pla_4_t23_v6
241066998,m_cl_clo_iem_l_0_7_t4_v1
241071903,packed_mp_veh_mod_idx_s_10_v148
241188252,f_cl_f_fmf_13_12_t6_v0
241214888,f_cl_clo_h2f_ph_417_t14_v1
241261602,packed_mp_veh_mod_idx_18_v411
241266408,f_cl_clo_fxf_l_3_22_t4_v1
241285165,vem_supermod_21_3_t62_v3
241293793,f_cl_m_fmf_6_3_t1_v0
241459941,vem_rwd_drft_11_t19_v3
241483469,m_cl_clo_busm_f_1_11_t6_v1
241484824,packed_mp_veh_mod_idx_s_7_v252
241524232,f_cl_clo_trf_d_19_0_t10_v1
241539193,packed_mp_veh_mod_idx_14_v81
241562045,m_cl_clo_s1m_f_0_3_t6_v1
241568794,packed_mp_veh_mod_var_1_v230
241592077,wp_wm_tint4_t2_v91
241628127,wp_wct_c_tint_23_t2_v1_n2
241752699,packed_mp_veh_mod_idx_s_14_v124
241773933,f_cl_outfit_clo_hstf_o_19_t12_v0
241905272,packed_mp_veh_colour_extra2_0_v302
241951564,packed_mp_veh_mod_idx_s_14_v315
241959593,m_cl_clo_lxm_e_6_0_t14_v1
242057591,packed_ng_vehicle_bpt_v161
242093713,m_cl_clo_h2m_f_3_17_t6_v1
242166711,vem_horn_hips3_t10_v7
242168327,vem_smod3_whlv27_t66_v3
242223114,m_cl_clo_x6m_ey_012_t14_v1
242226091,packed_ng_vehicle_insurance_v391
242288793,m_cl_clo_x6m_ey_3_8_t14_v1
242443125,f_cl_clo_ltsfu_0_0_t11_v1
242468431,packed_mp_veh_mod_var_0_v374
242495537,packed_mp_veh_mod_idx_s_6_v329
242533031,packed_mp_veh_mod_idx_10_v317
242543906,f_cl_clo_x6f_f_4_5_t6_v1
242597775,m_ta_tat_bi_025_t0_v0
242682831,packed_mp_veh_plate_id_v227
242703708,vem_supermod_7_4_t48_v3
242857736,f_cl_clo_v2f_o_1_t8_v12
242913509,packed_mp_veh_mod_idx_24_v368
243009883,f_cl_clo_bbf_f_002_t6_v1
243368301,m_cl_clo_hstm_s_1_0_t8_v1
243394198,fcarcade_b_up3_c_24
243585940,packed_mp_veh_mod_idx_s_18_v229
243625420,f_cl_ht_fmf_5_1_t14_v0
243640737,packed_mp_veh_mod_idx_s_22_v27
243704153,f_cl_clo_sbf_b_10_20_t1_v1
243869854,f_cl_clo_vwf_l_2_16_t4_v1
243890649,vem_hiend_18_t19_v1
243905192,m_ta_tat_s1_013_t0_v0
244017016,vem_colour_2_mct_metallic_torino_red_t25_v3
244067338,packed_mp_veh_mod_idx_22_v367
244157564,f_cl_clo_s1f_ph_0_9_t14_v1
244232650,hangar_contraband_mission_0_t0_v0
244252410,packed_mp_veh_mod_idx_s_20_v351
244259877,packed_mp_veh_mod_idx_s_15_v214
244260570,packed_mp_veh_mod_idx_8_v258
244261891,packed_mp_veh_window_tint_0_v158
244330761,packed_mp_veh_mod_idx_4_v261
244348913,vem_colour_1_mct_metallic_salmon_pink_t24_v2
244368129,packed_mp_veh_mod_idx_s_3_v7
244525269,vem_supermod_10_7_t51_v27
244636528,f_cl_clo_sbf_decl_1_t11_v1
244665032,candc_hacker_dec_0_t0_v1
244706955,vem_supermod_9_9_t50_v10
244768060,vem_colour_extra_1_mct_metallic_cream_t24_v0
244789182,pr_pm_gnumber_4_t0_v0
245023976,f_cl_clo_awf_u_10_12_t11_v1
245035361,f_cl_f_fmf_14_2_t6_v0
245118112,f_cl_u_fmf_11_1_t11_v0
245221442,packed_mp_veh_mod_var_0_v263
245286020,packed_mp_veh_mod_var_0_v232
245294236,packed_mp_veh_mod_idx_s_0_v235
245326440,f_cl_clo_vef_dec_40_t11_v1
245341557,packed_mp_veh_mod_idx_0_v106
245469000,packed_mp_veh_mod_idx_23_v244
245481554,vem_supermod_62_0_t62_v7
245512434,vem_grill_0_t8_v39
245523969,packed_mp_veh_mod_idx_12_v345
245581393,veu_faction3_t0_v0
245635447,m_cl_clo_stm_h_1011_t14_v1
245658450,vem_rwd_musc_13_t19_v0
245671255,ve_voltic_t1_v3
245676527,vem_colour_extra_1_mct_matte_white_t24_v0
245700095,vem_supermod_3_29_t44_v7
245767434,vem_roof_2_t12_v38
245837040,packed_mp_veh_mod_idx_s_6_v287
245862706,packed_mp_veh_primary_colour_group_v104
245993596,vem_spt_20_t19_v3
246041288,packed_mp_veh_colour_extra2_0_v237
246066462,m_cl_clo_x5m_o_a_0_t3_v12
246094444,m_cl_clo_x6m_ph_1_12_t14_v1
246107201,packed_mp_veh_mod_idx_s_11_v359
246199046,m_ha_brd_hp_3_t1_v0
246263903,packed_mp_veh_mod_idx_s_6_v8
246458620,packed_lr_vehicle_colour_5_v94
246593645,m_cl_clo_l2m_o_7_t100_v0
246695461,packed_mp_veh_secondary_colour_group_v168
246702283,f_cl_clo_scf_u_0_20_t11_v1
246747651,f_cl_clo_bif_u_10_3_t11_v1
246796122,f_cl_clo_s2f_f_1_2_t6_v1
246796332,vem_colour_1_mct_matte_purple_t24_v1
246852597,packed_lr_vehicle_colour_5_v390
246881650,vem_horn_indi_1_t10_v6
246914024,vem_horn_cnote_f0_t10_v31
247152537,f_cl_clo_h4f_o_s1_f1_t8_v12
247214261,packed_mp_veh_mod_idx_s_15_v381
247230505,wp_wct_camo_3_t1_v21_n2
247283124,packed_mp_veh_mod_idx_16_v114
247285266,vem_colour_1_mct_metallic_orange_t24_v0
247313502,packed_mp_veh_window_tint_0_v21
247365273,f_cl_clo_bhf_decl_42_t100_v0
247387950,packed_mp_veh_colour_extra1_0_v77
247527170,vem_trans_2_t16_v32
247621437,f_cl_clo_sbf_u_17_20_t11_v1
247658685,vem_smod_whlv191_t66_v3
247712716,packed_mp_veh_mod_idx_5_v310
247831963,vem_insurance_lguard
247845572,packed_mp_veh_mod_idx_0_v45
247859197,packed_mp_veh_mod_idx_5_v57
247960101,m_cl_clo_bhm_u_6_0_t11_v1
247969946,f_cl_clo_hp_f_d_30_t100_v0
247973309,packed_mp_veh_livery2_0_v147
247973834,packed_mp_veh_mod_idx_s_3_v342
247992227,service_earn_agency_payphone_hit
248027897,packed_mp_veh_mod_idx_s_10_v214
248094275,ve_nokota_t0_v33
248167518,f_cl_clo_x6f_u_26_5_t11_v1
248244828,packed_mp_veh_livery_0_v193
248285242,dec_vw_aw_ss_11
248298567,m_ta_tat_x6_030_t0_v0
248394723,m_cl_clo_grm_b_0_7_t1_v1
248472950,packed_mp_veh_plate_id_v170
248576054,vem_cmod_whe_0_t19_v33
248844784,packed_mp_veh_mod_idx_4_v336
248852221,vem_horn_cnote_g0_t10_v2
248859622,packed_mp_veh_mod_idx_23_v140
248950927,f_cl_clo_h2f_u_7_7_t11_v1
249034909,packed_mp_veh_mod_idx_s_13_v313
249208497,m_cl_outfit_clo_iem_o_3_t12_v0_cesp
249223499,m_cl_clo_smm_u_3_0_t11_v1
249236132,f_cl_clo_val_decl_t_t100_v0
249257051,packed_mp_veh_mod_idx_s_4_v266
249262173,m_cl_clo_grm_ph_5_8_t14_v1
249309230,vem_fender_l_4_t36_v0
249310441,packed_mp_veh_mod_idx_15_v238
249547809,vem_smod2_whlv61_t66_v3
249551907,packed_ng_vehicle_insurance_v408
249557139,packed_mp_veh_mod_idx_16_v332
249593304,packed_mp_veh_mod_idx_2_v157
249663842,vem_hood_8_t9_v35
249760367,packed_mp_veh_mod_idx_s_21_v221
249802033,vem_spoiler_13_t14_v3
249889104,vem_colour_1_mct_metallic_moss_brown_t24_v0
249891720,packed_lr_vehicle_colour_6_v151
249898321,packed_mp_veh_mod_idx_s_15_v282
249916345,packed_mp_veh_mod_idx_7_v107
249950813,wp_wt_pistolxm3_t0_v0
250076091,ve_jugular_t1_v3
250163933,packed_mp_veh_mod_idx_11_v221
250166108,f_ha_cc_eyebrw_25_t2_v1
250191407,vem_supermod_0_0_t41_v10
250299919,packed_mp_veh_secondary_colour_group_v179
250311759,packed_mp_veh_livery2_0_v66
250361977,packed_mp_veh_mod_idx_16_v255
250373463,f_cl_clo_scf_ey_1_8_t14_v1
250383148,wp_fw_tint9_t6_v1
250444194,wp_wct_camo_1_t1_v56_n2
250472891,vem_colour_extra_1_mct_chrome_chrome_t24_v3
250660705,vem_smod5_whlv59_t66_v3
250677298,f_cl_clo_fxf_l_1_18_t4_v1
250723956,f_cl_clo_fxf_pe_4_6_t14_v1
250736056,packed_mp_veh_livery2_0_v43
250767546,vem_insurance_bmx
250783608,vem_smod4_whlv132_t66_v1
250791396,m_cl_clo_grm_u_9_2_t11_v1
250802408,f_cl_clo_h4f_decl_5_t100_v0
250841572,m_cl_l_fmm_12_12_t4_v0
250855788,f_cl_clo_awf_decl_16_t100_v0
251055841,vem_armour_5_t1_v3
251183922,packed_mp_veh_secondary_colour_group_v139
251209787,vem_supermod_7_12_t48_v6
251275693,dec_vw_aw_wh_28
251301727,f_cl_u_fmf_11_15_t11_v0
251451970,vem_rwd_loride_12_t19_v2
251462117,packed_mp_veh_mod_idx_s_22_v127
251555486,f_cl_clo_scf_ey_4_2_t14_v1
251583847,f_cl_clo_hp_f_d_0_t8_v1
251586841,f_cl_clo_grf_b_0_11_t1_v1
251605131,vem_drft_20_t19_v1
251697641,f_cl_clo_h3f_o_sl_25_t3_v12
251769334,f_cl_clo_smf_ph_2_7_t14_v1
251770579,dec_vw_aw_wv_46b
251828535,vem_supermod_23_7_t64_v33
251869335,wp_wct_tint_15_t2_v1_n2
252014140,m_ha_clo_grm_h_0_0_t0_v0
252112720,f_cl_clo_trf_u_11_3_t11_v1
252120455,vem_rwd_suv_15_t19_v0
252158366,packed_mp_veh_wheel_type_0_v100
252322279,m_ta_tat_x2_008_t0_v0
252419450,m_cl_clo_vwm_d_1_1_t10_v1
252420376,packed_mp_veh_mod_idx_s_16_v93
252470412,packed_mp_veh_mod_idx_18_v331
252513038,packed_mp_veh_mod_idx_0_v5
252534491,vem_smod4_whlv133_t66_v2
252555786,f_cl_clo_stf_o_e_6_t3_v12
252577895,m_cl_clo_hstm_o_l_2_t3_v12
252589008,m_cl_outfit_clo_h3m_o_clb_4_t12_v0
252627620,vem_colour_1_mct_classic_sienna_brown_t24_v4
252668513,vem_suv_19_t19_v2
252709103,m_cl_clo_l2m_dec_22_t100_v0
252714824,packed_mp_veh_mod_idx_s_2_v48
252810766,vem_colour_extra_1_mct_matte_matte_dirt_t24_v1
252887526,vem_fender_r_7_t37_v36
252895763,packed_mp_veh_mod_idx_s_1_v309
252948252,vem_colour_2_mct_metals_br_aluminium_t25_v4
252962451,wp_wct_c_tint_22_t2_v46_n2
252997310,m_cl_clo_hst_b_2_0_t1_v1
253004826,m_cl_clo_exm_au_9_2_t11_v1
253058864,packed_mp_veh_mod_idx_s_14_v135
253098163,f_cl_clo_s2f_u_4_13_t11_v1
253116701,packed_mp_veh_secondary_colour_group_v194
253150816,packed_ng_vehicle_smoke_v278
253179312,vem_smod2_whlv4_t66_v3
253202937,vem_engine_4_t5_v4
253250426,m_cl_clo_bim_ph_12_7_t14_v1
253316329,packed_mp_veh_mod_idx_1_v213
253337995,packed_mp_veh_mod_idx_s_7_v159
253355220,f_ta_tat_bi_034_t0_v0_cesp
253370517,f_ta_tat_gr_020_t0_v0
253390671,packed_mp_veh_mod_idx_12_v70
253435552,f_cl_clo_fxf_pe_3_3_t14_v1
253558383,f_ta_tat_h3_040_t0_v0
253560717,wh_index_4_t0_v0
253576359,vem_smod5_whlv18_t66_v0
253763164,vem_supermod_18_3_n1_t59_v38
253877283,f_cl_clo_fxf_ph_4_6_t14_v1
253887021,vem_smod3_whlv7_t66_v3
253908467,packed_mp_veh_mod_idx_6_v269
254032433,packed_ng_vehicle_insurance_v251
254083929,f_cl_clo_v2f_u_5_0_t11_v1
254267004,m_cl_clo_s1m_dec_24_t11_v1
254278576,packed_mp_veh_mod_idx_10_v256
254355304,f_cl_clo_h2f_f_5_20_t6_v1
254355516,m_cl_clo_trm_f_1_3_t6_v1
254364500,packed_mp_veh_mod_idx_s_21_v388
254403108,ve_prototipo_t0_v3
254405361,packed_mp_veh_mod_idx_s_14_v199
254411367,m_cl_clo_sbm_u_15_2_t11_v1
254469414,f_cl_clo_x6f_ph_2_19_t14_v1
254480396,packed_ng_vehicle_bpt_v323
254559895,vem_smod4_whlv161_t66_v2
254560194,packed_mp_veh_livery2_0_v130
254780571,ve_firetruk_t1_v3
255079966,m_cl_clo_bhm_u_16_14_t11_v1
255119397,packed_mp_veh_mod_idx_s_1_v276
255132465,packed_mp_veh_mod_idx_s_13_v248
255205589,packed_mp_veh_mod_var_1_v31
255310347,mp_stat_factorysetup5_v0
255320950,wp_wct_tint_30_t2_v9_n2
255421794,m_cl_clo_indm_g_0_0_t14_v1
255445853,vem_fender_l_5_t36_v26
255470124,packed_mp_veh_mod_idx_13_v84
255554578,m_ta_tat_gr_010_t0_v0
255592032,vem_engine_3_t5_v34
255624481,packed_mp_veh_mod_idx_s_13_v17
255722143,vem_smod2_whlv27_t66_v3
255733434,f_cl_clo_h2f_b_9_14_t1_v1
255765975,m_cl_clo_bhm_b_0_11_t1_v1
255802042,packed_mp_veh_mod_var_0_v335
255811496,vem_smod_whlv217_t66_v0
255882555,packed_mp_veh_plate_id_v403
255928409,packed_mp_veh_wheel_type_0_v344
255933615,packed_mp_veh_mod_idx_16_v280
255963520,f_cl_clo_vwf_f_1_10_t6_v1
256102649,m_cl_g_fmm_15_4_t14_v0
256103280,vem_cmod_hrn_cop_t10_v30
256114272,f_cl_clo_hst_f_a_4_t8_v1
256180173,f_cl_outfit_clo_arf_o_29_t12_v0
256227385,m_cl_clo_bim_u_4_0_t11_v1
256401345,f_cl_outfit_clo_smf_o_9_t12_v0
256434019,m_cl_clo_x17m_o_m_1_t3_v12
256446107,f_cl_clo_vwf_pw_9_0_t14_v1
256502550,vem_smod_whlv118_t66_v3
256627722,packed_mp_veh_wheel_type_0_v144
256669134,vem_exhaust_0_t6_v11
256866568,packed_mp_veh_mod_idx_s_11_v120
256924216,packed_mp_veh_mod_idx_s_4_v141
256925628,f_cl_clo_awf_l_1_6_t4_v1
256964082,packed_mp_veh_plate_id_v322
256991201,m_cl_m_fmm_4_0_t1_v0
257122635,packed_mp_veh_mod_idx_18_v169
257181207,vem_chassis_15_t4_v35
257184930,m_cl_clo_sbm_ph_5_16_t14_v1
257291186,vem_bumper_f_9_t34_v27
257395188,packed_mp_veh_mod_idx_12_v282
257467840,m_cl_clo_halm_7_2_t1_v1
257555366,vem_supermod_0_0_t41_v7
257608258,packed_ng_vehicle_neon_v27
257694711,f_cl_clo_vwf_b_11_3_t1_v1
257730223,packed_mp_veh_mod_idx_s_18_v28
257785585,vem_supermod_7_11_t48_v3
257788989,f_cl_clo_bif_l_0_2_t4_v1
257884564,packed_mp_veh_mod_idx_s_23_v301
257914204,packed_mp_veh_mod_idx_s_18_v162
257955574,m_ta_tat_h27_004_t0_v0
257959864,vem_colour_extra_1_mct_pearlescent_cast_iron_sil_t24_v2
257961692,f_cl_clo_grf_f_1_3_t6_v1
257974693,f_cl_clo_scf_u_4_1_t11_v1
258013835,packed_mp_veh_mod_idx_s_4_v314
258217770,packed_mp_veh_mod_idx_s_1_v177
258217884,f_cl_clo_stf_o_2_t11_v12_cesp
258286032,vem_rwd_spt_14_t19_v1
258444002,packed_lr_vehicle_colour_6_v205
258558578,vem_colour_1_mct_classic_bronze_t24_v4
258576946,vem_supermod_49_9_t49_v7
258669749,packed_mp_veh_mod_idx_2_v385
258672077,packed_mp_veh_mod_idx_s_2_v406
258724321,m_cl_clo_h4m_ph_0_10_t14_v1
258733845,f_cl_clo_smf_ph_8_11_t14_v1
258896013,m_cl_clo_x6m_ey_3_14_t14_v1
258897753,m_cl_clo_bhm_b_0_9_t1_v1
258915906,dec_vw_aw_mt_10b
258940470,vem_supermod_56_19_t56_v7
258979601,f_ta_tat_l2_018_t0_v0
259031338,packed_mp_veh_mod_idx_12_v203
259033711,packed_mp_veh_mod_idx_s_23_v383
259163617,vem_supermod_6_11_t47_v27
259227413,vem_supermod_7_11_t48_v7
259494415,packed_mp_veh_mod_idx_s_11_v281
259559355,vem_colour_1_mct_metallic_beechwood_brown_t24_v2
259596155,packed_mp_veh_mod_idx_3_v4
259617189,f_cl_clo_jaf_o_1_t8_v12
259706707,f_cl_clo_h2f_f_5_21_t6_v1
259708717,f_cl_clo_lxf_dec_12_t100_v0
259814460,vem_rwd_spt_03_t19_v1
260018702,vem_colour_2_mct_metallic_sandy_brown_t25_v2
260099434,f_cl_clo_fxf_l_5_2_t4_v1
260179462,wp_wct_tint_25_t2_v13_n2
260255306,vem_smod3_whlv125_t66_v3
260335302,packed_mp_veh_mod_idx_s_0_v414
260354415,packed_lr_vehicle_colour_5_v169
260406926,packed_mp_veh_window_tint_0_v327
260486290,m_cl_clo_x6m_o_o_10_t3_v12
260535189,vem_smod4_whlv23_t66_v1
260643227,f_cl_g_fmf_3_0_t14_v0
260778019,packed_mp_veh_mod_idx_s_21_v314
260804890,f_cl_clo_awf_decl_123_t100_v0
260835244,vem_livery2_0_t39_v1
260842235,f_cl_clo_scf_u_55_10_t11_v1
260871219,m_cl_u_fmm_13_2_t8_v0
260927982,f_cl_clo_s1f_ph_1_5_t14_v1
261017266,packed_mp_veh_mod_idx_5_v329
261109590,vem_supermod_63_21_t63_v7
261208277,packed_mp_veh_mod_idx_0_v175
261218737,f_cl_clo_bhf_l_4_5_t4_v1
261260359,packed_mp_veh_wheel_type_0_v75
261326348,m_cl_clo_l2m_u_6_7_t11_v1
261345989,vem_supermod_9_6_t50_v28
261460130,service_earn_casino_award_high_roller_gold
261479777,f_cl_clo_h2f_o_g_5_t8_v12
261492731,m_cl_clo_x6m_f_14_0_t6_v1
261495333,packed_mp_veh_mod_idx_s_9_v285
261525266,packed_mp_veh_plate_id_v211
261600348,m_cl_clo_vwm_pw_2_8_t14_v1
261636913,m_cl_clo_iem_b_9_1_t1_v1
261786049,vem_colour_2_mct_classic_saxon_blue_t25_v0
261893501,packed_mp_veh_mod_idx_4_v299
261902862,packed_mp_veh_mod_idx_s_14_v149
261922559,m_cl_clo_h2m_u_6_25_t11_v1
261998494,packed_mp_veh_plate_id_v156
262041008,vem_rwd_spt_05_t19_v0
262121778,packed_mp_veh_mod_idx_9_v299
262144058,pr_mp_prop_25_t0_v0
262168373,vem_cmod_col5_18_t29_v1
262187700,packed_mp_veh_mod_idx_9_v398
262232882,packed_mp_veh_mod_idx_14_v377
262267537,f_cl_ht_fmf_4_3_t14_v0
262336169,m_cl_clo_h3m_decl_1_t100_v0
262368866,vem_truck_slot_8_mod_4_t0_v0
262431665,packed_mp_veh_colour_extra1_0_v58
262451930,m_cl_outfit_clo_h2m_o_s_14_t12_v0
262457796,m_cl_clo_sum_u_3_3_t11_v1
262487127,packed_mp_veh_mod_idx_16_v270
262524986,packed_mp_veh_mod_idx_23_v399
262567130,pr_pm_modshop_18_t88_v0
262601488,f_cl_outfit_clo_h3f_o_sl_26_t12_v0
262646925,vem_supermod_13_0_t54_v33
262843048,mp_stat_mpsv_model_237
262979813,packed_mp_veh_mod_idx_s_13_v289
263127154,ve_rapidgt2_t0_v3
263138475,vem_colour_1_mct_matte_grey_t24_v4
263237027,packed_mp_veh_mod_idx_s_16_v238
263251346,m_ta_tat_lx_024_t0_v0
263358782,vem_rwd_musc_06_t19_v3
263432620,packed_mp_veh_colour_extra2_0_v40
263464888,vem_smod4_whlv170_t66_v1
263530373,vem_colour_extra_1_mct_metallic_racing_green_t24_v33
263556089,m_ha_cc_m_hs_3_t0_v0
263581268,packed_mp_veh_window_tint_0_v267
263613102,packed_mp_veh_mod_idx_s_15_v15
263775942,packed_mp_veh_colour1_0_v332
263808217,packed_mp_veh_mod_idx_s_8_v354
263935656,vem_smod_whlv70_t66_v0
264011611,m_cl_clo_grm_u_3_5_t11_v1
264118436,packed_mp_veh_mod_idx_s_2_v45
264270241,packed_mp_veh_mod_idx_s_1_v224
264342818,vem_supermod_48_18_t48_v7
264353186,vem_smod_whlv8_t66_v3
264453451,vem_rwd_musc_08_t19_v2
264456313,vem_skirt_23_t13_v3
264514588,m_cl_clo_s1m_o_7_t3_v12
264533916,packed_mp_veh_mod_idx_s_21_v188
264563732,m_cl_clo_fxm_pe_2_3_t14_v1
264772325,m_cl_clo_arm_o_5_t3_v12
264822833,packed_mp_veh_mod_idx_s_10_v289
264839235,vem_colour_1_mct_metallic_bright_orange_t24_v33
264897923,f_cl_clo_grf_u_0_19_t11_v1
264902491,vem_smod2_whlv76_t66_v3
264991429,f_ta_tat_ie_008_t0_v0
265086418,m_cl_clo_trm_u_6_7_t11_v1
265157932,packed_mp_veh_mod_idx_1_v307
265170845,m_cl_clo_stm_h_9_13_t14_v1
265210299,packed_mp_veh_mod_idx_s_17_v285
265268199,packed_lr_vehicle_colour_5_v372
265288351,packed_mp_veh_mod_idx_2_v394
265302378,packed_mp_veh_mod_idx_3_v201
265362176,vem_yacht_col_4_v0
265389560,f_cl_clo_bhf_decl_38_t11_v1
265394693,vem_supermod_3_22_t44_v6
265483944,m_cl_clo_vwm_b_6_0_t1_v1
265665047,vem_colour_1_mct_metallic_flur_yellow_t24_v2
265707223,packed_mp_veh_colour_extra2_0_v140
265786085,m_cl_u_fmm_14_12_t11_v0
265811301,f_cl_outfit_o_fmf_b5_t12_v0
265846494,vem_supermod_52_15_t52_v7
265912696,packed_mp_veh_mod_idx_s_12_v321
265940241,wp_wm_tint6_t2_v63
266008564,packed_mp_veh_mod_idx_s_7_v357
266043900,packed_mp_veh_mod_idx_12_v209
266070304,packed_mp_veh_colour1_0_v350
266096234,packed_mp_veh_mod_idx_s_17_v244
266156111,wp_wct_tint_21_t2_v5_n2
266207369,packed_mp_veh_mod_idx_s_12_v331
266322834,packed_mp_veh_mod_idx_s_7_v248
266334367,packed_mp_veh_mod_idx_s_4_v137
266391715,packed_lr_vehicle_colour_5_v131
266421695,wp_wct_tint_13_t2_v8_n2
266454641,packed_mp_veh_livery2_0_v190
266517169,vem_supermod_9_4_t50_v3
266561856,f_cl_clo_h3f_u_2_3_t11_v1
266583674,packed_lr_vehicle_colour_5_v219
266617105,f_cl_clo_h4f_pey_2_7_t14_v1
266628884,packed_mp_veh_mod_idx_2_v344
266637670,vem_horn_cnote_c0_t10_v0
266736673,f_cl_clo_vwf_f_1_3_t6_v1
266778077,veu_sabregt2_t0_v0
266804234,packed_mp_veh_colour_extra1_0_v224
266810888,packed_mp_veh_mod_idx_s_6_v222
266892041,packed_mp_veh_mod_var_1_v405
266895983,fa_upgrade_weapons_range_1_t0_v1
267251540,packed_mp_veh_mod_idx_12_v326
267274766,packed_mp_veh_secondary_colour_group_v410
267361637,packed_mp_veh_mod_idx_23_v20
267446859,packed_mp_veh_mod_idx_7_v278
267453599,f_cl_outfit_clo_h3f_o_sh_33_t12_v0
267607275,wp_wct_camo_8_t1_v5_n2
267609107,packed_lr_vehicle_colour_5_v8
267612433,packed_mp_veh_plate_id_v410
267654163,f_cl_clo_x6f_ph_10_5_t14_v1
267685684,vem_supermod_3_0_t44_v10
267777958,ve_tahoma_t0_v3
267807032,m_cl_outfit_clo_awm_o_f_0_t12_v0
267840009,packed_mp_veh_mod_idx_11_v131
267877355,f_cl_clo_awf_ph_2_1_t14_v1
267916109,vem_fender_l_6_t36_v35
267951267,packed_mp_veh_mod_idx_14_v14
268286793,f_cl_clo_grf_l_3_11_t4_v1
268289388,m_ta_tat_h4_010_t0_v0
268357523,vem_bumper_r_12_t35_v1
268383666,vem_colour_5_cabernet_red_t38_v0
268444831,f_cl_clo_awf_b_2_14_t1_v1
268585899,m_cl_clo_hstm_o_21_t11_v12
268605140,packed_mp_veh_mod_idx_s_20_v235
268674417,packed_ng_vehicle_bpt_v345
268879368,wp_wct_c_tint_8_t2_v5_n2
268895361,f_ha_clo_s1f_h_0_0_t0_v1
268924934,service_spend_business
268974388,packed_mp_veh_mod_idx_8_v220
269068237,packed_mp_veh_colour_extra2_0_v376
269080133,wp_wct_c_tint_27_t2_v47_n2
269088657,packed_mp_veh_mod_idx_s_0_v28
269109237,packed_mp_veh_mod_idx_s_0_v192
269179391,packed_mp_veh_mod_idx_s_14_v17
269185514,packed_mp_veh_mod_idx_s_8_v296
269247901,vem_smod2_whlv193_t66_v3
269296490,packed_mp_veh_primary_colour_group_v285
269308412,fa_upgrade_weapons_range_2_t0_v0
269324463,f_cl_clo_ief_b_1_1_t1_v1
269329655,packed_mp_veh_mod_idx_8_v285
269448953,packed_mp_veh_mod_idx_4_v353
269499875,f_cl_clo_bif_decl_11_t11_v1
269649804,m_cl_clo_busm_g0_4_t14_v1
269671534,m_cl_clo_smm_b_6_9_t1_v1
269789950,f_cl_clo_fxf_ph_1_20_t14_v1
269801857,packed_mp_veh_mod_idx_s_4_v164
269836068,m_cl_ht_fmm_15_7_t14_v0
269870604,vem_hood_13_t9_v27
269922064,packed_mp_veh_mod_idx_s_6_v159
269939170,packed_mp_veh_livery2_0_v32
269939597,mp_stat_mpsv_model_302
270001494,vem_fender_r_4_t37_v27
270034985,packed_mp_veh_mod_idx_10_v149
270112823,packed_mp_veh_mod_idx_s_7_v179
270234590,f_cl_clo_bif_decl_7_t11_v1
270291834,m_cl_clo_hilf_l_1_0_t4_v1
270349476,packed_mp_veh_mod_idx_16_v134
270372718,m_cl_clo_bhm_u_1_8_t11_v1
270373707,packed_mp_veh_mod_idx_5_v388
270442389,vem_supermod_4_1_t45_v7
270555482,vem_horn_indi_3_t10_v10
270582721,f_cl_u_fmf_14_1_t11_v0
270584768,packed_mp_veh_plate_id_v101
270624675,f_cl_l_fmf_11_4_t4_v0
270682971,packed_mp_veh_mod_idx_s_19_v390
270691288,m_cl_clo_fxm_ph_2_0_t14_v1
270797832,vem_horn_clas6_t10_v2
270837719,packed_mp_veh_mod_idx_s_18_v31
270922795,vem_supermod_23_35_n1_t64_v33
270982463,m_cl_clo_busm_s_1_12_t8_v1
270993064,m_cl_clo_x6m_f_4_9_t6_v1
271003802,m_ta_tat_h4_002_t0_v0
271208613,f_cl_outfit_clo_x17f_o_m_4_t12_v0
271302679,vem_insurance_deity
271407578,packed_mp_veh_mod_idx_s_1_v287
271412590,vem_rwd_drft_02_t19_v3
271471334,m_cl_clo_busm_s_1_5_t8_v1
271540440,vem_smod2_whlv149_t66_v3
271661440,f_cl_clo_ief_u_7_20_t11_v1
271711207,veu_peyote3_t0_v0
271713880,packed_mp_veh_livery_0_v277
271825443,packed_mp_veh_mod_idx_1_v367
271888195,m_cl_clo_bhm_u_2_7_t11_v1
271919797,m_cl_clo_hstm_b_4_0_t1_v1
272004044,f_cl_clo_sbf_u_22_3_t11_v1
272061257,packed_mp_veh_mod_idx_s_2_v120
272209184,packed_lr_vehicle_colour_6_v316
272277794,packed_mp_veh_mod_idx_s_12_v101
272313292,f_cl_clo_stf_h_1014_t14_v1
272327484,m_cl_clo_x4m_u_13_5_t11_v1
272367720,f_cl_clo_scf_ey_0_5_t14_v1
272444371,vem_supermod_2_0_n1_t43_v3
272524684,vem_cmod_tyr_10_t18_v27
272550906,vem_cmod_neonlay_6_t21_v6
272560195,arc_mac_guns_t0_v0
272587092,packed_ng_vehicle_smoke_v195
272714248,vem_cmod_neonlay_0_t21_v32
272727341,f_cl_clo_suf_u_3_0_t11_v1
272836297,packed_mp_veh_mod_idx_s_12_v66
272839543,m_cl_clo_awm_u_1_12_t11_v1
272872154,m_cl_clo_h2m_ph_416_t14_v1
272902627,vem_exhaust_5_t6_v0
272931168,f_cl_clo_grf_u_24_4_t11_v1
272971868,wp_wct_supp_t1_v55
272992306,packed_mp_veh_secondary_colour_group_v365
273058746,vem_cmod_exp_0_t20_v0
273066659,f_cl_clo_suf_u_12_2_t11_v1
273358022,f_cl_clo_bhf_u_10_4_t11_v1
273422471,vem_supermod_15_9_n1_t56_v3
273562950,m_cl_clo_vwm_f_1_1_t6_v1
273597452,m_cl_clo_bhm_u_3_0_t11_v1
273667241,wp_wct_c_tint_6_t2_v46_n2
273712447,wp_wct_tint_10_t2_v21_n2
273763925,f_cl_outfit_clo_h3f_o_sh_15_t12_v0
273803309,packed_mp_veh_mod_idx_13_v149
273805131,wp_wm_tint5_t2_v21
273868291,f_cl_clo_x17f_b_6_0_t1_v1
273912747,packed_mp_veh_mod_idx_13_v26
274031128,packed_mp_veh_mod_idx_1_v412
274118118,m_cl_outfit_clo_h4m_o_h1_m4_t12_v0
274151735,packed_ng_vehicle_insurance_v262
274158190,f_cl_clo_scf_u_0_14_t11_v1
274215136,vem_supermod_2_6_n1_t43_v38
274243895,packed_ng_vehicle_smoke_v130
274384726,m_cl_clo_hp_d_14_t8_v2
274505666,vem_hiend_15_t19_v2
274512565,vem_smod4_whlv97_t66_v1
274546213,mp_stat_clbhos_wall_v0
274625644,f_cl_u_fmf_14_0_t11_v0
274647612,packed_ng_vehicle_smoke_v268
274661745,f_cl_clo_x4f_u_12_4_t11_v1
274761883,f_cl_clo_x4f_u_13_4_t11_v1
274909876,vem_smod5_whl_1_t19_v3
274946903,hangar_mod_lighting_3_t0_v0
274953350,packed_mp_veh_mod_idx_2_v309
274974701,packed_mp_veh_mod_idx_s_9_v134
274988345,f_cl_clo_bhf_f_1_23_t6_v1
275050383,packed_mp_veh_mod_idx_7_v230
275141773,packed_mp_veh_mod_idx_11_v363
275148061,packed_mp_veh_livery2_0_v19
275159689,f_cl_clo_ltsfb_0_2_t1_v1
275188416,packed_mp_veh_mod_idx_7_v182
275262488,f_cl_clo_bus_p_0_9_t14_v1
275281355,packed_mp_veh_mod_idx_s_7_v56
275386858,vem_supermod_61_2_t61_v7
275416388,m_cl_clo_bim_pe_0_5_t14_v1
275503560,m_cl_clo_x6m_f_3_5_t6_v1
275505473,vem_colour_1_mct_metallic_garnet_red_t24_v4
275529148,m_cl_clo_hstmb_14_2_t1_v1
275540531,vem_suspension_0_t15_v28
275621407,m_cl_clo_hstmb_14_13_t1_v1
275679847,vem_smod_whlv40_t66_v0
275739731,f_cl_clo_vwf_u_21_2_t11_v1
275762615,vem_colour_1_mct_classic_cast_iron_sil_t24_v3
275781210,packed_mp_veh_mod_idx_s_1_v27
275783462,m_cl_clo_bim_ht_8_3_t14_v1
275843772,packed_mp_veh_mod_idx_6_v91
275900517,packed_mp_veh_mod_idx_s_6_v188
275935999,vem_spoiler_12_t14_v26
276020429,vem_fender_l_7_t36_v26
276063005,packed_mp_veh_mod_idx_24_v74
276132199,m_ta_tat_st_016_t0_v0
276154830,wp_wct_clip1_t1_v73
276211469,veu_monstrociti_t0_v0
276218849,packed_ng_vehicle_insurance_v329
276221118,m_cl_clo_grm_u_14_12_t11_v1
276238286,m_cl_clo_hp_f_1_9_t6_v1
276257848,f_cl_clo_s2f_o_3_t8_v12
276265529,f_cl_clo_l2f_g_0_1_t14_v1
276402747,vem_colour_1_mct_matte_dark_red_t24_v2
276433189,packed_mp_veh_mod_idx_s_11_v166
276536079,packed_mp_veh_colour_extra1_0_v156
276558255,m_cl_clo_iem_b_6_4_t1_v1
276612600,f_cl_clo_scf_l_1_0_t4_v1
276643764,vem_supermod_7_8_t48_v6
276689424,m_cl_clo_v2m_l_1_2_t4_v1
276694639,f_ta_tat_sb_028_t0_v0
276769105,packed_mp_veh_mod_idx_s_12_v20
276769232,f_ta_tat_h3_032_t0_v0
276774427,packed_mp_veh_livery_0_v10
276783893,packed_mp_veh_colour_extra2_0_v177
276900025,packed_mp_veh_mod_idx_s_17_v189
277006918,vem_grill_4_t8_v7
277152366,f_cl_clo_h3f_u_10_12_t11_v1
277285877,m_cl_clo_x6m_rw_2_3_t14_v1
277407342,vem_insurance_rhinehart
277419614,packed_mp_veh_mod_idx_s_5_v411
277456893,m_cl_clo_hilf_u_3_2_t11_v1
277460368,packed_mp_veh_primary_colour_group_v43
277472972,vem_supermod_15_9_t56_v38
277501391,f_cl_clo_stf_h_1017_t14_v1
277520471,m_cl_clo_bim_u_27_3_t11_v1
277529528,packed_mp_veh_mod_idx_s_18_v242
277573134,packed_mp_veh_mod_idx_s_8_v249
277581729,vem_colour_1_mct_matte_matte_foil_t24_v2
277599429,packed_lr_vehicle_colour_5_v115
277646032,m_cl_clo_bhm_decl_30_t11_v1
277665518,service_spend_arrest_bail
277750727,packed_mp_veh_mod_idx_3_v195
277787179,vem_colour_1_mct_classic_diamond_blue_t24_v4
277959105,packed_mp_veh_mod_idx_s_19_v380
277966954,packed_mp_veh_mod_idx_s_11_v26
277969086,f_cl_u_fmf_0_13_t11_v0
278000635,f_cl_clo_sbf_f_2_0_t6_v1
278049667,packed_mp_veh_mod_idx_s_18_v55
278093406,packed_mp_veh_mod_idx_15_v317
278157555,vem_supermod_16_10_t57_v6
278212573,packed_mp_veh_mod_idx_s_15_v178
278221982,f_cl_u_fmf_12_9_t8_v2
278327362,f_cl_clo_awf_u_9_10_t11_v1
278477287,f_cl_clo_smf_b_5_6_t1_v1
278563113,m_cl_clo_grm_b_2_3_t1_v1
278642429,m_ta_tat_gr_008_t0_v0
278961408,vem_rwd_spt_08_t19_v12
279094378,packed_mp_veh_mod_idx_4_v163
279175551,packed_mp_veh_mod_idx_13_v356
279189078,packed_mp_veh_mod_idx_11_v273
279217780,m_cl_clo_smm_u_8_0_t11_v1
279234469,packed_mp_veh_mod_idx_15_v411
279239293,f_cl_clo_bif_u_12_2_t11_v1
279391269,packed_mp_veh_mod_idx_s_12_v230
279472466,vem_colour_2_mct_metallic_salmon_pink_t25_v2
279475162,packed_mp_veh_mod_idx_s_0_v17
279622123,m_cl_he_fmm_18_5_t14_v1
279641124,m_cl_u_fmm_14_7_t8_v1
279690326,vem_colour_extra_1_mct_metals_gold_p_t24_v3
279715182,m_cl_clo_v2m_o_3_t3_v12
279906346,vem_smod4_whlv99_t66_v0
279917263,wp_wct_tint_19_t2_v8_n2
279948121,f_cl_clo_s2f_u_6_9_t11_v1
279979837,vem_colour_mct_none_124
280025872,f_cl_clo_half_12_0_t1_v1
280071644,f_cl_clo_hstfb_22_14_t1_v1
280203203,f_cl_clo_valf_l_0_3_t4_v1
280209760,packed_mp_veh_colour_extra2_0_v63
280214159,ve_dominator5_t0_v38
280253244,packed_mp_veh_mod_idx_s_19_v245
280383929,vem_colour_extra_1_mct_classic_bright_orange_t24_v4
280475446,packed_mp_veh_mod_idx_23_v337
280483833,vem_colour_extra_1_mct_pearlescent_saxon_blue_t24_v3
280486679,m_cl_outfit_clo_arm_o_10_t12_v0
280560598,packed_mp_veh_mod_idx_s_12_v168
280614194,vem_suspension_0_t15_v32
280629394,packed_ng_vehicle_bpt_v303
280631920,m_cl_clo_sbm_l_2_0_t4_v1
280643525,m_cl_clo_smm_b_7_18_t1_v1
280651099,wp_wct_c_tint_12_t2_v13_n2
280752935,packed_mp_veh_mod_idx_16_v381
280891269,hangar_mod_savebed_0_t0_v0
280953719,packed_mp_veh_mod_idx_s_23_v165
281000252,vem_truck_slot_5_mod_3_t0_v0
281016029,vem_hiend_04_t19_v0
281143537,packed_lr_vehicle_colour_5_v172
281264009,f_cl_clo_fxf_ph_2_0_t14_v1
281339521,packed_mp_veh_mod_idx_s_16_v355
281443166,packed_mp_veh_mod_idx_22_v294
281472386,vem_trans_1_t16_v38
281554990,packed_mp_veh_mod_idx_3_v253
281651659,f_cl_clo_l2f_dec_7_t100_v0
281658004,m_cl_clo_fxm_l_3_5_t4_v1
281715289,vem_truck_slot_8_mod_2_t0_v0
281770257,m_cl_clo_arm_u_3_6_t11_v1
281771836,m_cl_clo_x6m_u_0_20_t11_v1
281798833,m_cl_clo_x6m_u_26_12_t11_v1
281847128,packed_mp_veh_mod_idx_s_5_v383
281858110,f_ta_tat_sb_052_t0_v0
281909006,m_cl_clo_awm_l_5_10_t4_v1
281917809,packed_mp_veh_mod_idx_0_v155
281939473,f_cl_clo_smf_b_1_8_t1_v1
281941976,m_cl_clo_awm_decl_39_t100_v0
281958366,m_cl_clo_vwm_pe_1_2_t14_v1
282035556,vem_colour_1_mct_chrome_chrome_t24_v33
282072434,vem_chassis_2_t4_v2
282214539,m_cl_clo_bhm_u_13_3_t11_v1
282229970,f_cl_u_fmf_13_2_t8_v0
282280293,vem_suv_11_t19_v1
282364177,f_cl_clo_grf_u_10_3_t11_v1
282392416,m_cl_clo_grm_ph_2_13_t14_v1
282638322,m_cl_clo_h2m_f_5_18_t6_v1
282640356,f_cl_outfit_clo_h3f_o_sl_23_t12_v0
282690767,packed_ng_vehicle_smoke_v96
282697542,packed_mp_veh_mod_idx_16_v312
282729961,vem_colour_extra_1_mct_metallic_sunset_red_t24_v1
282746291,packed_mp_veh_mod_idx_s_23_v242
282931953,multistorey_garage_tint_5_v0
283037556,packed_mp_veh_mod_idx_23_v367
283059021,packed_mp_veh_mod_idx_s_19_v327
283139727,packed_mp_veh_mod_idx_s_17_v352
283299672,f_cl_clo_grf_decl_12_t100_v0
283309303,vem_supermod_54_16_t54_v7
283316956,m_cl_clo_og_decl_0_t11_v1
283327782,packed_ng_vehicle_smoke_v334
283351220,service_spend_pegasus_delivery
283361844,packed_mp_veh_mod_idx_s_19_v103
283398160,f_cl_clo_hstf_s_8_6_t8_v2
283399098,wp_wct_tint_4_t2_v48_n2
283440002,f_cl_clo_ief_u_4_16_t11_v1
283493906,f_cl_l_fmf_12_5_t4_v0
283524291,vem_colour_extra_1_mct_metals_gold_p_t24_v0
283565204,f_cl_clo_h3f_s_1_5_t8_v1
283572568,f_cl_m_fmf_4_1_t1_v0
283722020,po_coupon_sprunk
283727677,packed_mp_veh_mod_idx_1_v138
283747177,m_cl_clo_x6m_ph_1024_t14_v1
283892286,m_cl_clo_grm_l_2_4_t4_v1
283892556,vem_smod_whlv75_t66_v0
283914492,vem_colour_1_mct_metallic_bleeched_brown_t24_v1
283970026,packed_mp_veh_window_tint_0_v207
284068002,packed_lr_vehicle_colour_6_v18
284157297,packed_mp_veh_mod_idx_18_v224
284216972,packed_mp_veh_plate_id_v118
284255471,packed_mp_veh_colour1_0_v376
284402917,packed_mp_veh_mod_idx_15_v17
284441909,packed_mp_veh_primary_colour_group_v326
284546562,f_ha_cc_lipstick_2_t8_v1
284591826,f_cl_clo_bhf_u_16_19_t11_v1
284628176,m_cl_clo_sum_u_2_1_t11_v1
284636893,packed_lr_vehicle_colour_5_v295
284668238,f_cl_clo_val_decl_l_t8_v1
284782430,f_cl_clo_fxf_ph_0_21_t14_v1
284807230,f_cl_clo_sbf_u_13_1_t11_v1
284854568,vem_cmod_tyr_5_t18_v36
284898485,packed_mp_veh_mod_idx_s_23_v270
284982131,packed_mp_veh_mod_idx_s_7_v99
285013081,m_cl_clo_sum_u_5_3_t11_v1
285029949,m_ta_tat_bi_028_t0_v0
285111631,f_cl_clo_h3f_u_12_2_t11_v1
285223307,packed_mp_veh_mod_idx_s_12_v289
285410241,f_ta_tat_x6_021_t0_v0
285483614,vem_supermod_14_7_t55_v27
285494821,packed_mp_veh_colour2_0_v54
285576199,wp_wct_tint_4_t2_v8_n2
285593178,packed_mp_veh_mod_idx_s_3_v367
285613680,packed_mp_veh_colour_extra1_0_v130
285679143,vem_supermod_45_10_t45_v7
285680038,packed_mp_veh_mod_idx_13_v205
285713027,vem_horn_indi_1_t10_v0
285821731,packed_mp_veh_mod_idx_s_9_v69
285876894,packed_mp_veh_mod_idx_s_8_v322
285877776,packed_mp_veh_mod_idx_8_v277
285949907,vem_cmod_tyr_12_t18_v31
286002367,packed_mp_veh_mod_idx_s_20_v284
286054219,vem_colour_2_mct_classic_umber_brown_t25_v1
286090072,m_cl_clo_x6m_l_8_0_t4_v1
286239820,packed_mp_veh_mod_idx_s_21_v303
286274095,m_cl_clo_hp_f_0_10_t6_v1
286350745,f_cl_clo_bhf_u_9_6_t11_v1
286352913,packed_mp_veh_mod_idx_s_17_v333
286356767,packed_mp_veh_mod_idx_24_v46
286376704,m_cl_clo_x6m_f_1_1_t6_v1
286439389,wp_wct_camo_5_t1_v46_n2
286455795,vem_supermod_17_14_t58_v3
286516389,f_cl_he_fmf_17_1_t14_v0
286517214,f_cl_clo_bhf_u_0_2_t11_v1
286539679,m_cl_outfit_clo_h2m_o_s_3_t12_v0
286566999,m_cl_clo_exm_af_2_0_t6_v1
286593385,packed_mp_veh_primary_colour_group_v152
286617552,packed_mp_veh_mod_idx_s_12_v401
286645772,m_cl_clo_bim_u_5_2_t11_v1
286782782,f_cl_clo_fxf_b_1_3_t1_v1
286795471,packed_mp_veh_mod_idx_s_5_v375
286810383,f_cl_clo_awf_u_1_2_t11_v1
286842070,packed_mp_veh_mod_idx_s_9_v333
286906224,mp_stat_ie_wh_owned_vehicle_25_v0
286913501,vem_colour_extra_1_mct_pearlescent_grace_red_t24_v1
287131262,vem_smod_whlv47_t66_v0
287134017,pr_pm_modshop_6_t90_v0
287136849,vem_smod_whlv134_t66_v3
287173798,packed_mp_veh_mod_idx_7_v139
287188809,vem_supermod_5_2_t46_v10
287201663,packed_mp_veh_mod_idx_s_2_v153
287305429,packed_mp_veh_mod_idx_s_14_v195
287550806,packed_mp_veh_mod_idx_s_3_v223
287644851,vem_cmod_hrn_mus3_t10_v36
287696425,packed_mp_veh_mod_idx_22_v107
287737909,f_cl_clo_x6f_t_2_2_t7_v1
287814073,vem_cmod_neoncol_0_t21_v5
287830783,wp_wt_sg_pmp2_t1_v22
287869394,packed_mp_veh_window_tint_0_v170
287896696,vem_colour_extra_1_mct_classic_straw_brown_t24_v4
287961104,vem_supermod_14_0_t55_v38
287974403,vem_colour_2_mct_metallic_race_yellow_t25_v33
287996129,m_cl_clo_trm_d_10_0_t10_v1
288018800,f_cl_outfit_clo_hstf_o_g_3_t12_v0
288109744,vem_armour_2_t1_v32
288329454,vem_colour_2_mct_metallic_cabernet_red_t25_v1
288419598,packed_mp_veh_mod_idx_10_v101
288495355,packed_mp_veh_mod_idx_s_13_v405
288505440,wp_wm_tint7_t2_v63
288532226,vem_colour_2_mct_metallic_grace_red_t25_v4
288585584,f_cl_clo_hp_f_u_4_2_t11_v1
288697090,ve_vagrant_t1_v3
288697532,packed_mp_veh_mod_idx_14_v190
288708039,packed_mp_veh_plate_id_v244
288769013,f_cl_clo_smf_b_5_1_t1_v1
288804902,packed_mp_veh_mod_idx_9_v147
288870116,vem_supermod_3_18_t44_v11
288875868,m_cl_clo_grm_b_0_11_t1_v1
288913022,packed_mp_veh_mod_var_0_v413
289040730,m_ta_tat_h3_024_t0_v0
289119756,packed_mp_veh_mod_idx_s_4_v66
289123153,packed_ng_vehicle_bpt_v355
289194319,packed_mp_veh_mod_idx_10_v336
289211645,vem_cmod_tyr_0_t31_v0
289242052,f_cl_clo_awf_o_f_15_t8_v12
289263868,vem_supermod_59_1_t59_v7
289274850,packed_mp_veh_mod_idx_s_7_v326
289300316,wp_wct_c_tint_7_t2_v48_n2
289356490,wp_wct_camo_7_t1_v13_n2
289409630,wp_wct_tint_17_t2_v13_n2
289455942,packed_mp_veh_primary_colour_group_v300
289483128,vem_supermod_12_4_t53_v10
289517293,vem_smod_whlv30_t66_v3
289529031,f_cl_m_fmf_3_0_t1_v0
289566990,vem_rwd_hiend_01_t19_v2
289580905,vem_supermod_22_8_t63_v26
289593975,f_cl_clo_h3f_o_sl_12_t8_v12
289614438,packed_mp_veh_mod_idx_s_7_v193
289662775,mba_floor1_2_t0_v0
289665212,packed_mp_veh_mod_idx_s_14_v71
289716629,packed_mp_veh_mod_idx_1_v346
289732307,packed_mp_veh_mod_idx_6_v379
289741238,f_cl_clo_l2f_dec_6_t11_v1
289765745,vem_colour_2_mct_classic_graphite_t25_v2
289776178,m_cl_clo_x6m_f_5_8_t6_v1
289833022,packed_mp_veh_mod_idx_13_v106
289845883,f_cl_clo_fxf_l_5_10_t4_v1
289873592,packed_mp_veh_wheel_type_0_v261
289879950,m_ta_tat_x6_005_t0_v0
289950593,vem_colour_1_mct_metallic_bright_orange_t24_v2
289955737,packed_ng_vehicle_insurance_v70
289973405,vem_supermod_7_9_t48_v6
289995911,f_cl_clo_awf_decl_102_t100_v0
290015087,packed_mp_veh_mod_idx_3_v397
290077069,f_cl_clo_vwf_u_16_6_t11_v1
290122355,f_cl_clo_sbf_u_0_2_t11_v1
290166209,packed_mp_veh_mod_idx_s_1_v139
290187525,packed_mp_veh_mod_idx_s_5_v132
290240366,wp_wm_tint6_t2_v3
290353879,packed_mp_veh_mod_idx_12_v60
290358328,vem_colour_2_mct_classic_torino_red_t25_v3
290599813,vem_smod5_whlv158_t66_v3
290696245,vem_insurance_gauntlet6
290718741,vem_colour_1_mct_matte_dark_blue_t24_v0
290722660,m_cl_u_fmm_9_12_t11_v0
290729966,packed_mp_veh_mod_idx_22_v413
290768721,vem_supermod_10_13_t51_v27
290769232,vem_supermod_12_8_t53_v28
290770806,f_cl_clo_grf_u_22_24_t11_v1
290883792,packed_mp_veh_mod_idx_s_22_v145
290884262,f_cl_clo_bhf_decl_41_t100_v0
290895159,f_cl_clo_bif_decl_43_t11_v1
290904341,vem_cmod_tyr_8_t18_v0
291024768,packed_mp_veh_colour2_0_v387
291039864,packed_mp_veh_mod_idx_s_11_v337
291110229,packed_mp_veh_mod_idx_s_4_v308
291121873,packed_mp_veh_mod_var_1_v46
291277256,packed_mp_veh_mod_idx_s_22_v130
291330405,packed_mp_veh_wheel_type_0_v112
291368668,vem_supermod_19_7_t60_v28
291421477,vem_colour_1_mct_metallic_flur_yellow_t24_v0
291485772,m_cl_clo_exm_al_2_1_t4_v1
291576838,service_spend_car_impound
291598744,packed_mp_veh_mod_idx_18_v281
291849058,vem_sub_heli_c_6
291899826,vem_yacht_col_2_v0
291933555,packed_mp_veh_mod_idx_11_v57
291950173,vem_colour_extra_1_mct_classic_bright_purple_t24_v2
291969579,packed_mp_veh_mod_idx_9_v35
291975461,f_cl_clo_ief_b_2_4_t1_v1
292088597,packed_mp_veh_mod_idx_18_v393
292350876,m_cl_clo_vwm_pw_5_1_t14_v1
292392808,packed_mp_veh_mod_idx_5_v77
292398628,vem_smod3_whlv22_t66_v3
292565322,vem_horn_clas4_t10_v5
292582353,m_cl_clo_h3m_ph_10_5_t14_v1
292598570,vem_smod5_whlv46_t66_v3
292617932,m_cl_clo_exm_decl_2_t11_v1
292699272,f_cl_clo_fxf_b_0_1_t1_v1
292722437,packed_mp_veh_mod_idx_s_12_v2
292893809,m_cl_clo_x17m_o_m_6_t3_v12
292906114,packed_mp_veh_mod_idx_s_10_v390
292907591,f_cl_clo_h3f_b_14_11_t1_v1
292939130,packed_mp_veh_mod_idx_s_17_v323
292956019,packed_mp_veh_mod_idx_s_5_v371
293002822,m_cl_clo_iem_b_5_2_t1_v1
293048152,packed_mp_veh_mod_idx_s_0_v3
293051923,packed_mp_veh_colour_extra1_0_v211
293059378,f_cl_clo_smf_u_4_9_t11_v1
293071772,packed_mp_veh_colour_extra1_0_v68
293071950,packed_mp_veh_livery2_0_v302
293121882,f_cl_f_fmf_14_1_t6_v0
293155728,packed_mp_veh_mod_idx_s_16_v400
293159444,vem_supermod_2_8_t43_v28
293226016,packed_mp_veh_mod_idx_s_13_v298
293228019,m_cl_clo_scm_f_0_19_t6_v1
293303637,vem_bumper_f_3_t34_v0
293326028,packed_mp_veh_mod_idx_5_v405
293544621,packed_mp_veh_mod_idx_s_22_v115
293625335,m_cl_clo_grm_u_8_14_t11_v1
293715548,vem_colour_2_mct_metallic_salmon_pink_t25_v33
293736139,packed_mp_veh_wheel_type_0_v357
293801300,wp_wct_holo_t1_v48_n2
293870399,f_ta_tat_x6_004_t0_v0
293886278,m_cl_clo_grm_u_16_13_t11_v1
293917131,m_cl_clo_x6m_ey_015_t14_v1
293920946,packed_mp_veh_mod_idx_7_v333
293955673,f_cl_clo_x4f_u_10_2_t11_v1
294167191,packed_mp_veh_mod_idx_s_21_v20
294167536,vem_cmod_tyr_4_t18_v1
294240834,dec_vw_aw_ls_3d
294253717,m_cl_clo_x6m_f_5_21_t6_v1
294302742,f_cl_clo_hstfb_16_0_t1_v1
294337551,f_cl_clo_hp_f_l_0_7_t4_v1
294720447,packed_mp_veh_mod_idx_22_v255
294722764,packed_mp_veh_mod_var_1_v281
294781610,vem_colour_1_mct_classic_stone_silver_t24_v4
294784755,vem_horn_hips4_t10_v33
294798322,vem_colour_extra_1_mct_pearlescent_olive_green_t24_v4
294840121,vem_rwd_bikew_05_t19_v4
294907346,f_cl_clo_awf_u_3_2_t11_v1
294911041,packed_mp_veh_mod_idx_s_11_v139
295011534,packed_mp_veh_mod_idx_s_22_v104
295012706,m_cl_clo_arm_o_16_t11_v12
295025988,packed_mp_veh_mod_idx_0_v289
295035629,f_cl_ht_fmf_0_5_t14_v0
295054049,packed_mp_veh_mod_idx_s_18_v193
295124354,m_cl_clo_s1m_f_1_4_t6_v1
295306936,packed_mp_veh_mod_idx_s_12_v155
295340521,m_cl_clo_hstm_o_10_t4_v12
295452484,vem_colour_2_mct_classic_shadow_silver_t25_v33
295463191,vem_cmod_col5_40_t29_v3
295472068,vem_supermod_1_16_t42_v27
295504286,packed_mp_veh_mod_idx_s_3_v60
295545655,m_cl_clo_exm_al_4_3_t4_v1
295588937,packed_mp_veh_plate_id_v260
295700858,vem_supermod_6_7_t47_v6
295744246,vem_smod4_whlv102_t66_v1
295866243,f_cl_l_fmf_9_6_t4_v0
295896107,ve_pbus2_n1_t1_v3
295962911,m_cl_ht_fmm_10_7_t14_v0
296024006,vem_smod4_whlv32_t66_v2
296187373,vem_colour_extra_1_mct_classic_saxon_blue_t24_v2
296283155,packed_lr_vehicle_colour_6_v406
296356569,packed_mp_veh_mod_idx_s_5_v76
296357891,m_cl_clo_vwm_t_0_1_t7_v1
296363013,m_cl_clo_h3m_u_9_10_t11_v1
296363910,vem_horn_clas4_t10_v26
296404126,wp_wm_tint1_t2_v93
296424868,f_cl_clo_vwf_l_1_4_t4_v1
296520311,f_cl_clo_grf_f_0_8_t6_v1
296615632,wp_wct_tint_1_t2_v13_n2
296677421,mp_stat_ie_wh_owned_vehicle_34_v0
296723810,fchub_mod2_2_t0_v0
296756529,packed_mp_veh_mod_idx_9_v52
296791432,f_cl_clo_val_decl_m_t100_v0
296889898,packed_mp_veh_mod_idx_2_v215
296937638,vem_supermod_16_0_t57_v28
297001943,f_ha_cc_eyebrw_12_t2_v0
297067195,packed_mp_veh_mod_idx_22_v147
297182224,packed_mp_veh_mod_idx_s_17_v128
297289994,packed_mp_veh_livery2_0_v186
297327450,m_cl_clo_bhm_u_16_12_t11_v1
297380007,packed_mp_veh_mod_idx_13_v297
297528056,packed_mp_veh_mod_idx_s_14_v57
297531302,f_cl_clo_v2f_u_0_7_t11_v1
297624323,dec_vw_aw_mf_4e
297710065,cf_mission_passed_bkr_v1
297719853,f_cl_ht_fmf_6_4_t14_v0
297724470,vem_supermod_0_2_t41_v27
297736377,packed_lr_vehicle_colour_5_v59
297758595,f_cl_clo_h2f_o_g_18_t8_v12
297771160,vem_cmod_tyr_12_t18_v0
297780855,packed_ng_vehicle_insurance_v323
297878003,packed_mp_veh_plate_id_v27
297891258,packed_mp_veh_colour_extra1_0_v238
297894557,f_cl_clo_suf_u_7_15_t11_v1
298085037,m_cl_clo_arm_o_21_t11_v12
298292907,f_cl_clo_x6f_lw_1_0_t14_v1
298436864,f_cl_clo_bus_m_0_14_t1_v1
298437406,wp_wct_c_tint_20_t2_v46_n2
298501580,packed_mp_veh_mod_idx_3_v156
298520226,packed_mp_veh_mod_idx_s_15_v307
298525216,mp_stat_prop_office_locker_gun_v0
298588303,m_cl_clo_bim_b_0_7_t1_v1
298651593,packed_ng_vehicle_neon_v321
298692592,m_cl_clo_hp_o_0_t3_v12
298734596,vem_colour_extra_1_mct_metallic_stone_silver_t24_v3
298748691,m_cl_clo_fxm_l_4_5_t4_v1
298760948,packed_mp_veh_mod_idx_11_v243
298893701,f_cl_clo_h4f_t_13_6_t7_v1
298907265,packed_mp_veh_mod_idx_16_v334
298925121,vem_cmod_hrn_mus3_t10_v1
298967624,vem_roof_22_t12_v1
299009207,f_cl_clo_s2f_l_1_0_t4_v1
299020079,vem_colour_extra_1_mct_metallic_woodbeech_brown_t24_v3
299105052,packed_ng_vehicle_neon_v213
299143073,f_cl_clo_scf_f_0_0_t6_v1
299195988,m_ha_cc_lipstick_5_t8_v1
299201603,packed_mp_veh_mod_idx_12_v337
299311385,m_cl_clo_smm_u_3_2_t11_v1
299314900,f_cl_clo_fxf_u_10_1_t11_v1
299550711,vem_smod_whlv182_t66_v0
299643720,m_cl_l_fmm_13_2_t4_v0
299696226,m_cl_clo_grm_u_9_19_t11_v1
299776693,vem_hood_15_t9_v35
299885708,packed_mp_veh_mod_idx_s_18_v297
299982545,f_cl_clo_sbf_f_3_3_t6_v1
300049702,f_cl_clo_hstfb_22_18_t1_v1
300126952,m_cl_clo_trm_u_7_13_t11_v1
300310555,vem_colour_extra_1_mct_classic_purple_t24_v3
300349241,f_cl_clo_x6f_ph_1_23_t14_v1
300447152,packed_mp_veh_mod_idx_s_8_v290
300466582,vem_rwd_musc_08_t19_v0
300582617,packed_mp_veh_mod_idx_s_20_v365
300583241,packed_mp_veh_mod_idx_10_v220
300688012,packed_mp_veh_mod_idx_2_v123
300700200,vem_supermod_14_14_t55_v27
300703983,f_cl_clo_suf_u_12_6_t11_v1
300707141,m_cl_clo_grm_g_1_1_t3_v1
300755350,packed_mp_veh_mod_idx_s_7_v130
300760250,f_cl_outfit_clo_bus_f_o_11_t12_v0
300796227,service_earn_tuner_award_freight_train
300801399,packed_mp_veh_mod_idx_14_v352
300814134,packed_mp_veh_mod_var_1_v263
300822658,mp_stat_mpsv_model_75
300892417,packed_mp_veh_mod_idx_s_18_v276
300932541,packed_mp_veh_mod_idx_s_22_v237
301026403,vem_colour_extra_1_mct_metallic_red_t24_v3
301052277,packed_mp_veh_mod_idx_s_9_v165
301056717,m_cl_clo_awm_decl_5_t100_v0
301197263,packed_mp_veh_mod_idx_15_v338
301247419,wp_wct_scope_med_t1_v13
301263150,packed_mp_veh_mod_idx_s_4_v203
301433110,packed_ng_vehicle_neon_kit_v351
301539873,vem_colour_2_mct_chrome_chrome_t25_v0
301595432,packed_mp_veh_mod_idx_s_15_v357
301655783,packed_ng_vehicle_smoke_v100
301675976,packed_mp_veh_mod_idx_s_6_v56
301694663,m_cl_clo_ltsm_o_14_t3_v12
301697756,iewh_interior_urban_t0_v0
301707571,vem_horn_lowrder1_t10_v1
301821939,packed_mp_veh_livery2_0_v22
301826285,f_cl_f_fmf_9_0_t6_v0
301883239,f_cl_clo_suf_u_17_9_t11_v1
301987130,packed_mp_veh_mod_idx_7_v119
301998850,packed_mp_veh_wheel_type_0_v223
302002119,packed_mp_veh_mod_idx_s_12_v56
302077320,vem_cmod_tyr_8_t18_v27
302099183,vem_colour_1_mct_metallic_blue_t24_v1
302171553,vem_supermod_10_1_t51_v28
302239130,packed_mp_veh_mod_idx_s_7_v232
302252395,vem_supermod_0_0_t41_v38
302304986,packed_mp_veh_colour2_0_v45
302362153,packed_mp_veh_mod_idx_s_9_v191
302485846,vem_colour_2_mct_classic_olive_green_t25_v4
302489816,packed_mp_veh_mod_idx_s_14_v377
302494876,vem_colour_1_mct_metallic_flur_yellow_t24_v33
302519171,f_cl_clo_h4f_decl_17_t100_v0
302564525,packed_mp_veh_mod_var_0_v322
302641021,m_cl_clo_h4m_t_13_8_t7_v1
302687660,f_cl_clo_ltsf_o_8_t8_v12
302764476,vem_drft_06_t19_v1
302786365,m_ha_brd_hp_1_t1_v0
302859255,f_cl_clo_indf_u_0_0_t11_v1
302926644,m_cl_clo_x6m_u_5_1_t11_v1
302963408,packed_mp_veh_mod_idx_s_8_v105
303046425,f_cl_f_fmf_0_1_t6_v0
303062300,vem_supermod_2_0_t43_v34
303071424,vem_smod4_whlv46_t66_v2
303115226,f_cl_clo_bus_f_o_4_t3_v12
303169407,f_cl_clo_awf_b_12_12_t1_v1
303176730,m_ta_tat_bi_031_t0_v0_cesp
303179091,m_cl_outfit_clo_trm_o_d2_t12_v0
303289864,f_cl_clo_sbf_u_22_4_t11_v1
303346255,vem_colour_2_mct_metallic_light_blue_t25_v1
303483670,packed_mp_veh_livery_0_v80
303505395,m_cl_outfit_clo_hstm_o_c_2_t12_v0
303548084,m_cl_clo_sbm_e_0_1_t14_v1
303633863,vem_colour_1_mct_matte_green_t24_v3
303642898,m_cl_clo_busm_t_2_12_t7_v1
303662873,packed_mp_veh_wheel_type_0_v59
303732847,pr_pm_bemblem_1_t0_v0
303791087,vem_smod4_whlv205_t66_v2
303846311,vem_spt_15_t19_v12
303850154,f_cl_clo_smf_u_6_1_t11_v1
303944535,packed_mp_veh_mod_idx_23_v132
303954749,packed_mp_veh_mod_idx_s_21_v251
303964020,m_cl_clo_grm_u_17_5_t11_v1
304019083,m_cl_clo_indm_d_16_t8_v1
304054855,packed_mp_veh_livery_0_v346
304235169,m_cl_clo_bhm_u_16_8_t11_v1
304269697,kosatk_fla_21_t0_v0
304285907,packed_mp_veh_mod_idx_2_v47
304370771,f_cl_clo_fxf_l_0_19_t4_v1
304460241,vem_colour_1_mct_classic_surf_blue_t24_v2
304567101,packed_mp_veh_livery2_0_v387
304611416,vem_smod5_whlv154_t66_v3
304652281,vem_suv_07_t19_v12
304663490,f_cl_clo_h2f_b_3_4_t1_v1
304693443,packed_mp_veh_colour1_0_v214
304762797,hangar_mod_floor_decal_2_t0_v0
304779506,m_ta_tat_vw_012_t0_v0
304954147,m_cl_clo_iem_u_6_6_t11_v1
304988226,m_cl_clo_hilf_u_0_0_t11_v1
305061091,m_cl_clo_bim_ph_1_1_t14_v1
305394179,mp_stat_mpsv_model_313
305462579,vem_chassis_24_t4_v3
305466186,m_ta_tat_st_046_t0_v0
305553212,m_cl_clo_halm_4_2_t1_v1
305612165,m_cl_f_fmm_15_0_t6_v0
305625431,f_cl_clo_vwf_u_7_8_t11_v1
305645363,vem_cmod_neonlay_3_t21_v10
305670260,packed_mp_veh_mod_idx_s_5_v237
305707380,f_cl_clo_s2f_u_6_2_t11_v1
305708501,packed_mp_veh_mod_idx_8_v235
305777435,vem_cmod_hrn_clo_t10_v5
305829545,m_cl_clo_h2m_u_7_15_t11_v1
305830520,packed_ng_vehicle_neon_v351
305871967,packed_mp_veh_mod_idx_0_v263
306108651,m_cl_clo_awm_u_10_12_t11_v1
306129116,vem_supermod_15_8_t56_v38
306137633,vem_colour_5_creek_brown_t38_v0
306218219,f_cl_f_fmf_15_14_t6_v0
306382773,f_cl_clo_h4f_l_1_1_t4_v1
306407879,m_cl_clo_fxm_ph_0_3_t14_v1
306472779,f_cl_clo_vwf_ph_0_22_t14_v1
306522510,vem_supermod_22_23_t63_v3
306682552,f_cl_clo_awf_b_4_0_t1_v1
306694616,m_cl_ht_fmm_15_0_t14_v0
306823399,vem_colour_1_mct_classic_shadow_silver_t24_v33
306899343,f_ta_tat_bb_006_t0_v0
306987471,m_cl_clo_bim_ph_2_0_t14_v1
307191027,m_cl_clo_hp_d_3_t8_v2
307206773,f_cl_clo_h2f_b_4_14_t1_v1
307236685,vem_supermod_6_1_t47_v28
307309308,vem_cmod_win_0_t33_v33
307366409,packed_mp_veh_window_tint_0_v197
307397992,vem_cmod_neoncol_12_t21_v2
307580219,f_cl_clo_awf_u_3_7_t11_v1
307664850,vem_spt_20_t19_v1
307703872,packed_mp_veh_mod_idx_22_v392
307720132,vem_supermod_18_8_t59_v28
307739201,pr_pm_modshop_6_t0_v0
307764663,vem_colour_1_mct_classic_blue_silver_t24_v2
307824152,vem_sub_heli_c_26
307837404,vem_horn_indi_4_t10_v39
307859990,packed_lr_vehicle_colour_6_v228
307920224,wp_wct_tint_8_t2_v1_n2
308043327,packed_mp_veh_mod_idx_s_23_v264
308055338,dec_vw_aw_ss_32
308067335,packed_mp_veh_mod_idx_s_6_v210
308136454,packed_mp_veh_mod_idx_4_v7
308171213,packed_mp_veh_colour2_0_v27
308245246,vem_cmod_hrn_mus2_t10_v4
308272182,f_cl_f_fmf_15_6_t6_v0
308292261,packed_mp_veh_mod_idx_5_v289
308311409,pr_pm_modshop_1_t89_v0
308311414,vem_colour_extra_1_mct_classic_formula_red_t24_v2
308385110,m_cl_clo_hstmb_18_4_t1_v1
308398697,packed_mp_veh_mod_idx_6_v313
308410683,vem_rwd_loride_04_t19_v2
308455623,packed_mp_veh_mod_idx_15_v28
308464163,f_cl_clo_bif_decl_21_t100_v0
308566357,m_cl_clo_exm_g_17_8_t14_v1
308576865,packed_mp_veh_mod_idx_1_v309
308671951,packed_mp_veh_mod_idx_s_20_v190
308708575,m_cl_clo_h4m_o_s2_m1_t3_v12
308788794,f_cl_clo_h4f_t_13_10_t7_v1
308874971,packed_mp_veh_mod_idx_14_v178
308883537,f_cl_clo_arf_o_25_t8_v12
308925703,f_cl_clo_vwf_u_6_1_t11_v1
308987487,packed_mp_veh_mod_idx_s_17_v209
309067045,packed_mp_veh_mod_idx_s_17_v34
309100914,m_cl_clo_hp_u_4_1_t11_v1
309195938,m_cl_clo_h4m_d_0_0_t10_v1
309330466,m_cl_clo_sbm_f_4_3_t6_v1
309453235,packed_mp_veh_colour_extra2_0_v258
309532698,vem_colour_extra_1_mct_classic_cabernet_red_t24_v4
309615328,f_cl_clo_h4f_decl_16_t100_v0
309688382,mp_stat_mpsv_model_300
309709681,vem_hood_0_t9_v36
309806799,wp_wct_c_tint_29_t2_v21_n2
309874043,vem_smod4_whlv42_t66_v2
309915615,packed_mp_veh_mod_idx_s_6_v197
309935544,ve_blista3_t0_v0
309960195,vem_roof_5_t12_v0
309994729,m_ta_tat_h3_032_t0_v0
310079775,vem_supermod_6_10_t47_v3
310281236,m_cl_clo_hilf_u_1_6_t11_v1
310282628,m_cl_clo_hp_h_1_6_t14_v1
310373188,packed_mp_veh_mod_var_1_v126
310390450,ve_jugular_t0_v3
310419740,packed_mp_veh_mod_idx_s_13_v119
310463352,m_ta_tat_h4_004_t0_v0
310476167,packed_mp_veh_plate_id_v354
310487957,packed_mp_veh_colour_extra2_0_v365
310507321,f_cl_outfit_clo_hstf_o_11_t12_v0
310537407,packed_mp_veh_mod_idx_s_16_v121
310600012,packed_mp_veh_mod_var_0_v169
310630134,vem_horn_clas7_t10_v29
310682510,vem_colour_extra_1_mct_matte_light_grey_t24_v33
310765952,packed_mp_veh_mod_idx_24_v95
310809821,vem_colour_1_mct_metallic_diamond_blue_t24_v3
310844534,m_cl_clo_smm_b_7_16_t1_v1
310863552,mp_stat_casinoapt_mod_j_v0
310870039,vem_colour_extra_1_mct_classic_harbor_blue_t24_v4
310893231,packed_mp_veh_mod_idx_s_19_v294
310938321,f_cl_clo_v2f_l_1_4_t4_v1
311050640,m_cl_clo_x17m_o_m_4_t3_v12
311068082,packed_mp_veh_mod_idx_s_14_v217
311344626,ve_coquette2_t0_v1
311408006,packed_mp_veh_mod_idx_23_v308
311496081,vem_yacht_flag_4_v0
311579161,m_cl_clo_vwm_decl_24_t100_v0
311656924,packed_lr_vehicle_colour_6_v29
311755403,m_cl_clo_s1m_dec_23_t11_v1
311859534,m_cl_clo_h2m_u_7_20_t11_v1
311937294,vem_supermod_2_13_t43_v26
311956170,packed_mp_veh_mod_var_1_v247
311974910,m_cl_clo_exm_au_4_2_t11_v1
311987977,packed_mp_veh_mod_idx_s_20_v343
312086773,packed_mp_veh_mod_idx_s_22_v394
312165387,m_cl_clo_grm_l_4_5_t4_v1
312206963,f_cl_clo_awf_u_10_10_t11_v1
312306378,vem_grill_9_t8_v38
312310324,vem_supermod_15_11_t56_v26
312351287,packed_mp_veh_mod_idx_s_20_v214
312356012,vem_colour_extra_1_mct_pearlescent_orange_t24_v2
312452931,m_cl_clo_awm_u_7_9_t11_v1
312564730,m_cl_clo_x6m_l_7_9_t4_v1
312718550,m_cl_clo_h3m_o_ff_7_t3_v12
312738987,f_cl_clo_h4f_o_l2_f3_t3_v12
312807977,packed_mp_veh_mod_idx_s_12_v206
312845688,f_cl_clo_val_decl_p_t8_v1
312971775,packed_mp_veh_livery_0_v250
313062711,packed_mp_veh_mod_idx_7_v240
313117587,f_cl_clo_s2f_o_10_t3_v12
313225844,f_ta_tat_bi_023_t0_v0_cesp
313231428,vem_supermod_15_10_t56_v3
313241375,m_ha_cc_blush_9_t5_v0
313289394,m_cl_clo_bhm_decl_4_t11_v1
313303298,f_cl_clo_x5f_u_16_9_t11_v1
313317273,vem_supermod_3_23_t44_v6
313368178,packed_mp_veh_mod_var_0_v9
313436188,vem_cmod_neoncol_3_t21_v36
313640165,f_cl_clo_suf_l_1_19_t4_v1
313701709,packed_lr_vehicle_colour_5_v382
313732331,f_cl_clo_h4f_t_4_1_t7_v1
313739272,packed_mp_veh_mod_idx_s_23_v128
313814777,packed_mp_veh_mod_idx_6_v148
313845414,vem_smod5_whlv160_t66_v3
313908234,f_cl_clo_lxf_dec_37_t100_v0
313928327,packed_mp_veh_mod_idx_s_13_v196
313997558,pr_pm_modshop_10_t87_v0
314001669,vem_supermod_9_8_t50_v28
314060354,packed_ng_vehicle_bpt_v350
314064012,m_ha_cc_mkup_61_t5_v0
314167128,m_cl_clo_indm_s_0_5_t8_v2
314171490,packed_mp_veh_mod_idx_s_0_v375
314289846,packed_mp_veh_mod_idx_9_v375
314301660,f_cl_clo_h2f_o_g_9_t3_v12
314303892,ve_sovereign_t0_v4
314359647,vem_rwd_hiend_10_t19_v3
314407093,m_cl_clo_vwm_pw_4_4_t14_v1
314411421,packed_mp_veh_mod_idx_s_8_v174
314433927,f_cl_clo_bus_f_o_19_t3_v12
314482118,f_cl_clo_fxf_u_5_5_t11_v1
314602103,f_cl_outfit_clo_stf_o_14_t12_v0
314831201,m_cl_clo_h4m_t_13_12_t7_v1
314860487,packed_mp_veh_mod_idx_s_23_v227
314890620,packed_mp_veh_mod_idx_1_v194
314915268,packed_mp_veh_mod_idx_5_v196
314977959,vem_spoiler_26_t14_v3
315224760,f_cl_clo_trf_o_ms_0_t8_v12
315238090,packed_mp_veh_mod_idx_14_v56
315262258,vem_cmod_neoncol_4_t21_v30
315295115,packed_mp_veh_mod_idx_s_1_v378
315315250,packed_mp_veh_colour_extra2_0_v263
315461685,packed_mp_veh_mod_idx_s_14_v275
315477756,f_cl_clo_smf_ph_4_0_t14_v1
315498159,wp_wct_clip_drm_t1_v64
315537435,mp_stat_mpsv_model_68
315544091,f_cl_clo_trf_f_1_20_t6_v1
315545594,m_cl_clo_smm_b_3_11_t1_v1
315573786,vem_rwd_musc_09_t19_v0
315605342,f_ta_tat_sb_008_t0_v0
315718380,packed_mp_veh_mod_idx_s_8_v5
315855128,vem_smod4_whlv19_t66_v0
315865864,packed_mp_veh_secondary_colour_group_v71
315878993,f_cl_clo_h3f_u_4_2_t11_v1
315947473,wp_wm_tint3_t2_v20
315967398,packed_mp_veh_mod_idx_s_13_v280
315979178,ve_jester3_t0_v3
315991381,vem_supermod_9_10_t50_v11
316034005,vem_colour_1_mct_metallic_chocolate_brown_t24_v0
316138109,vem_smod4_whlv156_t66_v0
316244878,packed_mp_veh_mod_idx_2_v381
316339525,packed_mp_veh_colour_extra1_0_v299
316374524,packed_mp_veh_mod_idx_13_v173
316408372,m_cl_clo_hstm_t_3_9_t7_v1
316493216,packed_mp_veh_mod_idx_6_v333
316528231,f_cl_clo_sbf_f_6_3_t6_v1
316752621,packed_mp_veh_mod_idx_s_18_v272
316756257,f_cl_clo_valf_u_0_5_t11_v1
316774726,packed_mp_veh_mod_idx_s_20_v203
316775006,cb_buy_1_t0_v0
316782111,packed_mp_veh_mod_idx_13_v227
316812142,vem_supermod_3_20_t44_v6
317007066,packed_mp_veh_mod_idx_s_13_v40
317047947,f_cl_clo_vwf_u_17_9_t11_v1
317093719,f_cl_clo_scf_d_27_7_t10_v1
317120975,packed_ng_vehicle_smoke_v161
317124928,m_cl_clo_trm_u_17_3_t11_v1
317246866,packed_mp_veh_mod_idx_9_v105
317260365,packed_mp_veh_window_tint_0_v315
317302816,f_cl_clo_valf_t_0_1_t7_v1
317395243,packed_mp_veh_mod_idx_14_v160
317492451,m_cl_clo_busm_f_0_7_t6_v1
317558446,vem_bumper_r_14_t35_v27
317558579,wp_wt_snip_rif_t0_v0
317631894,m_ta_tat_fm_015_t0_v0
317657774,wp_wct_muzz4_t1_v9_n2
317698032,m_cl_clo_h2m_b_3_22_t1_v1
317781107,m_cl_clo_hstm_o_14_t4_v12
317794992,f_cl_clo_awf_f_8_11_t6_v1
317796753,packed_mp_veh_mod_idx_3_v119
317814292,packed_mp_veh_mod_idx_7_v244
317834442,vem_supermod_58_10_t58_v7
317852113,f_cl_clo_awf_u_1_4_t11_v1
318011431,vem_supermod_11_10_t52_v28
318036484,packed_mp_veh_wheel_type_0_v138
318094660,m_cl_clo_bim_s_10_5_t8_v1
318105085,vem_supermod_14_4_t55_v38
318130347,packed_mp_veh_mod_idx_s_15_v199
318180713,f_cl_clo_grf_f_0_24_t6_v1
318190981,m_cl_clo_fxm_u_2_2_t11_v1
318220520,packed_mp_veh_mod_idx_9_v60
318326588,wp_wct_barr_t1_v21_n2
318329128,packed_mp_veh_mod_idx_s_17_v298
318384297,packed_mp_veh_mod_idx_0_v259
318422178,packed_mp_veh_primary_colour_group_v27
318477926,f_cl_clo_indf_u_1_1_t8_v1
318559419,packed_ng_vehicle_bpt_v296
318582935,vem_colour_extra_1_mct_metallic_bright_orange_t24_v1
318592977,packed_mp_veh_livery2_0_v378
318793693,m_cl_clo_sum_u_14_25_t11_v1
318796660,packed_mp_veh_mod_idx_s_11_v80
318913587,f_cl_clo_vwf_u_15_1_t11_v1
319010637,f_cl_outfit_clo_ltsf_o_7_t12_v0
319019649,m_cl_clo_fxm_u_0_4_t11_v1
319082895,packed_mp_veh_livery2_0_v158
319226450,packed_mp_veh_mod_idx_12_v129
319271544,packed_ng_vehicle_neon_v407
319381785,packed_mp_veh_mod_idx_22_v327
319413338,f_cl_clo_grf_u_12_4_t11_v1
319501258,packed_mp_veh_primary_colour_group_v219
319582136,packed_mp_veh_mod_idx_18_v385
319746013,packed_mp_veh_mod_idx_s_12_v82
319748726,packed_mp_veh_mod_idx_s_1_v203
319766732,f_cl_clo_busf_w0_2_t14_v1
319768107,m_cl_u_fmm_12_9_t8_v1
319783445,vem_horn_hips1_t10_v33
319794457,packed_mp_veh_mod_idx_s_21_v408
319807306,m_cl_clo_bbm_t_1_0_t7_v1
319859479,f_cl_clo_x6f_ph_10_7_t14_v1
319918081,packed_mp_veh_mod_idx_6_v93
320080408,packed_ng_vehicle_neon_v267
320081725,m_cl_clo_bim_u_20_1_t11_v1
320236204,m_cl_clo_ltsmu_0_0_t11_v1
320260635,packed_mp_veh_mod_idx_s_9_v120
320316777,packed_mp_veh_mod_idx_s_2_v223
320328060,f_cl_clo_l2f_o_5_t3_v12
320344519,packed_mp_veh_primary_colour_group_v163
320355265,packed_mp_veh_primary_colour_group_v78
320417125,m_cl_clo_fxm_ph_2_18_t14_v1
320445676,packed_mp_veh_mod_idx_s_15_v67
320449173,m_ha_face_e_c_2_t4_v0
320584696,packed_mp_veh_primary_colour_group_v392
320586281,m_cl_clo_exm_decl_4_t11_v1
320613907,packed_mp_veh_mod_idx_s_3_v216
320680002,packed_lr_vehicle_colour_5_v352
320680155,vem_cmod_hrn_mus4_t10_v0
320701495,m_cl_f_fmm_6_1_t6_v0
320719214,packed_lr_vehicle_colour_5_v253
320729249,packed_mp_veh_mod_idx_22_v123
320734391,packed_mp_veh_mod_idx_16_v358
320774047,vem_smod4_whlv167_t66_v1
320787160,vem_offr_18_t19_v0
320874087,wp_wct_tint_3_t2_v21_n2
320916430,f_cl_clo_suf_u_0_0_t11_v1
320924984,packed_mp_veh_mod_idx_s_11_v389
320931285,vem_smod2_whlv141_t66_v3
321003220,ve_caracara_t0_v29
321005229,packed_mp_veh_mod_idx_14_v298
321030081,packed_mp_veh_livery_0_v351
321070798,packed_mp_veh_mod_idx_s_1_v9
321383799,packed_ng_vehicle_smoke_v206
321453057,m_cl_clo_smm_b_0_10_t1_v1
321506653,packed_mp_veh_mod_idx_14_v126
321589016,vem_smod_whlv145_t66_v3
321693098,m_cl_clo_vwm_u_14_2_t11_v1
321739023,vem_colour_1_mct_classic_dark_green_t24_v4
321741838,packed_ng_vehicle_neon_kit_v126
321874153,packed_mp_veh_mod_idx_s_17_v321
321911922,packed_mp_veh_mod_idx_16_v3
321912755,m_cl_clo_h2m_o_g_3_t3_v12
322055342,vem_smod2_whlv116_t66_v3
322056923,m_cl_clo_fxm_l_1_5_t4_v1
322085602,vem_insurance_schafter4
322098565,packed_mp_veh_mod_idx_23_v130
322110361,f_cl_clo_suf_u_9_3_t11_v1
322130309,packed_mp_veh_mod_idx_s_19_v393
322298026,vem_colour_2_mct_matte_blue_t25_v4
322388474,packed_mp_veh_mod_idx_1_v388
322390930,f_cl_clo_suf_u_19_4_t11_v1
322437755,m_cl_clo_smm_ph_6_9_t14_v1
322476535,vem_chassis_5_n0_t4_v38
322485132,m_cl_clo_stm_ht1523_t14_v1
322578102,f_cl_clo_fxf_ph_4_19_t14_v1
322676207,f_cl_clo_bhf_l_4_6_t4_v1
322710589,packed_mp_veh_colour_extra2_0_v87
322912978,vem_colour_extra_1_mct_classic_chocolate_brown_t24_v2
322915332,m_cl_clo_x6m_rw_0_2_t14_v1
322924934,packed_mp_veh_mod_idx_15_v119
322956061,packed_mp_veh_mod_idx_18_v218
322974865,packed_mp_veh_mod_idx_15_v248
322975063,packed_mp_veh_window_tint_0_v34
323035713,fchub_mod2_8_t0_v0
323073255,vem_smod2_whlv205_t66_v3
323100718,vem_colour_extra_1_mct_metallic_race_yellow_t24_v0
323101867,packed_mp_veh_mod_idx_s_15_v203
323116522,vem_colour_extra_1_mct_matte_purple_t24_v0
323164993,vem_exhaust_2_t6_v28
323234293,m_ha_hair_beard13_t1_v0
323342706,m_ha_clo_s1m_h_3_0_t0_v1
323542260,packed_mp_veh_mod_idx_s_2_v145
323611963,vem_supermod_16_2_t57_v3
323750986,m_cl_clo_x2m_ht_0_5_t14_v1
323757990,f_cl_clo_scf_u_4_18_t11_v1
323862727,candc_hacker_dec_7_t0_v0
323875124,f_cl_clo_s2f_u_6_3_t11_v1
323963027,vem_cmod_col5_0_t29_v2
324000561,packed_mp_veh_mod_idx_s_22_v206
324032140,m_cl_clo_hstf_u_3_2_t8_v1
324072046,f_cl_clo_vwf_pw_5_5_t14_v1
324080682,m_cl_clo_fxm_l_0_24_t4_v1
324123054,wp_wct_clip1_t1_v48_n2
324127093,vem_roof_8_t12_v3
324174814,f_cl_outfit_clo_awf_o_e_7_t12_v0
324187589,vem_supermod_53_11_t53_v7
324204143,f_cl_clo_suf_l_5_10_t4_v1
324223483,vem_brake_2_t2_v31
324254337,packed_mp_veh_mod_idx_s_6_v247
324275752,f_cl_clo_hp_f_d_22_t8_v1
324385177,f_ta_tat_lx_004_t0_v0
324443808,vem_smod2_whlv208_t66_v3
324518890,m_ta_tat_x6_002_t0_v0
324542769,f_cl_clo_smf_b_2_4_t1_v1
324599696,m_cl_clo_awm_u_3_3_t11_v1
324615452,m_cl_clo_trm_u_3_0_t11_v1
324635179,mp_stat_appartment_var_6_v0
324650768,fcarcade_ne7_t0_v0
324710388,m_cl_clo_x6m_ph_8_24_t14_v1
324774808,f_cl_clo_exf_eu_7_2_t11_v1
324799003,f_cl_clo_v2f_f_1_9_t6_v1
324810136,f_ta_tat_x6_016_t0_v0
324836074,vem_cmod_neonlay_5_t21_v1
325001513,packed_mp_veh_mod_idx_s_20_v265
325006388,packed_mp_veh_mod_idx_s_10_v172
325175489,vem_smod_whlv114_t66_v3
325196207,f_cl_clo_smf_ph_0_15_t14_v1
325271325,packed_mp_veh_mod_idx_s_7_v260
325392140,ve_zorrusso_t0_v3
325421743,dec_vw_aw_2s_3
325475381,vem_supermod_10_4_t51_v3
325543942,f_cl_clo_h3f_l_5_14_t4_v1
325552702,packed_mp_veh_mod_idx_2_v183
325555180,m_cl_clo_grm_decl_36_t100_v0
325604393,vem_rwd_spt_04_t19_v3
325697804,f_cl_clo_l2f_u_7_12_t11_v1
325724215,m_cl_clo_grm_ph_1_5_t14_v1
325727904,vem_smod5_whlv142_t66_v3
325821468,vem_colour_extra_1_mct_classic_sandy_brown_t24_v3
325878628,packed_mp_veh_secondary_colour_group_v276
325996603,f_cl_clo_fxf_l_0_12_t4_v1
326111831,packed_mp_veh_window_tint_0_v380
326128360,f_cl_clo_bhf_decl_30_t11_v1
326153763,packed_mp_veh_mod_idx_3_v409
326195833,m_ta_tat_fx_002_t0_v0
326391742,vem_smod_whlv210_t66_v3
326418513,packed_mp_veh_mod_idx_8_v232
326433136,vem_rwd_suv_14_t19_v3
326438926,vem_colour_extra_1_mct_classic_black_t24_v3
326472956,f_cl_clo_trf_u_8_14_t11_v1
326503465,packed_mp_veh_mod_idx_11_v408
326560204,packed_mp_veh_mod_idx_s_16_v167
326568947,packed_mp_veh_mod_idx_s_12_v370
326594033,packed_mp_veh_colour_extra2_0_v403
326715634,m_cl_clo_busm_t_0_12_t7_v1
326782485,packed_ng_vehicle_neon_v60
326822292,packed_mp_veh_mod_idx_10_v59
326896093,packed_mp_veh_mod_idx_s_12_v311
326933771,m_cl_clo_grm_b_1_18_t1_v1
327001847,vem_colour_1_mct_classic_rolled_steel_t24_v1
327081285,packed_mp_veh_mod_idx_s_4_v186
327310338,f_cl_clo_scf_ey_0_0_t14_v1
327328536,f_cl_clo_hstm_u_3_1_t11_v1
327337558,m_cl_clo_fxm_pe_5_9_t14_v1
327341828,packed_mp_veh_wheel_type_0_v177
327343576,f_cl_clo_grf_u_2_15_t11_v1
327422229,packed_mp_veh_mod_idx_14_v172
327424631,f_cl_clo_awf_b_12_13_t1_v1
327475651,packed_ng_vehicle_bpt_v241
327550843,packed_ng_vehicle_neon_kit_v329
327558695,m_cl_clo_bhm_l_0_0_t4_v1
327735062,m_cl_clo_sbm_u_11_20_t11_v1
327777108,m_cl_clo_scm_u_48_12_t11_v1
327791014,m_cl_clo_exm_ob_14_t3_v12
328018140,m_cl_clo_vwm_pey_114_t14_v1
328027741,vem_supermod_10_11_t51_v11
328102673,f_cl_clo_fxf_u_9_4_t11_v1
328129202,wp_gsa_type_r_t0_v7
328144399,packed_mp_veh_wheel_type_0_v5
328336406,vem_supermod_0_0_t41_v6
328350403,vem_fender_r_3_n1_t37_v27
328379063,f_cl_outfit_clo_stf_o_1_t12_v0_cesp
328384602,wp_wct_c_tint_31_t2_v56_n2
328423717,packed_mp_veh_mod_idx_s_3_v315
328453594,f_cl_clo_x6f_f_15_1_t6_v1
328513238,m_cl_clo_x2m_ht_4_6_t14_v1
328525326,ve_suntrap_t0_v0
328527421,packed_mp_veh_mod_idx_15_v383
328557630,vem_supermod_10_6_t51_v26
328603700,m_cl_clo_vwm_decl_8_t100_v0
328651170,vem_colour_2_mct_metallic_sienna_brown_t25_v33
328652752,f_cl_outfit_clo_stf_o_17_t12_v0
328678877,f_cl_clo_vwf_u_19_1_t11_v1
328738915,m_cl_clo_trm_u_11_0_t11_v1
328752686,packed_mp_veh_mod_idx_s_14_v181
328753514,m_cl_clo_grm_ph_3_5_t14_v1
328814761,m_cl_clo_bhm_u_14_15_t11_v1
328824336,vem_colour_extra_1_mct_metallic_candy_red_t24_v0
328846897,wp_wct_c_tint_18_t2_v47_n2
328897379,f_cl_clo_x6f_o_o_0_t3_v12
328965930,packed_mp_veh_mod_idx_s_15_v263
328969350,f_cl_clo_vwf_u_4_5_t11_v1
329129148,f_cl_clo_awf_b_12_11_t1_v1
329296144,packed_mp_veh_mod_idx_s_13_v143
329315642,f_cl_clo_stf_ht15_9_t14_v1
329373522,vem_bumper_r_19_t35_v0
329399791,m_cl_clo_hstm_b_15_1_t1_v1
329559543,vem_insurance_khamel
329606695,vem_colour_1_mct_classic_anthr_black_t24_v4
329614590,m_cl_clo_hp_o_4_t8_v12
329644303,wp_wm_tint5_t2_v57
329683698,vem_chassis_1_n1_t4_v38
329688090,vem_colour_1_mct_metallic_sandy_brown_t24_v2
329690882,m_cl_clo_hstmb_21_4_t1_v1
329744154,wp_wct_muzz7_t1_v8_n2
329747620,m_cl_outfit_clo_h4m_o_l2_m4_t12_v0
329858549,f_cl_clo_ltsf_d_1_t11_v1
330042229,f_cl_clo_trf_ph_1_0_t14_v1
330059611,m_cl_clo_grm_ph_2_5_t14_v1
330148878,packed_mp_veh_mod_idx_1_v97
330181386,f_cl_u_fmf_0_2_t8_v0
330286647,m_cl_clo_iem_u_4_11_t11_v1
330395506,vem_supermod_23_0_t64_v17
330474705,m_cl_clo_hilf_u_1_3_t11_v1
330549239,vem_rwd_loride_02_t19_v3
330565929,packed_lr_vehicle_colour_6_v67
330600347,f_cl_clo_grf_ph_4_12_t14_v1
330708971,packed_mp_veh_mod_idx_s_23_v290
330780982,m_cl_clo_smm_decl_4_t100_v0
330811718,packed_lr_vehicle_colour_5_v225
330967593,vem_colour_mct_none_140
331004078,packed_mp_veh_mod_idx_23_v299
331021390,packed_mp_veh_mod_idx_s_15_v372
331054977,f_cl_clo_vwf_u_6_4_t11_v1
331159556,f_cl_clo_grf_decl_5_t11_v1
331188573,packed_mp_veh_mod_idx_s_8_v193
331240699,packed_mp_veh_mod_idx_s_3_v358
331279962,m_cl_clo_hst_a_9_t8_v2
331321769,f_cl_clo_h4f_b_4_8_t1_v1
331345565,vem_horn_luxe2_t10_v26
331396739,m_cl_clo_x6m_b_2_1_t1_v1
331650973,packed_mp_veh_livery_0_v200
331716489,f_cl_clo_grf_b_1_10_t1_v1
331725374,packed_mp_veh_colour2_0_v352
331782127,f_cl_clo_h4f_decl_55_t100_v0
331849373,packed_mp_veh_mod_idx_14_v48
331870439,packed_ng_vehicle_smoke_v227
331900368,packed_mp_veh_mod_idx_s_5_v254
331957666,m_cl_clo_sum_l_1_20_t4_v1
332003175,packed_mp_veh_mod_idx_13_v376
332038482,vem_spoiler_3_t14_v29
332088035,packed_mp_veh_primary_colour_group_v325
332128584,packed_mp_veh_colour_extra1_0_v76
332181256,m_cl_clo_grm_decl_14_t11_v1
332276985,m_cl_clo_x4m_u_10_9_t11_v1
332366495,f_cl_clo_sbf_f_3_16_t6_v1
332372112,vem_horn_cnote_c0_t10_v27
332426709,packed_mp_veh_colour1_0_v342
332652821,f_cl_clo_hst_e_2_0_t14_v1
332708318,vem_insurance_revolter
332721789,ve_ninef_t0_v3
332737123,f_ta_tat_sb_057_t0_v0
332739635,packed_mp_veh_mod_idx_16_v217
332892375,packed_ng_vehicle_bpt_v173
333202179,m_ha_hair_beard15_t1_v1
333286200,f_cl_clo_smf_decl_13_t100_v0
333526332,service_earn_ambient_job_bicycle_time_trial
333558377,f_cl_clo_valf_u_0_3_t11_v1
333614896,f_cl_clo_hstf_u_0_2_t11_v1
333644425,vem_cmod_smoke_11_t18_v31
333651846,f_cl_clo_smf_ph_8_21_t14_v1
333765692,packed_mp_veh_mod_idx_s_8_v161
333776998,m_cl_outfit_clo_h4m_o_h1_m3_t12_v0
333779135,packed_mp_int_truck_mod_slot_10_v0
333793287,packed_mp_veh_mod_idx_s_19_v150
333912653,packed_mp_veh_primary_colour_group_v189
334142537,packed_mp_veh_mod_idx_4_v60
334180784,vem_spoiler_5_t14_v3
334319431,m_cl_outfit_clo_x6m_o_o_2_t12_v0
334326841,packed_mp_veh_mod_idx_22_v92
334362859,f_cl_clo_hst_f_a_6_t8_v1
334630676,f_cl_clo_bif_l_3_1_t4_v1
334720775,packed_mp_veh_mod_idx_3_v391
334798447,m_cl_outfit_clo_hp_o_5_t12_v0
334809431,packed_mp_veh_mod_idx_s_7_v5
334861673,m_cl_clo_jam_o_2_t100_v0
334899820,packed_mp_veh_mod_idx_s_7_v144
334909789,packed_ng_vehicle_neon_v45
334910088,packed_mp_veh_mod_idx_23_v173
334942937,m_cl_clo_l2m_e_15_1_t14_v1
334989535,f_cl_clo_x6f_u_12_6_t11_v1
335055149,vem_colour_extra_1_mct_metals_gold_s_t24_v1
335065385,m_ha_cc_lipstick_8_t8_v1
335075850,packed_mp_veh_mod_idx_9_v182
335116217,packed_mp_veh_mod_idx_s_20_v0
335180029,m_cl_outfit_clo_h3m_o_dh_22_t12_v0
335332215,m_cl_clo_bim_u_12_1_t11_v1
335396516,packed_mp_veh_mod_idx_s_6_v377
335561568,packed_ng_vehicle_smoke_v335
335565727,f_cl_clo_hstf_o_12_t3_v12
335669463,m_cl_o_fmm_s2_t8_v12
335771633,packed_mp_veh_mod_idx_s_7_v19
335777280,packed_mp_veh_mod_idx_3_v40
335788053,packed_mp_veh_mod_idx_22_v356
335790885,packed_mp_veh_mod_idx_s_22_v76
335828727,packed_mp_veh_mod_idx_s_11_v354
335937014,vem_supermod_9_3_t50_v27
335939165,packed_lr_vehicle_colour_6_v354
335956962,vem_cmod_pla_0_t23_v5
335975312,m_cl_clo_vwm_u_8_14_t11_v1
336021589,f_cl_clo_busf_f_0_8_t6_v1
336043965,packed_mp_veh_mod_idx_11_v298
336101817,f_cl_clo_hp_f_u_1_1_t11_v1
336207607,vem_cmod_win_2_t33_v27
336227769,vem_cmod_tyr_pat_t18_v10
336325074,m_cl_clo_arm_o_20_t7_v12
336333785,vem_colour_extra_1_mct_pearlescent_graphite_t24_v1
336446645,m_cl_clo_vwm_b_4_0_t1_v1
336525812,packed_mp_veh_mod_idx_22_v59
336606526,f_cl_clo_grf_ph_5_0_t14_v1
336833971,f_cl_clo_x2f_ht_2_2_t14_v0
336884789,packed_mp_veh_mod_idx_16_v67
336918962,packed_mp_veh_mod_idx_s_14_v339
336952040,f_ta_tat_h4_014_t0_v0
336986019,packed_mp_veh_mod_idx_16_v379
336987006,packed_mp_veh_mod_idx_s_10_v132
336993973,packed_mp_veh_mod_idx_s_9_v236
336998374,packed_ng_vehicle_bpt_v367
337034929,m_cl_clo_exm_au_11_1_t11_v1
337043811,f_cl_clo_exf_au_15_0_t11_v1
337048576,packed_mp_veh_mod_idx_7_v161
337115526,m_cl_outfit_clo_ltsm_o_10_t12_v0
337131724,vem_roof_1_t12_v26
337183323,vem_cmod_neonlay_7_t21_v27
337187315,m_cl_clo_indm_d_22_t8_v1
337244972,packed_mp_veh_mod_idx_12_v363
337268534,packed_mp_veh_mod_idx_s_16_v7
337337192,m_cl_clo_iem_u_5_3_t11_v1
337341552,f_cl_clo_x6f_f_12_15_t6_v1
337342617,m_cl_clo_stm_o_1_t3_v12
337491247,m_ta_tat_x2_012_t0_v0
337507755,packed_mp_veh_colour_extra1_0_v271
337667675,packed_mp_veh_mod_idx_10_v95
337681074,vem_colour_1_mct_classic_sunrise_orange_t24_v4
337847314,f_cl_clo_vwf_u_21_1_t11_v1
337904648,packed_mp_veh_mod_idx_12_v119
338115350,vem_smod5_whlv60_t66_v3
338204624,m_cl_clo_arm_ph_0_16_t14_v1
338223967,vem_smod2_whlv5_t66_v3
338338322,m_ta_tat_bi_056_t0_v0
338366907,vem_colour_1_mct_metallic_black_steel_t24_v4
338370083,packed_lr_vehicle_colour_6_v325
338450723,f_cl_clo_h2f_f_3_16_t6_v1
338519565,packed_mp_veh_window_tint_0_v84
338519700,f_cl_f_fmf_14_9_t6_v0
338520264,packed_ng_vehicle_smoke_v404
338621783,f_cl_l_fmf_12_2_t4_v0
338688989,m_cl_clo_bim_ph_12_4_t14_v1
338704052,vem_insurance_regina
338735618,vem_colour_mct_none_67
338760948,packed_mp_veh_mod_idx_s_23_v372
338783567,wp_wt_tecpistol_t0_v0
338857693,ie_wh_index_10_t0_v0
338892784,m_cl_clo_x6m_u_10_7_t11_v1
338893542,vem_colour_extra_1_mct_metallic_ultra_blue_t24_v2
338901913,m_cl_clo_hstm_t_2_5_t7_v1
338911770,m_cl_clo_x2m_b_0_0_t1_v1
339057685,f_ha_cc_blush_0_t6_v0
339072421,vem_colour_extra_1_mct_metallic_flur_yellow_t24_v3
339263753,f_cl_clo_h4f_t_13_8_t7_v1
339274628,f_cl_clo_ief_u_20_15_t11_v1
339332307,f_cl_clo_valf_b_0_1_t1_v1
339408949,ve_hacker_truck_t0_v0
339507921,vem_spoiler_3_t14_v0
339520844,f_cl_clo_x6f_f_12_21_t6_v1
339545115,packed_mp_veh_mod_idx_2_v13
339549333,f_cl_clo_trf_u_8_4_t11_v1
339565403,wp_wct_tint_28_t2_v47_n2
339601935,packed_mp_veh_mod_idx_15_v354
339644762,packed_mp_veh_mod_idx_s_11_v191
339698903,m_cl_clo_valm_b_0_1_t1_v1
339711528,wp_wct_tint_22_t2_v46_n2
339781885,vem_smod_whlv208_t66_v3
339789602,pr_pm_bfurniture_1_t0_v0
339862858,packed_mp_veh_mod_idx_s_23_v214
339903636,vem_colour_extra_1_mct_metallic_dark_green_t24_v33
339904485,f_cl_g_fmf_1_5_t14_v0
340036747,packed_mp_veh_mod_idx_s_8_v76
340060791,mt_snk_item2_t0_v0
340117596,vem_horn_clas2_t10_v30
340244479,vem_insurance_imperator2
340305782,packed_mp_veh_window_tint_0_v129
340311434,packed_mp_veh_mod_idx_s_9_v205
340336739,packed_mp_veh_mod_idx_s_15_v98
340467083,f_cl_clo_suf_u_4_3_t11_v1
340471188,f_cl_clo_ltsfb_0_1_t1_v1
340474374,packed_mp_veh_mod_idx_16_v181
340556720,vem_musc_16_t19_v2
340589222,vem_smod5_whl_14_t19_v3
340631872,packed_mp_veh_mod_idx_s_15_v81
340690932,packed_mp_veh_mod_idx_16_v340
340719058,vem_supermod_9_2_t50_v27
340760036,packed_mp_veh_mod_idx_15_v288
340798568,vem_colour_extra_1_mct_matte_matte_od_t24_v1
340816559,vem_smod4_whl_13_t19_v3
340825295,mp_stat_factorysetup0_v0
340962444,m_cl_clo_lxm_u_8_0_t11_v1
340991546,packed_mp_veh_colour_extra1_0_v114
341017712,packed_mp_veh_mod_idx_s_4_v310
341019496,vem_supermod_3_32_t44_v6
341033629,packed_mp_veh_mod_idx_s_22_v61
341114444,f_cl_clo_sbf_u_18_13_t11_v1
341196025,packed_mp_veh_mod_idx_s_15_v393
341430417,dec_vw_aw_mt_1c
341433995,f_cl_clo_v2f_l_0_4_t4_v1
341482997,packed_ng_vehicle_bpt_v196
341506215,f_cl_he_fmf_16_6_t14_v0
341631215,vem_colour_1_mct_metallic_race_yellow_t24_v3
341634534,packed_mp_veh_mod_idx_24_v91
341635151,packed_lr_vehicle_colour_5_v176
341666020,f_cl_clo_awf_decl_73_t100_v0
341692300,packed_mp_veh_mod_idx_16_v201
341692920,packed_mp_veh_mod_idx_s_19_v35
341730884,m_cl_clo_x6m_ph_1_17_t14_v1
341896357,vem_colour_extra_1_mct_classic_salmon_pink_t24_v3
341978063,f_cl_clo_fxf_l_1_23_t4_v1
341988235,packed_mp_veh_mod_idx_s_0_v310
342057819,vem_supermod_4_9_t45_v26
342058076,f_cl_clo_exf_au_3_0_t11_v1
342076845,m_ta_tat_sm_019_t0_v0
342095976,f_cl_clo_arf_o_9_t3_v12
342234465,packed_mp_veh_mod_idx_s_4_v34
342254012,m_cl_clo_s2m_u_6_5_t11_v1
342258473,packed_mp_veh_livery_0_v172
342300599,packed_mp_veh_mod_idx_s_21_v202
342303545,vem_grill_12_t8_v3
342387735,packed_ng_vehicle_neon_kit_v374
342420559,vem_supermod_7_0_t48_v38
342422915,m_cl_clo_h3m_u_11_20_t11_v1
342474607,vem_roof_13_t12_v1
342481486,f_cl_clo_bhf_decl_20_t100_v0
342555160,mp_stat_multstorey_gar_tint_f3_v0
342608434,m_cl_clo_fxm_l_4_10_t4_v1
342630829,packed_mp_veh_mod_idx_23_v223
342635362,packed_mp_veh_colour_extra1_0_v333
342656546,vem_colour_2_mct_metallic_sunset_red_t25_v2
342698993,packed_mp_veh_mod_idx_9_v314
342725772,vem_armour_3_t1_v26
342805145,m_cl_clo_h3m_ph_10_3_t14_v1
342839158,vem_colour_extra_1_mct_classic_racing_green_t24_v2
342967118,vem_colour_1_mct_metallic_flur_yellow_t24_v4
342967806,wp_wm_tint7_t2_v93
342976398,f_ha_cc_f_hs_22_t0_v2
343064487,mp_stat_mpsv_model_26
343066707,vem_colour_1_mct_classic_diamond_blue_t24_v33
343122064,packed_mp_veh_mod_idx_s_9_v261
343183764,m_cl_clo_vwm_ph_1_3_t14_v1
343282025,packed_mp_veh_colour1_0_v197
343304064,packed_ng_vehicle_neon_kit_v131
343324197,mp_stat_mpsv_model_394
343363649,vem_colour_1_mct_classic_wine_red_t24_v0
343400424,vem_rwd_drft_14_t19_v3
343452964,packed_mp_veh_mod_idx_s_13_v126
343499812,vem_colour_2_mct_classic_light_blue_t25_v1
343514578,f_cl_clo_h4f_o_l1_f4_t8_v12
343595045,vem_colour_2_mct_metallic_surf_blue_t25_v2
343627634,vem_musc_12_t19_v0
343658273,vem_smod4_whlv78_t66_v2
343680712,packed_mp_veh_primary_colour_group_v275
343686632,packed_mp_char_yacht_color_v0
343734732,vem_spoiler_0_t14_v38
343747541,packed_mp_veh_mod_idx_s_8_v20
343782024,packed_mp_veh_plate_id_v6
343842734,packed_mp_veh_colour1_0_v162
344048999,packed_mp_veh_mod_idx_s_3_v147
344156244,packed_mp_veh_mod_idx_s_1_v322
344159519,packed_mp_veh_mod_idx_4_v115
344181571,packed_mp_veh_mod_idx_s_11_v235
344298990,packed_mp_veh_mod_idx_s_20_v110
344343333,packed_mp_veh_mod_idx_0_v287
344361234,packed_mp_veh_mod_idx_s_11_v114
344371978,packed_mp_veh_mod_idx_11_v412
344522124,m_cl_clo_sum_u_6_3_t11_v1
344534978,f_cl_clo_x3f_u_1_12_t11_v1
344551564,packed_ng_vehicle_smoke_v141
344671698,m_cl_clo_h3m_o_fib_1_t3_v12
344672310,f_cl_clo_indf_d_4_t8_v1
344733760,vem_colour_2_mct_classic_diamond_blue_t25_v2
344870415,vem_hood_25_t9_v3
344916617,m_cl_clo_x6m_rw_2_1_t14_v1
345096932,dec_vw_aw_mt_15b
345124197,vem_racecar_whl16_t19_v3
345132609,vem_colour_extra_1_mct_pearlescent_lime_green_t24_v4
345173878,vem_exhaust_0_t6_v7
345180537,packed_mp_veh_mod_idx_2_v368
345288916,m_cl_l_fmm_9_7_t4_v0
345376188,wp_wct_c_tint_30_t2_v8_n2
345380023,packed_mp_veh_mod_idx_s_20_v142
345387741,f_cl_clo_x6f_u_30_22_t11_v1
345407261,packed_mp_veh_mod_idx_5_v365
345487049,packed_mp_veh_mod_idx_s_9_v169
345493427,wp_gsa_type_r_t0_v93
345551457,packed_mp_veh_primary_colour_group_v256
345710545,f_cl_g_fmf_9_0_t14_v0
345719422,vem_colour_2_mct_metallic_graphite_t25_v33
345756610,vem_colour_1_mct_metallic_gold_t24_v3
345764329,packed_mp_veh_mod_idx_s_5_v116
345790120,vem_supermod_4_10_t45_v27
345839872,f_cl_clo_vwf_ph_1_14_t14_v1
345914874,mp_stat_mpsv_model_46
345915886,f_cl_clo_smf_o_0_t3_v12
346036789,f_cl_outfit_clo_stf_o_17_t12_v0_cesp
346043065,dec_vw_aw_wh_48
346054890,m_cl_clo_lxm_u_8_2_t11_v1
346081385,m_cl_clo_awm_l_3_7_t4_v1
346113300,m_cl_clo_h4m_pey_2_0_t14_v1
346113307,packed_mp_veh_mod_idx_16_v265
346142806,vem_cmod_tyr_11_t18_v31
346210311,mp_stat_mpsv_model_25
346308441,packed_mp_veh_mod_idx_s_18_v119
346357919,packed_mp_veh_mod_var_0_v404
346397662,packed_mp_veh_wheel_type_0_v374
346434253,packed_mp_veh_mod_idx_0_v229
346549466,wp_ps_bag_65_t1_v33
346623080,packed_mp_veh_secondary_colour_group_v389
346676608,packed_mp_veh_mod_idx_0_v70
346685028,m_cl_clo_fxm_ph_1_14_t14_v1
346693562,packed_mp_veh_mod_idx_11_v280
346727323,packed_mp_veh_mod_idx_s_1_v99
346753850,packed_mp_veh_mod_idx_10_v413
346816037,packed_mp_veh_mod_idx_13_v182
347026586,m_cl_clo_bim_u_9_2_t11_v1
347079629,f_cl_clo_suf_decl_25_t11_v1
347103922,wp_wm_tint5_t2_v2
347125473,packed_mp_veh_mod_idx_8_v92
347132675,f_cl_t_fmf_1_0_t7_v0
347219945,f_cl_clo_h4f_b_0_15_t1_v1
347333104,vem_supermod_0_11_t41_v7
347353341,f_cl_clo_fxf_u_7_23_t11_v1
347488878,fchub_mod4_3_t0_v0
347517646,vem_supermod_3_33_t44_v27
347544845,vem_supermod_7_15_t48_v3
347603295,dec_vw_aw_ss_43a
347718022,packed_mp_veh_mod_idx_15_v167
347742088,f_cl_clo_grf_u_12_10_t11_v1
347767238,packed_mp_veh_mod_idx_13_v176
347827963,f_ha_cc_mkup_15_t7_v0
347869178,packed_mp_veh_livery_0_v7
347871828,vem_colour_1_mct_classic_creek_brown_t24_v3
347891566,dec_vw_aw_wv_83
347892586,m_cl_clo_vwm_u_2_7_t11_v1
347901655,m_cl_clo_h2m_o_g_1_t3_v12
347973325,vem_supermod_5_12_t46_v11
348054666,packed_mp_veh_mod_idx_11_v319
348127557,packed_mp_veh_mod_idx_22_v163
348147416,vem_supermod_17_1_t58_v38
348278809,packed_mp_veh_colour1_0_v200
348319999,vem_colour_1_mct_matte_might_purple_t24_v4
348364716,packed_mp_veh_mod_idx_9_v28
348447027,m_ta_tat_x2_022_t0_v0
348511802,m_cl_clo_busm_t_1_13_t7_v1
348555776,f_cl_clo_exf_decl_9_t11_v1
348559314,packed_mp_veh_mod_idx_s_5_v91
348564135,packed_mp_veh_mod_idx_s_2_v283
348624952,f_cl_clo_bif_u_31_2_t11_v1
348660118,packed_mp_veh_mod_idx_8_v383
348662183,packed_mp_veh_mod_idx_3_v177
348680446,m_cl_clo_sum_u_15_18_t11_v1
348798114,m_cl_clo_scm_u_48_22_t11_v1
348829360,packed_mp_veh_mod_idx_s_7_v202
348880851,f_cl_u_fmf_13_8_t8_v0
349003202,f_cl_u_fmf_13_13_t11_v0
349052039,m_cl_clo_h3m_ph_10_1_t14_v1
349083597,packed_mp_veh_mod_idx_s_11_v244
349108939,f_cl_clo_s2f_u_6_11_t11_v1
349218846,vem_supermod_9_4_t50_v11
349223755,m_cl_l_fmm_2_11_t4_v0
349267922,packed_mp_veh_mod_idx_s_8_v390
349399495,packed_mp_veh_livery2_0_v244
349429787,m_ta_tat_h4_018_t0_v0
349499960,vem_rwd_spt_07_t19_v12
349503172,f_ha_cc_f_hs_3_t0_v0
349531135,m_cl_clo_x4m_u_10_7_t11_v1
349536816,vem_supermod_58_11_t58_v7
349583965,packed_mp_veh_mod_idx_s_21_v320
349670647,f_cl_outfit_clo_awf_o_d_8_t12_v0
349696670,f_cl_clo_bbf_u_3_6_t11_v1
349718257,f_cl_clo_bhf_u_15_7_t11_v1
349745695,vem_colour_2_mct_classic_salmon_pink_t25_v2
349765861,f_cl_clo_hp_f_u_5_0_t11_v1
349843279,m_cl_clo_bhm_decl_51_t11_v1
349943094,m_cl_clo_vwm_u_2_1_t11_v1
349976640,wp_wct_tint_11_t2_v47_n2
350061765,packed_mp_veh_mod_var_0_v70
350129997,f_cl_clo_fxf_l_5_20_t4_v1
350188570,f_cl_clo_bhf_decl_36_t100_v0
350188918,vem_colour_1_mct_classic_orange_t24_v3
350198869,packed_ng_vehicle_bpt_v310
350261099,m_cl_clo_val_decl_c_t11_v1
350352163,packed_mp_veh_mod_idx_s_10_v325
350454272,packed_mp_veh_mod_idx_s_21_v241
350530812,packed_mp_veh_secondary_colour_group_v236
350570626,packed_mp_veh_colour2_0_v248
350841989,f_cl_clo_l2f_o_8_t8_v12
350867608,m_cl_clo_exm_eu_10_2_t8_v2
350990551,packed_mp_veh_mod_idx_s_7_v183
351010680,vem_fender_l_0_t36_v10
351108785,vem_grill_7_t8_v35
351115212,packed_mp_veh_mod_idx_s_21_v213
351139499,vem_suv_06_t19_v2
351172305,vem_supermod_59_12_t59_v7
351176636,packed_mp_veh_mod_idx_2_v383
351232066,ve_blimp3_t1_v1
351271074,wp_wct_c_tint_26_t2_v5_n2
351338708,packed_mp_veh_mod_var_0_v35
351380156,packed_mp_veh_mod_idx_s_9_v252
351448843,packed_mp_veh_mod_idx_2_v202
351477941,packed_mp_veh_mod_idx_s_20_v230
351496068,vem_supermod_49_21_t49_v7
351532958,packed_mp_veh_mod_idx_s_7_v31
351548651,packed_mp_veh_wheel_type_0_v310
351587447,f_cl_clo_suf_u_19_8_t11_v1
351603241,f_cl_clo_lxf_o_2_t3_v12
351635765,vem_supermod_23_23_t64_v34
351664862,vem_bumper_f_1_t34_v3
351677748,packed_mp_veh_mod_idx_s_22_v171
351724313,vem_supermod_23_4_n1_t64_v33
351751766,packed_mp_veh_colour2_0_v211
351828608,m_cl_clo_exm_eu_5_1_t11_v1
351838023,f_cl_clo_h3f_ph_9_4_t14_v1
351919999,f_cl_clo_scf_l_13_16_t4_v1
351956134,packed_mp_veh_mod_idx_s_1_v312
351968443,vem_supermod_15_4_n1_t56_v38
351969769,packed_mp_veh_mod_idx_2_v230
352098713,m_cl_clo_bus_p_1_4_t14_v1
352118571,packed_mp_veh_mod_var_0_v105
352247175,m_cl_clo_bus_p_1_10_t14_v1
352468545,f_cl_clo_grf_u_9_14_t11_v1
352470325,packed_mp_veh_primary_colour_group_v323
352478092,f_cl_clo_smf_b_5_20_t1_v1
352520270,packed_mp_veh_mod_idx_18_v119
352625398,f_ha_cc_mkup_1_t7_v1
352752437,packed_mp_veh_livery_0_v123
352779112,packed_mp_veh_mod_idx_s_16_v171
352915184,m_cl_clo_bus_p_1_5_t14_v1
353060918,vem_supermod_43_22_t43_v7
353081276,packed_mp_veh_mod_idx_5_v69
353178418,packed_mp_veh_mod_idx_10_v269
353339605,f_cl_l_fmf_1_4_t4_v0
353346008,packed_mp_veh_mod_idx_s_9_v269
353359884,vem_skirt_0_t13_v29
353422649,f_cl_u_fmf_7_0_t11_v0
353486106,f_cl_clo_fxf_u_14_2_t11_v1
353537293,vem_smod4_whlv6_t66_v0
353789053,f_ta_tat_h3_017_t0_v0
353790472,m_cl_clo_x6m_u_1_5_t11_v1
353793963,f_cl_clo_x6f_u_30_11_t11_v1
353897707,vem_suspension_1_t15_v38
353935020,m_cl_outfit_clo_h3m_o_sh_34_t12_v0
353980089,m_ta_tat_bi_009_t0_v0_cesp
354003176,f_cl_clo_grf_u_19_19_t11_v1
354040651,f_cl_clo_scf_l_13_7_t4_v1
354095276,packed_mp_veh_mod_idx_8_v392
354385036,m_cl_outfit_clo_s1m_o_7_t12_v0
354400580,f_cl_clo_awf_u_1_14_t11_v1
354427719,vem_colour_1_mct_classic_blue_silver_t24_v3
354607057,vem_smod4_whlv175_t66_v0
354640841,f_cl_clo_bif_pw_7_1_t14_v1
354663477,vem_smod3_whlv93_t66_v3
354675129,f_cl_clo_fxf_l_1_15_t4_v1
354686091,packed_mp_veh_primary_colour_group_v199
354730162,ve_frogger_t0_v0_cesp
354758141,m_cl_outfit_clo_trm_o_l1_t12_v0
354801458,m_cl_clo_hst_a_6_t8_v2
354873775,packed_ng_vehicle_insurance_v159
354976082,packed_mp_veh_mod_idx_s_0_v57
355143081,packed_mp_veh_mod_idx_2_v189
355280953,vem_smod4_whlv56_t66_v3
355318744,f_cl_clo_exf_eu_9_1_t8_v2
355344804,m_cl_clo_iem_ph_0_11_t14_v1
355389194,packed_mp_veh_colour1_0_v297
355473075,wp_wct_tint_22_t2_v8_n2
355483536,wp_wm_tint7_t2_v46
355526204,f_cl_clo_vwf_pw_7_2_t14_v1
355674993,packed_mp_veh_mod_idx_1_v41
355750968,f_cl_clo_suf_u_17_18_t11_v1
355757310,vem_supermod_6_0_t47_v27
355769349,packed_mp_veh_mod_idx_s_11_v272
355781550,dec_vw_aw_mt_17d
355818079,vem_colour_extra_1_mct_metallic_straw_brown_t24_v33
355954822,packed_mp_veh_mod_idx_s_10_v354
355972692,f_cl_clo_exf_eu_108_t11_v1
356019668,m_cl_clo_vwm_u_19_0_t11_v1
356094294,packed_mp_veh_mod_idx_s_21_v176
356117397,packed_mp_veh_mod_idx_s_9_v407
356139268,packed_mp_veh_mod_idx_s_3_v151
356254752,m_cl_clo_hstm_o_b_0_t3_v12
356276336,f_cl_clo_grf_ph_2_24_t14_v1
356369507,m_cl_clo_grm_b_0_23_t1_v1
356372958,ve_speedo_t0_v0
356473163,packed_mp_veh_mod_idx_s_19_v47
356591243,packed_mp_veh_mod_idx_9_v88
356626457,f_cl_clo_x3f_b_3_5_t1_v1
356769397,packed_mp_veh_mod_idx_s_18_v333
356796983,f_ta_tat_vw_017_t0_v0
356835714,vem_rwd_drft_14_t19_v0
356860333,vem_cmod_hrn_mus2_t10_v31
356875098,f_cl_outfit_clo_x5f_o_a_3_b_t12_v0
356893199,packed_mp_veh_mod_idx_s_3_v185
357111380,packed_mp_veh_mod_idx_s_14_v269
357145351,m_cl_clo_x6m_o_o_19_t3_v12
357164643,vem_turbo_0_t17_v3
357208838,packed_mp_int_truck_mod_slot_9_v0
357257965,vem_hood_2_t9_v1
357469146,packed_mp_veh_mod_idx_s_11_v108
357472589,vem_supermod_3_2_t44_v3
357609201,packed_mp_veh_mod_idx_s_2_v80
357609780,packed_mp_veh_mod_idx_s_15_v108
357628009,vem_supermod_23_0_t64_v25
357694550,m_cl_outfit_clo_h2m_o_g_0_t12_v0
357722414,vem_roof_3_t12_v2
357729430,packed_lr_vehicle_colour_6_v54
357856838,packed_mp_veh_mod_idx_22_v110
357879764,vem_supermod_2_2_t43_v26
357889821,m_cl_clo_h3m_u_5_6_t11_v1
357902548,packed_mp_veh_wheel_type_0_v213
357909680,vem_insurance_imorgon
357925343,hangar_contraband_mission_1_t0_v0
357927114,m_cl_clo_grm_ph_4_13_t14_v1
357985631,vem_supermod_15_6_t56_v26
358007530,m_cl_clo_sum_l_1_16_t4_v1
358074951,m_cl_clo_x6m_u_22_2_t11_v1
358095528,vem_smod_whlv128_t66_v0
358204026,mp_stat_mpsv_model_285
358233302,packed_ng_vehicle_bpt_v383
358301335,vem_colour_1_mct_classic_white_t24_v33
358344708,f_ta_tat_h3_027_t0_v0
358360304,f_cl_clo_sbf_u_11_4_t11_v1
358366683,packed_mp_veh_colour_extra1_0_v356
358378637,packed_mp_veh_mod_idx_s_4_v217
358385212,m_cl_clo_bim_s_11_8_t8_v1
358478089,packed_lr_vehicle_colour_5_v182
358480611,vem_cmod_neonlay_4_t21_v3
358555452,packed_mp_veh_mod_idx_4_v313
358558555,vem_rwd_loride_11_t19_v2
358562525,m_cl_clo_h3m_ph_6_20_t14_v1
358563674,packed_ng_vehicle_smoke_v310
358681408,m_cl_clo_bim_u_7_2_t11_v1
358854372,packed_mp_veh_mod_idx_4_v235
358968809,packed_mp_veh_mod_idx_13_v323
359049112,pr_mp_prop_69_t0_v0
359083283,packed_mp_veh_window_tint_0_v119
359113777,vem_smod4_whlv167_t66_v0
359116681,wp_wct_tint_27_t2_v21_n2
359129742,m_cl_clo_exm_eu_10_1_t11_v1
359318454,packed_mp_veh_mod_idx_0_v290
359319860,f_cl_clo_sbf_f_0_8_t6_v1
359495242,vem_colour_extra_1_mct_pearlescent_woodbeech_brown_t24_v3
359610010,f_cl_clo_sbf_u_18_2_t11_v1
359693233,packed_mp_veh_livery2_0_v53
359718569,vem_colour_2_mct_metallic_black_t25_v3
359754530,m_cl_clo_sum_u_17_15_t11_v2
359824586,m_cl_clo_vwm_d_1_18_t10_v1
359832463,packed_mp_veh_mod_var_1_v202
359867579,f_cl_outfit_clo_awf_o_g_0_t12_v0
359962098,f_cl_clo_hp_f_d_2_t100_v0
360067994,f_cl_f_fmf_5_1_t6_v0
360202256,vem_colour_2_mct_metallic_cream_t25_v4
360216028,m_ha_cc_mkup_3_t7_v0
360347796,mp_stat_mpsv_model_315
360386640,packed_mp_veh_mod_idx_4_v386
360504492,vem_turbo_1_t17_v36
360696346,f_cl_clo_x6f_f_0_5_t6_v1
360726586,packed_mp_veh_mod_var_1_v385
360733108,packed_mp_veh_mod_idx_14_v338
360760007,m_cl_clo_sbm_b_10_18_t1_v1
360775957,vem_supermod_0_7_t41_v27
360787112,packed_ng_vehicle_smoke_v122
360886183,vem_supermod_21_18_t62_v3
361070884,m_cl_clo_trm_u_12_11_t11_v1
361100503,vem_cmod_tyr_3_t18_v37
361156126,m_cl_clo_awm_o_h_6_t3_v12
361350435,m_cl_clo_h4m_b_4_12_t1_v1
361358426,vem_rwd_hiend_11_t19_v12
361432734,dec_vw_aw_mt_26b
361438743,f_cl_clo_scf_ph_0_0_t14_v1
361533056,packed_mp_veh_mod_idx_s_21_v121
361579889,packed_mp_veh_mod_idx_15_v142
361699961,m_cl_clo_vwm_d_1_17_t10_v1
361730410,vem_colour_2_mct_classic_lava_red_t25_v1
361844346,hangar_mod_colour_0_t0_v0
361896221,vem_horn_hween1_t10_v37
361930795,packed_mp_veh_mod_idx_11_v270
361932082,ve_taipan_t0_v3
362090855,packed_mp_veh_mod_idx_2_v52
362093070,f_cl_clo_grf_g_1_11_t3_v1
362106418,packed_mp_veh_colour2_0_v204
362208307,f_cl_clo_jaf_decl_0_t11_v1
362239758,packed_ng_vehicle_neon_v185
362310066,vem_roof_3_t12_v6
362395259,m_cl_clo_x6m_f_12_7_t6_v1
362446474,packed_mp_veh_mod_idx_s_23_v173
362468606,m_cl_clo_s1m_u_0_0_t11_v1
362469123,m_cl_clo_trm_u_11_16_t11_v1
362473253,packed_mp_veh_colour_extra2_0_v223
362572168,vem_colour_2_mct_classic_nautical_blue_t25_v2
362661951,packed_mp_veh_mod_idx_s_3_v133
362714001,vem_rwd_suv_11_t19_v12
362725555,f_cl_clo_sbf_f_6_11_t6_v1
362796869,packed_mp_veh_mod_idx_s_9_v106
362822184,vem_smod4_whlv1_t66_v1
362847219,packed_mp_veh_mod_var_1_v206
362975190,f_cl_clo_ief_u_14_24_t11_v1
363315424,packed_mp_veh_primary_colour_group_v76
363374063,vem_supermod_23_11_n1_t64_v33
363413790,wp_wm_tint1_t2_v12
363446572,packed_mp_veh_mod_idx_24_v19
363450619,f_ha_cc_mkup_71_t5_v0
363503922,m_cl_clo_halm_d_11_t11_v1
363633616,packed_mp_veh_mod_idx_s_17_v409
363719283,vem_hlight_11_t11_v38
363760179,f_cl_g_fmf_1_3_t14_v0
363823022,vem_smod4_whlv13_t66_v1
364010628,packed_mp_veh_mod_idx_s_19_v251
364315283,f_cl_clo_suf_u_17_21_t11_v1
364555086,m_cl_clo_hstm_u_11_0_t11_v1
364564300,vem_supermod_10_11_t51_v26
364840132,packed_mp_veh_mod_idx_s_7_v91
364855526,vem_smod2_whlv0_t66_v3
364974951,packed_mp_veh_mod_idx_s_23_v73
365041169,f_cl_clo_fxf_pe_0_6_t14_v1
365087109,f_cl_clo_l2f_t_0_1_t7_v1
365118358,m_cl_clo_busm_t_1_10_t7_v1
365308397,packed_mp_veh_mod_idx_s_6_v356
365344904,vem_colour_2_mct_metallic_white_t25_v4
365389718,f_cl_clo_hp_f_u_5_2_t11_v1
365586293,dec_vw_aw_mf_1c
365590779,m_cl_clo_bim_decl_37_t11_v1
365668583,m_cl_clo_h4m_b_0_4_t1_v1
365677212,packed_mp_veh_mod_idx_16_v298
365688198,f_cl_clo_stf_ht6_11_t14_v1_cesp
365710438,vem_supermod_21_4_t62_v28
365736216,packed_mp_veh_mod_idx_s_12_v263
365931533,packed_mp_veh_mod_var_0_v195
366001818,f_cl_clo_xmas_m_2_0_t1_v1
366017304,f_cl_outfit_clo_h3f_o_sh_22_t12_v0
366070922,wp_wt_smg_asl_t0_v0
366082156,packed_mp_veh_colour1_0_v325
366110948,m_cl_clo_grm_l_3_15_t4_v1
366138593,packed_mp_veh_mod_idx_23_v153
366171104,m_cl_clo_l2m_dec_24_t100_v0
366246204,m_cl_rstar_dev_1_t11_v1
366290269,packed_mp_veh_mod_idx_s_5_v318
366326665,packed_mp_veh_mod_idx_s_16_v250
366358539,vem_supermod_14_21_t55_v3
366371600,packed_mp_veh_mod_idx_s_3_v406
366379986,vem_colour_extra_1_mct_metallic_saxon_blue_t24_v33
366449338,packed_mp_veh_mod_idx_s_22_v139
366590319,m_cl_clo_stm_h_103_t14_v1
366635217,f_cl_clo_stf_u_7_2_t11_v1
366646674,packed_mp_veh_mod_idx_s_22_v379
366672791,service_spend_personal_vehicle_dropoff
366701585,m_cl_g_fmm_4_2_t14_v0
366720295,m_ta_tat_h27_005_t0_v0
366770225,packed_mp_veh_colour1_0_v37
366772154,m_ta_tat_st_033_t0_v0
366787897,packed_mp_veh_mod_idx_s_2_v29
366814968,packed_mp_veh_mod_idx_s_21_v67
366921469,f_cl_clo_grf_u_22_18_t11_v1
366953078,f_cl_clo_bhf_u_17_1_t11_v1
366999036,f_cl_clo_smf_u_4_7_t11_v1
367013113,m_cl_clo_h2m_u_3_23_t11_v1
367013627,packed_mp_veh_mod_idx_9_v236
367017257,vem_smod2_whlv35_t66_v3
367117630,m_cl_clo_hilf_s_2_3_t8_v2
367198055,packed_mp_veh_mod_idx_10_v367
367222871,f_cl_outfit_clo_v2f_o_5_t12_v0
367275768,vem_fender_l_9_t36_v26
367360897,vem_rwd_hiend_18_t19_v0
367514841,f_cl_clo_awf_o_h_6_t8_v12
367567596,packed_mp_veh_mod_idx_s_5_v332
367638587,f_cl_clo_val_decl_s_t100_v0
367703392,vem_rwd_bikew_34_t19_v3
367713315,m_cl_clo_x6m_ph_1_4_t14_v1
367743710,packed_mp_veh_mod_idx_23_v161
367753461,ve_volatol_t0_v3
367768765,pr_pm_bfont_3_t0_v0
367791056,packed_mp_veh_mod_idx_8_v13
367915275,vem_smod4_whlv4_t66_v0
367924236,packed_mp_veh_livery_0_v213
367954486,m_cl_clo_x6m_l_8_2_t4_v1
368027176,vem_insurance_monster5
368088161,m_cl_clo_smm_b_4_13_t1_v1
368174911,kosatk_fla_39_t0_v1
368339627,ve_mule3_t1_v0
368454063,vem_smod4_whlv56_t66_v1
368501827,packed_ng_vehicle_bpt_v222
368507309,pr_pm_font_9_t0_v0
368524700,vem_colour_1_mct_metallic_spin_purple_t24_v4
368710990,vem_rwd_spt_11_t19_v1
368842188,m_cl_ht_fmm_0_5_t14_v0
368852716,packed_mp_veh_mod_idx_s_20_v318
369080966,vem_colour_1_mct_metallic_light_blue_t24_v33
369132539,f_cl_clo_trf_d_18_0_t10_v1
369210343,f_cl_clo_hp_f_d_27_t11_v1
369289662,packed_mp_veh_mod_idx_7_v338
369319208,vem_colour_1_mct_metals_br_aluminium_t24_v0
369377737,packed_mp_veh_primary_colour_group_v394
369461370,f_cl_clo_bbf_p1_6_t14_v1
369503833,f_cl_clo_grf_ph_2_21_t14_v1
369572007,m_cl_clo_bhm_u_11_6_t11_v1
369645000,m_cl_clo_bhm_decl_37_t11_v1
369646003,packed_mp_veh_mod_idx_s_19_v377
369648515,vem_horn_luxe1_t10_v29
369711588,f_cl_clo_l2f_t_8_0_t7_v1
369876413,f_ha_none_t2_v0
369953477,vem_colour_2_mct_metallic_might_purple_t25_v4
369979393,m_cl_clo_fxm_l_1_10_t4_v1
370005463,packed_mp_veh_mod_idx_23_v180
370066228,packed_mp_veh_mod_idx_15_v136
370099931,vem_rwd_spt_17_t19_v1
370105079,packed_mp_veh_mod_idx_9_v154
370154057,packed_ng_vehicle_insurance_v104
370182656,vem_supermod_22_5_t63_v38
370192108,vem_insurance_tribike2
370343018,f_cl_clo_sbf_u_22_19_t11_v1
370352151,packed_mp_veh_mod_idx_s_12_v113
370361286,packed_mp_veh_mod_idx_s_22_v401
370385696,vem_colour_5_graphite_t38_v0
370494627,vem_exhaust_4_t6_v35
370506045,f_cl_clo_grf_decl_13_t100_v0
370549896,f_cl_clo_x6f_ph_2_13_t14_v1
370616942,packed_mp_veh_mod_idx_6_v4
370679150,packed_mp_veh_mod_idx_23_v53
370683348,m_cl_clo_h3m_ph_6_15_t14_v1
370698365,vem_colour_extra_1_mct_metallic_torino_red_t24_v0
370779621,f_cl_clo_h3f_s_1_3_t8_v1
370787003,f_cl_clo_vwf_u_8_5_t11_v1
370874226,m_cl_clo_busm_s_0_11_t8_v2
370913488,packed_mp_veh_mod_var_1_v15
370927714,packed_mp_veh_mod_idx_1_v111
370955593,packed_lr_vehicle_colour_6_v270
371090361,m_cl_clo_bhm_decl_56_t100_v0
371117972,packed_mp_veh_colour2_0_v179
371138339,m_ta_tat_st_044_t0_v0
371164393,vem_hood_5_t9_v7
371196734,vem_supermod_49_7_t49_v7
371214027,f_cl_outfit_clo_ief_o_9_t12_v0_cesp
371231035,f_cl_ht_fmf_14_0_t14_v0
371383211,vem_supermod_46_6_t46_v7
371465159,vem_horn_hween1_t10_v7
371478437,vem_suv_10_t19_v3
371492575,m_cl_clo_arm_o_8_t3_v12
371529120,packed_mp_veh_mod_idx_11_v22
371552968,packed_lr_vehicle_colour_5_v189
371646728,vem_brake_3_t2_v36
371683136,m_ha_cc_body_1_13_t3_v0
371876690,packed_mp_veh_mod_idx_s_14_v180
371913076,packed_mp_veh_mod_idx_s_0_v252
372027825,m_cl_outfit_clo_arm_o_27_t12_v0
372143292,packed_mp_veh_mod_idx_s_8_v202
372267797,wp_wct_c_tint_15_t2_v47_n2
372356529,vem_colour_2_mct_metallic_lime_green_t25_v4
372372155,packed_mp_veh_mod_idx_s_12_v15
372396817,vem_bumper_r_10_t35_v29
372488979,f_cl_clo_hstf_o_f_1_t3_v12
372625259,m_cl_clo_hstmb_19_8_t1_v1
372640928,packed_mp_veh_mod_idx_s_12_v144
372671810,packed_mp_veh_mod_idx_s_17_v99
372674273,packed_ng_vehicle_neon_v283
372701487,vem_supermod_1_3_t42_v10
372741875,vem_rwd_bikew_29_t19_v3
372869015,packed_mp_veh_mod_idx_23_v404
372888243,f_ta_tat_bi_047_t0_v0
373021071,m_cl_clo_hp_d_19_t8_v2
373240122,vem_rwd_hiend_04_t19_v12
373306269,candc_hacker_tnt_7_t0_v0
373351412,vem_colour_extra_1_mct_classic_sunrise_orange_t24_v2
373552692,packed_mp_veh_mod_idx_8_v148
373671759,f_cl_clo_ief_b_2_3_t1_v1
373700959,vem_supermod_59_5_t59_v7
373772617,f_cl_outfit_clo_hstf_o_k_3_t12_v0
373786440,wp_wct_c_tint_17_t2_v1_n2
373818594,vem_colour_1_mct_metallic_grace_red_t24_v3
373863592,vem_cmod_pla_1_t23_v1
373960703,f_cl_clo_hstf_o_d_3_t3_v12
373969885,pr_mp_prop_14_t0_v0
374019669,packed_mp_veh_mod_idx_s_20_v169
374028716,vem_colour_extra_1_mct_pearlescent_cabernet_red_t24_v3
374041665,packed_mp_veh_wheel_type_0_v190
374121279,packed_mp_veh_mod_idx_s_1_v14
374209456,packed_mp_veh_livery2_0_v271
374325180,m_cl_clo_h4m_ph_2_1_t14_v1
374334619,f_cl_clo_suf_u_18_4_t11_v1
374343290,m_cl_clo_og_decl_3_t100_v0
374347698,vem_drft_07_t19_v1
374360738,packed_mp_veh_mod_idx_s_5_v176
374435088,packed_mp_veh_mod_idx_s_22_v297
374444337,f_cl_clo_hstf_b_7_1_t1_v1
374468459,f_cl_clo_grf_decl_24_t10_v1
374535822,f_cl_clo_h4f_s_2_1_t8_v1
374552354,vem_cmod_col5_30_t29_v4
374559596,packed_mp_veh_mod_idx_6_v324
374577524,packed_mp_veh_mod_idx_3_v22
374582537,m_cl_clo_hp_d_24_t11_v1
374585626,m_cl_clo_sum_u_0_16_t11_v1
374762089,m_cl_outfit_clo_s1m_o_5_t12_v0
374807324,packed_mp_veh_mod_var_1_v222
374845514,packed_mp_veh_wheel_type_0_v106
374947171,packed_mp_veh_mod_idx_s_2_v353
374953385,vem_rwd_musc_15_t19_v1
375216800,f_cl_clo_h3f_b_9_7_t1_v1
375258310,f_cl_clo_exf_decl_7_t100_v0
375264460,packed_mp_veh_mod_idx_2_v252
375284558,f_cl_clo_bif_decl_63_t10_v1
375398207,vem_supermod_43_21_t43_v7
375421306,packed_mp_veh_mod_idx_7_v290
375455751,packed_mp_veh_mod_idx_18_v242
375546184,vem_smod4_whlv130_t66_v3
375643006,packed_mp_veh_mod_idx_18_v319
375645394,packed_mp_veh_mod_idx_s_6_v114
375663871,f_cl_clo_h2f_u_6_25_t11_v1
375816171,m_cl_g_fmm_13_3_t14_v0
375881165,vem_horn_luxe2_t10_v30
375956678,packed_lr_vehicle_colour_6_v308
375971651,packed_mp_veh_mod_idx_s_16_v26
375990875,f_cl_clo_x6f_l_7_18_t4_v1
376071764,packed_mp_veh_mod_idx_s_1_v286
376143131,packed_mp_veh_livery2_0_v267
376172830,packed_mp_veh_mod_idx_13_v310
376190021,packed_mp_veh_livery_0_v40
376336479,f_cl_clo_trf_u_4_0_t11_v1
376352874,packed_mp_veh_window_tint_0_v162
376362105,packed_mp_veh_mod_idx_s_11_v206
376431454,ve_marshall_t1_v7
376495163,packed_mp_veh_mod_var_1_v313
376564147,packed_mp_veh_mod_idx_14_v387
376790241,packed_mp_veh_wheel_type_0_v173
376895446,packed_mp_veh_mod_idx_s_9_v29
376922774,m_cl_clo_x6m_l_7_3_t4_v1
376928385,vem_cmod_hrn_clo_t10_v39
376935068,packed_mp_veh_mod_idx_2_v35
377031796,vem_colour_1_mct_matte_matte_dirt_t24_v33
377108492,f_cl_clo_l2f_rw_6_0_t14_v1
377137488,vem_hood_1_t9_v0
377158897,packed_mp_veh_mod_idx_s_4_v122
377183873,vem_smod_whlv35_t66_v3
377371369,m_cl_clo_vwm_u_17_3_t11_v1
377384433,packed_mp_veh_plate_id_v379
377430886,f_cl_clo_s1f_ph_0_4_t14_v1
377530251,f_cl_clo_lxf_e_9_1_t14_v1
377540235,wp_wct_tint_3_t2_v22_n2
377619246,f_cl_outfit_clo_h3f_o_ff_7_t12_v0
377645944,packed_ng_vehicle_insurance_v405
377653933,packed_ng_vehicle_bpt_v104
377654627,m_cl_clo_val_decl_l_t11_v1
377698408,m_cl_u_fmm_9_10_t11_v0
377900964,mba_floor1_6_t0_v0
377939982,vem_supermod_15_10_n1_t56_v3
377956477,vem_chassis_3_t4_v29
377961729,wp_wct_tint_26_t2_v48_n2
377984132,m_cl_clo_bhm_u_2_17_t11_v1
378010799,packed_mp_veh_mod_idx_s_8_v272
378032502,wp_wt_gnade_smk_t2_v0
378058997,wp_wm_tint6_t3_v23
378069126,wp_wm_tint4_t2_v55
378177885,packed_mp_veh_mod_idx_12_v123
378500621,vem_horn_clas6_t10_v39
378552067,vem_supermod_20_7_t61_v27
378599104,m_cl_clo_l2m_dec_9_t100_v0
378610125,f_cl_clo_grf_g_0_1_t3_v1
378618677,packed_mp_veh_mod_idx_11_v212
378635419,packed_mp_veh_mod_idx_12_v390
378692073,vem_cmod_hrn_cop_t10_v35
378728106,packed_mp_veh_livery2_0_v233
378771960,m_cl_clo_bim_ph_10_2_t14_v1
378825381,vem_exhaust_8_t6_v3
378843028,f_ta_tat_st_003_t0_v0
378887352,f_cl_clo_hstf_t_1_7_t7_v1
378960089,f_cl_clo_hp_f_d_25_t100_v0
379004092,packed_mp_veh_mod_idx_s_21_v96
379170890,packed_mp_veh_mod_idx_9_v311
379193327,m_cl_clo_x6m_f_7_3_t6_v1
379227019,m_cl_clo_h3m_decl_22_t100_v0
379230155,m_cl_clo_grm_u_9_14_t11_v1
379260512,m_cl_clo_h3m_l_6_0_t4_v1
379281301,m_cl_clo_bim_decl_58_t10_v1
379368832,m_cl_clo_v2m_l_1_9_t4_v1
379429499,packed_ng_vehicle_bpt_v195
379546013,f_cl_clo_bus_m_0_2_t1_v1
379555903,vem_offr_06_t19_v2
379619410,packed_lr_vehicle_colour_6_v47
379630442,vem_colour_mct_none_131
379662096,m_cl_clo_indm_ht_5_0_t14_v1
379688833,f_cl_clo_x3f_b_2_0_t1_v1
379707467,vem_supermod_15_7_n1_t56_v3
379753708,f_cl_clo_grf_ph_0_0_t14_v1
379769465,vem_colour_1_mct_classic_saddle_brown_t24_v0
379820806,m_cl_clo_x6m_o_o_11_t3_v12
380190403,packed_mp_veh_mod_idx_s_18_v151
380254330,packed_mp_veh_mod_idx_s_10_v192
380316192,m_cl_clo_busm_u_1_3_t11_v1
380551463,m_cl_u_fmm_12_7_t11_v0
380661589,packed_mp_veh_colour1_0_v389
380721583,m_cl_clo_grm_decl_24_t10_v1
380841788,wp_wct_clip_hp_t0_v47_n2
381000223,m_cl_clo_bbm_l_2_10_t4_v1
381070651,packed_mp_veh_mod_idx_s_2_v279
381169683,m_cl_clo_exm_decl_10_t11_v1
381174858,packed_mp_veh_mod_idx_0_v146
381183978,m_cl_clo_sbm_u_12_11_t11_v1
381198733,packed_mp_veh_mod_idx_s_12_v0
381222868,f_cl_clo_suf_l_2_20_t4_v1
381295098,vem_trans_3_t16_v2
381321524,wp_wct_c_tint_30_t2_v1_n2
381325218,packed_mp_veh_mod_idx_s_23_v69
381343976,f_cl_clo_indf_d_20_t8_v1
381364083,m_cl_clo_arm_ph_0_21_t14_v1
381414747,packed_ng_vehicle_neon_kit_v189
381439553,packed_mp_veh_plate_id_v48
381536125,vem_colour_1_mct_classic_silver_t24_v3
381553828,packed_mp_veh_livery_0_v337
381799441,vem_cmod_col5_29_t29_v1
381859065,packed_mp_veh_mod_idx_13_v279
381901571,f_ta_tat_h3_039_t0_v0
381950326,vem_smod_whlv171_t66_v3
381954858,packed_mp_veh_mod_idx_s_21_v47
382081250,packed_ng_vehicle_neon_kit_v296
382209632,f_cl_clo_h4f_t_4_0_t7_v1
382215330,f_cl_clo_bif_ph_6_8_t14_v1
382231740,f_cl_clo_h3f_o_ff_7_t8_v12
382363743,ve_kuruma_t1_v3
382432221,packed_mp_veh_mod_idx_s_8_v363
382448522,vem_supermod_3_23_t44_v10
382474939,packed_mp_veh_secondary_colour_group_v328
382521594,m_cl_clo_sum_u_16_16_t11_v1
382556716,m_cl_clo_iem_u_16_4_t11_v1
382565332,m_cl_clo_bbm_t_1_1_t7_v1
382569960,arc_mac_strength_t0_v0
382577438,m_ta_tat_ie_010_t0_v0
382615994,packed_mp_veh_colour_extra2_0_v327
382635901,packed_mp_veh_mod_idx_14_v403
382680359,vem_roof_3_t12_v27
382751057,vem_colour_5_midnight_silver_t38_v3
382878625,f_cl_clo_grf_u_10_2_t11_v1
382926502,packed_mp_veh_mod_idx_s_1_v251
383062507,packed_mp_veh_mod_idx_14_v106
383081192,packed_mp_veh_mod_idx_s_21_v386
383154992,m_cl_clo_scm_d_23_3_t10_v1
383169759,f_cl_f_fmf_2_14_t6_v0
383302943,vem_cmod_neoncol_0_t21_v7
383320723,vem_supermod_12_3_t53_v26
383422153,m_cl_clo_x6m_f_12_2_t6_v1
383519213,m_cl_clo_grm_u_15_7_t11_v1
383572732,m_cl_clo_vwm_t_0_10_t7_v1
383577559,vem_offr_24_t19_v3
383587977,m_cl_clo_stm_l_3_1_t4_v1
383608543,f_cl_clo_indf_b_1_1_t1_v1
383654431,hub_contraband_sell_v0
383665264,m_cl_clo_hstmb_19_1_t1_v1
383746622,packed_mp_veh_mod_idx_s_20_v66
383804216,packed_mp_veh_mod_idx_14_v398
383843815,vem_smod4_whlv195_t66_v0
383933493,packed_ng_vehicle_insurance_v28
383958689,f_cl_clo_hp_f_o_3_t3_v12
384002123,vem_colour_1_mct_classic_petrol_green_t24_v33
384022224,f_cl_clo_h4f_pey_2_3_t14_v1
384085100,wp_wct_tint_5_t2_v56_n2
384120081,m_ha_hair_beard9_t1_v0
384188542,packed_mp_veh_mod_idx_s_6_v258
384193555,vem_supermod_12_0_t53_v37
384347387,packed_mp_veh_mod_idx_14_v70
384460907,packed_mp_veh_mod_idx_s_23_v232
384548420,f_cl_clo_s2f_u_5_0_t11_v1
384608942,vem_horn_hween2_t10_v33
384729394,packed_mp_veh_mod_idx_s_23_v170
384790605,packed_ng_vehicle_neon_kit_v382
384826626,packed_mp_veh_mod_idx_12_v95
384854442,m_cl_clo_trm_u_12_9_t11_v1
384874310,f_cl_clo_fxf_ph_4_17_t14_v1
384928323,vem_colour_6_pink_t65_v3
385036981,f_cl_clo_vwf_pw_4_2_t14_v1
385171012,vem_cmod_neoncol_3_t21_v0
385288134,m_cl_g_fmm_12_6_t14_v0
385291299,f_ta_tat_l2_011_t0_v0
385348582,vem_supermod_22_0_t63_v10
385384251,f_cl_clo_x6f_ph_1014_t14_v1
385445927,f_cl_clo_grf_decl_34_t11_v1
385486499,f_cl_ht_fmf_14_6_t14_v0
385522732,packed_mp_veh_wheel_type_0_v332
385526342,vem_cmod_tyr_stt_t30_v36
385708566,m_cl_clo_hstmb_17_5_t1_v1
385722334,vem_colour_extra_1_mct_classic_light_blue_t24_v4
385829464,f_ta_tat_st_049_t0_v0
386024222,packed_mp_veh_mod_idx_s_6_v234
386439512,fcarcade_c_up3_c_25
386508031,packed_mp_veh_mod_idx_s_10_v279
386566217,f_cl_clo_l2f_dec_25_t11_v1
386702238,packed_mp_veh_mod_idx_s_4_v21
386736688,m_cl_clo_stm_o_2_t3_v12
386759318,f_cl_clo_trf_u_6_2_t11_v1
386791744,packed_mp_veh_window_tint_0_v210
386797404,f_cl_clo_h4f_decl_2_t11_v1
387038176,packed_mp_veh_mod_idx_s_15_v20
387099074,vem_insurance_oracle2
387131747,packed_mp_veh_colour1_0_v125
387151947,f_ha_cc_f_hs_9_t0_v1
387199619,packed_mp_veh_mod_idx_s_3_v286
387217585,m_cl_clo_jam_o_0_t3_v12
387242353,packed_mp_veh_mod_idx_s_19_v228
387258529,vem_cmod_win_2_t33_v39
387267977,m_cl_clo_indm_d_21_t100_v0
387338785,packed_mp_veh_mod_idx_s_19_v194
387407353,packed_ng_vehicle_smoke_v289
387420154,packed_mp_veh_window_tint_0_v307
387490933,m_cl_clo_bbm_f_0_4_t6_v1
387507760,packed_mp_veh_mod_idx_11_v68
387507783,m_cl_clo_val_decl_i_t100_v0
387520885,m_cl_clo_bim_l_0_3_t4_v1
387528860,packed_ng_vehicle_bpt_v75
387550247,vem_supermod_52_16_t52_v7
387554712,packed_mp_veh_mod_idx_8_v171
387554886,packed_mp_veh_primary_colour_group_v126
387653118,pr_mp_prop_89_t0_v0
387838551,vem_colour_2_mct_metallic_moss_brown_t25_v33
387868084,m_cl_clo_l2m_o_8_t3_v12
388106520,vem_colour_1_mct_metallic_salmon_pink_t24_v0
388133012,vem_cmod_hrn_mus4_t10_v35
388163045,packed_mp_veh_mod_idx_s_4_v191
388192034,vem_horn_lowrder2_t10_v26
388215047,m_cl_clo_sbm_b_10_0_t1_v1
388255823,f_cl_clo_bhf_u_12_3_t11_v1
388291305,packed_mp_veh_mod_idx_s_19_v212
388392910,packed_mp_veh_mod_idx_8_v409
388404759,m_ta_tat_fm_243_t0_v0
388410136,f_cl_clo_grf_ph_2_1_t14_v1
388485674,vem_cmod_tyr_13_t18_v28
388493352,f_cl_f_fmf_2_11_t6_v0
388549857,f_cl_clo_suf_decl_31_t11_v1
388591300,packed_mp_veh_mod_idx_s_1_v338
388653314,candc_hacker_work_1_t0_v0
388878326,packed_mp_veh_mod_idx_s_0_v395
388904518,m_cl_outfit_clo_h3m_o_jan_2_t12_v0
388960247,packed_mp_veh_mod_idx_s_18_v104
388994615,vem_colour_1_mct_metallic_umber_brown_t24_v0
389026371,packed_mp_veh_mod_idx_s_22_v123
389131624,vem_cmod_whe_0_t19_v0
389167630,packed_mp_veh_colour_extra1_0_v348
389287920,packed_mp_veh_livery_0_v239
389325169,packed_mp_veh_mod_idx_24_v335
389353015,f_cl_outfit_clo_x6f_o_o_10_t12_v0
389353395,m_cl_clo_bbm_l_1_5_t4_v1
389354720,vem_bumper_f_1_n1_t34_v3
389517723,f_cl_clo_hstfb_21_6_t1_v1
389518438,m_cl_clo_smm_u_2_8_t11_v1
389727195,m_cl_clo_grm_ph_5_18_t14_v1
389745443,packed_mp_veh_mod_idx_s_0_v61
389790748,packed_mp_veh_mod_idx_5_v222
389838984,vem_colour_2_mct_metallic_harbor_blue_t25_v0
389861835,vem_colour_1_mct_metallic_lime_green_t24_v4
389996847,f_cl_clo_hstf_o_10_t3_v12
390046001,m_cl_clo_x6m_b_2_0_t1_v1
390094277,packed_mp_veh_colour1_0_v281
390113297,f_cl_clo_hp_f_d_22_t11_v1
390208084,f_cl_clo_ief_b_1_4_t1_v1
390341877,casweb_spa_0_t0_v0
390355631,m_cl_clo_grm_decl_9_t11_v1
390356026,wp_ps_bag_33_t1_v33
390454311,f_cl_clo_bus_m_0_10_t1_v1
390524472,packed_mp_veh_mod_idx_s_17_v389
390540699,f_cl_clo_exf_af_2_1_t6_v1
390557700,f_ta_tat_fm_011_t0_v0
390659986,vem_supermod_10_23_t51_v3
390666759,packed_mp_veh_mod_idx_s_4_v47
390715716,vem_supermod_15_3_t56_v3
390764622,f_cl_clo_awf_u_10_8_t11_v1
390822912,m_cl_clo_vwm_u_9_9_t11_v1
390878237,packed_mp_veh_mod_idx_s_0_v175
390881480,f_cl_outfit_clo_bif_o_6_t12_v0
390991238,f_cl_clo_hstf_u_3_0_t8_v1
391004620,vem_smod4_whlv58_t66_v2
391082736,f_cl_clo_arf_b_0_7_t1_v1
391150845,m_cl_clo_sum_u_7_20_t11_v1
391259375,vem_horn_clas5_t10_v2
391283195,ve_novak_t0_v3
391316515,m_cl_clo_xmasm_t_0_0_t7_v1
391336489,vem_supermod_3_30_t44_v6
391378734,vem_colour_extra_1_mct_metallic_bright_green_t24_v0
391502727,f_cl_u_fmf_12_8_t8_v2
391536983,m_cl_g_fmm_3_7_t14_v0
391585986,m_ta_tat_x6_042_t0_v0
391796904,vem_horn_cnote_c1_t10_v26
391834934,m_cl_clo_smm_o_4_t3_v12
391863982,m_cl_clo_vwm_l_1_5_t4_v1
391945765,f_cl_clo_h2f_o_g_13_t3_v12
392019316,f_cl_clo_suf_u_9_7_t11_v1
392084170,vem_colour_mct_none_42
392117581,f_cl_clo_hstfb_22_6_t1_v1
392161518,packed_mp_veh_mod_idx_22_v311
392161991,m_cl_clo_busm_l_0_9_t4_v1
392187021,f_cl_clo_x6f_t_6_4_t7_v1
392210412,ve_buzzard_t1_v0
392245643,vem_cmod_hrn_mus5_t10_v36
392344849,wp_wct_c_tint_1_t2_v9_n2
392361875,f_cl_clo_h3f_o_grp_1_t3_v12
392446278,mp_stat_mpsv_model_66
392452694,vem_cmod_neoncol_9_t21_v1
392547198,f_ta_tat_gr_008_t0_v0
392577394,m_cl_clo_grm_g_0_7_t3_v1
392683149,f_cl_clo_trf_u_8_9_t11_v1
392796975,wp_wct_tint_9_t2_v47_n2
392831838,m_cl_outfit_clo_awm_o_f_2_t12_v0
392841714,m_cl_clo_s2m_u_1_13_t11_v1
392860066,vem_smod_whlv167_t66_v0
392898818,wp_wct_c_tint_11_t2_v46_n2
393059668,service_earn_bend_job
393106453,vem_rwd_bikew_03_t19_v3
393136754,vem_supermod_19_0_t60_v36
393155959,vem_colour_1_mct_metallic_stone_silver_t24_v1
393195580,packed_mp_veh_mod_var_1_v21
393333990,packed_mp_veh_mod_idx_s_18_v285
393334780,m_cl_clo_h3m_ph_5_10_t14_v1
393371335,vem_spoiler_9_t14_v1
393399048,packed_mp_veh_mod_idx_11_v3
393429358,mp_stat_mpsv_model_367
393680880,packed_mp_veh_mod_idx_7_v173
393716573,packed_mp_veh_mod_idx_11_v266
393737881,m_cl_clo_x6m_t_2_3_t7_v1
393878193,f_cl_u_fmf_9_11_t11_v0
393933987,m_ha_none_t5_v0
393972363,m_cl_clo_iem_u_7_5_t11_v1
394096375,packed_mp_veh_mod_idx_6_v196
394148217,vem_rwd_hiend_15_t19_v1
394171116,packed_mp_veh_mod_idx_s_13_v230
394174295,packed_mp_veh_mod_idx_7_v65
394285744,f_cl_clo_s1f_ph_0_18_t14_v1
394377700,vem_colour_extra_1_mct_metallic_shadow_silver_t24_v3
394410991,ve_sc1_t0_v3
394411576,vem_supermod_63_14_t63_v7
394484315,packed_mp_veh_mod_idx_s_9_v41
394500755,packed_mp_veh_livery_0_v308
394601472,vem_smod_whlv84_t66_v0
394760618,packed_mp_veh_mod_idx_s_13_v228
394767944,packed_mp_veh_mod_idx_23_v289
394780375,packed_mp_veh_mod_idx_s_19_v262
394811224,packed_ng_vehicle_neon_v174
394854050,vem_smod2_whlv215_t66_v3
395022687,vem_supermod_3_9_t44_v3
395071217,vem_bumper_f_9_t34_v1
395073128,packed_ng_vehicle_neon_v149
395081506,packed_mp_veh_mod_idx_13_v150
395122350,service_spend_casino_heist_casino_model
395222510,vem_supermod_43_17_t43_v7
395283770,packed_mp_veh_mod_idx_s_20_v91
395292767,vem_supermod_21_1_t62_v11
395421747,m_cl_clo_trm_u_19_3_t11_v1
395467595,packed_mp_veh_mod_idx_s_0_v321
395488602,f_cl_clo_scf_l_0_4_t4_v1
395491630,vem_trans_3_t16_v35
395519665,vem_armour_1_t1_v10
395672837,m_cl_clo_x3m_b_14_1_t1_v1
395698855,f_cl_clo_stf_ht6_1_t14_v1
395814399,f_cl_clo_ief_b_2_0_t1_v1
395901762,packed_mp_veh_mod_idx_4_v111
395939719,f_cl_clo_s2f_u_3_16_t11_v1
395979049,packed_mp_veh_mod_idx_23_v213
396011668,f_cl_clo_half_1_2_t1_v1
396060566,packed_mp_veh_mod_idx_s_16_v308
396109693,m_ha_face_e_c_7_t4_v0
396137047,vem_cmod_col5_10_t29_v4
396225193,f_cl_clo_hp_f_f_1_4_t6_v1
396271309,vem_musc_13_t19_v1
396295122,m_cl_clo_trm_f_1_19_t6_v1
396329692,packed_ng_vehicle_insurance_v191
396359742,f_cl_clo_h3f_b_13_0_t1_v1
396499022,ve_technical_t0_v3
396562909,vem_smod5_whlv1_t66_v3
396574208,packed_mp_veh_mod_idx_s_9_v156
396617935,m_cl_outfit_clo_h4m_o_sm_m1_t12_v0
396623013,service_spend_island_heist_replay
396680170,vem_supermod_15_0_t56_v11
396851317,packed_mp_veh_mod_idx_s_11_v328
396859932,f_cl_clo_indf_d_24_t100_v0
396978808,vem_colour_extra_1_mct_classic_garnet_red_t24_v33
396998592,packed_mp_veh_mod_idx_14_v281
397022828,m_cl_clo_x6m_u_10_3_t11_v1
397101004,packed_mp_veh_mod_idx_s_6_v207
397155903,f_cl_clo_hstfb_23_7_t1_v1
397170398,mp_stat_arcade_mac_8
397171564,vem_spoiler_0_t14_v7
397288245,f_cl_clo_hstf_o_13_t3_v12
397328992,vem_supermod_3_26_t44_v11
397356467,packed_mp_veh_mod_idx_9_v211
397456185,f_ha_cc_mkup_3_t7_v1
397575979,m_cl_clo_h3m_u_11_23_t11_v1
397703409,f_ta_tat_sb_061_t0_v0
397704773,vem_smod_whlv120_t66_v3
397708776,packed_mp_veh_mod_idx_16_v356
397806705,m_cl_clo_h2m_o_g_21_t3_v12
397929832,vem_insurance_faggio3
397975180,vem_supermod_0_23_t41_v7
398051306,vem_supermod_1_4_t42_v3
398072877,vem_colour_2_mct_metallic_graphite_t25_v2
398251663,f_ta_tat_bus_f_003_t0_v0
398374330,packed_mp_veh_mod_idx_16_v235
398380027,f_cl_clo_s2f_u_9_2_t11_v1
398425257,packed_mp_veh_mod_idx_7_v154
398555381,vem_supermod_0_13_t41_v27
398658564,m_cl_clo_iem_u_7_4_t11_v1
398686555,packed_mp_veh_mod_idx_12_v355
398725252,wp_gsa_type_c_t0_v25
398795439,packed_mp_veh_mod_idx_23_v233
398847454,wp_wct_c_tint_6_t2_v13_n2
398873969,m_cl_clo_x6m_l_7_2_t4_v1
398888565,packed_mp_veh_mod_idx_8_v48
398897842,m_cl_clo_grm_b_1_10_t1_v1
398988454,f_cl_clo_sbf_u_11_8_t11_v1
398993320,packed_mp_veh_mod_idx_s_5_v405
399000537,packed_mp_veh_mod_idx_s_15_v396
399012695,vem_smod_whlv196_t66_v0
399102201,packed_mp_veh_mod_idx_s_5_v184
399160381,vem_musc_10_t19_v12
399185908,packed_mp_veh_mod_idx_s_8_v34
399212397,m_cl_clo_grm_ph_3_21_t14_v1
399230965,f_cl_clo_awf_f_0_21_t6_v1
399236507,packed_mp_veh_mod_idx_s_22_v7
399242737,packed_ng_vehicle_smoke_v151
399291074,packed_mp_veh_colour1_0_v116
399373854,packed_mp_veh_mod_idx_22_v77
399419470,packed_mp_veh_colour1_0_v176
399442141,wp_wct_tint_17_t2_v8_n2
399490485,f_cl_clo_grf_b_0_16_t1_v1
399518524,pm_weapon_discount_silver_headshot
399533703,m_cl_clo_lxm_e_7_2_t14_v1
399572498,packed_mp_veh_mod_idx_12_v316
399609230,packed_mp_veh_secondary_colour_group_v285
399646946,packed_mp_veh_mod_idx_23_v54
399685788,packed_mp_veh_mod_idx_9_v366
399737037,vem_hiend_19_t19_v3
399742263,packed_ng_vehicle_smoke_v73
399795601,packed_mp_veh_mod_idx_6_v108
399848298,packed_mp_veh_mod_idx_s_22_v175
399854573,vem_horn_lowrder2_t10_v5
399891701,fcbase_qrt1_t0_v0
400141768,dec_vw_aw_wv_10a
400168398,wp_wm_tint6_t2_v49
400195626,vem_exhaust_0_t6_v38
400262521,m_ha_face_e_c_26_t4_v0
400307638,vem_colour_extra_1_mct_classic_shadow_silver_t24_v2
400321136,packed_mp_veh_mod_idx_s_4_v172
400323969,m_cl_clo_exm_au_2_0_t11_v1
400324168,vem_supermod_54_18_t54_v7
400330333,packed_mp_veh_mod_idx_1_v315
400419152,f_cl_clo_x3f_dec_00_t100_v0
400488161,f_cl_clo_h2f_s_9_14_t8_v1
400573685,packed_mp_veh_mod_idx_s_2_v390
400594621,f_cl_clo_vwf_decl_0_t100_v0
400635879,packed_mp_veh_mod_idx_23_v201
400696158,packed_mp_veh_mod_var_0_v81
400724553,packed_mp_veh_colour_extra1_0_v4
400760234,f_cl_clo_exf_al_7_0_t4_v1
400784195,packed_mp_veh_livery_0_v182
400999911,f_cl_outfit_clo_arf_o_30_t12_v0
401002483,vem_cmod_tyr_0_t31_v39
401012182,packed_mp_veh_mod_idx_18_v176
401030676,vem_smod_whlv21_t66_v3
401083788,packed_mp_veh_mod_idx_8_v39
401139893,vem_smod5_whlv24_t66_v3
401324397,m_cl_clo_h2m_b_4_13_t1_v1
401340165,f_cl_clo_trf_ph_2_8_t14_v1
401346217,packed_mp_veh_mod_idx_13_v114
401398205,wp_wct_tint_2_t2_v70_n2
401446806,packed_ng_vehicle_neon_v365
401557664,wp_wct_supp_t1_v24
401763902,packed_mp_veh_mod_var_0_v116
401850650,wp_wct_c_tint_26_t2_v46_n2
401868838,packed_mp_veh_mod_idx_s_7_v352
401924752,wp_wct_tint_8_t2_v9_n2
401961261,packed_mp_veh_mod_idx_s_17_v314
401980157,packed_mp_veh_mod_idx_s_16_v227
402046919,packed_mp_veh_mod_idx_5_v153
402074236,m_cl_clo_hp_h_0_4_t14_v1
402102511,vem_horn_indi_2_t10_v37
402112378,cf_mission_started
402249820,f_cl_outfit_clo_hstf_o_a_3_t12_v0
402257381,f_cl_clo_smf_b_6_3_t1_v1
402262509,packed_mp_veh_mod_idx_s_14_v231
402335907,packed_mp_veh_mod_idx_s_4_v336
402383849,m_cl_sp_fmm_6_3_t8_v1
402396188,packed_mp_veh_mod_idx_s_3_v48
402450592,packed_mp_veh_mod_idx_s_23_v258
402473372,packed_mp_veh_colour_extra2_0_v303
402505853,service_spend_nightclub_entry_fee
402507519,f_cl_clo_bif_u_15_1_t11_v1
402521676,vem_cmod_pla_3_t23_v35
402534962,f_cl_clo_suf_u_15_5_t11_v1
402568551,vem_rwd_drft_04_t19_v0
402611425,vem_supermod_51_11_t51_v7
402680584,f_cl_clo_vwf_pw_2_3_t14_v1
402737822,packed_mp_veh_mod_idx_1_v379
402759787,m_cl_clo_scm_rw_0_3_t14_v1
402762057,packed_mp_veh_mod_idx_5_v111
402776030,m_cl_outfit_clo_h3m_o_sh_35_t12_v0
402808535,wp_wct_camo_ind_t1_v56_n2
402811087,f_cl_o_fmf_p8_t3_v12
402812980,packed_mp_veh_mod_idx_s_16_v390
402863624,packed_mp_veh_mod_idx_24_v148
402967250,wp_wct_clip_tr_t0_v70_n2
403127409,packed_mp_veh_wheel_type_0_v324
403193608,packed_mp_veh_mod_idx_23_v102
403250500,m_cl_clo_indm_d_2_t8_v1
403266074,ve_baller5_t0_v0
403292932,packed_mp_veh_mod_idx_s_2_v339
403311339,wp_wm_tint3_t2_v86
403396205,packed_lr_vehicle_colour_5_v267
403431690,packed_mp_veh_mod_idx_1_v278
403477550,vem_supermod_22_6_t63_v28
403484094,vem_horn_hween2_t10_v26
403506509,service_earn_bb_event_bonus
403585714,packed_mp_veh_livery_0_v410
403697795,packed_mp_veh_colour_extra2_0_v7
403741708,vem_spt_22_t19_v0
403752932,f_cl_clo_bhf_u_17_9_t11_v1
403895135,m_cl_clo_arm_o_7_t3_v12
403943095,packed_mp_veh_mod_idx_s_10_v204
404090169,m_cl_u_fmm_1_12_t8_v0
404116891,packed_mp_veh_mod_idx_s_3_v386
404248105,m_cl_clo_grm_ph_6_10_t14_v1
404255568,packed_ng_vehicle_neon_kit_v173
404259535,m_cl_clo_fxm_u_4_4_t11_v1
404330660,packed_mp_veh_mod_idx_3_v60
404379704,m_cl_clo_grm_decl_1_t100_v0
404467820,f_cl_clo_h3f_l_4_4_t4_v1
404468346,m_cl_clo_s1m_ph_0_16_t14_v1
404478154,packed_mp_veh_mod_idx_1_v172
404678511,wp_wct_tint_31_t2_v56_n2
404690947,vem_hood_21_t9_v38
404704401,vem_supermod_23_28_t64_v3
404710104,ve_sentinel3_t1_v3
404724843,packed_mp_veh_mod_idx_24_v394
404775665,f_cl_clo_x6f_f_3_10_t6_v1
404789688,m_cl_outfit_clo_h3m_o_sl_14_t12_v0
404815708,wp_wct_muzz6_t1_v8_n2
404855326,packed_mp_veh_secondary_colour_group_v345
404908046,veu_avenger3_t1_v1
404936340,ve_conada_t1_v3
404993028,ve_faggio3_t0_v3
405016937,ve_submers2_n1_t1_v0
405049418,f_cl_clo_grf_u_12_6_t11_v1
405070717,packed_mp_veh_mod_idx_s_19_v235
405071064,ve_clique2_t0_v3
405122591,packed_mp_veh_primary_colour_group_v273
405140669,dec_vw_aw_wh_13
405276359,f_ta_tat_fm_206_t0_v0
405279394,m_cl_clo_h4m_b_2_1_t1_v1
405289251,packed_mp_veh_mod_idx_s_15_v120
405322132,vem_exhaust_5_t6_v3
405331624,packed_mp_veh_mod_idx_s_23_v205
405392222,f_cl_clo_grf_g_0_3_t3_v1
405440090,packed_mp_veh_mod_idx_13_v194
405498201,f_cl_clo_bbf_u_3_8_t11_v1
405512103,packed_mp_veh_mod_idx_s_11_v256
405524361,vem_horn_cnote_e0_t10_v4
405596987,packed_ng_vehicle_smoke_v178
405642956,vem_colour_1_mct_matte_matte_desert_t24_v2
405706618,packed_mp_veh_mod_idx_s_22_v357
405746557,kosatk_fla_35_t0_v1
405852086,wp_wct_var_wood_t1_v20
405889038,packed_mp_veh_colour_extra2_0_v293
405907350,packed_ng_vehicle_neon_v386
406135770,f_cl_clo_smf_decl_5_t100_v0
406157833,packed_mp_veh_mod_idx_s_0_v217
406255120,vem_smod2_whlv67_t66_v3
406340064,packed_mp_veh_mod_idx_16_v182
406456853,packed_mp_veh_mod_idx_s_12_v395
406509653,m_cl_clo_bim_u_11_1_t11_v1
406655442,m_ta_tat_sb_035_t0_v0
406753969,ve_marshall_n1_t1_v1
406798620,vem_supermod_15_7_t56_v38
407165095,packed_mp_veh_mod_idx_s_2_v261
407171057,f_cl_outfit_clo_fxf_o_g_1_t12_v0
407189611,vem_colour_mct_none_101
407253862,packed_mp_veh_mod_idx_s_6_v83
407305926,vem_supermod_9_2_t50_v10
407335723,packed_mp_veh_livery2_0_v228
407402854,f_cl_clo_busf_u_1_6_t11_v1
407443850,f_cl_clo_h2f_o_c_7_t3_v12
407445515,vem_rwd_suv_15_t19_v1
407457797,vem_engine_1_t5_v10
407496891,packed_mp_veh_mod_idx_s_1_v299
407537701,f_cl_clo_h4f_ph_1_5_t14_v1
407556266,fcclub_garg_4_t2_v0
407570986,packed_mp_veh_plate_id_v346
407635848,f_cl_clo_bif_decl_3_t11_v1
407677254,vem_loride_09_t19_v12
407760104,vem_chassis_12_t4_v35
407783921,vem_rwd_loride_15_t19_v0
407822464,packed_mp_veh_mod_idx_23_v383
407916467,m_cl_clo_fxm_ph_6_6_t14_v1
407946375,vem_supermod_14_22_t55_v3
408021268,vem_supermod_0_11_t41_v3
408044998,packed_mp_veh_mod_idx_5_v184
408049893,packed_ng_vehicle_neon_v73
408119899,packed_mp_veh_colour_extra1_0_v74
408137344,m_cl_clo_hst_a_9_t11_v1
408172800,f_cl_clo_h4f_decl_38_t11_v1
408293713,packed_lr_vehicle_colour_6_v73
408402330,packed_mp_veh_mod_idx_s_12_v297
408460270,wp_wct_barr_t1_v5_n2
408499850,f_ha_cc_mkup_10_t7_v0
408500231,packed_mp_veh_mod_idx_16_v249
408517296,wp_wm_tint6_t2_v93
408684304,packed_mp_veh_plate_id_v331
408705721,packed_mp_veh_mod_idx_9_v121
408834945,f_cl_clo_fxf_u_2_1_t11_v1
408853739,vem_supermod_53_22_t53_v7
408902090,ve_sentinel4_t0_v3
408948127,m_cl_ht_fmm_6_4_t14_v0
408955049,f_cl_clo_suf_u_14_4_t11_v1
408977175,f_cl_clo_suf_decl_13_t100_v0
409004067,vem_supermod_12_11_t53_v27
409016189,f_cl_ht_fmf_12_6_t14_v0
409196014,vem_cmod_col5_4_t29_v2
409209843,f_cl_clo_bus_m_2_7_t1_v1
409266358,f_cl_clo_lxf_dec_35_t11_v1
409345523,packed_mp_veh_wheel_type_0_v367
409376593,vem_rwd_drft_08_t19_v2
409419726,vem_supermod_17_3_t58_v27
409452319,m_cl_clo_exm_el_0_10_t4_v1
409491086,mp_stat_appartment_var_2_v0
409531249,vem_cmod_neoncol_13_t21_v5
409533976,service_earn_island_heist_award_the_island_heist
409574560,dec_vw_aw_ss_8b
409592287,service_earn_winter_22_award_dead_drop
409604648,packed_mp_veh_mod_idx_s_12_v134
409651969,packed_mp_veh_mod_idx_s_3_v129
409854368,f_cl_clo_indf_ht_6_0_t14_v1
409914575,kosatk_fla_32_t0_v1
410019774,packed_mp_veh_mod_idx_6_v302
410038483,vem_horn_hips4_t10_v7
410046047,pr_mp_prop_79_t0_v0
410117082,m_cl_clo_sbm_f_0_6_t6_v1
410125466,packed_mp_veh_mod_idx_12_v58
410167658,f_cl_clo_suf_u_17_17_t11_v1
410211189,vem_supermod_3_27_t44_v27
410450556,packed_mp_veh_mod_idx_s_17_v390
410461404,vem_smod4_whlv154_t66_v0
410548410,m_cl_clo_halm_d_12_t100_v0
410548824,m_cl_clo_bim_decl_8_t100_v0
410584887,m_cl_clo_h3m_o_clb_4_t3_v12
410644067,vem_insurance_dominator6
410652594,packed_mp_veh_mod_var_0_v45
410784445,packed_lr_vehicle_colour_6_v65
410796635,packed_lr_vehicle_colour_5_v281
410833756,f_cl_clo_awf_u_9_19_t11_v1
411037717,f_cl_clo_h3f_ph_6_4_t14_v1
411065433,vem_colour_1_mct_classic_sea_green_t24_v1
411111437,packed_ng_vehicle_neon_kit_v333
411129319,vem_horn_cnote_b0_t10_v30
411181170,wp_wct_barr2_t1_v9_n2
411203648,packed_ng_vehicle_smoke_v203
411315378,vem_horn_indi_3_t10_v33
411327695,m_cl_clo_h4m_pey_0_7_t14_v1
411368358,packed_mp_veh_mod_idx_s_4_v294
411605149,packed_mp_veh_mod_idx_s_3_v72
411683397,m_cl_clo_h3m_u_9_17_t11_v1
411816888,packed_mp_veh_mod_idx_18_v75
411832260,packed_ng_vehicle_bpt_v155
411964856,wp_wct_tint_27_t2_v8_n2
411969367,packed_mp_veh_mod_idx_s_5_v342
411995578,packed_mp_veh_mod_idx_s_1_v381
412034858,f_cl_clo_vwf_u_13_16_t11_v1
412054824,pr_mp_prop_75_t0_v0
412279299,pr_mp_prop_clubh7_t0_v0
412291947,vem_mwt_hiend_t7_v0
412389190,f_cl_clo_suf_u_8_5_t11_v1
412430364,vem_colour_extra_1_mct_metallic_grace_red_t24_v4
412447060,vem_supermod_23_8_t64_v28
412450061,packed_mp_veh_mod_idx_s_7_v365
412488523,packed_mp_veh_mod_idx_s_21_v135
412554106,packed_ng_vehicle_bpt_v140
412616708,vem_colour_extra_1_mct_pearlescent_creek_brown_t24_v4
412631211,m_cl_clo_val_decl_e_t100_v0
412739505,packed_mp_veh_mod_idx_s_22_v247
412780260,vem_drft_15_t19_v3
412798494,vem_colour_extra_1_mct_classic_midnight_blue_t24_v0
412817774,f_cl_clo_scf_rw_0_0_t14_v1
412836840,m_cl_clo_awm_decl_49_t100_v0
412924592,f_cl_clo_trf_u_11_15_t11_v1
412930753,m_cl_clo_h4m_b_3_9_t1_v1
412941922,vem_horn_clas7_t10_v4
412989982,packed_mp_veh_mod_idx_s_17_v179
413015348,vem_rwd_musc_20_t19_v3
413254633,vem_loride_06_t19_v12
413283072,packed_mp_veh_mod_idx_8_v257
413379923,m_cl_clo_iem_l_2_0_t4_v1
413453272,m_cl_clo_exm_decl_12_t11_v1
413516213,packed_mp_veh_mod_idx_5_v143
413555642,packed_mp_veh_livery2_0_v165
413555893,f_cl_outfit_clo_fxf_o_g_4_t12_v0
413643619,vem_roof_0_n1_t12_v31
413784964,f_cl_clo_ief_b_8_0_t1_v1
413809822,vem_rwd_spt_09_t19_v2
413839744,packed_mp_veh_mod_idx_1_v55
413848231,vem_spoiler_3_n1_t14_v38
413917400,packed_mp_veh_mod_var_1_v161
413976006,vem_colour_1_mct_metallic_creek_brown_t24_v33
414011527,f_cl_clo_h3f_u_12_12_t11_v1
414050773,pr_pm_modshop_0_t87_v0
414203109,f_cl_clo_x6f_u_1_16_t11_v1
414227743,f_cl_clo_grf_u_22_22_t11_v1
414253048,veu_buccanee2_t0_v0
414253212,vem_colour_extra_1_mct_metallic_saxon_blue_t24_v2
414273175,ve_rogue_t0_v33
414369483,vem_smod3_whlv43_t66_v3
414519153,packed_ng_vehicle_neon_kit_v340
414529617,pm_clothing_designer_fee
414538559,packed_mp_veh_mod_var_1_v176
414587861,wp_wct_clip_tr_t1_v5_n2
414656571,f_cl_clo_h4f_ph_0_2_t14_v1
414743880,m_cl_clo_smm_u_4_5_t11_v1
414825688,packed_mp_veh_mod_idx_5_v204
414839884,packed_mp_veh_mod_idx_s_14_v91
414895106,m_cl_clo_exm_au_8_4_t11_v1
414952371,packed_mp_veh_mod_idx_s_10_v242
415009618,m_cl_clo_awm_l_0_5_t4_v1
415042085,vem_insurance_gburrito2
415110161,f_cl_clo_hstf_u_3_1_t8_v1
415159723,m_cl_clo_vwm_l_3_9_t4_v1
415205103,packed_mp_veh_mod_idx_s_10_v402
415209794,vem_supermod_16_8_t57_v6
415248038,packed_mp_veh_wheel_type_0_v249
415276352,vem_insurance_blazer4
415326877,m_cl_clo_stm_u_9_1_t11_v1
415354907,vem_supermod_3_27_t44_v6
415366342,m_cl_clo_trm_u_7_10_t11_v1
415484440,vem_bumper_r_11_n1_t35_v3
415508704,packed_mp_veh_mod_idx_s_22_v184
415558122,pr_pm_modshop_15_t88_v0
415660320,m_cl_clo_hilf_o_2_t3_v12
415771847,vem_supermod_8_12_t49_v10
415810966,packed_mp_veh_mod_idx_s_2_v388
415913075,f_cl_clo_grf_ph_2_18_t14_v1
415931807,vem_musc_03_t19_v1
415986056,packed_mp_veh_mod_idx_s_14_v100
416073790,packed_mp_veh_mod_idx_0_v275
416090291,m_cl_clo_h3m_ph_6_6_t14_v1
416161839,packed_mp_veh_mod_idx_s_16_v208
416197688,f_cl_clo_x6f_t_2_6_t7_v1
416307800,wp_wct_c_tint_14_t2_v70_n2
416357179,packed_mp_veh_mod_idx_2_v69
416410194,vem_horn_luxe1_t10_v34
416424858,f_ta_tat_sb_018_t0_v0
416431981,vem_colour_5_orange_t38_v0
416446557,packed_mp_veh_colour_extra1_0_v30
416450834,m_cl_clo_x6m_u_0_22_t11_v1
416508748,m_cl_clo_sbm_l_3_9_t4_v1
416561957,m_cl_clo_awm_ph_2_1_t14_v1
416735195,m_cl_clo_sbm_rw_0_1_t14_v1
416887515,f_cl_clo_ief_u_3_3_t11_v1
416939243,wp_wct_c_tint_13_t2_v9_n2
416942658,vem_supermod_14_19_t55_v3
417027529,f_cl_clo_h2f_b_3_21_t1_v1
417071441,m_cl_clo_val_decl_k_t11_v1
417131402,packed_mp_veh_mod_idx_6_v161
417142556,m_cl_clo_busm_u_1_12_t11_v1
417172695,vem_colour_2_mct_classic_creek_brown_t25_v3
417242920,packed_lr_vehicle_colour_6_v225
417273603,vem_racecar_whl20_t19_v3
417279947,m_cl_clo_sum_decl_9_t11_v1
417317736,f_cl_clo_grf_b_3_12_t1_v1
417345347,packed_mp_veh_mod_idx_16_v317
417366180,ve_tampa3_t1_v30
417377770,vem_cmod_tyr_stt_t30_v32
417573960,vem_supermod_3_3_t44_v3
417663510,vem_colour_1_mct_metallic_olive_green_t24_v33
417677704,packed_mp_veh_mod_idx_3_v222
417744509,m_cl_clo_vwm_u_20_8_t11_v1
417814009,vem_colour_1_mct_metallic_bison_brown_t24_v33
417890810,vem_chassis_5_t4_v3
418083215,packed_mp_veh_mod_idx_7_v401
418235351,vem_roof_1_t12_v37
418283169,packed_mp_veh_window_tint_0_v281
418312029,packed_mp_veh_mod_idx_15_v312
418357714,m_cl_clo_grm_u_3_16_t11_v1
418383246,f_cl_clo_val_decl_i_t8_v1
418395315,packed_mp_veh_mod_idx_s_13_v136
418460657,m_cl_clo_smm_b_1_11_t1_v1
418504298,f_cl_clo_ief_l_4_9_t4_v1
418593399,vem_insurance_boxville
418605498,packed_mp_veh_mod_idx_0_v346
418627625,packed_mp_veh_mod_idx_s_16_v237
418682237,f_cl_clo_h4f_plw_0_9_t14_v1
418689488,vem_smod4_whlv180_t66_v0
418724008,packed_mp_veh_mod_idx_s_16_v260
418792091,m_cl_clo_stm_o_18_t11_v12_cesp
418835710,m_cl_clo_valm_h_0_2_t14_v1
418845297,m_ta_tat_h3_034_t0_v0
418851851,m_ta_tat_hp_001_t0_v0
418852713,vem_exhaust_4_t6_v3
418889507,vem_insurance_bombushka
418915948,packed_mp_veh_colour_extra1_0_v122
418918237,packed_mp_veh_colour1_0_v145
418968712,dec_vw_aw_wh_5
418976559,m_cl_clo_apm_l_10_3_t4_v1
419053322,f_ta_tat_gr_025_t0_v0
419066996,packed_mp_veh_mod_idx_13_v332
419181999,packed_mp_veh_mod_idx_3_v185
419244089,f_cl_clo_lxf_u_4_0_t11_v1
419246324,m_cl_clo_h3m_decl_4_t100_v0
419258020,m_cl_clo_ltsmb_1_0_t1_v1
419266235,vem_rwd_loride_10_t19_v0
419367092,packed_mp_veh_wheel_type_0_v21
419419171,packed_mp_veh_colour2_0_v239
419436111,f_cl_clo_h2f_s_9_15_t8_v1
419540586,f_cl_clo_busf_u_4_1_t11_v1
419552899,f_cl_clo_smf_f_0_2_t6_v1
419583868,packed_ng_vehicle_neon_v110
419619130,f_cl_clo_x6f_f_3_7_t6_v1
419661736,packed_mp_veh_mod_idx_7_v214
419703693,vem_supermod_4_0_t45_v7
419880042,pr_fc_mural_2_t0_v0
419946804,vem_rwd_loride_11_t19_v12
419992251,vem_insurance_guardian
420005284,f_cl_clo_indf_d_25_t11_v1
420076927,vem_musc_02_t19_v2
420134303,packed_ng_vehicle_bpt_v66
420197436,vem_colour_1_mct_metallic_bronze_t24_v4
420226444,m_ta_tat_sb_022_t0_v0
420233665,vem_engine_0_t5_v36
420236763,vem_colour_2_mct_metallic_umber_brown_t25_v0
420249742,packed_lr_vehicle_colour_5_v198
420311057,dec_cpm_claw_6
420329700,packed_mp_veh_livery_0_v59
420367112,f_cl_clo_ief_o_2_t8_v12
420377282,vem_supermod_45_16_t45_v7
420406879,f_cl_clo_hst_f_a_2_t11_v1
420899202,f_cl_clo_half_d_1_t11_v1
420939086,m_cl_outfit_clo_arm_o_13_t12_v0
420991242,f_cl_clo_awf_o_f_1_t8_v12
421055865,f_cl_clo_fxf_ph_0_14_t14_v1
421086402,mp_stat_mpsv_model_363
421099189,f_cl_clo_hp_f_g_1_2_t14_v1
421128234,f_cl_clo_bif_u_1_2_t11_v1
421208452,packed_mp_veh_mod_var_1_v231
421235262,m_cl_clo_scm_u_48_11_t11_v1
421237678,packed_mp_veh_mod_idx_2_v163
421259267,m_cl_l_fmm_15_2_t4_v0
421262511,packed_mp_veh_mod_idx_13_v336
421314758,m_ha_cc_mkup_8_t7_v1
421356378,packed_mp_veh_mod_idx_s_19_v250
421514572,packed_mp_veh_mod_idx_s_19_v112
421530472,m_cl_clo_grm_ph_0_0_t14_v1
421548359,packed_mp_veh_mod_idx_s_18_v258
421557109,f_cl_clo_x6f_l_9_3_t4_v1
421697561,m_cl_clo_jam_decl_2_t11_v1
421718522,vem_armour_4_t1_v30
421731582,ve_barracks_t0_v0
421885333,vem_smod4_whlv114_t66_v3
421886411,vem_cmod_smoke_5_t18_v34
421941037,packed_mp_veh_mod_idx_16_v275
421967790,packed_mp_veh_mod_idx_4_v187
422161508,f_cl_clo_smf_decl_1_t100_v0
422218258,vem_bumper_r_11_t35_v28
422247062,packed_mp_veh_window_tint_0_v242
422278721,packed_mp_veh_mod_idx_s_17_v331
422423779,vem_chassis_0_t4_v7
422438500,wp_wct_clip_fmj_t1_v1_n2
422481982,m_cl_clo_smm_b_0_8_t1_v1
422512927,packed_mp_veh_mod_idx_7_v224
422570775,packed_mp_veh_colour_extra2_0_v218
422665788,packed_lr_vehicle_colour_5_v105
422696476,f_ta_tat_hp_029_t0_v0
422701708,f_cl_clo_s1f_u_6_0_t11_v1
422702624,f_cl_clo_smf_b_1_19_t1_v1
422828729,f_cl_clo_arf_o_16_n0_t14_v12
422864463,f_cl_clo_grf_ph_0_16_t14_v1
422945134,f_cl_clo_awf_ph_1_7_t14_v1
422952884,vem_roof_0_t12_v3
423106642,m_cl_outfit_clo_arm_o_25_t12_v0
423189024,packed_ng_vehicle_neon_v98
423193502,m_cl_clo_x17m_b_6_2_t1_v1
423196295,m_cl_clo_h2m_b_3_10_t1_v1
423205847,vem_horn_cnote_e0_t10_v39
423335074,mp_stat_ih_sub_owned
423413600,packed_mp_veh_mod_idx_23_v346
423441331,packed_mp_veh_window_tint_0_v103
423456222,f_cl_clo_h4f_b_4_4_t1_v1
423533264,f_cl_clo_s1f_u_5_5_t11_v1
423646048,m_cl_clo_lxm_u_2_1_t11_v1
423760572,f_cl_clo_sbf_u_17_12_t11_v1
423763593,packed_mp_veh_mod_idx_8_v164
423924276,vem_supermod_4_12_t45_v28
423933956,packed_mp_veh_wheel_type_0_v302
423940442,casino_heist_vehicle_livery_v3
423954392,f_cl_clo_stf_u_6_5_t11_v1
423965697,packed_mp_veh_mod_idx_3_v165
423991260,vem_smod2_whlv115_t66_v3
424182020,vem_rwd_spt_05_t19_v1
424211193,packed_mp_veh_colour_extra2_0_v1
424236106,packed_mp_veh_mod_idx_s_22_v413
424291952,f_cl_clo_h4f_decl_4_t100_v0
424363599,f_cl_clo_fxf_ph_2_14_t14_v1
424470576,packed_ng_vehicle_smoke_v233
424546501,f_cl_clo_hstfb_22_11_t1_v1
424569889,packed_mp_veh_mod_idx_s_9_v342
424592153,vem_cmod_neonlay_2_t21_v2
424641142,vem_suspension_4_t15_v6
424660199,f_ta_tat_sb_002_t0_v0
424661353,packed_mp_veh_mod_idx_10_v332
424695415,vem_insurance_dubsta2
424823505,f_cl_he_fmf_18_7_t14_v1
424830837,m_cl_clo_h3m_b_15_0_t1_v1
424998820,m_cl_clo_h3m_b_17_0_t1_v1
425025159,packed_mp_veh_mod_idx_s_0_v144
425098488,f_cl_clo_h3f_ph_5_1_t14_v1
425325332,packed_mp_veh_mod_idx_3_v336
425420758,packed_mp_veh_colour_extra2_0_v209
425447528,packed_mp_veh_mod_idx_14_v233
425476217,f_cl_clo_busf_g0_4_t14_v1
425544863,m_cl_t_fmm_10_1_t7_v1
425883424,vem_livery_1_t26_v1
425930166,vem_colour_2_mct_metallic_sunrise_orange_t25_v4
425972124,packed_mp_veh_mod_idx_7_v1
426026854,vem_supermod_20_0_t61_v27
426052250,f_cl_clo_grf_decl_9_t11_v1
426132544,packed_mp_veh_colour_extra1_0_v183
426272815,m_ta_tat_sm_012_t0_v0
426285204,f_cl_clo_sbf_l_4_4_t4_v1
426376768,f_cl_outfit_clo_h4f_o_h1_f3_t12_v0
426433953,m_cl_clo_x6m_u_2_4_t11_v1
426458282,m_cl_clo_awm_decl_72_t100_v0
426498196,f_cl_u_fmf_7_2_t11_v0
426549870,vem_smod_whlv183_t66_v3
426583528,packed_mp_veh_mod_idx_11_v258
426590611,vem_skirt_18_t13_v3
426615407,f_ta_tat_h3_013_t0_v0
426638169,packed_mp_veh_mod_idx_s_21_v375
426673127,vem_supermod_61_7_t61_v7
426746792,vem_cmod_col5_15_t29_v0
426776948,packed_ng_vehicle_smoke_v66
426847251,vem_roof_1_t12_v0
426874504,packed_mp_veh_mod_idx_s_4_v380
426982714,m_cl_outfit_clo_awm_o_c_6_t12_v0
426990893,packed_mp_veh_mod_idx_s_11_v315
427047162,packed_mp_veh_mod_idx_24_v141
427092261,vem_rwd_offr_08_t19_v3
427127613,f_cl_outfit_clo_h2f_o_s_13_t12_v0
427152066,packed_mp_veh_mod_idx_3_v139
427164859,vem_supermod_23_25_n1_t64_v33
427209799,packed_mp_veh_mod_idx_0_v118
427225355,m_cl_clo_h3m_o_jan_4_t11_v12
427308926,m_cl_clo_busm_s_1_14_t8_v1
427315333,vem_colour_extra_1_mct_classic_petrol_green_t24_v33
427330396,f_cl_clo_exf_eu_1011_t11_v1
427418244,vem_supermod_21_20_t62_v3
427431249,m_cl_ht_fmm_13_3_t14_v0
427552511,m_cl_clo_x6m_f_3_2_t6_v1
427581319,packed_mp_veh_mod_idx_6_v298
427816756,packed_mp_veh_livery2_0_v215
427830778,packed_ng_vehicle_neon_kit_v69
427862276,m_cl_clo_awm_u_9_23_t11_v1
427887305,packed_mp_veh_mod_idx_s_16_v346
427894800,m_cl_clo_awm_decl_108_t100_v0
427907373,vem_spoiler_25_t14_v38
428052592,m_cl_clo_indm_s_0_3_t8_v2
428117305,packed_mp_veh_mod_idx_s_3_v30
428136756,vem_hood_2_t9_v30
428175021,vem_horn_cnote_g0_t10_v26
428177889,packed_mp_veh_mod_idx_s_10_v311
428182088,m_cl_clo_trm_decl_14_t11_v1
428299511,packed_mp_veh_plate_id_v56
428331667,f_ta_tat_s1_009_t0_v0
428363184,packed_mp_veh_mod_idx_1_v373
428460274,vem_smod2_whlv146_t66_v3
428541296,vem_bumper_f_3_t34_v4
428570012,packed_mp_veh_mod_idx_s_18_v386
428629417,packed_ng_vehicle_neon_v56
428640625,packed_mp_veh_mod_idx_12_v380
428659449,f_cl_clo_grf_u_13_0_t11_v1
428764835,f_cl_outfit_clo_stf_o_14_t12_v0_cesp
428771547,m_cl_clo_fxm_l_1_18_t4_v1
429005617,packed_mp_veh_mod_idx_s_11_v160
429013895,wp_wm_tint4_t2_v9
429017058,mp_stat_mpsv_model_49
429069643,vem_colour_extra_1_mct_classic_flur_yellow_t24_v33
429102248,packed_mp_veh_mod_idx_s_18_v108
429259558,vem_colour_1_mct_matte_lime_green_t24_v1
429284909,vem_colour_extra_1_mct_matte_midnight_blue_t24_v3
429324979,packed_mp_veh_mod_var_0_v185
429330710,ve_intruder_t0_v0
429342625,packed_mp_veh_mod_idx_s_15_v155
429457111,m_ha_cc_blush_23_t5_v0
429556352,packed_mp_veh_mod_idx_2_v343
429571683,f_cl_clo_x6f_o_o_18_t3_v12
429621041,m_cl_outfit_o_fmm_s9_t12_v0
429636990,mp_stat_mpsv_model_244
429638742,vem_supermod_9_5_t50_v3
429674612,f_ta_tat_x6_032_t0_v0
429732803,packed_mp_veh_mod_idx_3_v1
429831350,vem_supermod_9_4_t50_v26
429843255,m_cl_clo_hstf_u_3_2_t11_v1
429902123,f_cl_clo_bhf_f_1_2_t6_v1
430100399,mp_stat_clbhos_furniture_v0
430114007,f_cl_clo_ief_b_4_1_t1_v1
430118747,packed_mp_veh_mod_idx_s_5_v60
430256472,vem_horn_indi_1_t10_v31
430402556,m_cl_clo_hp_g_1_4_t14_v1
430411429,packed_mp_veh_mod_idx_s_10_v138
430450969,vem_supermod_23_15_n1_t64_v33
430470841,f_cl_clo_lxf_u_6_6_t11_v1
430607741,f_cl_clo_arf_ph_0_19_t14_v1
430660229,f_cl_he_fmf_18_5_t14_v1
430717139,packed_mp_veh_mod_idx_s_12_v96
430789873,f_cl_clo_sbf_f_2_8_t6_v1
430810410,f_cl_clo_hp_f_f_0_1_t6_v1
430820788,f_cl_clo_v2f_o_1_t6_v12
431025430,packed_mp_veh_colour2_0_v13
431033836,vem_supermod_3_13_t44_v11
431109281,packed_mp_veh_window_tint_0_v105
431154501,packed_mp_veh_mod_idx_s_19_v240
431241398,packed_ng_vehicle_neon_kit_v45
431241934,wp_wct_c_tint_18_t2_v13_n2
431275722,packed_mp_veh_mod_idx_5_v206
431277959,m_cl_clo_grm_u_18_8_t11_v1
431300313,m_cl_clo_grm_u_8_11_t11_v1
431414228,f_cl_clo_ief_u_20_13_t11_v1
431496332,vem_colour_2_mct_classic_saddle_brown_t25_v4
431588714,packed_mp_veh_mod_idx_16_v388
431635679,f_cl_clo_exf_g_6_10_t14_v0
431724209,ve_dune5_t0_v3
431786040,vem_colour_2_mct_matte_dark_red_t25_v3
431887408,vem_colour_extra_1_mct_matte_green_t24_v4
431923650,vem_supermod_23_7_t64_v7
431923912,vem_supermod_3_0_t44_v11
431946377,packed_mp_veh_mod_idx_s_8_v256
431951824,f_cl_clo_exf_at_0_2_t7_v1
431953212,f_cl_clo_bhf_u_14_11_t11_v1
432022720,m_cl_clo_h4m_b_1_0_t1_v1
432117894,m_cl_clo_hstm_b_13_3_t1_v1
432156320,packed_mp_veh_colour_extra1_0_v214
432195178,vem_rwd_drft_13_t19_v0
432200845,m_ta_tat_bi_009_t0_v0
432250900,packed_mp_veh_mod_idx_5_v76
432261314,f_cl_outfit_clo_v2f_o_7_t12_v0
432281585,packed_mp_veh_secondary_colour_group_v46
432314465,packed_mp_veh_mod_idx_s_12_v183
432437920,packed_mp_veh_mod_idx_s_10_v345
432457276,vem_supermod_1_14_t42_v26
432482092,vem_smod4_whlv88_t66_v0
432507469,packed_mp_veh_mod_idx_s_23_v333
432553720,packed_lr_vehicle_colour_5_v344
432568256,f_cl_clo_arf_o_27_t8_v12
432635342,f_cl_clo_bif_decl_0_t11_v1
432662736,f_ha_cc_eyebrw_1_t2_v1
432698314,f_cl_clo_bif_ph_11_4_t14_v1
432772842,packed_ng_vehicle_neon_kit_v106
432789452,f_ta_tat_bi_040_t0_v0
432831640,f_cl_clo_arf_ph_0_1_t14_v1
432843560,ve_boxville_t1_v0
432849471,packed_mp_veh_mod_idx_s_22_v42
432958700,m_cl_clo_smm_ph_2_12_t14_v1
432958841,packed_mp_veh_mod_idx_11_v327
432967641,f_cl_outfit_clo_awf_o_b_1_t12_v0
433012177,packed_mp_veh_mod_idx_s_15_v138
433055193,vem_hood_13_t9_v1
433112970,packed_mp_veh_mod_idx_4_v264
433118676,packed_mp_veh_mod_var_0_v250
433176485,packed_mp_veh_mod_idx_s_16_v212
433363286,vem_supermod_19_10_t60_v3
433366883,f_cl_clo_bhf_u_12_2_t11_v1
433461862,m_cl_clo_h3m_o_fib_2_t3_v12
433476969,m_cl_clo_hstm_b_11_0_t1_v1
433477687,packed_mp_veh_colour2_0_v142
433603227,m_cl_clo_hstm_o_12_t11_v12
433628957,f_ha_cc_mkup_31_t5_v0
433648346,m_cl_clo_bim_decl_46_t11_v1
433735286,vem_colour_2_mct_classic_cabernet_red_t25_v3
433797319,vem_cmod_hrn_mus5_t10_v11
433817270,packed_mp_veh_mod_idx_s_11_v53
433854130,packed_mp_veh_mod_idx_s_8_v187
434100424,m_ta_tat_fm_206_t0_v0
434109565,packed_mp_veh_mod_idx_s_6_v175
434225731,m_cl_clo_awm_decl_93_t100_v0
434265953,f_cl_clo_s1f_l_0_0_t4_v1
434283012,packed_mp_veh_mod_idx_s_12_v215
434332191,f_cl_clo_scf_d_20_1_t10_v1
434419533,packed_mp_veh_mod_idx_8_v274
434645732,vem_roof_9_t12_v3
434658236,vem_turbo_0_t17_v28
434673711,m_cl_clo_x6m_t_0_0_t7_v1
434680406,packed_mp_veh_mod_idx_s_9_v245
434823562,vem_suv_05_t19_v12
434895390,packed_mp_veh_mod_idx_s_0_v241
434934705,packed_mp_veh_mod_idx_1_v329
434960888,vem_colour_extra_1_mct_pearlescent_formula_red_t24_v2
435113195,packed_mp_veh_primary_colour_group_v341
435124860,packed_mp_veh_mod_idx_s_0_v404
435156361,m_cl_clo_sum_b_1_0_t1_v1
435207508,f_cl_clo_ief_u_1_8_t11_v1
435222201,vem_insurance_bison
435286102,packed_mp_veh_mod_idx_22_v339
435393534,m_cl_clo_x6m_u_2_0_t11_v1
435406478,m_cl_clo_hp_u_6_0_t11_v1
435728549,packed_mp_veh_primary_colour_group_v265
435747036,packed_mp_veh_mod_idx_s_0_v307
435773048,f_cl_clo_indf_d_6_t100_v0
435841418,m_cl_clo_grm_b_1_1_t1_v1
435940114,vem_supermod_3_33_t44_v7
435978974,f_cl_clo_scf_d_25_4_t10_v1
436038301,f_cl_clo_trf_u_14_6_t11_v1
436082642,packed_mp_veh_mod_idx_s_8_v179
436124571,vem_insurance_coquette3
436270954,packed_mp_veh_mod_idx_7_v303
436292919,pm_weapon_discount_bronze_headshot
436351213,f_ta_tat_gr_016_t0_v0
436417615,f_cl_clo_ief_f_0_3_t6_v1_cesp
436548614,vem_horn_lowrder1_t10_v28
436572223,m_cl_clo_s1m_dec_14_t11_v1
436709521,packed_mp_veh_mod_idx_8_v352
436744913,pr_pm_apt_var_0_t0_v0
436752241,packed_mp_veh_mod_idx_14_v211
436810702,packed_mp_veh_mod_idx_15_v373
436831516,packed_mp_veh_mod_idx_18_v264
436865137,m_cl_clo_grm_b_3_13_t1_v1
436871479,packed_mp_veh_secondary_colour_group_v327
436956224,vem_rwd_spt_16_t19_v1
437018214,packed_mp_veh_mod_idx_12_v167
437185293,packed_mp_veh_mod_idx_s_19_v282
437195877,m_cl_rstar_dev_0_t100_v0
437217665,m_cl_clo_h4m_b_0_0_t1_v1
437291904,service_spend_vehicle_export_mods
437305290,m_ha_cc_blush_32_t5_v0
437314744,vem_supermod_15_3_t56_v38
437337350,fcclub_stor_2_t1_v0
437403005,f_cl_clo_bif_decl_37_t100_v0
437454945,wp_wm_tint3_t2_v26
437489877,packed_mp_veh_mod_idx_8_v322
437499209,f_cl_outfit_clo_awf_o_g_6_t12_v0
437554376,m_cl_clo_arm_o_18_t11_v12
437689139,packed_mp_veh_mod_idx_11_v46
437705455,fchub_sta_2_t0_v0
437722166,packed_mp_veh_livery_0_v114
437821181,vem_horn_hips2_t10_v37
437903213,vem_cmod_col5_28_t29_v4
437960021,m_cl_clo_stm_o_14_t3_v12
437965548,mp_stat_mpsv_model_260
437968402,packed_mp_veh_mod_idx_5_v401
437968721,m_cl_clo_fxm_l_3_7_t4_v1
438097681,vem_insurance_viseris
438362662,vem_supermod_17_2_t58_v3
438435545,packed_mp_veh_mod_idx_2_v1
438553388,vem_offr_01_t19_v12
438628118,m_cl_clo_bim_s_11_16_t8_v1
438651203,vem_horn_luxe3_t10_v26
438688883,f_cl_clo_exf_eu_15_4_t11_v1
438700902,ve_bombushka_t0_v34
438718180,packed_mp_veh_mod_idx_s_20_v301
438811736,packed_mp_veh_mod_idx_s_4_v93
438824043,vem_bumper_f_1_t34_v35
438860953,packed_mp_veh_colour1_0_v360
438873783,packed_mp_veh_mod_idx_14_v35
438925879,vem_spt_07_t19_v1
438928287,m_ta_tat_x6_036_t0_v0
438958380,pr_mp_prop_8_t0_v0
439018550,packed_mp_veh_mod_idx_s_0_v103
439071532,m_cl_f_fmm_14_13_t6_v0
439139800,vem_supermod_23_18_t64_v33
439157554,f_cl_clo_h2f_u_6_23_t11_v1
439177297,vem_spoiler_24_t14_v1
439282504,vem_smod2_whlv70_t66_v3
439289170,packed_mp_veh_mod_idx_s_1_v259
439377159,ve_marshall_n1_t1_v12
439510662,vem_smod5_whlv4_t66_v0
439632257,m_cl_clo_hp_d_12_t100_v0
439676932,m_cl_clo_bhm_decl_34_t11_v1
439727366,m_cl_clo_fxm_pe_0_4_t14_v1
439771608,wp_wct_tint_29_t2_v46_n2
439781500,f_cl_clo_v2f_u_0_10_t11_v1
439841742,packed_mp_veh_mod_idx_18_v412
439863699,f_cl_clo_suf_l_5_13_t4_v1
440006103,f_cl_clo_vwf_pw_2_0_t14_v1
440122548,m_cl_clo_grm_u_2_11_t11_v1
440235002,f_cl_clo_h4f_b_2_0_t1_v1
440293391,ve_washingt_t0_v0
440381037,f_cl_clo_awf_o_b_5_t3_v12
440418375,packed_mp_veh_mod_idx_s_12_v59
440433240,wh_index_6_t0_v0
440463047,f_cl_clo_ief_u_4_18_t11_v1
440471150,vem_rwd_drft_22_t19_v12
440559401,m_cl_clo_hp_d_15_t100_v0
440605361,vem_supermod_18_7_t59_v27
440733072,vem_supermod_9_3_t50_v11
440920202,fcarcade_b_up3_c_11
440943496,packed_mp_veh_mod_idx_23_v101
441064743,vem_cmod_pla_text_t23_v11
441074135,packed_mp_veh_mod_idx_s_3_v209
441163606,packed_mp_veh_primary_colour_group_v194
441230156,m_cl_clo_bhm_decl_27_t11_v1
441301502,packed_mp_veh_mod_idx_s_12_v91
441449273,vem_colour_1_mct_classic_white_t24_v1
441499057,m_cl_clo_awm_decl_6_t100_v0
441513558,m_cl_clo_h2m_b_4_10_t1_v1
441639637,m_cl_clo_exm_au_4_1_t11_v1
441664067,m_ha_hair_beard4_t1_v0
441693415,vem_horn_lowrder1_t10_v26
441774234,m_cl_sp_fmm_6_15_t8_v1
441920662,packed_mp_veh_mod_idx_s_10_v267
441938002,m_cl_clo_h2m_o_s_1_t3_v12
442061888,m_cl_clo_s2m_u_5_3_t11_v1
442290650,f_cl_clo_grf_u_3_7_t11_v1
442305451,f_cl_clo_ief_u_5_18_t11_v1
442410832,packed_mp_veh_wheel_type_0_v375
442426192,packed_ng_vehicle_smoke_v298
442558042,packed_mp_veh_mod_idx_s_0_v117
442610262,packed_mp_veh_mod_idx_16_v315
442646146,vem_smod4_whlv63_t66_v2
442741159,vem_suv_04_t19_v12
442784775,packed_mp_veh_plate_id_v145
442797202,m_cl_clo_grm_ph_5_2_t14_v1
442801993,f_cl_clo_ief_b_8_4_t1_v1
442804119,f_cl_clo_exf_au_24_0_t11_v1
442824902,packed_mp_veh_mod_idx_18_v5
442872348,vem_horn_cnote_f0_t10_v27
442915558,f_cl_clo_suf_b_3_14_t1_v1
442931887,vem_spoiler_20_t14_v38
442957540,fa_upgrade_meth_sec_0_t0_v0
442963777,packed_mp_veh_mod_idx_2_v175
442966209,packed_mp_veh_mod_idx_s_15_v5
443016046,dec_vw_aw_ls_6b
443017153,vem_colour_1_mct_metallic_racing_green_t24_v4
443035273,f_cl_clo_awf_b_12_7_t1_v1
443063025,packed_mp_veh_livery_0_v393
443190611,f_cl_clo_hp_f_d_2_t8_v1
443268691,m_cl_clo_hp_l_0_8_t4_v1
443347049,service_earn_nightclub_dancing_award
443358242,packed_mp_veh_livery_0_v286
443491058,vem_supermod_11_12_t52_v28
443639135,m_cl_clo_sum_decl_17_t100_v0
443718036,packed_mp_veh_mod_idx_s_21_v2
443732448,vem_colour_2_mct_metallic_midnight_silver_t25_v4
443897211,m_ta_tat_lx_009_t0_v0
443936451,vem_supermod_2_0_t43_v28
443957246,packed_ng_vehicle_bpt_v371
444184921,vem_grill_5_t8_v29
444203685,m_cl_clo_lxm_e_0_2_t14_v1
444225755,f_cl_outfit_clo_x5f_o_a_2_t12_v0
444228018,m_cl_clo_awm_u_7_1_t11_v1
444335656,m_cl_outfit_clo_h2m_o_g_18_t12_v0
444372506,vem_smod5_whlv100_t66_v3
444482570,vem_rwd_drft_17_t19_v3
444493784,f_cl_clo_vwf_decl_32_t100_v0
444499943,m_cl_clo_smm_u_1_9_t11_v1
444530440,m_cl_clo_stm_l_3_0_t4_v1
444605522,m_cl_clo_stm_o_5_t3_v12_cesp
444707440,m_cl_clo_stm_h_1018_t14_v1
444719644,packed_mp_veh_mod_var_1_v141
444735982,m_cl_clo_fxm_ph_2_11_t14_v1
444844119,f_cl_clo_exf_g_9_8_t14_v0
444881869,nclu_index_2_t0_v0
444899580,f_cl_clo_scf_f_0_4_t6_v1
444971162,m_cl_clo_val_decl_t_t8_v2
444982628,f_cl_clo_x6f_ph_9_2_t14_v1
444990330,f_cl_clo_fxf_pe_5_8_t14_v1
444996409,m_cl_clo_iem_u_3_2_t11_v1
445035376,packed_mp_veh_mod_idx_s_19_v314
445083873,packed_mp_veh_colour_extra2_0_v183
445129946,vem_colour_2_mct_classic_bright_green_t25_v2
445272625,packed_mp_veh_livery_0_v11
445353135,ve_barracks2_t1_v0
445374985,ve_comet4_t0_v3
445408695,vem_smod4_whlv120_t66_v0
445456214,vem_horn_indi_2_t10_v28
445569994,packed_mp_veh_mod_idx_s_0_v182
445592916,f_cl_clo_grf_u_15_2_t11_v1
445611019,vem_colour_extra_1_mct_classic_black_graphite_t24_v2
445615045,vem_colour_extra_1_mct_metallic_surf_blue_t24_v1
445618163,mp_stat_arcade_garage_v0
445654376,m_cl_clo_val_decl_f_t100_v0
445735972,packed_mp_veh_livery2_0_v129
445872919,packed_mp_veh_mod_idx_3_v364
445913317,f_cl_clo_exf_el_0_7_t4_v1
446000512,f_cl_clo_x6f_f_10_13_t6_v1
446075619,packed_mp_veh_mod_var_0_v19
446170972,f_cl_clo_ief_u_20_1_t11_v1
446233855,m_cl_clo_bim_ph_12_3_t14_v1
446276894,m_cl_clo_scm_ey_4_8_t14_v1
446373578,f_cl_clo_hstf_o_e_3_t8_v12
446580878,f_cl_clo_smf_u_3_2_t11_v1
446771560,packed_mp_veh_mod_idx_s_6_v27
446978975,vem_colour_1_mct_metallic_beechwood_brown_t24_v33
447050807,packed_mp_veh_mod_idx_6_v180
447052418,packed_mp_veh_mod_idx_18_v342
447183589,packed_mp_veh_mod_idx_s_11_v398
447189467,dec_vw_aw_mt_27a
447194579,m_cl_clo_trm_u_12_20_t11_v1
447301493,f_cl_clo_x4f_u_10_14_t11_v1
447302840,f_cl_clo_half_d_5_t11_v1
447309593,packed_mp_veh_mod_idx_s_2_v114
447334137,vem_chassis_1_t4_v29
447395173,packed_mp_veh_mod_idx_s_13_v73
447410254,packed_mp_veh_mod_idx_18_v58
447544909,m_ha_cc_mkup_38_t7_v1
447561444,vem_chassis_22_t4_v3
447563541,f_cl_clo_bif_f_5_2_t6_v1
447613311,packed_mp_veh_mod_idx_s_16_v330
447656963,vem_horn_clas4_t10_v35
447747324,packed_mp_veh_mod_idx_s_3_v82
447749740,f_cl_clo_hp_f_u_5_1_t11_v1
447835503,veu_brioso3_t0_v0
447846400,packed_mp_veh_mod_idx_s_22_v310
448089511,m_cl_clo_trm_u_17_4_t11_v1
448214467,packed_mp_veh_mod_idx_5_v250
448224335,f_cl_o_fmf_s8_t3_v12
448246181,vem_supermod_0_6_t41_v7
448302020,m_cl_clo_h3m_u_9_15_t11_v1
448310387,bhub_index_1_t0_v0
448342292,packed_mp_veh_mod_idx_8_v340
448412206,f_cl_clo_awf_ph_1_6_t14_v1
448443935,f_cl_clo_lxf_t_17_0_t7_v1
448498050,m_cl_clo_bbm_u_1_0_t11_v1
448526443,packed_mp_veh_mod_idx_15_v343
448537216,packed_mp_veh_mod_idx_5_v390
448597868,m_cl_clo_s1m_u_9_0_t100_v0
448661700,vem_supermod_8_11_t49_v27
448709631,packed_mp_veh_mod_idx_s_6_v296
448743536,packed_mp_veh_mod_idx_7_v18
448760548,packed_mp_veh_mod_idx_s_18_v171
448769955,vem_cmod_neoncol_7_t21_v26
448772341,packed_mp_veh_mod_idx_s_18_v65
448818920,m_cl_clo_trm_ph_1_2_t14_v1
448854157,m_cl_clo_grm_u_3_1_t11_v1
448908670,m_cl_clo_vem_dec_46_t100_v0
448966536,f_cl_clo_bhf_u_3_4_t11_v1
448999095,m_ha_clo_bim_h_4_0_t0_v2
449022417,ve_deity_t1_v38
449044267,m_cl_clo_x6m_ey_4_2_t14_v1
449179302,packed_mp_veh_mod_idx_s_6_v100
449223361,vem_cmod_hrn_sad_t10_v27
449245817,packed_lr_vehicle_colour_6_v254
449371816,packed_mp_veh_mod_idx_s_11_v366
449391899,packed_mp_veh_mod_idx_s_4_v321
449419643,dec_vw_aw_2s_5
449549428,packed_mp_veh_mod_idx_s_1_v363
449558109,m_ta_tat_fm_239_t0_v0
449651597,m_ha_cc_blush_11_t5_v0
449731567,packed_mp_veh_mod_idx_1_v285
449750715,vem_offr_05_t19_v1
449777549,m_cl_clo_scm_b_1_2_t1_v1
449814280,m_cl_clo_scm_f_0_10_t6_v1
449880432,f_cl_clo_scf_b_4_0_t1_v1
449937213,packed_ng_vehicle_neon_kit_v272
449941509,f_cl_clo_ief_b_8_3_t1_v1
449999688,m_cl_clo_bhm_decl_19_t11_v1
450070650,packed_mp_veh_mod_idx_16_v330
450141427,m_cl_clo_awm_b_2_5_t1_v1
450215229,packed_mp_veh_mod_idx_s_18_v30
450445131,m_cl_clo_iem_f_0_6_t6_v1
450525738,dec_vw_aw_wh_15
450570554,m_cl_clo_vwm_u_20_4_t11_v1
450581102,kosatk_fla_9_t0_v1
450592756,m_cl_f_fmm_9_12_t6_v0
450651514,packed_lr_vehicle_colour_5_v147
450654355,m_cl_clo_hp_d_34_t8_v2
450657806,packed_mp_veh_mod_idx_s_17_v222
450715082,vem_supermod_23_17_t64_v28
450739630,packed_mp_veh_mod_idx_s_15_v116
450759197,m_ta_tat_s2_008_t0_v0
450904984,packed_mp_veh_mod_idx_s_9_v9
450905050,vem_smod4_whlv190_t66_v1
450930941,packed_lr_vehicle_colour_5_v326
450931884,vem_colour_extra_1_mct_metallic_orange_t24_v33
451033213,vem_exhaust_8_t6_v35
451053625,packed_mp_veh_mod_idx_18_v184
451112531,fcarcade_flr_6_t0_v0
451170284,packed_mp_veh_mod_idx_s_3_v124
451255890,vem_hood_9_t9_v3
451278394,f_cl_clo_h3f_u_9_3_t11_v1
451390253,packed_mp_veh_mod_idx_23_v94
451427308,service_earn_casino_award_mission_three_first_time
451431293,f_cl_clo_h4f_b_0_3_t1_v1
451431689,m_cl_clo_s2m_d_16_t100_v0
451549664,mp_stat_mpsv_model_407
451572331,ve_previon_t1_v3
451576007,packed_mp_veh_mod_idx_s_0_v206
451578819,f_cl_outfit_clo_awf_o_h_0_t12_v0
451591571,packed_mp_veh_colour_extra2_0_v379
451713095,mp_stat_mpsv_model_161
451770751,f_cl_clo_s1f_u_4_0_t11_v1
452143335,packed_mp_veh_mod_idx_s_9_v276
452145231,vem_cmod_hrn_mus3_t10_v37
452176238,m_cl_clo_val_decl_l_t8_v2
452203753,packed_mp_veh_mod_idx_s_4_v344
452239805,packed_ng_vehicle_smoke_v17
452249097,f_cl_clo_fxf_u_6_3_t11_v1
452284924,m_cl_clo_hstm_o_l_1_t3_v12
452317660,ve_futo_t0_v3
452318461,packed_mp_veh_mod_idx_16_v109
452415357,packed_mp_veh_mod_idx_s_7_v296
452428121,packed_ng_vehicle_neon_kit_v227
452562995,packed_ng_vehicle_bpt_v113
452628353,vem_colour_extra_1_mct_classic_formula_red_t24_v33
452644066,packed_mp_veh_primary_colour_group_v361
452738532,vem_colour_extra_1_mct_matte_grey_t24_v2
452763509,vem_supermod_48_5_t48_v7
452781461,packed_mp_veh_mod_idx_14_v343
452857831,m_cl_clo_trm_ph_1_6_t14_v1
452986620,packed_mp_veh_livery2_0_v259
453127342,packed_mp_veh_mod_idx_11_v289
453155381,packed_ng_vehicle_smoke_v82
453225204,packed_mp_veh_mod_idx_s_12_v127
453258603,packed_mp_veh_mod_idx_s_14_v9
453313260,m_cl_clo_awm_decl_81_t100_v0
453323725,packed_mp_veh_mod_idx_2_v192
453414178,factory_index_14_t0_v0_cesp
453532291,m_cl_clo_smm_ph_2_10_t14_v1
453641137,vem_yacht_flag_43_v0
453662621,wp_wct_clip2_t1_v56
453693725,f_cl_clo_h4f_s_2_2_t8_v1
453708064,f_cl_clo_grf_b_3_24_t1_v1
453812368,vem_insurance_streamer216
453932125,packed_mp_veh_mod_idx_s_18_v405
453998351,packed_mp_veh_plate_id_v376
454071018,wp_wct_c_tint_14_t2_v5_n2
454100893,m_cl_clo_grm_u_2_8_t11_v1
454157274,packed_mp_veh_mod_idx_23_v366
454175036,m_cl_outfit_clo_stm_o_1_t12_v0_cesp
454194842,m_cl_clo_hp_l_1_7_t4_v1
454296633,packed_mp_veh_mod_idx_22_v223
454359403,service_spend_strip_club
454457225,f_cl_clo_bif_decl_43_t100_v0
454528796,f_cl_clo_vwf_u_19_11_t11_v1
454603398,m_cl_clo_grm_u_14_10_t11_v1
454749668,f_cl_g_fmf_11_3_t14_v0
454762918,m_cl_clo_bim_u_17_3_t11_v1
454779507,vem_supermod_13_11_t54_v26
454813668,packed_mp_veh_colour2_0_v64
454977695,packed_mp_veh_wheel_type_0_v156
454988946,vem_supermod_19_14_t60_v27
455042828,vem_supermod_11_0_t52_v33
455092181,vem_horn_cnote_c0_t10_v3
455113420,packed_mp_veh_mod_idx_s_16_v357
455121899,vem_smod4_whlv69_t66_v1
455225668,f_cl_clo_bif_decl_13_t11_v1
455238812,wp_gsa_type_r_t0_v67
455324762,vem_smod4_whlv127_t66_v3
455337837,m_cl_clo_h2m_b_1111_t1_v1
455407650,packed_mp_veh_plate_id_v382
455594123,f_cl_clo_grf_ph_6_7_t14_v1
455665388,packed_mp_veh_mod_idx_6_v201
455688450,vem_smod4_whlv208_t66_v3
455701314,vem_suv_05_t19_v3
455740104,packed_mp_veh_mod_idx_10_v136
455820097,m_cl_clo_h3m_o_bs_1_t4_v12
455820279,packed_mp_veh_mod_idx_5_v226
455827397,f_cl_clo_vwf_pw_4_4_t14_v1
455900178,m_cl_clo_lxm_dec_3_t100_v0
456022832,vem_insurance_velum
456042641,f_cl_clo_x6f_u_3_2_t11_v1
456053744,m_cl_clo_lxm_e_26_4_t14_v1
456095542,m_cl_clo_bim_s_10_6_t8_v1
456106171,f_cl_clo_bhf_u_16_9_t11_v1
456191236,f_cl_clo_bhf_u_11_9_t11_v1
456304737,f_ta_tat_bi_021_t0_v0
456309117,packed_mp_veh_livery_0_v297
456344691,f_cl_clo_grf_decl_1_t11_v1
456359211,packed_mp_veh_colour_extra1_0_v32
456400876,vem_suv_07_t19_v3
456461735,packed_mp_veh_mod_idx_13_v161
456503656,f_cl_clo_x6f_ph_8_5_t14_v1
456561353,vem_insurance_vetir
456617550,packed_mp_veh_mod_idx_s_19_v279
456667248,vem_insurance_phantom2
456707140,packed_mp_veh_mod_idx_15_v102
456844064,packed_mp_veh_plate_id_v119
456885855,m_cl_u_fmm_12_0_t11_v0
456933856,packed_lr_vehicle_colour_5_v341
456944263,vem_colour_extra_1_mct_classic_graphite_t24_v3
457060729,f_cl_clo_suf_l_3_7_t4_v1
457183213,packed_mp_veh_mod_idx_s_17_v22
457335855,packed_mp_veh_mod_idx_18_v300
457348162,packed_mp_veh_mod_idx_s_1_v391
457467396,vem_supermod_20_13_t61_v28
457475705,m_cl_clo_s1m_ph_0_1_t14_v1_cesp
457523331,m_cl_clo_arm_o_24_t11_v12
457570659,vem_horn_clas5_t10_v28
457682716,packed_mp_veh_colour1_0_v178
457719430,f_cl_clo_s2f_u_4_12_t11_v1
457895381,f_cl_clo_suf_l_2_12_t4_v1
457983768,vem_colour_2_mct_classic_gold_t25_v2
457993401,vem_chassis_9_t4_v3
458030042,packed_mp_veh_mod_idx_s_4_v205
458051365,f_cl_clo_busf_g0_5_t14_v1
458077005,packed_mp_veh_mod_idx_14_v13
458100165,m_cl_clo_x6m_ph_1013_t14_v1
458299203,packed_lr_vehicle_colour_6_v75
458366782,f_cl_clo_ief_u_7_21_t11_v1
458479072,m_cl_clo_x6m_f_3_8_t6_v1
458499762,packed_mp_veh_mod_idx_s_4_v402
458500809,m_cl_clo_vwm_b_11_0_t1_v1
458614250,m_cl_clo_smm_decl_1_t100_v0
458657245,packed_mp_veh_colour1_0_v397
458696808,packed_mp_veh_mod_idx_7_v70
458702559,dec_vw_aw_wh_53
458724473,f_cl_clo_hstf_o_g_3_t8_v12
458787045,packed_mp_veh_livery_0_v167
458790185,m_cl_g_fmm_8_2_t14_v0
458813900,packed_mp_veh_mod_idx_s_11_v15
458902206,vem_horn_indi_4_t10_v28
458909548,m_cl_clo_h3m_decl_20_t100_v0
458945932,packed_mp_veh_colour_extra2_0_v143
458978360,m_cl_clo_sum_u_0_9_t11_v1
459159502,vem_suv_14_t19_v1
459184072,vem_colour_extra_1_mct_pearlescent_purple_t24_v0
459209446,vem_supermod_16_0_t57_v39
459210494,packed_mp_veh_mod_idx_18_v150
459212658,f_cl_clo_hstf_s_8_8_t8_v1
459352263,packed_mp_veh_mod_idx_23_v243
459397563,f_cl_clo_bif_u_3_1_t11_v1
459437878,packed_mp_veh_mod_idx_22_v131
459439183,m_cl_clo_grm_g_0_4_t3_v1
459519285,m_cl_clo_exm_eu_11_7_t11_v1
459590622,m_cl_clo_sum_decl_29_t100_v0
459608961,vem_colour_2_mct_classic_racing_blue_t25_v33
459644340,m_cl_clo_x4m_u_12_1_t11_v1
459755998,packed_mp_veh_mod_idx_4_v33
459845052,m_cl_clo_stm_u_5_0_t11_v1
459860254,vem_supermod_8_1_t49_v7
460135446,packed_mp_veh_mod_idx_s_3_v53
460160734,packed_ng_vehicle_smoke_v210
460187530,f_cl_clo_bhf_f_1_12_t6_v1
460206462,ve_t20_t0_v0
460218880,f_cl_f_fmf_2_7_t6_v0
460249043,f_cl_clo_bhf_u_14_3_t11_v1
460280580,f_cl_outfit_clo_hstf_o_n_0_t12_v0
460298598,casino_heist_vehicle_upgrade_v1
460359219,vem_spoiler_30_t14_v3
460424453,vem_colour_extra_1_mct_metallic_blue_t24_v2
460468094,f_cl_clo_trf_u_12_13_t11_v1
460494160,m_cl_clo_smm_b_9_11_t1_v1
460602721,vem_trans_0_t16_v28
460646698,m_cl_clo_s1m_ph_1_2_t14_v1
460752413,packed_mp_veh_livery2_0_v273
460905987,packed_mp_veh_mod_idx_s_16_v2
460955673,f_cl_clo_s1f_u_0_2_t100_v0
461004841,packed_mp_veh_mod_idx_s_19_v32
461082300,m_cl_clo_trm_u_11_13_t11_v1
461123553,f_cl_clo_h4f_t_13_2_t7_v1
461179948,f_cl_clo_sbf_u_13_9_t11_v1
461187215,vem_colour_1_mct_matte_green_t24_v2
461193035,packed_mp_veh_mod_idx_14_v287
461218205,packed_mp_veh_colour2_0_v306
461257239,wp_wt_rifle_asl_t0_v1
461278921,f_cl_clo_bhf_u_5_7_t11_v1
461304172,vem_colour_2_mct_classic_bright_green_t25_v33
461406845,vem_colour_2_mct_metallic_galaxy_blue_t25_v0
461413434,f_cl_clo_bif_o_7_t8_v12
461447612,vem_insurance_emerus
461448880,vem_colour_5_flur_yellow_t38_v0
461460051,packed_mp_veh_colour1_0_v225
461526430,m_cl_clo_bim_f_2_1_t6_v1
461533723,packed_mp_veh_mod_idx_s_8_v143
461551879,f_cl_clo_bhf_f_1_19_t6_v1
461695593,vem_colour_extra_1_mct_classic_purple_t24_v33
461750022,ve_journey2_t0_v3
461794487,packed_mp_veh_mod_idx_s_18_v219
461839833,m_cl_clo_l2m_w_7_0_t14_v1
461861014,m_cl_outfit_clo_h4m_o_h1_m1_t12_v0
461863631,packed_mp_veh_mod_idx_18_v193
461960690,f_cl_clo_sbf_f_3_1_t6_v1
462004352,m_cl_clo_grm_u_4_8_t11_v1
462087082,f_cl_outfit_clo_arf_o_14_t12_v0
462113062,packed_mp_veh_mod_idx_s_3_v196
462145484,vem_livery_5_t26_v4
462225847,packed_mp_veh_mod_idx_2_v8
462336010,f_cl_clo_bhf_decl_52_t100_v0
462409707,vem_horn_xm15_3_t10_v27
462463116,wp_wct_clip_box_t1_v9
462463502,m_cl_clo_scm_ey_0_10_t14_v1
462482857,vem_supermod_4_6_t45_v27
462490149,f_cl_outfit_clo_h3f_o_sh_21_t12_v0
462497485,packed_lr_vehicle_colour_5_v27
462538810,packed_mp_veh_window_tint_0_v52
462622473,vem_smod2_whlv169_t66_v3
462644021,f_cl_clo_grf_l_3_5_t4_v1
462695308,packed_lr_vehicle_colour_5_v318
462705878,m_cl_clo_h4m_o_l2_m3_t3_v12
462707662,packed_mp_veh_mod_idx_14_v189
462827080,f_cl_clo_h4f_u_6_1_t11_v1
462830024,packed_mp_veh_mod_idx_8_v268
462928607,f_ha_clo_s1f_h_3_0_t0_v1
463017266,vem_colour_2_mct_matte_green_t25_v3
463065997,vem_supermod_8_5_t49_v11
463122531,packed_mp_veh_mod_idx_15_v81
463142405,service_earn_smuggler_agency
463175777,packed_mp_veh_livery2_0_v328
463245805,m_cl_clo_h4m_ph_0_12_t14_v1
463466928,vem_hood_10_t9_v3
463588516,f_cl_clo_indf_f_0_2_t6_v1
463812443,m_cl_clo_l2m_u_6_4_t11_v1
463945287,m_cl_clo_h4m_s_1_9_t8_v1
463970777,vem_smod5_whlv43_t66_v3
464046964,vem_supermod_20_3_t61_v10
464093467,m_ta_tat_bi_011_t0_v0_cesp
464187377,wp_wct_c_tint_15_t2_v46_n2
464227664,packed_mp_veh_mod_idx_s_0_v47
464246772,m_cl_clo_bhm_u_0_10_t11_v1
464321872,packed_mp_veh_mod_idx_s_10_v301
464341620,m_cl_clo_sum_u_18_0_t11_v1
464407103,f_cl_clo_x6f_lw_0_3_t14_v1
464407189,f_cl_clo_fxf_u_7_0_t11_v1
464482511,vem_cmod_tyr_2_t30_v37
464581870,packed_mp_veh_mod_idx_s_4_v255
464629199,packed_mp_veh_mod_idx_13_v280
464695295,packed_mp_veh_mod_idx_s_21_v80
464713796,m_cl_f_fmm_11_14_t6_v0
464744685,packed_mp_veh_mod_idx_s_23_v267
464768974,mp_stat_ie_wh_owned_vehicle_23_v0
464782388,packed_mp_veh_colour1_0_v324
464960392,packed_mp_veh_secondary_colour_group_v221
465074096,packed_mp_veh_mod_idx_13_v353
465163367,packed_mp_veh_mod_idx_1_v399
465199697,f_cl_clo_sbf_l_2_4_t4_v1
465210008,mp_stat_missionforfactory6_v0
465242742,packed_mp_veh_mod_idx_24_v44
465307934,packed_mp_veh_mod_idx_s_16_v170
465337601,packed_mp_veh_mod_idx_s_19_v83
465390707,packed_mp_veh_mod_idx_s_9_v204
465570655,vem_supermod_23_35_n1_t64_v34
465580151,m_cl_clo_bhm_u_14_5_t11_v1
465593908,packed_mp_veh_mod_idx_14_v339
465716250,packed_mp_veh_mod_idx_s_22_v21
465822756,packed_mp_veh_mod_idx_s_9_v79
465904707,vem_spoiler_4_t14_v0
465925517,packed_mp_veh_mod_idx_s_17_v364
465932623,m_cl_clo_x6m_f_4_20_t6_v1
465948561,packed_lr_vehicle_colour_6_v9
465976494,packed_mp_veh_mod_idx_2_v200
465984143,m_cl_clo_grm_g_0_2_t3_v1
465997893,m_cl_clo_vwm_l_3_3_t4_v1
466006067,vem_supermod_3_15_t44_v27
466057147,vem_colour_2_mct_metallic_galaxy_blue_t25_v33
466090333,packed_mp_veh_mod_idx_s_22_v269
466110348,f_cl_clo_bif_decl_29_t11_v1
466164689,f_cl_clo_h3f_u_9_2_t11_v1
466172922,packed_mp_veh_mod_idx_0_v397
466267335,vem_cmod_col5_24_t29_v4
466272632,packed_mp_veh_secondary_colour_group_v214
466354163,f_cl_clo_h4f_b_2_4_t1_v1
466412574,vem_skirt_0_t13_v30
466431243,m_cl_clo_grm_u_10_14_t11_v1
466507435,packed_mp_veh_mod_idx_s_18_v254
466542224,m_cl_clo_vwm_decl_10_t100_v0
466544426,packed_mp_veh_mod_var_1_v163
466546541,packed_mp_veh_mod_idx_s_19_v272
466700386,f_cl_clo_h4f_pey_0_4_t14_v1
466726608,f_cl_clo_hstf_o_17_t11_v12
466729833,f_cl_clo_s2f_u_4_6_t11_v1
466736820,m_cl_clo_grm_u_2_18_t11_v1
466749099,wp_wct_shell_inc_t0_v22_n2
466792545,vem_smod_whlv153_t66_v0
466872893,packed_lr_vehicle_colour_5_v128
466897403,vem_supermod_1_14_t42_v27
466986135,m_cl_clo_x6m_u_22_14_t11_v1
466993838,packed_mp_veh_wheel_type_0_v313
467020748,f_cl_clo_trf_ph_1_4_t14_v1
467142675,vem_colour_extra_1_mct_classic_bleeched_brown_t24_v0
467195591,packed_mp_veh_mod_idx_16_v103
467236028,packed_mp_veh_mod_idx_s_22_v221
467260311,f_cl_clo_sbf_ph_6_3_t14_v1
467298525,vem_supermod_1_9_t42_v10
467392625,vem_musc_17_t19_v3
467478987,vem_smod4_whlv101_t66_v1
467560493,packed_mp_veh_mod_var_1_v157
467773398,m_cl_clo_x2m_o_0_t3_v12
467777915,packed_mp_veh_mod_idx_s_2_v52
467779921,vem_insurance_gauntlet5
467881079,vem_brake_2_t2_v11
467954699,packed_mp_veh_mod_idx_s_8_v168
467956649,pm_weapon_discount_gun_van_0_4
467970121,packed_mp_veh_mod_idx_s_11_v267
468205137,packed_mp_veh_mod_idx_4_v199
468365809,packed_mp_veh_colour_extra1_0_v159
468371705,packed_mp_veh_mod_idx_8_v80
468452419,vem_cmod_pla_4_t23_v5
468558527,dec_vw_aw_wh_38b
468664490,ve_marshall_t1_v22
468753205,wp_wct_tint_28_t2_v46_n2
468841755,f_cl_clo_ltsfb_0_3_t1_v1
468846432,packed_mp_veh_mod_idx_12_v327
468857027,veu_impaler4_t0_v0
468876611,packed_mp_veh_mod_idx_13_v309
468921478,packed_mp_veh_mod_idx_2_v249
468940322,m_cl_clo_x6m_ph_0_9_t14_v1
468981677,vem_horn_cnote_d0_t10_v1
468994065,vem_cmod_win_3_t33_v36
469012155,mp_stat_mpsv_model_149
469094487,m_cl_ht_fmm_2_5_t14_v0
469096725,packed_mp_veh_mod_idx_16_v165
469190536,m_cl_clo_h4m_b_2_24_t1_v1
469233898,f_cl_clo_indf_d_8_t11_v1
469449041,f_cl_clo_h4f_u_2_17_t11_v1
469530557,pr_mp_prop_39_t0_v0
469553754,f_cl_clo_vef_dec_40_t100_v0
469615456,packed_mp_veh_mod_idx_5_v203
469637542,packed_mp_veh_secondary_colour_group_v379
469654966,vem_colour_extra_1_mct_metallic_lime_green_t24_v3
469751420,m_cl_clo_hstm_g_5_1_t3_v1
469837604,packed_mp_veh_mod_idx_s_23_v359
469939486,m_cl_clo_s1m_dec_1_t100_v0
470029055,m_cl_clo_smm_ph_6_11_t14_v1
470114885,packed_mp_veh_mod_idx_s_3_v343
470364914,packed_mp_veh_mod_idx_24_v302
470449932,packed_mp_veh_plate_id_v182
470490171,packed_mp_veh_mod_idx_s_13_v394
470515177,vem_cmod_hrn_trk_t10_v38
470527277,packed_mp_veh_mod_idx_s_1_v154
470556628,packed_ng_vehicle_smoke_v54
470564807,vem_smod4_whlv79_t66_v3
470773843,m_cl_u_fmm_14_7_t11_v0
470817921,packed_mp_veh_mod_idx_12_v225
470840262,m_cl_clo_hstm_u_0_2_t11_v1
470856570,f_cl_clo_hstf_l_4_1_t4_v1
470895976,vem_smod_whlv48_t66_v0
470911361,vem_supermod_15_6_t56_v6
470921547,pr_pm_modshop_3_t89_v0
470948270,m_cl_clo_lxm_t_11_1_t7_v1
470956700,vem_smod4_whlv98_t66_v3
470960494,vem_rwd_musc_14_t19_v12
470997437,packed_ng_vehicle_insurance_v314
471014652,m_ta_tat_sb_013_t0_v0
471070406,f_cl_clo_busf_u_0_3_t11_v1
471104011,m_cl_clo_exm_eu_15_5_t11_v1
471115387,vem_supermod_19_2_t60_v6
471188286,packed_mp_veh_mod_idx_s_15_v148
471228511,packed_mp_veh_mod_idx_s_11_v379
471286327,vem_trans_3_t16_v37
471350828,wp_ps_bag_9_t1_v33
471432689,packed_mp_veh_mod_idx_22_v80
471502691,f_cl_clo_scf_l_13_5_t4_v1
471547181,vem_colour_1_mct_metallic_cast_iron_sil_t24_v0
471644316,m_ta_tat_bi_035_t0_v0
471687365,vem_smod4_whlv42_t66_v1
471733668,packed_mp_veh_mod_idx_10_v255
471767421,vem_colour_extra_1_mct_metals_gold_s_t24_v3
471792025,packed_mp_veh_mod_idx_s_16_v388
471866674,m_cl_clo_h3m_b_14_3_t1_v1
471874999,packed_mp_veh_mod_idx_9_v256
471894044,packed_mp_veh_mod_idx_13_v372
472010774,wp_wct_clip_hp_t0_v1_n2
472114942,packed_mp_veh_mod_idx_18_v318
472143129,vem_rwd_musc_14_t19_v1
472170056,packed_mp_veh_mod_idx_9_v346
472224751,m_cl_u_fmm_1_8_t8_v0
472254380,m_cl_clo_h2m_ph_410_t14_v1
472295572,packed_mp_veh_secondary_colour_group_v310
472332792,packed_mp_veh_mod_idx_24_v183
472353558,m_cl_he_fmm_17_5_t14_v0
472359707,vem_insurance_felon
472379883,packed_mp_veh_mod_idx_14_v351
472455101,packed_mp_veh_mod_idx_24_v264
472588511,vem_grill_1_t8_v29
472619230,f_cl_clo_busf_u_4_14_t11_v1
472681239,vem_hlight_0_t11_v39
472686778,ve_bruiser3_t0_v38
472688166,packed_mp_veh_plate_id_v279
472698202,vem_smod3_whlv34_t66_v3
472835134,vem_colour_2_mct_classic_racing_green_t25_v4
472864158,vem_rwd_hiend_13_t19_v12
472964803,packed_mp_veh_mod_idx_s_1_v113
472978345,f_ha_cc_blush_28_t5_v0
472979874,f_cl_clo_x6f_t_2_9_t7_v1
472998800,f_cl_clo_fxf_u_5_4_t11_v1
473042213,packed_mp_veh_mod_idx_s_21_v273
473135239,packed_mp_veh_mod_idx_7_v356
473178423,ve_outlaw_t0_v3
473186003,packed_mp_veh_mod_idx_s_17_v158
473223561,packed_ng_vehicle_smoke_v353
473224636,m_cl_clo_arm_o_24_t7_v12
473246525,packed_lr_vehicle_colour_5_v39
473279881,packed_mp_veh_mod_idx_s_1_v150
473319078,m_cl_clo_smm_u_2_2_t11_v1
473332197,ve_volatol_t1_v34
473358421,wp_gsa_type_r_t0_v83
473399176,kosatk_fla_11_t0_v0
473405747,packed_mp_veh_mod_idx_23_v414
473424760,m_cl_f_fmm_12_6_t6_v0
473433947,vem_colour_2_mct_classic_hot
473490398,f_cl_outfit_clo_lxf_o_10_t12_v0
473500280,f_cl_clo_sbf_u_14_11_t11_v1
473557531,f_cl_clo_x2f_o_5_t3_v12
473561180,packed_mp_veh_mod_idx_7_v352
473661366,vem_suspension_1_t15_v2
473662938,f_cl_clo_h3f_s_1_1_t8_v1
473775841,packed_mp_veh_mod_idx_s_17_v156
473778024,vem_insurance_rrocket
473810888,packed_mp_veh_mod_idx_s_9_v210
473879433,packed_mp_veh_mod_idx_s_3_v117
473924456,packed_mp_veh_mod_idx_s_6_v191
473943250,vem_roof_6_t12_v26
473976329,packed_mp_veh_colour1_0_v306
473981835,packed_mp_veh_mod_idx_1_v249
474060995,vem_chassis_0_n0_t4_v38
474104407,wp_wct_c_tint_18_t2_v9_n2
474184471,m_cl_clo_h2m_b_8_6_t1_v1
474259858,vem_supermod_10_5_t51_v38
474282326,vem_smod4_whlv133_t66_v3
474318790,f_cl_clo_smf_ph_3_14_t14_v1
474361691,vem_colour_1_mct_metallic_torino_red_t24_v0
474511054,m_cl_clo_lxm_u_5_13_t11_v1
474546546,f_cl_clo_suf_decl_2_t100_v0
474551127,vem_cmod_tyr_11_t18_v3
474655791,f_cl_clo_vwf_ph_0_13_t14_v1
474802576,packed_mp_veh_livery2_0_v367
474973244,packed_mp_veh_mod_idx_22_v114
474989799,packed_lr_vehicle_colour_5_v377
475157088,f_cl_clo_grf_l_4_0_t4_v1
475230387,packed_mp_veh_mod_idx_0_v321
475266657,f_cl_clo_h4f_decl_32_t100_v0
475274094,wp_wm_tint6_t2_v52
475360215,m_cl_clo_scm_u_0_8_t11_v1
475373289,packed_mp_veh_mod_idx_s_8_v58
475383271,vem_horn_lowrder1_t10_v7
475538286,packed_mp_veh_wheel_type_0_v45
475544661,vem_colour_mct_none_157
475570195,vem_supermod_20_0_n1_t58_v3
475594564,packed_mp_veh_colour_extra2_0_v133
475656609,m_cl_clo_scm_l_10_25_t4_v1
475676782,packed_mp_veh_colour_extra2_0_v377
475849168,packed_mp_veh_mod_idx_s_11_v363
476104938,wp_wt_molotov_t2_v0
476145630,wp_wct_c_tint_6_t2_v22_n2
476296360,vem_colour_extra_1_mct_pearlescent_frost_white_t24_v3
476365886,f_cl_clo_awf_o_b_1_t8_v12
476453067,f_cl_clo_s2f_o_7_t8_v12
476505571,m_cl_clo_h3m_s_1_9_t8_v1
476506747,m_cl_clo_x4m_u_13_0_t11_v1
476531840,vem_colour_2_mct_classic_black_graphite_t25_v3
476589033,f_cl_clo_grf_u_4_1_t11_v1
476648185,vem_cmod_tyr_13_t18_v6
476649557,packed_mp_veh_window_tint_0_v326
476703116,m_cl_clo_x6m_ph_1_14_t14_v1
476738396,vem_chassis_2_n1_t4_v33
476742054,vem_colour_extra_1_mct_pearlescent_light_blue_t24_v2
476744748,vem_insurance_mamba
476800967,wp_wm_tint1_t2_v54
476860401,f_cl_clo_suf_decl_19_t11_v1
476970680,m_cl_clo_vem_dec_40_t11_v1
477152465,f_cl_clo_h4f_u_6_7_t11_v1
477165705,m_cl_clo_awm_ph_2_6_t14_v1
477186362,m_cl_clo_x6m_ph_8_12_t14_v1
477267692,packed_mp_veh_mod_idx_s_18_v2
477277355,packed_mp_veh_mod_idx_s_8_v94
477327416,f_cl_l_fmf_11_14_t4_v0
477383114,packed_mp_veh_mod_idx_s_1_v53
477400191,f_cl_clo_trf_u_7_10_t11_v1
477469887,f_cl_clo_vwf_pey_1_0_t14_v1
477504143,wp_wct_tint_15_t2_v22_n2
477567586,packed_mp_veh_livery_0_v232
477575342,vem_colour_2_mct_classic_frost_white_t25_v33
477610546,vem_exhaust_5_t6_v4
477614416,f_cl_clo_grf_b_5_7_t1_v1
477629010,packed_mp_veh_mod_idx_12_v79
477643582,packed_mp_veh_mod_idx_14_v191
477653750,vem_hood_13_t9_v3
477752131,packed_mp_veh_mod_idx_s_1_v268
477906363,vem_roof_0_t12_v39
477973827,f_cl_f_fmf_14_0_t6_v0
478008705,vem_rwd_bikew_14_t19_v4
478019327,m_cl_clo_hp_d_27_t8_v2
478231886,packed_mp_veh_primary_colour_group_v291
478322122,packed_mp_veh_mod_idx_s_4_v391
478408530,m_ha_cc_lipstick_2_t8_v0
478557141,packed_mp_veh_mod_idx_9_v227
478679135,vem_grill_6_t8_v1
478690368,m_cl_clo_exm_eu_6_3_t11_v1
478699139,packed_mp_veh_mod_idx_4_v2
478733364,wp_wct_clip1_t1_v95
478854398,packed_mp_veh_mod_idx_9_v78
478855693,vem_colour_extra_1_mct_pearlescent_cast_iron_sil_t24_v1
478929916,m_cl_clo_hilf_u_0_6_t11_v1
479012852,m_cl_clo_hstm_u_15_0_t11_v1
479163423,f_cl_outfit_clo_arf_o_20_t12_v0
479179454,vem_colour_1_mct_metallic_cream_t24_v33
479195040,f_cl_clo_apf_u_17_10_t11_v1
479208224,f_cl_clo_bhf_f_1_3_t6_v1
479209830,vem_supermod_7_9_t48_v26
479263559,vem_colour_2_mct_metallic_racing_green_t25_v1
479308735,packed_mp_veh_mod_idx_16_v35
479311373,m_cl_clo_smm_b_0_11_t1_v1
479321131,f_cl_outfit_clo_awf_o_f_14_t12_v0
479325374,wp_wct_camo_5_t1_v47_n2
479375751,packed_mp_veh_mod_idx_s_1_v176
479423850,vem_smod4_whlv34_t66_v3
479716741,packed_ng_vehicle_bpt_v270
479763621,mba_style_2_t0_v0
479909096,vem_cmod_exp_1_t20_v35
479916368,vem_engine_0_t5_v2
479970928,packed_mp_veh_mod_idx_4_v249
480017295,m_cl_clo_awm_l_1_4_t4_v1
480050578,f_cl_clo_suf_u_17_25_t11_v1
480112714,fcarcade_ne3_t0_v0
480137414,packed_mp_veh_mod_idx_s_11_v408
480157777,packed_mp_veh_mod_idx_2_v282
480162565,m_cl_clo_h3m_u_4_1_t11_v2
480267032,f_ha_cc_mkup_63_t5_v0
480275317,f_ha_clo_s2f_h_0_0_t0_v1
480407605,packed_mp_veh_mod_idx_6_v115
480437941,packed_mp_veh_colour2_0_v297
480465381,vem_cmod_hrn_mus3_t10_v0
480494321,vem_smod5_whlv56_t66_v3
480535277,packed_mp_veh_mod_idx_s_19_v183
480560259,f_cl_clo_sbf_u_18_9_t11_v1
480720545,packed_mp_veh_mod_idx_s_15_v238
480792924,f_cl_clo_s2f_u_0_2_t100_v0
480843188,vem_supermod_61_11_t61_v7
480988190,vem_colour_5_petrol_green_t38_v3
481007928,packed_mp_veh_mod_idx_12_v266
481008587,vem_colour_2_mct_classic_lime_green_t25_v2
481026085,f_cl_clo_s1f_f_0_1_t6_v1
481064456,f_cl_outfit_clo_h3f_o_dh_31_t12_v0
481091074,packed_mp_veh_livery_0_v60
481159752,vem_colour_extra_1_mct_pearlescent_shadow_silver_t24_v4
481183489,packed_mp_veh_mod_idx_5_v224
481221493,vem_supermod_3_35_t44_v10
481266482,packed_mp_veh_mod_idx_s_8_v295
481345482,vem_colour_mct_none_97
481414888,packed_mp_veh_colour1_0_v308
481660998,vem_cmod_tyr_4_t18_v36
481689164,packed_mp_veh_mod_idx_3_v375
481697684,f_cl_clo_vwf_pw_7_0_t14_v1
481714669,vem_colour_extra_1_mct_metallic_red_t24_v2
481723481,packed_mp_veh_mod_idx_s_9_v20
481763049,f_cl_clo_hstf_o_19_t4_v12
481838286,vem_supermod_8_16_t49_v10
481838811,packed_mp_veh_mod_idx_s_12_v257
481963466,vem_smod5_whlv32_t66_v3
482000772,packed_mp_veh_mod_idx_s_13_v105
482045239,packed_mp_veh_mod_idx_s_9_v318
482054391,packed_mp_veh_mod_idx_5_v31
482075369,m_cl_outfit_clo_x2m_o_2_t12_v0
482094314,m_cl_clo_stm_u_3_10_t11_v1
482100519,vem_supermod_10_7_t51_v28
482142466,m_ta_tat_sb_045_t0_v0
482157656,m_cl_clo_bbm_u_2_2_t8_v1
482343488,vem_smod4_whlv133_t66_v1
482355725,m_cl_clo_s1m_u_7_2_t11_v1
482359857,f_ta_tat_ar_004_t0_v0
482392200,packed_mp_veh_mod_idx_s_15_v215
482476848,f_cl_clo_exf_eu_11_6_t11_v1
482499526,f_ta_tat_h4_001_t0_v0
482590366,m_ta_tat_bi_039_t0_v0
482620375,vem_yacht_flag_19_v0
482652375,m_ta_tat_x2_021_t0_v0
482670040,packed_mp_veh_mod_idx_s_8_v135
483033272,packed_mp_veh_mod_idx_18_v409
483054421,packed_mp_veh_mod_idx_1_v364
483086950,dec_vw_aw_wv_46c
483087850,m_cl_clo_iem_u_4_18_t11_v1
483233547,vem_trans_0_t16_v6
483278487,vem_cmod_tyr_pat_t18_v4
483279941,vem_colour_1_mct_metals_gold_p_t24_v3
483355390,vem_fender_l_3_t36_v3
483412846,packed_mp_veh_mod_idx_3_v204
483418627,packed_mp_veh_plate_id_v155
483441280,f_cl_clo_bif_prw_4_0_t14_v1
483475746,wp_wt_mg_cbt_t0_v0
483872858,f_cl_clo_s1f_ph_1_6_t14_v1
483928395,vem_supermod_8_15_t49_v6
483967773,f_cl_clo_grf_f_1_0_t6_v1
483986491,packed_mp_veh_mod_idx_s_0_v19
484070533,packed_mp_veh_mod_idx_0_v13
484135554,m_cl_clo_hstmb_21_0_t1_v1
484141388,vem_bumper_r_12_t35_v4
484182494,packed_mp_veh_mod_idx_23_v3
484302995,m_cl_clo_grm_l_3_24_t4_v1
484583378,f_cl_clo_h3f_s_12_0_t8_v1
484612222,packed_lr_vehicle_colour_6_v83
484631756,packed_mp_veh_mod_var_0_v264
484725841,packed_mp_veh_mod_idx_s_0_v155
484811737,f_cl_clo_vwf_ph_1_23_t14_v1
484848137,vem_colour_1_mct_metallic_rolled_steel_t24_v3
484883901,f_cl_clo_x3f_u_1_5_t11_v1
484936905,vem_colour_2_mct_metallic_woodbeech_brown_t25_v3
485004273,f_cl_clo_x6f_f_0_6_t6_v1
485036866,f_cl_clo_trf_u_11_6_t11_v1
485080517,vem_colour_extra_1_mct_metallic_bronze_t24_v0
485122165,m_cl_clo_hp_d_14_t8_v1
485161585,f_cl_clo_fxf_l_3_10_t4_v1
485173918,vem_bumper_r_17_t35_v35
485179260,vem_hood_12_t9_v3
485195070,f_cl_clo_x17f_u_4_3_t11_v1
485321060,dec_vw_aw_wv_50
485330602,f_cl_clo_x5f_o_a_3_b_t8_v12
485339073,m_cl_clo_grm_ph_0_10_t14_v1
485359126,vem_smod_whlv43_t66_v3
485397392,m_cl_clo_grm_u_9_7_t11_v1
485597694,vem_spt_11_t19_v2
485714557,packed_mp_veh_mod_idx_s_3_v328
485803790,f_cl_clo_bif_o_14_t3_v12
485804030,vem_spt_08_t19_v12
485832723,f_cl_clo_s2f_d_7_t11_v1
485947248,packed_mp_veh_window_tint_0_v89
485955515,packed_mp_veh_mod_idx_s_0_v73
485975816,packed_mp_veh_mod_var_1_v330
486033959,f_cl_clo_awf_decl_121_t100_v0
486194883,f_cl_clo_exf_au_9_0_t11_v1
486252250,mp_stat_ie_wh_owned_vehicle_32_v0
486265288,packed_mp_veh_primary_colour_group_v56
486303411,f_cl_clo_x6f_rw_2_0_t14_v1
486492153,f_cl_outfit_clo_awf_o_h_4_t12_v0
486516422,f_cl_clo_busf_u_4_13_t11_v1
486530720,service_earn_clubhouse_duffle_bag
486567315,f_ha_cc_eyebrw_10_t2_v1
486576485,vem_colour_extra_1_mct_pearlescent_salmon_pink_t24_v0
486729347,candc_hacker_dec_14_t0_v0
486739104,vem_colour_extra_1_mct_classic_saxon_blue_t24_v4
486793450,m_ha_cc_body_1_6_t3_v1
486887593,f_cl_clo_bif_u_17_6_t11_v1
486895871,m_cl_clo_stm_u_3_6_t11_v1
486903080,m_cl_clo_sbm_ph_6_2_t14_v1
486928494,packed_mp_veh_mod_idx_s_2_v146
486984259,f_cl_clo_suf_u_14_1_t11_v1
487031396,m_cl_clo_x6m_b_3_0_t1_v1
487089789,packed_lr_vehicle_colour_6_v285
487097646,wp_wm_tint6_t2_v86
487097955,packed_ng_vehicle_neon_kit_v257
487108398,packed_mp_veh_mod_idx_9_v14
487108584,m_cl_clo_fxm_ph_0_1_t14_v1
487131630,packed_mp_veh_mod_idx_s_1_v245
487302979,packed_mp_veh_mod_idx_18_v101
487404513,m_cl_clo_grm_u_8_8_t11_v1
487417119,m_cl_clo_vem_dec_39_t100_v0
487419079,f_cl_clo_h3f_u_10_14_t11_v1
487449063,m_cl_clo_scm_u_0_15_t11_v1
487535524,f_cl_clo_hp_f_f_1_6_t6_v1
487536115,f_cl_outfit_clo_arf_o_15_t12_v0
487571878,packed_mp_veh_mod_idx_s_15_v283
487582305,dec_vw_aw_wv_42
487602572,vem_smod_whlv86_t66_v3
487704711,candc_hacker_drn_0_t0_v0
487761700,packed_mp_veh_primary_colour_group_v177
487763271,vem_hood_5_t9_v35
487797474,f_cl_clo_sbf_u_17_19_t11_v1
487892128,fcarcade_c_up3_c_11
487900283,f_cl_clo_s1f_ph_1_2_t14_v1
487981052,packed_mp_veh_mod_idx_14_v411
487987496,vem_bumper_f_8_t34_v6
487995199,f_cl_clo_busf_u_3_0_t8_v1
488042379,m_cl_clo_x2m_u_0_2_t11_v1
488060155,packed_mp_veh_mod_idx_9_v225
488076311,packed_mp_veh_mod_idx_s_14_v14
488218285,packed_mp_veh_mod_idx_4_v396
488218838,f_cl_rew_lsb_t11_v0
488221795,vem_cmod_neonlay_5_t21_v30
488394689,packed_mp_veh_mod_idx_s_6_v385
488463247,m_cl_clo_bhm_b_0_7_t1_v1
488570642,packed_mp_veh_mod_idx_18_v141
488608387,pr_pm_bfcolour_6_t0_v0
488638032,packed_mp_veh_mod_idx_16_v66
488653869,packed_mp_veh_mod_idx_s_16_v79
488728652,vem_fender_l_5_t36_v38
488775297,factory_index_31_t0_v0
488995906,vem_horn_clas5_t10_v36
489020179,vem_smod2_whl14_t19_v3
489081583,vem_grill_8_t8_v29
489090657,fixer_hq_arm_1_t0_v0
489102874,vem_smod4_whlv50_t66_v1
489119790,packed_mp_veh_mod_idx_s_3_v6
489163534,f_cl_clo_hp_f_l_2_11_t4_v1
489277660,vem_engine_0_t5_v27
489436792,m_cl_clo_h3m_b_9_12_t1_v1
489480621,m_cl_clo_h3m_u_10_16_t11_v1
489499693,f_cl_clo_stf_ht6_9_t14_v1_cesp
489610694,packed_mp_veh_mod_idx_14_v204
489639126,f_ta_tat_sm_014_t0_v0
489641969,wp_wct_camo_1_t1_v1_n2
489647768,m_cl_clo_sbm_f_5_1_t6_v1
489714487,dec_vw_aw_wh_10b
489716587,m_cl_clo_awm_decl_116_t100_v0
489743012,f_cl_clo_exf_eu_1_0_t11_v1
489820629,packed_mp_veh_mod_idx_s_0_v20
489843277,packed_mp_veh_colour2_0_v81
489991227,ve_airbus_t0_v0
490081980,packed_mp_veh_mod_idx_s_10_v410
490104185,f_cl_clo_h3f_b_18_20_t1_v1
490129952,ve_stinger_t0_v3
490175455,packed_mp_veh_mod_idx_3_v327
490186204,f_cl_g_fmf_14_7_t14_v0
490216600,packed_mp_veh_mod_idx_10_v281
490232588,packed_mp_veh_mod_idx_s_13_v272
490381234,vem_grill_1_t8_v31
490439990,m_cl_clo_busm_s_1_13_t8_v2
490470462,packed_mp_veh_mod_idx_s_16_v154
490554389,wp_wt_ba_3_t3_v0
490567296,packed_mp_veh_mod_idx_s_22_v253
490580515,packed_mp_veh_mod_idx_5_v379
490662943,m_ha_cc_m_hs_19_t0_v0
490737098,vem_colour_extra_1_mct_metallic_formula_red_t24_v4
490749780,vem_supermod_17_5_t58_v28
490816453,wp_wct_c_tint_30_t2_v9_n2
490847498,m_cl_clo_x2m_o_4_t3_v12
490883926,m_cl_clo_h4m_pey_1_7_t14_v1
491088485,packed_mp_veh_colour2_0_v129
491184856,m_cl_clo_h2m_u_6_17_t11_v1
491192290,packed_mp_veh_mod_idx_s_14_v302
491292570,ve_kosatka_t0_v0
491355054,f_cl_clo_val_decl_i_t11_v1
491411959,m_cl_clo_lxm_e_6_2_t14_v1
491458683,packed_mp_veh_mod_idx_13_v198
491523527,vem_horn_luxe1_t10_v4
491654383,wp_wm_tint7_t2_v8
491721608,f_cl_clo_arf_o_23_t7_v12
491721748,vem_colour_extra_1_mct_metallic_light_blue_t24_v3
491765829,vem_hood_12_t9_v1
491829011,packed_mp_veh_mod_idx_s_21_v59
492024311,m_cl_clo_scm_f_0_3_t6_v1
492142358,mba_quarters_1_t0_v0
492280881,wp_wm_tint2_t2_v63
492313571,vem_rwd_drft_15_t19_v3
492400781,wp_wm_tint3_t2_v95
492531005,packed_mp_veh_mod_idx_1_v188
492545273,f_cl_clo_x6f_rw_0_3_t14_v1
492557368,m_cl_clo_x6m_f_5_18_t6_v1
492584873,m_cl_clo_iem_u_17_17_t11_v1
492718140,packed_mp_veh_mod_idx_8_v94
492724794,m_cl_clo_s1m_dec_23_t100_v0
492827246,packed_mp_veh_mod_idx_6_v268
492887460,vem_cmod_tyr_13_t18_v32
492892601,packed_mp_veh_mod_idx_s_19_v286
492899747,vem_cmod_neonlay_1_t21_v0
492959687,vem_supermod_9_12_t50_v27
493043168,m_cl_clo_hp_g_0_0_t14_v1
493167533,m_cl_clo_grm_l_0_9_t4_v1
493185480,m_cl_clo_h3m_b_9_4_t1_v1
493252248,m_cl_clo_h2m_u_3_19_t11_v1
493402456,f_cl_clo_smf_b_7_2_t1_v1
493415968,vem_supermod_1_11_t42_v3
493420270,packed_mp_veh_mod_idx_8_v113
493437703,dec_vw_aw_wh_55
493487139,f_ha_cc_eyebrw_16_t2_v1
493492341,packed_mp_veh_mod_idx_s_1_v397
493521333,vem_fender_l_0_t36_v30
493679863,m_cl_clo_v2m_u_0_3_t11_v1
493758113,packed_mp_veh_mod_idx_s_22_v392
493841586,packed_mp_veh_mod_idx_s_19_v246
493851248,f_cl_clo_h2f_s_9_9_t8_v1
493909967,f_cl_clo_busf_u_2_7_t11_v1
493990124,f_cl_clo_h2f_o_c_1_t3_v12
494052425,vem_horn_cnote_e0_t10_v38
494458294,packed_mp_veh_mod_idx_12_v1
494472089,packed_mp_veh_mod_idx_2_v339
494501154,packed_ng_vehicle_neon_kit_v167
494517293,f_cl_clo_awf_decl_106_t100_v0
494520981,packed_mp_veh_mod_idx_s_6_v286
494617805,packed_mp_veh_wheel_type_0_v343
494654885,vem_yacht_col_6_v0
494839308,f_cl_clo_awf_u_9_1_t11_v1
494949200,vem_smod_whlv27_t66_v0
494971755,vem_smod_whlv64_t66_v0
495189279,f_cl_outfit_clo_h3f_o_sl_36_t12_v0
495210296,f_cl_clo_fxf_u_6_19_t11_v1
495214466,packed_mp_veh_livery2_0_v176
495314563,vem_bumper_f_1_t34_v27
495338619,f_cl_clo_exf_decl_15_t100_v0
495459811,f_cl_f_fmf_2_0_t6_v0
495526330,packed_mp_veh_mod_idx_s_13_v18
495558354,packed_mp_veh_window_tint_0_v335
495594043,f_cl_clo_stf_h_9_14_t14_v1
495659492,m_cl_clo_s2m_u_2_2_t11_v1
495715060,f_cl_clo_suf_u_20_15_t11_v1
495736315,vem_supermod_10_2_t51_v26
495813709,packed_mp_veh_livery2_0_v324
495813945,m_cl_clo_x2m_o_5_t3_v12
495850105,packed_mp_veh_mod_var_0_v400
495862398,packed_ng_vehicle_neon_kit_v28
495962430,packed_mp_veh_mod_idx_23_v325
496004082,packed_mp_veh_mod_idx_s_17_v260
496049460,m_cl_clo_hp_d_17_t100_v0
496121121,m_cl_clo_x6m_d_3_0_t10_v1
496245273,vem_smod4_whlv186_t66_v3
496320252,packed_mp_veh_mod_idx_24_v168
496357826,f_cl_clo_fxf_ph_4_22_t14_v1
496364572,packed_mp_veh_colour2_0_v95
496400113,packed_mp_veh_mod_idx_s_9_v324
496414503,f_cl_outfit_clo_arf_o_10_t12_v0
496435749,packed_mp_veh_plate_id_v184
496564828,packed_mp_veh_colour_extra2_0_v141
496617170,packed_lr_vehicle_colour_5_v99
496668034,wp_wct_grip_t1_v8_n2
496701289,f_cl_clo_s1f_u_6_3_t11_v1
496747279,packed_mp_veh_mod_idx_s_7_v197
496846029,vem_smod4_whlv132_t66_v2
496865997,vem_colour_1_mct_metallic_maple_brown_t24_v1
496908452,packed_mp_veh_mod_idx_s_10_v213
496909905,m_cl_clo_h4m_pey_3_4_t14_v1
496911430,vem_bumper_r_11_t35_v1
496914425,wp_wct_c_tint_4_t2_v48_n2
496944685,f_cl_clo_vwf_pe_0_0_t14_v1
496951375,wp_fw_tint4_t6_v1
496998693,packed_mp_veh_mod_idx_4_v374
497011888,packed_mp_veh_mod_idx_15_v290
497057806,f_cl_clo_h2f_u_3_14_t11_v1
497077544,m_cl_clo_lxm_e_1_1_t14_v1
497088998,packed_mp_veh_mod_idx_s_4_v267
497118687,m_cl_clo_fxm_l_5_16_t4_v1
497222520,dec_vw_aw_wv_7
497227185,packed_mp_veh_mod_idx_2_v100
497314609,pr_mp_prop_clubh9_t0_v0
497322534,packed_mp_veh_mod_idx_18_v288
497375106,packed_mp_veh_mod_var_0_v330
497426568,packed_mp_veh_mod_idx_s_3_v54
497492940,vem_roof_2_t12_v29
497558595,wp_wm_tint5_t2_v93
497685586,packed_mp_veh_mod_idx_s_23_v311
497738726,vem_horn_xm15_1_t10_v31
497818523,m_cl_clo_h4m_b_4_8_t1_v1
497873110,f_cl_clo_h2f_o_g_5_t3_v12
497896751,f_cl_clo_bhf_u_17_20_t11_v1
497928846,vem_colour_extra_1_mct_matte_matte_for_t24_v1
497952255,packed_mp_veh_mod_idx_s_20_v132
497985318,packed_mp_veh_mod_idx_2_v84
498010218,vem_supermod_60_22_t60_v7
498030079,packed_mp_veh_mod_idx_16_v258
498125372,vem_rwd_loride_12_t19_v12
498281645,f_cl_clo_ief_u_5_4_t11_v1
498318627,f_cl_clo_sbf_u_22_8_t11_v1
498369571,packed_mp_veh_mod_idx_s_8_v346
498380974,m_cl_clo_stm_u_6_12_t11_v1
498386367,packed_mp_veh_mod_idx_s_16_v410
498393079,vem_smod_whlv68_t66_v3
498509921,packed_mp_veh_mod_idx_0_v4
498565213,packed_mp_veh_mod_idx_s_0_v309
498689717,m_cl_clo_awm_f_7_2_t6_v1
498712123,m_cl_clo_grm_l_2_15_t4_v1
498722979,m_cl_clo_hp_f_0_6_t6_v1
498764027,m_ha_face_e_c_29_t4_v0
498813711,vem_engine_0_t5_v31
498874691,vem_supermod_17_14_t58_v26
498922075,f_cl_clo_h4f_plw_0_6_t14_v1
499011808,m_cl_clo_x3m_b_10_0_t1_v1
499037090,packed_mp_veh_mod_idx_s_4_v79
499125985,vem_smod4_whlv110_t66_v3
499136100,packed_mp_veh_mod_idx_24_v308
499173415,m_cl_clo_h4m_decl_43_t11_v1
499256399,packed_mp_veh_secondary_colour_group_v257
499554656,packed_mp_veh_mod_idx_2_v132
499606225,vem_supermod_10_11_t51_v10
499662994,vem_smod4_whlv122_t66_v3
499749632,mp_stat_mpsv_model_5
499767881,vem_colour_2_mct_classic_maple_brown_t25_v33
499830505,packed_mp_veh_colour2_0_v8
499830754,packed_mp_veh_mod_idx_s_15_v390
499972061,vem_grill_10_t8_v3
500151434,vem_supermod_9_14_t50_v3
500195276,vem_smod4_whlv11_t66_v2
500292839,f_cl_clo_awf_ph_2_16_t14_v1
500386099,vem_loride_02_t19_v3
500417990,vem_bumper_r_18_t35_v0
500430001,packed_mp_veh_mod_var_0_v137
500473884,f_ha_clo_s1f_h_0_0_t0_v2
500535916,f_cl_clo_hp_f_d_10_t11_v1
500556647,vem_colour_1_mct_classic_umber_brown_t24_v4
500600781,packed_ng_vehicle_neon_v240
500634352,f_cl_clo_smf_b_1_25_t1_v1
500694430,vem_colour_1_mct_metallic_grace_red_t24_v33
500696897,m_cl_outfit_clo_h3m_o_dl_26_t12_v0
500728268,vem_colour_extra_1_mct_classic_candy_red_t24_v1
500801524,m_cl_clo_busm_u_2_5_t11_v1
500947883,packed_mp_veh_mod_idx_s_11_v212
500988901,m_cl_clo_stm_o_6_t11_v12_cesp
501014630,packed_mp_veh_colour1_0_v296
501016702,packed_mp_veh_secondary_colour_group_v125
501100850,f_cl_clo_s1f_o_0_t3_v12
501130113,vem_smod5_whlv78_t66_v3
501225084,m_cl_clo_h2m_b_1120_t1_v1
501230968,vem_colour_extra_1_mct_metallic_beechwood_brown_t24_v1
501372865,packed_mp_veh_mod_var_1_v4
501473821,f_cl_clo_scf_d_15_0_t10_v1
501711005,packed_mp_veh_mod_idx_s_17_v344
501725248,packed_mp_char_yacht_lighting_v0
501749932,ve_wolfsbane_t1_v3
501796157,vem_musc_09_t19_v2
501816034,vem_cmod_neoncol_5_t21_v6
501887193,vem_colour_extra_1_mct_metallic_sandy_brown_t24_v4
501950938,m_cl_clo_hp_h_1_0_t14_v1
501957446,vem_colour_extra_1_mct_pearlescent_orange_t24_v1
501984654,f_cl_clo_ltsf_o_2_t8_v12
502104343,vem_cmod_neoncol_1_t21_v26
502129731,f_cl_clo_bhf_u_11_5_t11_v1
502157226,m_ha_clo_bim_h_2_0_t0_v0
502230309,f_cl_clo_exf_eu_6_5_t11_v1
502254821,packed_mp_veh_mod_idx_16_v141
502277946,packed_mp_veh_mod_var_1_v262
502312640,packed_mp_veh_mod_idx_s_2_v185
502488935,packed_mp_veh_livery_0_v70
502497835,packed_mp_veh_mod_var_1_v128
502586752,packed_mp_veh_colour2_0_v182
502601902,f_cl_clo_awf_f_7_6_t6_v1
502702333,vem_bumper_r_0_t35_v0
502791073,f_cl_clo_sbf_u_13_22_t11_v1
502938240,m_cl_clo_scm_rw_0_1_t14_v1
503000334,wp_wct_c_tint_30_t2_v70_n2
503016459,ve_voodoo_t0_v0
503038001,m_cl_clo_h2m_f_5_1_t6_v1
503043433,m_cl_u_fmm_9_4_t8_v0
503058502,packed_mp_veh_mod_idx_s_0_v278
503069008,packed_mp_veh_mod_idx_s_5_v212
503171792,packed_mp_veh_mod_idx_s_15_v53
503174977,m_cl_clo_l2m_w_8_1_t14_v1
503178242,f_cl_clo_h4f_b_1_4_t1_v1
503194983,f_cl_clo_grf_ph_4_11_t14_v1
503268236,packed_mp_veh_mod_idx_s_18_v32
503391291,ve_riot2_t1_v33
503579233,packed_ng_vehicle_smoke_v157
503606606,packed_mp_veh_primary_colour_group_v408
503619839,wp_wct_grip_t1_v46
503698212,packed_ng_vehicle_insurance_v289
503715918,vem_exhaust_1_t6_v34
503767739,packed_mp_veh_livery2_0_v191
503874643,vem_suspension_0_t15_v36
504016598,f_cl_clo_s1f_dec_12_t11_v1
504025801,vem_colour_2_mct_classic_bleeched_brown_t25_v0
504101116,vem_rwd_loride_13_t19_v12
504103676,f_cl_clo_stf_o_9_t11_v12
504174534,wp_wct_no_liv_t1_v21_n2
504215828,m_ta_tat_h27_008_t0_v0
504254980,vem_supermod_50_18_t50_v7
504274526,f_cl_clo_awf_b_8_5_t1_v1
504380201,vem_hiend_15_t19_v1
504390470,packed_mp_veh_mod_idx_s_9_v135
504432874,packed_mp_veh_window_tint_0_v286
504470753,wp_wm_tint2_t2_v50
504500928,m_cl_clo_h2m_u_3_3_t11_v1
504579916,packed_mp_veh_mod_idx_s_10_v191
504582570,f_cl_clo_sbf_ph_5_8_t14_v1
504689624,f_cl_clo_x6f_l_8_12_t4_v1
504692051,vem_smod_whlv217_t66_v3
504721702,f_cl_clo_grf_u_0_12_t11_v1
504733473,packed_mp_veh_mod_idx_s_8_v189
504792413,vem_roof_17_n2_t12_v3
504893343,f_ta_tat_fm_207_t0_v0
504989333,m_cl_f_fmm_12_2_t6_v0
505013841,packed_mp_veh_mod_idx_s_17_v284
505023192,vem_supermod_8_7_t49_v11
505029912,m_cl_clo_busm_t_2_5_t7_v1
505033994,f_cl_clo_exf_decl_5_t11_v1
505075319,vem_yacht_col_10_v0
505164687,m_cl_clo_grm_u_15_2_t11_v1
505224832,vem_sub_heli_c_13
505282305,f_cl_clo_l2f_u_1_0_t11_v1
505378417,m_cl_clo_grm_b_3_18_t1_v1
505480669,packed_mp_veh_mod_var_1_v93
505590335,vem_colour_1_mct_classic_bison_brown_t24_v3
505623302,f_cl_u_fmf_6_0_t11_v0
505630199,packed_mp_veh_mod_idx_s_13_v383
505655939,vem_spoiler_1_t14_v35
505701709,m_cl_outfit_clo_grm_o_4_t12_v0
505705526,m_cl_clo_h3m_b_9_0_t1_v1
505724070,packed_mp_veh_mod_idx_5_v254
505770560,m_cl_clo_vwm_u_18_7_t11_v1
505808408,packed_mp_veh_mod_idx_12_v359
505840187,m_cl_clo_hstm_b_13_1_t1_v1
505840570,packed_lr_vehicle_colour_5_v170
505850324,vem_colour_extra_1_mct_metallic_saddle_brown_t24_v0
505873248,packed_mp_veh_mod_idx_10_v16
505879200,vem_supermod_12_5_t53_v28
505915255,f_cl_clo_bif_ph_12_8_t14_v1
505934451,vem_smod2_whl7_t19_v3
506027582,packed_mp_veh_mod_idx_4_v16
506047051,vem_insurance_club
506116367,packed_mp_veh_mod_idx_s_5_v395
506122895,packed_mp_veh_mod_idx_s_6_v221
506197851,packed_ng_vehicle_neon_kit_v142
506321153,packed_mp_veh_mod_idx_16_v125
506350296,m_cl_outfit_clo_arm_o_16_t12_v0
506354264,vem_supermod_22_1_t63_v28
506554682,vem_colour_1_mct_classic_cast_iron_sil_t24_v2
506578399,f_cl_clo_suf_g_1_2_t3_v1
506650223,vem_colour_2_mct_classic_might_purple_t25_v3
506794824,packed_mp_veh_mod_idx_s_7_v340
506946537,packed_mp_veh_mod_idx_s_7_v257
506950055,packed_mp_veh_mod_idx_0_v46
507033060,vem_smod4_whl_6_t19_v3
507063546,packed_mp_veh_mod_idx_24_v355
507194920,packed_mp_veh_mod_idx_6_v35
507376120,f_cl_outfit_clo_stf_o_7_t12_v0
507388968,f_cl_l_fmf_12_14_t4_v0
507449193,vem_yacht_flag_38_v0
507464460,vem_supermod_2_1_t43_v26
507509036,f_cl_clo_fxf_ph_7_6_t14_v1
507510072,vem_supermod_57_21_t57_v7
507579621,f_cl_clo_hst_f_a_7_t11_v1
507607492,vem_colour_1_mct_metallic_might_purple_t24_v4
507613716,m_cl_clo_smm_u_2_11_t11_v1
507652878,vem_colour_1_mct_matte_matte_foil_t24_v1
507698850,f_cl_clo_arf_o_20_t11_v12
507718459,f_cl_clo_suf_l_1_20_t4_v1
507777053,vem_colour_extra_1_mct_classic_pink_t24_v3
507825397,vem_insurance_futo
507854316,m_cl_clo_stm_h_101_t14_v1
507924350,m_cl_sp_fmm_6_1_t8_v0
507957068,packed_mp_veh_mod_idx_s_23_v272
507957732,f_cl_clo_vwf_d_1_7_t10_v1
508004174,m_cl_clo_sbm_u_12_8_t11_v1
508039385,ve_calico_t1_v3
508050278,f_cl_clo_s1f_ph_0_10_t14_v1
508186374,packed_mp_veh_mod_idx_15_v74
508204022,mp_stat_mpsv_model_7
508370694,f_cl_clo_vwf_u_4_12_t11_v1
508400661,vem_colour_1_mct_matte_matte_od_t24_v33
508407014,packed_mp_veh_secondary_colour_group_v312
508414798,packed_mp_veh_mod_idx_s_15_v177
508773002,vem_fender_r_7_t37_v1
508810066,m_cl_clo_grm_u_16_22_t11_v1
508992967,packed_lr_vehicle_colour_6_v100
509011737,f_cl_clo_bif_decl_51_t11_v1
509016056,f_cl_clo_grf_u_17_4_t11_v1
509034970,m_ta_tat_sb_019_t0_v0
509189568,vem_supermod_15_14_t56_v3
509224619,f_cl_clo_h3f_l_4_3_t4_v1
509242308,vem_yacht_mod_0_v0
509327322,f_ha_cc_mkup_9_t7_v0
509332401,dec_vw_aw_wv_2d
509573302,m_cl_clo_scm_b_0_2_t1_v1
509621384,mp_stat_warhouseslot0_v0
509624371,m_cl_clo_h2m_u_6_19_t11_v1
509735470,packed_mp_veh_mod_idx_1_v137
509767587,vem_colour_extra_1_mct_classic_nautical_blue_t24_v33
509785325,m_cl_clo_scm_ey_0_9_t14_v1
509867835,wp_wct_c_tint_21_t2_v48_n2
509906084,mp_stat_mpsv_model_335
509985684,packed_mp_veh_livery_0_v58
509987614,m_cl_clo_sum_g_1_3_t3_v1
510017444,packed_mp_veh_colour_extra1_0_v206
510121610,vem_smod2_whlv168_t66_v3
510380673,dec_vw_aw_wv_32
510385448,wp_wct_clip2_t1_v46
510600873,m_cl_clo_bbm_f_0_9_t6_v1
510623993,m_cl_clo_s2m_f_2_6_t6_v1
510679229,m_cl_clo_l2m_e_19_1_t14_v1
510701913,m_ta_tat_hp_022_t0_v0
510716131,vem_smod4_whlv74_t66_v0
510736904,vem_rwd_hiend_12_t19_v2
510837967,packed_mp_veh_mod_idx_15_v6
510913766,dec_vw_aw_ls_7d
510954154,m_cl_l_fmm_0_8_t4_v0
511057805,packed_mp_veh_mod_idx_s_23_v150
511069774,f_cl_clo_h2f_s_9_8_t8_v1
511118039,f_cl_clo_bhf_l_2_3_t4_v1
511132789,packed_mp_veh_mod_idx_s_17_v182
511532104,packed_mp_veh_mod_idx_s_5_v124
511567913,vem_smod4_whlv67_t66_v0
511580482,f_cl_clo_suf_b_1_3_t1_v1
511641916,m_cl_clo_iem_l_5_1_t4_v1_cesp
511650671,f_cl_clo_h2f_f_3_9_t6_v1
511659021,vem_supermod_1_14_t42_v11
511675638,f_cl_clo_vwf_u_8_1_t11_v1
511755283,packed_ng_vehicle_bpt_v26
511770336,vem_brake_0_t2_v6
511837321,packed_mp_veh_mod_var_0_v180
511910164,f_cl_clo_fxf_l_3_18_t4_v1
511962235,vem_cmod_col5_33_t29_v0
511997417,f_cl_l_fmf_2_0_t4_v0
512000568,wp_gsa_type_c_t0_v22_n2
512021525,packed_mp_veh_mod_idx_1_v343
512041416,m_cl_m_fmm_7_0_t1_v0
512112085,m_cl_clo_s1m_dec_8_t100_v0
512172975,m_cl_clo_smm_ph_4_9_t14_v1
512321795,packed_mp_veh_mod_var_1_v195
512438025,packed_lr_vehicle_colour_5_v48
512545172,m_cl_clo_grm_b_0_2_t1_v1
512547906,m_cl_clo_iem_u_4_4_t11_v1
512611477,packed_mp_veh_mod_var_1_v368
512938421,wp_wct_tint_8_t2_v8_n2
513057785,m_cl_clo_smm_u_2_6_t11_v1
513093060,vem_hiend_03_t19_v12
513101339,vem_colour_2_mct_matte_black_t25_v4
513140521,wp_ps_bag_44_t1_v33
513288410,vem_insurance_yosemite
513333945,f_cl_clo_h4f_decl_47_t100_v0
513511262,packed_mp_veh_mod_idx_s_4_v103
513563521,f_cl_clo_indf_ht_0_0_t14_v0
513642531,m_cl_clo_vwm_u_15_0_t11_v1
513671480,packed_mp_veh_mod_var_1_v102
513680914,m_cl_clo_h4m_s_2_9_t8_v1
513689673,packed_mp_veh_mod_idx_s_16_v88
513703409,f_cl_clo_stf_u_7_7_t11_v1
513854740,packed_mp_veh_mod_idx_s_6_v140
513931981,vem_drft_21_t19_v1
514110101,packed_mp_veh_mod_idx_s_5_v412
514145808,packed_mp_veh_mod_idx_3_v299
514151028,vem_horn_indi_4_t10_v36
514187959,f_cl_clo_exf_decl_16_t11_v1
514241223,packed_mp_veh_mod_idx_s_1_v26
514293935,ve_toreador_t0_v3
514308744,packed_mp_veh_mod_idx_9_v96
514448725,vem_supermod_7_4_t48_v27
514456352,packed_mp_veh_mod_idx_6_v170
514476307,mp_stat_mpsv_model_231
514489919,packed_mp_veh_mod_idx_s_16_v185
514500001,m_cl_clo_x6m_f_4_2_t6_v1
514533168,packed_mp_veh_mod_idx_6_v92
514553622,packed_mp_veh_mod_idx_14_v356
514624868,vem_colour_extra_1_mct_metallic_petrol_green_t24_v3
514754098,m_cl_clo_exm_eu_16_2_t11_v1
514760929,packed_mp_veh_mod_idx_s_12_v158
514811792,packed_mp_veh_secondary_colour_group_v411
514861989,packed_mp_veh_mod_idx_8_v180
514939704,vem_colour_extra_1_mct_classic_dark_silver_t24_v1
514972724,packed_mp_veh_mod_idx_14_v242
514980402,packed_mp_veh_mod_idx_s_17_v353
515001415,packed_mp_veh_mod_idx_s_6_v156
515017533,vem_horn_xm15_2_t10_v3
515195944,packed_mp_veh_mod_idx_s_16_v261
515217706,packed_mp_veh_secondary_colour_group_v261
515227947,packed_mp_veh_mod_idx_s_22_v176
515368324,vem_spoiler_10_t14_v3
515382200,wp_wct_c_tint_20_t2_v1_n2
515390171,f_ta_tat_fm_023_t0_v0
515401957,m_cl_clo_stm_ht1522_t14_v1
515610884,packed_mp_veh_mod_idx_s_0_v98
515633435,m_cl_clo_sum_u_18_2_t11_v1
515642206,packed_mp_veh_mod_idx_12_v34
515686427,vem_musc_05_t19_v1
515787727,wp_wct_camo_8_t1_v56_n2
515788588,mp_stat_mpsv_model_354
515817904,packed_mp_veh_mod_idx_s_13_v127
515818165,f_cl_clo_grf_b_1_1_t1_v1
515894148,vem_horn_cnote_a0_t10_v3
515902226,vem_chassis_2_t4_v36
515918582,wp_ps_can_0_t3_v33
516032800,packed_mp_veh_window_tint_0_v234
516038147,m_cl_clo_busm_s_0_10_t8_v1
516074576,f_cl_clo_hstf_u_8_3_t11_v1
516218035,m_cl_clo_awm_ph_1_8_t14_v1
516294077,packed_mp_veh_mod_idx_13_v156
516308556,kosatk_fla_5_t0_v0
516335668,packed_mp_veh_mod_idx_s_20_v283
516391443,packed_mp_veh_mod_idx_7_v319
516425915,wp_wct_scope_sml_t1_v12
516494382,vem_livery_3_t26_v4
516523215,vem_cmod_hrn_mus1_t10_v29
516541960,f_cl_clo_l2f_t_13_0_t7_v1
516592412,f_cl_outfit_clo_awf_o_e_9_t12_v0
516603938,packed_mp_veh_mod_idx_5_v274
516655598,ve_riot2_t0_v33
516663541,vem_cmod_col5_1_t29_v4
516671818,kosatk_fla_6_t0_v0
516696744,m_cl_clo_v2m_f_0_0_t6_v1
516699209,m_cl_clo_hp_f_1_8_t6_v1
516710540,packed_ng_vehicle_insurance_v328
516715813,packed_mp_veh_mod_idx_24_v406
516756094,vem_offr_25_t19_v1
516895516,ve_speeder_t0_v0
516901819,m_cl_outfit_clo_h2m_o_s_11_t12_v0
517092882,packed_mp_veh_mod_idx_s_2_v209
517170746,vem_horn_cnote_c1_t10_v31
517401924,packed_mp_veh_mod_idx_18_v328
517403100,packed_mp_veh_mod_idx_1_v125
517447178,packed_mp_veh_mod_idx_s_20_v31
517471640,vem_supermod_1_9_t42_v28
517522194,packed_mp_veh_mod_idx_4_v185
517528899,f_cl_clo_suf_u_7_11_t11_v1
517749925,f_ta_tat_fm_020_t0_v0
517816706,vem_colour_extra_1_mct_matte_matte_od_t24_v0
517941799,packed_mp_veh_mod_idx_s_0_v4
517987051,wp_wm_tint7_t2_v91
518018909,vem_rwd_spt_13_t19_v3
518038453,packed_mp_veh_livery_0_v278
518040172,m_cl_clo_x5m_u_16_13_t11_v1
518068458,vem_colour_extra_1_mct_classic_maple_brown_t24_v33
518098950,f_cl_clo_trf_u_9_11_t11_v1
518261595,packed_mp_veh_mod_idx_13_v397
518313418,vem_brake_2_t2_v27
518432643,vem_colour_2_mct_metallic_bright_green_t25_v0
518442051,f_cl_clo_arf_o_18_t7_v12
518491019,vem_supermod_14_0_t55_v34
518515592,packed_mp_veh_mod_idx_9_v146
518530148,packed_ng_vehicle_smoke_v67
518572809,packed_mp_veh_mod_idx_13_v213
518600299,f_cl_clo_grf_decl_27_t10_v1
518748283,packed_mp_veh_mod_idx_s_9_v332
518756067,f_cl_clo_ief_f_0_8_t6_v1_cesp
518796454,vem_colour_1_mct_classic_moss_brown_t24_v3
518853005,vem_insurance_pigalle
518968114,f_cl_clo_sbf_b_10_13_t1_v1
518986811,vem_supermod_9_0_t50_v28
518991364,packed_mp_veh_mod_idx_23_v65
519012085,mba_floor0_9_t0_v1
519037792,packed_mp_veh_mod_idx_s_0_v172
519058403,packed_ng_vehicle_neon_v358
519085463,vem_offr_23_t19_v3
519107773,vem_colour_extra_1_mct_classic_bronze_t24_v1
519130807,f_cl_clo_stf_u_9_0_t11_v1
519478624,f_cl_clo_smf_b_6_6_t1_v1
519498836,packed_mp_veh_mod_idx_s_0_v341
519556184,vem_roof_3_t12_v38
519598511,vem_suspension_0_t15_v31
519691056,wp_wct_tint_31_t2_v70_n2
519698461,packed_mp_veh_mod_var_0_v145
519998612,f_ta_tat_fx_001_t0_v0
520121780,wp_wct_tint_14_t2_v8_n2
520123480,vem_fender_r_6_t37_v31
520220548,m_cl_clo_halm_6_2_t1_v1
520453545,f_cl_u_fmf_13_0_t11_v0
520477039,packed_mp_veh_mod_idx_8_v242
520491231,f_ha_cc_f_hs_11_t0_v2
520531847,packed_mp_veh_mod_idx_s_14_v295
520539067,vem_horn_hips3_t10_v38
520619181,packed_mp_veh_mod_idx_s_0_v402
520693971,vem_smod4_whlv194_t66_v1
520750120,packed_mp_veh_mod_idx_s_3_v15
520836060,f_cl_clo_x6f_ph_1015_t14_v1
520897085,vem_smod_whlv202_t66_v0
520961906,f_cl_clo_suf_u_21_3_t11_v1
520970812,m_ta_tat_h27_018_t0_v0
521117722,m_cl_clo_busm_f_1_6_t6_v1
521133526,vem_rwd_spt_25_t19_v1
521303546,packed_mp_veh_wheel_type_0_v206
521381210,vem_cmod_tyr_5_t18_v37
521389121,f_cl_clo_sbf_l_4_18_t4_v1
521392209,wp_wct_supp_t1_v49
521541320,vem_colour_extra_1_mct_matte_orange_t24_v33
521542439,mp_stat_feature_20_v0
521597169,f_ta_tat_fm_015_t0_v0
521642736,packed_mp_veh_mod_idx_3_v16
521726481,m_cl_clo_arm_ph_0_10_t14_v1
521870187,m_cl_clo_arm_o_25_t3_v12
521900943,packed_mp_veh_livery2_0_v96
521939267,m_cl_clo_x2m_ht_2_1_t14_v1
522005101,packed_mp_veh_mod_idx_s_13_v180
522043958,fchub_sta_1_t0_v1
522128843,packed_mp_veh_mod_idx_18_v277
522129245,m_cl_clo_v2m_l_1_6_t4_v1
522141935,packed_mp_veh_mod_idx_0_v258
522162529,pr_pm_gnumber_2_t0_v0
522258051,m_cl_clo_x6m_t_2_2_t7_v1
522316495,wp_wct_muzz5_t1_v5_n2
522334564,packed_mp_veh_mod_idx_s_11_v280
522368998,packed_mp_veh_livery2_0_v118
522412823,wp_wct_clip2_t1_v88
522498906,packed_mp_veh_mod_idx_s_12_v121
522592579,m_cl_outfit_clo_hp_o_1_t12_v0
522604416,f_cl_clo_trf_ph_2_3_t14_v1
522741864,m_cl_clo_hp_h_2_0_t14_v1
522756160,m_cl_clo_hstm_u_15_1_t11_v1
522766123,packed_ng_vehicle_bpt_v354
522791134,f_cl_clo_scf_u_0_25_t11_v1
522832582,packed_mp_veh_mod_idx_s_15_v154
522918920,packed_mp_veh_mod_var_0_v13
522949370,m_cl_clo_sbm_b_10_9_t1_v1
523042151,vem_supermod_10_16_t51_v3
523047502,m_cl_outfit_clo_smm_o_3_t12_v0
523069145,m_cl_outfit_clo_x5m_o_a_2_t12_v0
523078629,m_cl_clo_x6m_f_1_10_t6_v1
523132875,f_cl_clo_fxf_l_1_0_t4_v1
523199138,m_ta_tat_x6_025_t0_v0
523250340,packed_mp_veh_mod_idx_s_9_v368
523318716,f_cl_clo_l2f_g_0_6_t14_v1
523338108,f_ta_tat_x2_027_t0_v0
523414674,packed_ng_vehicle_insurance_v109
523452428,packed_ng_vehicle_smoke_v123
523539033,vem_colour_1_mct_metallic_silver_t24_v0
523686268,vem_cmod_tyr_lg_t30_v31
523814809,f_cl_outfit_clo_bif_o_14_t12_v0
523847555,packed_mp_veh_colour_extra2_0_v71
523858872,m_cl_clo_sbm_f_3_6_t6_v1
523874972,vem_insurance_alpha
523904104,packed_mp_veh_mod_idx_s_12_v170
524161991,packed_mp_veh_mod_idx_s_20_v14
524183633,packed_mp_veh_mod_idx_5_v406
524208284,packed_mp_veh_mod_idx_9_v384
524284813,packed_mp_veh_mod_idx_s_18_v343
524301566,packed_mp_veh_mod_idx_s_1_v121
524364072,packed_mp_veh_mod_idx_11_v58
524407813,packed_mp_veh_mod_idx_0_v134
524419426,packed_mp_veh_mod_idx_s_16_v162
524470276,mp_stat_mpsv_model_211
524486330,m_cl_clo_lxm_e_4_1_t14_v1
524538933,vem_roof_1_n1_t12_v3
524540867,packed_ng_vehicle_insurance_v350
524597997,packed_mp_veh_colour_extra1_0_v131
524643354,vem_cmod_win_1_t33_v39
524734739,vem_supermod_0_5_t41_v11
524766392,f_cl_clo_h3f_u_9_20_t11_v1
524929673,packed_mp_veh_mod_idx_2_v223
524951532,f_cl_u_fmf_2_11_t11_v0
524953082,packed_mp_veh_mod_idx_s_8_v61
524956068,packed_mp_veh_mod_idx_5_v389
525020519,vem_cmod_neoncol_255_t21_v34
525050370,m_cl_clo_hstmb_17_7_t1_v1
525179162,f_cl_f_fmf_7_10_t6_v0
525218621,f_cl_clo_h3f_b_7_0_t1_v1
525225632,vem_colour_extra_1_mct_metallic_silver_t24_v33
525233132,m_cl_clo_lxm_e_25_4_t14_v1
525299194,f_cl_u_fmf_14_7_t11_v0
525418174,m_cl_clo_x6m_f_4_17_t6_v1
525481332,vem_cmod_neoncol_7_t21_v31
525585044,m_cl_clo_bim_s_11_14_t8_v1
525651091,packed_mp_veh_colour_extra1_0_v325
525658697,vem_colour_1_mct_classic_bronze_t24_v1
525672295,packed_mp_veh_mod_idx_s_13_v341
525835948,packed_mp_veh_mod_idx_s_1_v374
525944442,packed_lr_vehicle_colour_5_v338
525958929,wp_wct_camo_1_t1_v48_n2
526113167,packed_mp_veh_mod_idx_s_20_v302
526193229,vem_smod4_whlv185_t66_v1
526248316,f_ha_cc_f_hs_19_t0_v1
526423938,packed_mp_veh_mod_idx_s_18_v186
526524856,vem_supermod_2_11_n1_t43_v3
526604258,vem_supermod_52_13_t52_v7
526820723,m_cl_clo_x6m_f_5_0_t6_v1
526926491,f_cl_clo_bif_decl_49_t100_v0
526943700,m_cl_clo_halm_d_12_t11_v1
526958922,vem_skirt_1_t13_v6
527120533,packed_mp_veh_mod_idx_11_v104
527134894,m_ta_tat_gr_012_t0_v0
527188857,f_cl_clo_vwf_u_2_4_t11_v1
527193176,packed_mp_veh_mod_idx_s_20_v338
527225003,packed_mp_veh_mod_idx_s_6_v57
527261731,wp_wm_tint1_t2_v94
527354967,vem_insurance_seabreeze
527471647,vem_fender_l_1_t36_v26
527502358,m_cl_clo_s2m_u_6_9_t11_v1
527522737,vem_colour_1_mct_classic_red_t24_v4
527603830,packed_mp_veh_mod_idx_s_4_v372
527623106,packed_mp_veh_mod_idx_3_v396
527828475,packed_mp_veh_mod_idx_s_8_v251
528062088,pr_pm_gnumber_7_t0_v0
528250242,vem_colour_extra_1_mct_pearlescent_saxon_blue_t24_v2
528287255,ve_carboniz_t0_v3
528306157,f_cl_clo_x6f_f_4_0_t6_v1
528422116,f_cl_clo_hp_f_t_1_3_t7_v1
528498084,ve_outlaw_t1_v3
528517917,packed_mp_veh_mod_idx_4_v118
528525128,packed_mp_veh_mod_idx_s_20_v152
528588368,f_cl_clo_bif_u_10_12_t11_v1
528641703,packed_mp_veh_mod_var_0_v224
528686991,packed_mp_veh_mod_idx_s_14_v211
528693031,f_cl_clo_scf_u_4_23_t11_v1
528702905,packed_lr_vehicle_colour_5_v218
528799063,packed_mp_veh_mod_idx_3_v246
528805766,packed_mp_veh_colour1_0_v270
528840152,f_cl_clo_busf_u_1_0_t11_v1
528890529,packed_mp_veh_mod_idx_s_4_v67
528942186,m_cl_clo_x6m_o_o_9_t3_v12
529112460,f_cl_clo_ief_ph_0_11_t14_v1
529219091,wp_wct_tint_21_t2_v13_n2
529286764,vem_colour_1_mct_classic_sandy_brown_t24_v0
529292874,packed_mp_veh_mod_idx_s_23_v136
529341262,f_cl_clo_grf_ph_3_7_t14_v1
529448473,ve_exemplar_t0_v3
529488080,packed_mp_veh_mod_idx_0_v176
529591747,f_ta_tat_ie_011_t0_v0
529649891,f_cl_clo_h4f_u_2_1_t11_v1
529678102,vem_colour_1_mct_classic_gold_t24_v1
529692930,packed_mp_veh_mod_idx_s_22_v238
529780017,m_cl_clo_grm_u_4_6_t11_v1
529785772,f_cl_clo_awf_o_b_9_t3_v12
529892195,packed_mp_veh_mod_idx_s_4_v273
529950657,m_cl_clo_hilf_l_0_0_t4_v1
530012862,packed_mp_veh_mod_idx_1_v383
530076867,f_cl_clo_awf_decl_53_t100_v0
530129462,packed_mp_veh_mod_idx_s_20_v364
530146022,fcarcade_wall_2_t0_v0
530209692,packed_mp_veh_mod_idx_4_v26
530327516,packed_mp_veh_mod_idx_s_9_v393
530332387,wp_wct_camo_6_t1_v8_n2
530344664,f_cl_clo_fxf_pe_0_5_t14_v1
530401670,vem_colour_extra_1_mct_matte_red_t24_v33
530407793,packed_mp_veh_mod_idx_3_v155
530426619,vem_horn_clas6_t10_v7
530499270,vem_colour_mct_none_88
530595153,packed_mp_veh_mod_idx_5_v236
530606800,vem_colour_extra_1_mct_classic_bright_purple_t24_v3
530635091,m_cl_clo_grm_ph_3_11_t14_v1
530702328,vem_smod5_whlv21_t66_v3
530763318,m_cl_outfit_clo_trm_o_r8_t12_v0
530787159,vem_colour_2_mct_matte_yellow_t25_v0
530843082,wp_wct_c_tint_8_t2_v56_n2
530954440,m_cl_clo_vwm_u_15_17_t11_v1
530964364,f_cl_clo_x6f_l_0_16_t4_v1
530966588,vem_colour_1_mct_metallic_bright_orange_t24_v3
531056361,f_cl_clo_bhf_u_2_12_t11_v1
531177493,vem_cmod_neoncol_12_t21_v1
531188845,packed_mp_veh_mod_idx_s_7_v200
531247246,packed_mp_veh_mod_idx_s_10_v84
531459869,vem_rwd_musc_05_t19_v0
531594046,packed_mp_veh_mod_idx_s_8_v372
531672465,packed_mp_veh_mod_idx_s_11_v241
531672642,packed_mp_veh_plate_id_v228
531695799,m_cl_clo_hp_l_2_14_t4_v1
531747307,vem_colour_5_midnight_blue_t38_v3
531843055,m_cl_clo_bhm_decl_48_t11_v1
531856656,packed_mp_veh_mod_idx_s_14_v125
531858958,vem_cmod_pla_0_t23_v35
531934637,f_cl_clo_h2f_b_8_3_t1_v1
531962837,vem_smod5_whlv105_t66_v3
531970702,packed_mp_veh_colour_extra1_0_v210
532030472,packed_ng_vehicle_bpt_v162
532068966,packed_mp_veh_mod_idx_s_9_v284
532102818,m_cl_clo_l2m_w_8_2_t14_v1
532104467,m_cl_clo_l2m_dec_24_t11_v1
532110553,m_cl_clo_val_decl_s_t8_v2
532150521,vem_smod4_whlv85_t66_v3
532177122,m_cl_clo_exm_g_10_9_t14_v0
532192549,m_cl_outfit_clo_awm_o_d_8_t12_v0
532198396,m_cl_rew_redsk_t11_v0
532224847,m_cl_clo_x6m_u_10_13_t11_v1
532335576,packed_mp_veh_wheel_type_0_v321
532373645,f_cl_clo_indf_d_12_t100_v0
532463341,f_cl_clo_scf_f_0_25_t6_v1
532591566,packed_mp_veh_mod_idx_s_9_v290
532630745,f_cl_clo_sbf_u_17_18_t11_v1
532771689,m_cl_clo_hp_u_0_0_t8_v1
532801376,wp_wct_tint_6_t2_v47_n2
532845934,packed_mp_veh_mod_idx_s_21_v262
532878620,f_cl_clo_x6f_u_2_7_t11_v1
533026683,m_cl_clo_bhm_u_4_15_t11_v1
533217124,packed_mp_veh_mod_idx_2_v117
533257758,m_cl_outfit_clo_hilf_o_5_t12_v0
533268017,vem_cmod_pla_0_t23_v30
533404216,packed_mp_veh_mod_idx_4_v302
533440907,vem_supermod_12_13_t53_v3
533451169,packed_ng_vehicle_neon_v9
533453632,packed_mp_veh_mod_idx_s_0_v164
533598907,m_cl_clo_vwm_t_0_13_t7_v1
533666457,f_ha_cc_lipstick_6_t8_v0
533743854,pr_pm_modshop_16_t0_v0
533858998,m_cl_clo_busm_t_2_4_t7_v1
533864087,f_cl_clo_busf_u_4_3_t11_v1
533936716,packed_mp_veh_mod_idx_5_v100
533974168,vem_bumper_r_26_t35_v3
534225044,ve_pbus2_n1_t1_v4
534325749,packed_mp_veh_primary_colour_group_v198
534327761,m_cl_clo_scm_b_1_1_t1_v1
534433687,cb_buy_1_t1_v2
534574810,packed_mp_veh_mod_idx_11_v352
534597811,wp_wct_tint_22_t2_v48_n2
534636920,f_cl_clo_v2f_l_0_5_t4_v1
534819508,f_cl_clo_vwf_ph_0_18_t14_v1
535020414,packed_mp_veh_mod_idx_3_v182
535045130,f_cl_clo_bif_ph_10_3_t14_v1
535088223,f_cl_clo_grf_b_2_17_t1_v1
535110781,ve_comet5_t0_v3
535161712,packed_mp_veh_secondary_colour_group_v118
535258568,f_cl_clo_arf_u_3_7_t11_v1
535315646,f_cl_clo_busf_f_0_3_t6_v1
535326569,packed_mp_veh_mod_idx_0_v34
535406674,m_cl_clo_h4m_u_0_7_t11_v1
535414318,packed_mp_veh_secondary_colour_group_v242
535581102,pr_pm_bfcolour_3_t0_v0
535674442,m_ha_cc_mkup_4_t7_v0
535689934,packed_mp_veh_mod_idx_1_v105
535814096,vem_colour_extra_1_mct_metallic_diamond_blue_t24_v4
535957696,f_ha_face_e_c_16_t4_v0
536010311,vem_colour_2_mct_metallic_shadow_silver_t25_v1
536232492,vem_colour_extra_1_mct_matte_red_t24_v4
536403207,f_cl_clo_lxf_o_1_t8_v12
536572629,f_cl_clo_apf_u_1_0_t11_v1
536595821,packed_mp_veh_mod_idx_s_10_v174
536614784,vem_cmod_tyr_2_t30_v7
536696106,wp_wm_tint7_t2_v47
536776323,packed_ng_vehicle_neon_kit_v239
536890680,mp_stat_mpsv_model_392
536943216,packed_mp_veh_mod_idx_s_10_v146
536961103,packed_mp_veh_mod_idx_11_v370
537045777,packed_mp_veh_mod_idx_s_15_v308
537090811,f_cl_clo_bif_decl_52_t11_v1
537098590,packed_mp_veh_mod_idx_s_4_v165
537163770,vem_horn_indi_3_t10_v29
537195627,mp_stat_appartment_var_5_v0
537276677,m_cl_clo_awm_u_17_11_t11_v1
537372436,f_cl_clo_bus_m_1_1_t1_v1
537375910,packed_mp_veh_mod_idx_s_13_v406
537430608,vem_supermod_10_8_t51_v38
537435456,vem_colour_1_mct_metallic_dark_green_t24_v0
537471171,f_cl_clo_hstf_t_1_6_t7_v1
537479270,m_cl_clo_x3m_dec_00_t11_v1
537499089,wp_wct_shell_ap_t1_v22_n2
537522630,vem_turbo_1_t17_v33
537608203,vem_supermod_42_10_t42_v7
537624119,packed_ng_vehicle_insurance_v41
537701570,packed_mp_veh_mod_idx_s_21_v222
537799959,f_cl_outfit_clo_grf_o_9_t12_v0
537807819,packed_mp_veh_mod_idx_3_v116
537868486,packed_ng_vehicle_bpt_v181
537877340,m_cl_clo_sbm_f_0_2_t6_v1
537945992,m_cl_clo_x6m_u_20_24_t11_v1
537960839,vem_sub_heli_c_25
537992046,wp_wt_knife_t1_v1
538071400,wp_gsa_type_r_t0_v48
538080558,vem_colour_extra_1_mct_classic_racing_blue_t24_v0
538190515,m_cl_clo_bhm_u_10_0_t11_v1
538204119,f_cl_clo_h4f_o_h1_f4_t3_v12
538210525,vem_smod3_whlv60_t66_v3
538268878,packed_ng_vehicle_smoke_v311
538285220,packed_ng_vehicle_insurance_v160
538286836,packed_mp_veh_mod_idx_22_v260
538300252,packed_mp_veh_mod_idx_15_v239
538335531,m_cl_clo_iem_l_0_1_t4_v1_cesp
538353094,packed_lr_vehicle_colour_6_v92
538385667,ve_lm87_t0_v3
538415071,m_cl_clo_h4m_ph_0_22_t14_v1
538453943,f_cl_clo_hstfb_20_0_t1_v1
538505509,m_cl_clo_fxm_ph_1_20_t14_v1
538553016,f_cl_clo_vwf_u_21_5_t11_v1
538564320,packed_mp_veh_mod_idx_s_6_v378
538631715,service_spend_island_heist_support_sniper
538661095,packed_mp_veh_mod_idx_s_2_v352
538702350,packed_mp_veh_livery2_0_v375
538902902,f_ta_tat_fm_231_t0_v0
538913873,packed_lr_vehicle_colour_6_v204
538946377,m_ha_clo_bim_h_1_0_t0_v0
538971291,packed_mp_veh_mod_idx_11_v159
539011517,m_ta_tat_h27_006_t0_v0
539092044,packed_mp_veh_mod_idx_s_19_v198
539131249,packed_mp_veh_colour_extra1_0_v81
539283234,vem_horn_hips3_t10_v6
539342614,packed_ng_vehicle_insurance_v392
539377674,packed_mp_veh_mod_idx_s_21_v27
539431773,m_cl_clo_iem_u_5_15_t11_v1_cesp
539473913,vem_roof_21_t12_v38
539505995,packed_mp_veh_mod_idx_s_20_v213
539566615,packed_mp_veh_mod_idx_s_12_v320
539612204,packed_mp_veh_colour1_0_v103
539655500,packed_mp_veh_mod_idx_s_4_v156
539656887,vem_colour_1_mct_metallic_sunrise_orange_t24_v33
539685793,m_cl_clo_h4m_ph_0_14_t14_v1
539886098,f_cl_clo_bhf_decl_35_t100_v0
539960336,vem_colour_1_mct_classic_formula_red_t24_v33
540099558,packed_mp_veh_mod_idx_8_v271
540151868,packed_mp_veh_livery2_0_v44
540189588,m_cl_clo_fxm_ph_7_3_t14_v1
540351992,packed_mp_veh_mod_idx_s_10_v154
540401701,f_cl_clo_x6f_f_5_5_t6_v1
540445332,packed_mp_veh_plate_id_v192
540506471,f_cl_clo_awf_f_8_6_t6_v1
540559583,f_cl_clo_x6f_rw_2_7_t14_v1
540570434,f_cl_clo_h2f_u_3_4_t11_v1
540650115,packed_ng_vehicle_smoke_v30
540666829,packed_mp_veh_mod_idx_s_2_v290
540699843,packed_mp_veh_mod_idx_s_3_v364
540741457,m_cl_clo_h3m_b_18_16_t1_v1
540852906,vem_brake_1_t2_v0
541016194,vem_horn_indi_1_t10_v5
541019581,wp_wct_c_tint_23_t2_v22_n2
541027275,packed_lr_vehicle_colour_6_v297
541034005,packed_ng_vehicle_neon_kit_v394
541094346,m_cl_clo_x6m_ph_0_8_t14_v1
541121453,f_ha_face_e_c_21_t4_v0
541139483,packed_mp_veh_mod_idx_s_18_v105
541200388,vem_insurance_cypher
541252613,vem_hood_7_t9_v0
541260161,vem_supermod_2_0_t43_v35
541263941,f_cl_f_fmf_15_13_t6_v0
541296601,m_cl_clo_vwm_ph_0_9_t14_v1
541297108,packed_mp_veh_mod_idx_s_17_v236
541318525,vem_bumper_f_10_t34_v27
541472792,dec_vw_aw_mf_6a
541582596,vem_supermod_19_12_t60_v28
541609525,packed_ng_vehicle_insurance_v207
541696170,packed_mp_veh_mod_idx_2_v156
541752988,vem_colour_extra_1_mct_pearlescent_sunrise_orange_t24_v1
541773162,packed_mp_veh_mod_idx_15_v252
541813690,wp_wct_tint_1_t2_v22_n2
541815119,f_ha_clo_valf_h_0_0_t0_v1
541843800,m_cl_clo_hst_a_5_t100_v0
541939160,packed_mp_veh_colour_extra2_0_v335
541980970,f_cl_clo_fxf_l_1_3_t4_v1
541986532,m_cl_clo_indm_d_6_t8_v1
542008922,packed_mp_veh_mod_idx_10_v318
542039145,m_cl_clo_hp_u_3_1_t11_v1
542043900,f_cl_clo_hp_f_d_34_t8_v1
542245243,f_cl_outfit_clo_h3f_o_sh_11_t12_v0
542350915,f_cl_g_fmf_0_0_t14_v0
542417636,m_cl_clo_h4m_decl_9_t100_v0
542465368,f_cl_clo_hstf_b_5_0_t1_v1
542499726,vem_cmod_tyr_13_t18_v37
542574408,service_earn_island_heist_award_team_work
542617620,packed_mp_veh_mod_idx_8_v172
542619464,pm_weapon_discount_silver_driveby
542764737,f_cl_clo_half_d_10_t100_v0
542782684,vem_supermod_42_1_t42_v7
542786502,packed_mp_veh_mod_idx_3_v279
542839238,packed_mp_veh_mod_idx_5_v99
542847992,f_cl_clo_x6f_d_3_0_t10_v1
542876459,packed_ng_vehicle_neon_v284
543058979,vem_colour_5_white_t38_v3
543091321,packed_mp_veh_mod_idx_23_v181
543130714,vem_musc_07_t19_v0
543195904,packed_ng_vehicle_neon_kit_v164
543294363,f_cl_clo_busf_g0_0_t14_v1
543332777,packed_mp_veh_mod_idx_10_v219
543412698,f_cl_clo_h4f_o_l2_f4_t3_v12
543456646,vem_supermod_11_13_t52_v26
543510194,f_cl_clo_suf_decl_12_t11_v1
543558898,f_cl_u_fmf_2_3_t11_v0
543568881,vem_spt_20_t19_v2
543746303,packed_mp_veh_livery2_0_v148
543832348,m_cl_clo_sbm_l_3_10_t4_v1
543945735,m_cl_outfit_clo_smm_o_6_t12_v0
543955389,m_cl_f_fmm_8_12_t6_v0
544161623,vem_horn_cnote_f0_t10_v30
544173231,packed_mp_veh_mod_idx_s_0_v142
544191230,f_cl_clo_x6f_u_30_23_t11_v1
544199456,m_cl_clo_h3m_ph_11_0_t14_v1
544220879,m_cl_clo_hstm_o_f_1_t8_v12
544229274,packed_mp_veh_mod_idx_s_16_v263
544270192,ve_inductor2_t0_v4
544340380,packed_mp_veh_mod_idx_18_v33
544478284,wp_wct_c_tint_2_t2_v46_n2
544532533,vem_hood_12_t9_v38
544567343,packed_mp_veh_colour1_0_v280
544707076,fcarcade_c_up2
544733370,vem_supermod_16_10_t57_v3
544797717,vem_smod2_whl23_t19_v3
544914800,m_cl_clo_ltsmb_2_0_t1_v1
544974766,vem_supermod_59_14_t59_v7
545022713,m_cl_clo_h4m_t_13_9_t7_v1
545077643,f_cl_clo_smf_b_5_11_t1_v1
545083745,packed_mp_veh_mod_idx_23_v309
545120377,m_cl_clo_s2m_o_9_t3_v12
545231872,m_cl_clo_awm_l_5_4_t4_v1
545292409,dec_vw_aw_mf_4b
545310146,f_cl_clo_exf_af_4_3_t6_v1
545328878,packed_mp_veh_colour1_0_v314
545354911,m_cl_clo_trm_ph_1_11_t14_v1
545376149,club_contraband_mission_v0
545388398,f_ta_tat_sb_035_t0_v0
545570673,m_cl_clo_bim_s_10_4_t8_v1
545572148,packed_mp_veh_mod_idx_s_19_v307
545604911,m_cl_clo_grm_u_10_13_t11_v1
545682615,packed_mp_veh_livery2_0_v339
545738273,f_cl_clo_arf_b_0_10_t1_v1
545760485,m_cl_clo_iem_f_0_2_t6_v1
545787631,packed_mp_veh_mod_idx_s_8_v237
545810867,ve_marshall_n1_t1_v10
546028913,vem_livery_0_t26_v2
546093503,packed_mp_veh_wheel_type_0_v282
546141384,packed_lr_vehicle_colour_5_v114
546187496,m_cl_clo_s1m_u_2_5_t11_v1
546254517,m_cl_clo_grm_b_4_4_t1_v1
546299499,packed_mp_veh_mod_idx_s_3_v139
546331398,vem_rwd_hiend_10_t19_v0
546339753,packed_mp_veh_mod_idx_7_v385
546350014,packed_mp_veh_mod_idx_s_22_v311
546375929,packed_mp_veh_plate_id_v172
546437506,f_cl_clo_s2f_u_3_1_t11_v1
546450995,f_cl_clo_busf_f_0_1_t6_v1
546491334,vem_cmod_hrn_mus4_t10_v2
546714671,f_cl_clo_sbf_f_5_5_t6_v1
546739429,vem_insurance_thrax
546831321,m_ha_cc_lipstick_5_t8_v0
546904904,vem_hiend_09_t19_v0
546980677,m_cl_clo_x4m_u_13_1_t11_v1
547013171,vem_fender_r_15_t37_v35
547035030,f_cl_clo_scf_l_13_22_t4_v1
547043512,f_ta_tat_hp_042_t0_v0
547093200,vem_horn_cnote_c1_t10_v10
547126444,m_cl_clo_h3m_u_10_11_t11_v1
547205676,vem_horn_cnote_c0_t10_v26
547211470,vem_smod4_whlv82_t66_v1
547215218,vem_colour_2_mct_metallic_racing_blue_t25_v1
547263524,vem_smod4_whlv43_t66_v0
547464217,packed_mp_veh_mod_idx_s_23_v302
547470915,packed_mp_veh_mod_idx_8_v290
547585469,packed_mp_veh_mod_idx_s_8_v131
547610695,f_cl_clo_stf_h_9_5_t14_v1
547627584,packed_mp_veh_mod_idx_1_v337
547676641,vem_sub_heli_c_3
547717119,f_cl_clo_suf_b_3_2_t1_v1
547922539,packed_lr_vehicle_colour_6_v101
547965228,f_cl_outfit_clo_exf_ob_1_t12_v0
547994357,m_cl_clo_indm_d_24_t11_v1
548003411,vem_smod4_whl_28_t19_v3
548008002,packed_mp_veh_livery2_0_v388
548014458,packed_mp_veh_mod_idx_s_0_v226
548182856,vem_spoiler_8_t14_v6
548199443,mp_stat_ie_wh_owned_vehicle_22_v0
548343615,packed_mp_veh_mod_idx_s_18_v82
548384750,f_cl_clo_hp_f_d_8_t8_v1
548494900,m_cl_clo_x5m_o_a_1_t3_v12
548559199,m_cl_clo_smm_u_3_11_t11_v1
548632442,m_cl_outfit_clo_h3m_o_sl_11_t12_v0
548658265,f_cl_clo_vwf_u_20_20_t11_v1
548743741,vem_bumper_r_14_t35_v28
548850698,vem_colour_extra_1_mct_metallic_bright_orange_t24_v3
549090959,packed_mp_veh_mod_idx_s_2_v100
549292870,vem_cmod_tyr_3_t18_v35
549297206,ig_sell_1_t0_v0
549351969,f_cl_outfit_clo_h2f_o_c_12_t12_v0
549353544,f_cl_clo_bhf_u_7_11_t11_v1
549366261,f_cl_clo_smf_b_0_15_t1_v1
549404525,vem_colour_2_mct_classic_shadow_silver_t25_v3
549494449,f_ha_clo_x6f_h_0_0_t0_v2
549513083,vem_drft_05_t19_v3
549623181,candc_hacker_msl_0_t0_v0
549652999,vem_chassis_1_n1_t4_v3
549664105,packed_mp_veh_primary_colour_group_v105
549741897,vem_fender_r_7_t37_v37
549791820,f_cl_clo_grf_u_0_10_t11_v1
549801949,f_cl_clo_fxf_u_4_0_t11_v1
549835139,vem_loride_12_t19_v0
549879703,m_cl_clo_h4m_ph_1_0_t14_v1
549918665,f_cl_clo_bif_decl_16_t100_v0
550113384,f_cl_clo_h2f_b_9_9_t1_v1
550119941,dec_vw_aw_ss_35
550137688,f_cl_clo_scf_u_0_24_t11_v1
550215702,packed_mp_veh_mod_idx_16_v355
550305605,m_cl_clo_grm_u_9_6_t11_v1
550389806,packed_mp_veh_colour_extra2_0_v362
550407763,m_cl_clo_bus_m_o_21_t3_v12
550482935,m_cl_clo_grm_u_7_7_t11_v1
550546303,packed_mp_veh_mod_idx_6_v94
550621347,f_ta_tat_sb_029_t0_v0
550622731,f_cl_clo_awf_u_3_0_t11_v1
550642030,vem_rwd_drft_01_t19_v2
550659021,m_ta_tat_vw_029_t0_v0
550712688,vem_engine_4_t5_v7
550726717,packed_mp_veh_colour2_0_v109
550740499,packed_ng_vehicle_neon_v294
550787157,packed_mp_veh_primary_colour_group_v26
550827728,vem_fender_l_1_t36_v0
550875124,hangar_mod_lighting_0_t0_v0
550898518,service_earn_ambient_pickup
550929910,m_cl_clo_l2m_e_28_1_t14_v1
550940394,f_cl_clo_fxf_decl_0_t11_v1
551044946,packed_mp_veh_mod_idx_s_10_v20
551064609,ve_tampa2_t0_v3
551072704,m_cl_clo_stm_u_5_1_t11_v1
551076327,packed_mp_veh_mod_idx_0_v107
551197942,packed_mp_veh_mod_idx_s_11_v155
551259854,m_cl_clo_fxm_pe_4_0_t14_v1
551293819,wp_wm_tint5_t2_v56
551344351,f_cl_clo_hp_f_d_28_t11_v1
551350299,f_cl_outfit_clo_x6f_o_o_2_t12_v0
551352487,m_cl_clo_scm_l_10_3_t4_v1
551362965,f_cl_outfit_clo_bus_f_o_6_t12_v0
551451362,f_cl_clo_busf_f_0_2_t6_v1
551543363,ve_schafter3_t0_v3
551580801,vem_colour_1_mct_matte_purple_t24_v0
551683390,packed_mp_veh_colour_extra2_0_v101
551701670,packed_mp_veh_mod_idx_s_16_v221
551839608,m_cl_clo_bhm_u_4_2_t11_v1
551873900,packed_mp_veh_mod_idx_s_11_v308
551895632,packed_ng_vehicle_smoke_v131
551956780,packed_mp_char_yacht_name_id_v0
551971339,vem_smod4_whlv161_t66_v1
552015549,vem_colour_2_mct_classic_cast_iron_sil_t25_v2
552025392,f_cl_clo_stf_ht8_11_t14_v1
552257242,packed_mp_veh_mod_idx_14_v256
552373593,packed_mp_veh_livery_0_v186
552475247,vem_spoiler_22_t14_v1
552677557,vem_bikew_07_t19_v3
552694231,m_cl_clo_l2m_t_9_0_t7_v1
552695637,packed_mp_veh_wheel_type_0_v145
552708235,f_cl_clo_vwf_l_1_6_t4_v1
552791900,f_cl_clo_hstf_o_14_t4_v12
552870719,vem_smod_whlv152_t66_v0
552917326,vem_insurance_habanero
552943658,packed_mp_veh_mod_idx_6_v5
553075760,f_cl_clo_awf_o_d_2_t8_v12
553167542,m_cl_clo_x6m_f_15_4_t6_v1
553249604,vem_colour_1_mct_metallic_black_t24_v1
553261069,vem_insurance_stratum
553321726,packed_mp_veh_plate_id_v394
553450612,wp_wct_hvyrfle_sig_t1_v10
553454709,f_cl_clo_stf_ht8_7_t14_v1
553525743,f_cl_clo_x6f_b_0_0_t1_v1
553558190,f_cl_clo_grf_u_21_20_t11_v1
553595488,f_ta_tat_sm_009_t0_v0
553627849,packed_mp_veh_mod_idx_23_v30
553638853,pr_mp_prop_37_t0_v0
553708717,f_cl_clo_sbf_e_0_9_t14_v1
553747151,packed_mp_veh_mod_idx_s_18_v298
553796468,f_ta_tat_ar_001_t0_v0
553851909,f_cl_clo_bif_ht_8_5_t14_v1
553880499,packed_mp_veh_mod_idx_8_v140
553888053,vem_smod_whlv109_t66_v3
553916884,vem_smod4_whlv155_t66_v1
553955682,f_cl_clo_bhf_decl_17_t100_v0
554073305,fa_upgrade_fakeid_equip_0_t0_v0
554105086,packed_mp_veh_mod_idx_0_v354
554518739,f_cl_clo_h3f_decl_10_t11_v1
554591761,m_cl_clo_h4m_pey_1_4_t14_v1
554673544,vem_insurance_zr380
554704975,m_cl_outfit_clo_stm_o_0_t12_v0_cesp
554746113,f_cl_clo_smf_u_3_0_t11_v1
554789607,packed_mp_veh_mod_idx_s_7_v410
554859714,packed_mp_veh_mod_idx_s_18_v315
554985993,packed_mp_veh_mod_idx_s_0_v193
555019299,f_cl_clo_x3f_u_1_11_t11_v1
555026508,packed_mp_veh_colour_extra2_0_v411
555052862,m_cl_clo_hp_d_19_t8_v1
555129132,vem_colour_5_rolled_steel_t38_v3
555565598,vem_supermod_13_9_t54_v28
555682324,f_cl_clo_sbf_ph_5_18_t14_v1
555689610,packed_mp_veh_mod_idx_10_v231
555744288,packed_mp_veh_mod_idx_6_v169
555763297,m_cl_clo_sbm_pe_1_10_t14_v1
555770164,f_cl_clo_h2f_ph_2_6_t14_v1
555822471,packed_mp_veh_mod_idx_12_v283
555855255,f_cl_clo_ief_u_20_6_t11_v1
555945124,vem_grill_2_t8_v4
556005900,m_cl_clo_exm_et_0_0_t7_v1
556023015,vem_supermod_47_2_t47_v7
556113907,vem_insurance_phoenix
556158053,f_cl_clo_grf_u_3_14_t11_v1
556208095,f_ha_cc_eyebrw_27_t2_v0
556312061,packed_mp_veh_livery_0_v371
556326029,vem_horn_xm15_3_t10_v30
556376083,vem_hlight_12_t11_v3
556449442,packed_ng_vehicle_bpt_v2
556449606,vem_colour_mct_none_29
556513419,m_cl_clo_bim_ht_8_4_t14_v1
556661362,vem_supermod_10_19_t51_v10
556662436,vem_insurance_scarab
556749473,f_cl_clo_sbf_u_11_11_t11_v1
556757036,vem_spt_03_t19_v12
556860852,f_cl_clo_suf_decl_10_t11_v1
556891551,packed_ng_vehicle_insurance_v91
556903309,pr_pm_modshop_14_t87_v0
556906683,f_ha_clo_sbf_h_0_0_t0_v0
556927140,vem_insurance_fagaloa
556931386,f_cl_clo_stf_o_17_t3_v12
557075379,m_cl_g_fmm_12_7_t14_v0
557207487,packed_mp_veh_mod_idx_s_15_v162
557227898,m_cl_clo_v2m_l_1_11_t4_v1
557258916,vem_colour_2_mct_classic_surf_blue_t25_v0
557339885,m_cl_clo_stm_u_7_6_t11_v1
557391478,f_cl_clo_bhf_u_9_15_t11_v1
557409554,autoshop_tnt_3_t0_v0
557501695,packed_mp_veh_colour_extra1_0_v331
557528921,m_ta_tat_bi_060_t0_v0_cesp
557556454,packed_ng_vehicle_neon_kit_v328
557588271,f_ta_tat_st_034_t0_v0
557651670,m_cl_clo_h2m_o_g_16_t3_v12
557731839,f_cl_outfit_clo_grf_o_5_t12_v0
557827833,vem_bikew_32_t19_v4
557884145,wp_wct_tint_15_t2_v8_n2
558000820,m_ta_tat_x6_033_t0_v0
558001691,mba_floor1_7_t0_v1
558006943,wp_wct_c_tint_17_t2_v47_n2
558074628,packed_mp_veh_mod_idx_22_v405
558087426,wp_wct_clip_drm_t1_v55
558089762,vem_colour_extra_1_mct_pearlescent_torino_red_t24_v2
558150719,packed_ng_vehicle_bpt_v320
558302954,f_cl_clo_grf_b_2_0_t1_v1
558315420,packed_mp_veh_mod_idx_11_v274
558322172,vem_cmod_neoncol_0_t21_v6
558360002,packed_lr_vehicle_colour_5_v254
558546977,vem_cmod_neoncol_7_t21_v11
558613696,f_cl_clo_busf_l_1_1_t4_v1
558733811,m_cl_outfit_clo_stm_o_0_t12_v0
558875369,m_ta_tat_bi_053_t0_v0
558944555,m_cl_clo_vwm_l_2_6_t4_v1
558949952,f_cl_clo_h4f_o_sm_f3_t3_v12
558999288,m_cl_clo_awm_l_0_2_t4_v1
559081568,m_cl_clo_vwm_l_2_10_t4_v1
559106085,packed_mp_veh_mod_idx_s_12_v265
559114643,f_cl_clo_s2f_f_0_5_t6_v1
559145824,m_cl_clo_bim_u_10_9_t11_v1
559220520,packed_mp_veh_mod_idx_13_v318
559369687,packed_mp_veh_mod_idx_9_v411
559384227,vem_drft_17_t19_v1
559408544,packed_mp_veh_secondary_colour_group_v195
559409762,packed_mp_veh_mod_idx_1_v160
559600665,vem_horn_luxe3_t10_v7
559680523,packed_mp_veh_mod_idx_s_10_v328
559701947,vem_supermod_1_7_t42_v27
559793507,packed_mp_veh_primary_colour_group_v235
559844508,m_cl_outfit_clo_bus_m_o_8_t12_v0
559924569,f_cl_clo_h4f_decl_39_t100_v0
559979634,vem_aam_gun_turret_1_t0_v0
560072116,m_cl_outfit_clo_scm_o_16_t12_v0
560122049,wp_wct_c_tint_23_t2_v9_n2
560139192,vem_colour_1_mct_metallic_sunset_red_t24_v1
560176132,f_cl_clo_bhf_u_4_13_t11_v1
560189789,packed_mp_veh_mod_idx_3_v258
560307395,wp_wt_cmbshgn_t0_v0
560378518,f_cl_clo_grf_l_3_3_t4_v1
560424026,packed_mp_veh_mod_idx_s_13_v288
560492111,packed_mp_veh_plate_id_v100
560664484,f_cl_clo_x6f_o_o_3_t3_v12
560736250,packed_mp_veh_wheel_type_0_v76
560772177,vem_colour_6_saxon_blue_t65_v3
560786328,packed_mp_veh_mod_var_0_v244
560914457,packed_ng_vehicle_insurance_v353
560940157,f_cl_clo_h4f_b_0_16_t1_v1
560949036,vem_smod_whlv182_t66_v3
560964801,packed_mp_veh_mod_idx_s_8_v194
561126432,dec_vw_aw_mt_28a
561142313,wp_wct_tint_12_t2_v22_n2
561246310,packed_mp_veh_mod_idx_s_3_v359
561249779,vem_smod_whlv69_t66_v0
561256188,packed_ng_vehicle_neon_v242
561320617,vem_smod4_whlv75_t66_v3
561327652,m_cl_clo_h3m_o_fib_4_t3_v12
561344859,packed_ng_vehicle_insurance_v29
561409234,f_cl_clo_hstf_t_1_9_t7_v1
561555184,vem_smod4_whl_19_t19_v3
561633316,packed_mp_veh_mod_idx_s_2_v392
561736434,f_cl_clo_x6f_u_12_14_t11_v1
561758719,m_cl_clo_lxm_u_5_10_t8_v1
561768497,f_cl_clo_awf_b_12_3_t1_v1
561780633,vem_supermod_3_42_t44_v3
561786972,packed_mp_veh_mod_idx_s_9_v358
561875978,ve_oppressor2_t0_v31
561877152,packed_mp_veh_mod_idx_s_12_v404
561984131,m_ta_tat_bus_000_t0_v0
562132158,packed_mp_veh_mod_idx_s_1_v277
562202983,f_cl_clo_vwf_u_15_0_t11_v1
562224595,packed_mp_veh_mod_idx_s_5_v163
562230380,vem_smod_whlv46_t66_v3
562283735,service_earn_refund_hire_mercenary
562299207,packed_mp_veh_mod_idx_s_5_v253
562338631,vem_colour_extra_1_mct_matte_dark_red_t24_v2
562349105,packed_mp_veh_mod_idx_s_2_v46
562367718,f_ta_tat_fm_202_t0_v0
562425593,f_cl_outfit_clo_hstf_o_20_t12_v0
562536044,m_cl_clo_smm_ph_2_2_t14_v1
562641440,packed_mp_veh_mod_idx_14_v47
562701352,packed_mp_veh_mod_idx_10_v298
563000053,m_cl_clo_v2m_l_1_4_t4_v1
563015741,vem_rwd_bikew_13_t19_v3
563170638,ve_marshall_t1_v11
563213759,vem_colour_1_mct_metallic_bison_brown_t24_v2
563262713,m_ta_tat_x6_009_t0_v0
563302057,vem_colour_extra_1_mct_classic_dark_green_t24_v2
563445194,packed_mp_veh_mod_idx_14_v363
563463121,service_earn_crate_drop
563513639,f_cl_u_fmf_13_11_t8_v0
563520109,f_cl_clo_vwf_pw_3_5_t14_v1
563527565,f_cl_clo_grf_o_1_t8_v12
563550644,packed_mp_veh_plate_id_v405
563561040,wp_wm_tint2_t2_v95
563593122,packed_mp_veh_mod_idx_s_15_v227
563595084,packed_mp_veh_mod_idx_4_v232
563630130,multistorey_garage_tint_6_v1
563698064,packed_mp_veh_mod_var_1_v370
563753926,mba_floor0_5_t0_v1
563797987,packed_mp_veh_mod_idx_s_22_v99
563871846,vem_supermod_50_23_t50_v7
563878044,ve_buffalo5_t0_v38
563912690,m_cl_clo_v2m_u_0_0_t11_v1
563949672,m_cl_clo_x2m_o_6_t3_v12
563963183,vem_cmod_col5_0_t29_v3
564002886,wp_wct_c_tint_26_t2_v13_n2
564256598,m_cl_clo_awm_f_8_11_t6_v1
564481756,packed_mp_veh_mod_idx_22_v397
564683712,vem_cmod_win_3_t33_v0
564729428,m_cl_clo_h3m_b_14_2_t1_v1
564760815,f_cl_f_fmf_8_12_t6_v0
564809605,packed_mp_veh_mod_idx_5_v267
564832223,packed_mp_veh_mod_idx_s_23_v47
564875814,m_cl_clo_awm_decl_92_t100_v0
564907559,f_cl_clo_sbf_l_4_3_t4_v1
564999734,vem_colour_1_mct_metallic_graphite_t24_v3
565126567,packed_mp_veh_mod_idx_12_v204
565130003,f_cl_clo_exf_eu_1012_t11_v1
565164401,vem_supermod_48_3_t48_v7
565246336,f_cl_clo_x6f_u_30_2_t11_v1
565300830,f_cl_clo_ief_o_10_t8_v12
565450442,vem_smod_whlv207_t66_v0
565541448,vem_smod5_whlv65_t66_v3
565558589,m_cl_outfit_clo_bim_o_4_t12_v0
565677047,f_cl_clo_h3f_ph_10_6_t14_v1
565739548,ve_blade_t0_v3
565769297,f_cl_clo_vwf_u_19_24_t11_v1
565902463,m_cl_clo_sum_decl_33_t100_v0
565924533,f_cl_clo_bif_decl_51_t100_v0
566045297,packed_mp_veh_mod_idx_s_2_v407
566048618,packed_mp_veh_mod_idx_24_v369
566071507,vem_colour_extra_1_mct_metallic_garnet_red_t24_v33
566221987,packed_mp_veh_mod_idx_8_v221
566227329,m_cl_clo_val_decl_a_t100_v0
566227943,vem_colour_extra_1_mct_metallic_stone_silver_t24_v4
566242871,wp_wct_mrfl_sight_t1_v88
566264697,wp_wct_none_t1_v56_n2
566340807,vem_smod2_whlv183_t66_v3
566385597,packed_ng_vehicle_insurance_v295
566429290,f_cl_clo_indf_d_7_t100_v0
566444796,f_cl_clo_bif_ht_8_0_t14_v1
566454749,packed_lr_vehicle_colour_5_v268
566466596,vem_exhaust_3_t6_v38
566496216,wp_wct_muzz8_t1_v21_n2
566498340,packed_mp_veh_mod_idx_12_v336
566568633,packed_mp_veh_mod_idx_24_v222
566579380,m_cl_clo_val_decl_b_t8_v2
566604466,f_ta_tat_st_020_t0_v0
566608896,vem_supermod_23_31_n1_t64_v33
566639873,vem_colour_extra_1_mct_metallic_diamond_blue_t24_v33
566698009,packed_mp_veh_secondary_colour_group_v275
566799118,vem_grill_1_t8_v11
566846986,m_cl_clo_x6m_f_3_4_t6_v1
566859759,packed_mp_veh_mod_idx_s_1_v207
566980459,f_cl_clo_suf_l_5_3_t4_v1
567058571,vem_supermod_0_0_t41_v5
567100487,packed_mp_veh_mod_idx_s_12_v102
567136401,ve_vader_t0_v4
567210942,f_cl_clo_h4f_ph_0_12_t14_v1
567236299,m_ha_cc_m_hs_5_t0_v1
567254948,packed_mp_veh_mod_idx_22_v236
567328081,m_cl_clo_h4m_ph_0_18_t14_v1
567395698,packed_mp_veh_mod_idx_s_13_v144
567431668,f_cl_clo_grf_ph_2_12_t14_v1
567474391,vem_colour_2_mct_classic_umber_brown_t25_v2
567482407,packed_mp_veh_mod_idx_7_v204
567564632,packed_mp_veh_mod_idx_s_3_v162
567717302,packed_mp_veh_mod_idx_14_v177
567747189,m_cl_clo_smm_decl_0_t100_v0
567750075,packed_mp_veh_mod_idx_14_v171
567798717,packed_mp_veh_mod_idx_12_v186
567807440,packed_mp_veh_colour_extra1_0_v47
567878672,f_cl_clo_ief_u_3_6_t11_v1
567908600,packed_mp_veh_mod_idx_s_8_v0
568008310,f_cl_clo_vwf_decl_29_t100_v0
568043847,packed_ng_vehicle_smoke_v78
568062846,m_cl_clo_awm_u_10_13_t11_v1
568235381,packed_mp_veh_livery2_0_v33
568250876,fcarcade_flr_8_t0_v0
568293726,packed_mp_veh_mod_idx_s_19_v299
568357094,packed_mp_veh_mod_idx_10_v345
568380867,f_ta_tat_bi_041_t0_v0_cesp
568499688,vem_colour_extra_1_mct_pearlescent_yellow_t24_v2
568500126,packed_mp_veh_mod_idx_13_v128
568638006,f_cl_clo_vwf_o_1_0_t3_v12
568690449,vem_supermod_54_15_t54_v7
568761932,f_cl_clo_vwf_u_13_22_t11_v1
568814085,vem_colour_1_mct_metals_br_steel_t24_v33
568829392,f_cl_clo_x6f_ph_2_12_t14_v1
569032364,f_cl_clo_exf_af_2_0_t6_v1
569120782,vem_smod5_whlv116_t66_v3
569169715,ve_virgo2_t0_v10
569170531,service_earn_goon
569171150,packed_mp_veh_colour1_0_v243
569428419,f_cl_clo_bhf_u_10_2_t11_v1
569502644,vem_colour_extra_1_mct_pearlescent_surf_blue_t24_v3
569504383,packed_mp_veh_colour_extra2_0_v264
569574867,mt_snk_item2_t0_v1
569618484,vem_smod_whlv99_t66_v3
569619255,packed_mp_veh_mod_idx_s_11_v253
569631291,vem_hlight_1_t11_v29
569665392,m_cl_outfit_clo_awm_o_h_4_t12_v0
569709768,vem_spoiler_0_t14_v39
569780394,vem_horn_cnote_f0_t10_v7
569917641,f_cl_clo_hp_f_o_9_t8_v12
570065372,f_ta_tat_x6_029_t0_v0
570105496,pm_weapon_discount_gold_kills
570149289,m_cl_clo_arm_ph_0_22_t14_v1
570214279,vem_horn_luxe2_t10_v0
570263161,f_cl_clo_x6f_ph_1024_t14_v1
570297469,wp_wct_supp_t1_v11
570303586,m_cl_clo_smm_ph_8_13_t14_v1
570311312,f_cl_clo_grf_l_0_13_t4_v1
570392434,m_cl_clo_hstm_h_3_t14_v1
570443510,vem_supermod_10_0_t51_v39
570445975,f_cl_clo_exf_al_5_0_t4_v1
570456291,wp_wct_c_tint_9_t2_v21_n2
570590372,packed_mp_veh_mod_idx_s_10_v288
570610004,wp_wct_c_tint_4_t2_v21_n2
570659273,vem_cmod_col5_21_t29_v2
570742316,m_cl_clo_grm_l_0_10_t4_v1
570808971,wp_wm_tint7_t2_v73
570866132,packed_mp_veh_mod_idx_2_v191
570962108,f_cl_clo_exf_g_3_10_t14_v0
571132786,packed_mp_veh_mod_idx_15_v222
571139198,packed_mp_veh_secondary_colour_group_v182
571147978,vem_bikew_27_t19_v4
571260710,vem_colour_1_mct_metallic_bright_green_t24_v4
571282273,packed_mp_veh_mod_idx_s_11_v27
571340529,packed_mp_veh_mod_idx_s_14_v148
571344643,wp_wct_clip1_t1_v50
571379957,packed_mp_veh_colour1_0_v329
571500907,packed_mp_veh_mod_idx_4_v8
571681070,packed_mp_veh_livery_0_v266
571701435,wp_wm_tint4_t2_v64
571714648,packed_mp_veh_mod_idx_s_11_v167
571883268,packed_mp_veh_colour1_0_v88
571911429,m_cl_clo_grm_u_8_2_t11_v1
571958227,m_cl_u_fmm_4_14_t11_v0
572002060,packed_mp_veh_mod_idx_8_v133
572068518,packed_mp_veh_mod_idx_12_v315
572080275,vem_cmod_pla_text_new_t23_v10
572156013,f_cl_clo_x6f_l_8_7_t4_v1
572261243,m_ta_tat_gr_016_t0_v0
572299042,packed_mp_veh_mod_idx_18_v246
572571409,packed_mp_veh_mod_idx_13_v240
572621596,m_cl_clo_fxm_ph_0_11_t14_v1
572675065,f_cl_u_fmf_0_5_t11_v0
572709764,vem_cmod_hrn_mus2_t10_v37
572710837,vem_rwd_suv_10_t19_v3
572757227,vem_colour_5_saddle_brown_t38_v0
572774128,packed_mp_veh_mod_idx_s_18_v143
572853510,f_cl_clo_val_decl_d_t11_v1
572967413,f_cl_l_fmf_8_15_t4_v0
573126854,packed_mp_veh_mod_idx_4_v61
573185142,f_cl_outfit_clo_lxf_o_6_t12_v0
573189454,fcarcade_flr_1_t0_v0
573251306,packed_mp_veh_mod_idx_12_v149
573263476,packed_mp_veh_mod_idx_s_16_v274
573407166,f_cl_clo_sbf_ph_4_0_t14_v1
573415672,packed_mp_veh_mod_idx_s_1_v380
573454542,m_cl_clo_fxm_l_4_3_t4_v1
573499033,packed_mp_veh_mod_idx_s_11_v236
573503188,m_cl_clo_sbm_l_3_4_t4_v1
573564395,ve_italigto_t0_v3
573576996,m_cl_clo_busm_f_1_10_t6_v1
573604538,packed_mp_veh_mod_var_0_v115
573608885,vem_supermod_22_12_t63_v3
573658192,m_cl_clo_smm_u_7_5_t11_v1
573661829,vem_cmod_tyr_9_t18_v3
573675069,m_cl_clo_hstm_o_12_t3_v12
573686809,f_cl_clo_x6f_u_30_3_t11_v1
573691153,f_cl_outfit_clo_assf_o_5_t12_v0
573721417,packed_mp_veh_window_tint_0_v159
573759089,vem_cmod_airhorn_01_t10_v4
573759647,fixer_hq_wal_4_t0_v0
573787712,vem_spoiler_5_t14_v6
573803804,f_cl_clo_suf_u_0_9_t11_v1
573842388,f_cl_clo_hstf_l_5_5_t4_v1
573842461,packed_mp_veh_mod_idx_22_v172
573910003,f_cl_clo_arf_o_0_t3_v12
573926586,vem_insurance_svolito
573963963,f_cl_clo_smf_b_2_10_t1_v1
573968739,packed_mp_veh_mod_idx_s_8_v247
574025173,packed_mp_veh_mod_var_0_v373
574034057,vem_cmod_pla_0_t23_v28
574050798,vem_smod2_whlv60_t66_v3
574081141,m_cl_outfit_clo_iem_o_8_t12_v0_cesp
574114968,vem_hlight_3_t11_v3
574204876,vem_supermod_14_12_t55_v28
574208338,m_cl_clo_sbm_f_4_4_t6_v1
574415690,packed_mp_veh_mod_idx_14_v241
574500129,f_cl_clo_x4f_u_12_5_t11_v1
574527730,f_cl_clo_h3f_b_8_0_t1_v1
574601992,packed_mp_veh_mod_idx_s_9_v237
574609990,packed_mp_veh_mod_idx_23_v332
574612978,f_cl_clo_hp_f_d_6_t100_v0
574704763,packed_mp_veh_colour_extra2_0_v62
574743567,packed_mp_veh_colour2_0_v255
574892828,packed_mp_veh_mod_idx_s_9_v370
574917286,packed_mp_veh_secondary_colour_group_v7
574988255,vem_colour_1_mct_classic_race_yellow_t24_v4
575027107,vem_rwd_spt_18_t19_v0
575028859,f_cl_clo_s1f_u_5_3_t11_v1
575038499,vem_smod5_whlv3_t66_v0
575085552,pr_mp_prop_13_t0_v0
575142304,vem_insurance_specter
575179303,m_cl_clo_sum_u_17_13_t11_v2
575216378,packed_mp_veh_mod_idx_5_v26
575243466,packed_mp_veh_mod_idx_13_v357
575253269,packed_mp_veh_livery_0_v6
575266167,packed_mp_veh_mod_idx_s_3_v177
575313579,packed_mp_veh_mod_idx_s_0_v298
575367495,vem_smod4_whlv171_t66_v1
575442442,f_cl_u_fmf_0_15_t8_v0
575517604,wp_wct_tint_18_t2_v9_n2
575523128,vem_colour_2_mct_metallic_grace_red_t25_v1
575606498,vem_colour_extra_1_mct_pearlescent_maple_brown_t24_v1
575615319,vem_colour_2_mct_metallic_graphite_t25_v1
575625005,f_ta_tat_s2_035_t0_v0
575775238,vem_supermod_0_0_t41_v37
575785358,vem_colour_extra_1_mct_matte_matte_foil_t24_v0
575843258,f_cl_clo_v2f_f_1_8_t6_v1
576008917,vem_fender_r_10_t37_v0
576045327,packed_mp_veh_mod_idx_s_10_v221
576058996,f_cl_clo_grf_u_12_15_t11_v1
576072969,vem_colour_extra_1_mct_metallic_cabernet_red_t24_v33
576099098,mp_stat_lab_equip_v0
576176799,m_cl_clo_x6m_l_7_24_t4_v1
576189190,packed_mp_veh_mod_idx_s_23_v206
576244259,f_cl_clo_awf_o_b_2_t3_v12
576273111,packed_mp_veh_mod_idx_9_v29
576277947,vem_colour_mct_none_113
576332084,packed_ng_vehicle_bpt_v132
576334583,packed_mp_veh_mod_idx_s_8_v215
576385573,vem_supermod_4_10_t45_v28
576386564,packed_mp_veh_mod_idx_s_8_v118
576417244,m_cl_clo_l2m_dec_22_t11_v1
576434434,f_cl_clo_stf_l_3_13_t4_v1
576459182,vem_cmod_hrn_trk_t10_v11
576481640,f_cl_clo_smf_b_0_5_t1_v1
576525300,m_cl_clo_s2m_u_0_9_t11_v1
576584566,packed_mp_veh_mod_idx_s_17_v309
576699020,packed_lr_vehicle_colour_6_v324
576705683,f_cl_clo_bif_u_13_2_t11_v1
576708087,vem_cmod_hrn_0_t10_v37
576757370,f_cl_clo_vwf_b_9_2_t1_v1
576840015,vem_smod_whlv72_t66_v3
576947075,m_cl_clo_vwm_u_17_9_t11_v1
577055793,ve_marquis_t0_v0
577075265,packed_mp_veh_wheel_type_0_v164
577085640,m_cl_clo_grm_b_4_10_t1_v1
577147285,packed_mp_veh_livery_0_v195
577166046,packed_mp_veh_mod_idx_s_18_v118
577166065,f_cl_clo_scf_d_28_4_t10_v1
577181161,factory_index_14_t0_v0
577373031,packed_ng_vehicle_neon_kit_v132
577384924,m_cl_clo_hstm_o_11_t11_v12
577406576,packed_mp_veh_mod_idx_s_20_v172
577409151,vem_supermod_12_9_t53_v27
577437345,wp_wct_c_tint_12_t2_v56_n2
577477494,f_cl_clo_smf_u_2_4_t11_v1
577563916,packed_ng_vehicle_smoke_v279
577617036,f_cl_clo_bhf_b_0_10_t1_v1
577647589,vem_drft_01_t19_v1
577707135,ve_manana_t0_v3
577733569,packed_mp_veh_window_tint_0_v79
577771553,vem_insurance_infernus
577841593,pr_pm_off_var_3_t0_v0
577905852,packed_ng_vehicle_bpt_v125
577934670,vem_supermod_3_7_t44_v10
577975007,vem_horn_hween1_t10_v36
577999531,f_cl_clo_bhf_u_2_15_t11_v1
578004811,packed_mp_veh_mod_idx_s_12_v167
578075391,m_cl_clo_l2m_dec_9_t11_v1
578085334,vem_rwd_musc_14_t19_v0
578099934,packed_mp_veh_mod_idx_s_15_v341
578199013,f_cl_outfit_clo_h3f_o_dl_32_t12_v0
578382455,packed_mp_veh_mod_idx_s_0_v178
578393661,vem_hlight_0_t11_v28
578470837,f_cl_clo_fxf_ph_0_0_t14_v1
578503456,packed_mp_veh_wheel_type_0_v214
578511547,vem_rwd_musc_08_t19_v1
578522637,f_cl_clo_ief_o_7_t8_v12_cesp
578533938,packed_lr_vehicle_colour_5_v58
578542793,wp_wct_supp_t1_v56
578587478,packed_ng_vehicle_insurance_v146
578676739,packed_mp_veh_colour2_0_v207
578779861,packed_mp_veh_mod_idx_22_v0
578853945,mp_stat_factoryslot1_v0
578869475,f_cl_clo_vwf_u_13_14_t11_v1
578884921,m_cl_clo_smm_u_4_11_t11_v1
578927881,f_cl_clo_vwf_ph_0_4_t14_v1
579006231,f_cl_clo_stf_h_1012_t14_v1
579054871,packed_mp_veh_window_tint_0_v208
579065223,f_cl_clo_v2f_o_0_t3_v12
579078825,vem_supermod_52_18_t52_v7
579150168,f_cl_clo_h3f_decl_17_t100_v0
579256893,f_cl_clo_s1f_o_3_t8_v12
579321485,vem_rwd_drft_07_t19_v3
579333781,vem_cmod_neonlay_0_t21_v33
579350136,f_cl_clo_ief_o_4_t8_v12_cesp
579484866,packed_mp_veh_mod_idx_11_v297
579608804,m_cl_clo_h2m_u_7_0_t11_v1
579624817,m_cl_clo_fxm_pe_0_3_t14_v1
579670872,f_ta_tat_bi_010_t0_v0
579714962,f_cl_clo_bus_f_o_7_t3_v12
579714993,m_cl_clo_busm_u_0_1_t11_v1
579806527,packed_mp_veh_mod_idx_s_4_v351
579817185,m_cl_clo_h4m_s_2_11_t8_v1
580021886,f_cl_clo_hp_f_t_0_0_t7_v1
580065832,m_cl_clo_bim_decl_52_t11_v1
580113109,f_cl_clo_l2f_lw_2_1_t14_v1_cesp
580147399,vem_supermod_6_19_t47_v3
580175570,packed_mp_veh_mod_idx_9_v59
580213715,packed_mp_veh_mod_idx_s_6_v376
580224683,packed_mp_veh_mod_idx_3_v326
580249913,vem_supermod_20_10_t61_v26
580343178,packed_mp_veh_mod_idx_13_v228
580351039,m_ta_tat_st_005_t0_v0
580637345,m_cl_clo_x2m_ht_0_1_t14_v1
580660403,packed_mp_veh_mod_idx_s_13_v266
580710886,packed_ng_vehicle_neon_v39
580804765,packed_mp_veh_mod_idx_14_v210
580910522,vem_supermod_2_7_t43_v27
580949525,packed_mp_veh_livery2_0_v54
580954320,m_cl_clo_l2m_u_6_1_t11_v1
580971481,vem_colour_extra_1_mct_classic_racing_green_t24_v3
581104525,f_cl_clo_hstf_s_8_6_t8_v1
581161042,f_cl_clo_h3f_u_10_17_t11_v1
581267972,vem_colour_1_mct_classic_lime_green_t24_v4
581297850,vem_smod2_whlv33_t66_v3
581367654,packed_mp_veh_mod_idx_9_v183
581430926,vem_supermod_1_5_t42_v38
581561830,packed_mp_veh_mod_idx_s_3_v390
581732138,packed_ng_vehicle_smoke_v112
581822460,fcarcade_b_up0
581845649,f_cl_clo_stf_ht6_8_t14_v1
581888627,vem_colour_5_lava_red_t38_v0
581910861,vem_bumper_r_17_t35_v3
581972271,vem_horn_hips4_t10_v36
582041197,factory_index_6_t0_v0
582127912,ve_stockade_t1_v0
582178786,kosatk_fla_26_t0_v1
582251729,f_ta_tat_sb_046_t0_v0
582261426,m_cl_clo_hstm_l_4_2_t4_v1
582306733,packed_mp_veh_mod_idx_s_12_v67
582383453,f_cl_clo_grf_u_21_23_t11_v1
582464732,wp_pm_tint6_t2_v33
582480614,packed_mp_veh_mod_var_0_v201
582492308,packed_mp_veh_mod_idx_23_v403
582497121,packed_mp_veh_mod_idx_s_21_v212
582510668,vem_suspension_3_t15_v36
582527532,vem_smod5_whlv175_t66_v3
582568482,packed_mp_veh_mod_idx_s_7_v129
582628049,f_cl_clo_fxf_l_0_7_t4_v1
582665984,packed_mp_veh_mod_idx_s_13_v146
582708613,m_cl_clo_exm_eu_12_1_t11_v1
582723619,pr_fc_mural_6_t0_v0
582729798,packed_mp_veh_mod_idx_s_15_v257
582756076,packed_mp_veh_livery_0_v231
582769042,packed_mp_veh_mod_var_1_v397
582804798,vem_supermod_3_28_t44_v7
582833579,vem_hiend_05_t19_v1
583021354,wp_gsa_type_ro_t0_v27
583022146,vem_cmod_tyr_9_t18_v10
583029428,f_cl_clo_x17f_u_4_6_t11_v1
583062652,m_cl_outfit_clo_h2m_o_g_2_t12_v0
583062792,m_cl_u_fmm_0_5_t8_v0
583113673,vem_colour_extra_1_mct_metallic_hot
583206625,packed_mp_veh_mod_idx_s_16_v389
583422989,vem_insurance_longfin
583446808,packed_mp_veh_mod_idx_s_20_v141
583483528,packed_ng_vehicle_neon_kit_v66
583490236,vem_spoiler_11_t14_v3
583601130,packed_mp_veh_mod_idx_24_v82
583614646,packed_mp_veh_colour_extra1_0_v213
583626677,m_cl_clo_vwm_u_2_16_t11_v1
583631299,f_cl_outfit_clo_trf_o_l3_t12_v0
583733744,packed_mp_veh_mod_idx_s_7_v377
583736371,packed_mp_veh_mod_idx_s_18_v164
583768813,packed_mp_veh_wheel_type_0_v16
583803663,packed_mp_veh_mod_idx_24_v281
583829128,f_cl_clo_fxf_l_4_20_t4_v1
583855031,m_cl_clo_stm_o_13_t11_v12
583869410,packed_mp_veh_mod_idx_18_v118
583931546,vem_bumper_f_1_t34_v4
584044485,f_cl_clo_arf_o_18_t11_v12
584179836,f_cl_clo_s2f_u_4_0_t11_v1
584243475,mp_stat_mpsv_model_10
584256420,m_cl_outfit_clo_x6m_o_o_17_t12_v0
584280463,vem_bumper_f_18_t34_v1
584400106,m_cl_clo_scm_d_22_1_t10_v1
584464156,vem_smod5_whlv114_t66_v3
584506087,packed_ng_vehicle_bpt_v93
584540337,m_cl_clo_grm_u_6_9_t11_v1
584566329,packed_mp_veh_mod_idx_s_8_v323
584570050,vem_cmod_tyr_11_t18_v32
584628627,packed_mp_veh_mod_idx_7_v52
584638290,f_cl_clo_h3f_decl_16_t100_v0
584655272,vem_horn_hips1_t10_v34
584680871,vem_cmod_col5_18_t29_v2
584753278,vem_chassis_6_t4_v35
584846185,m_cl_clo_vwm_l_1_7_t4_v1
584872405,packed_mp_veh_colour2_0_v53
585045735,packed_mp_veh_mod_idx_10_v385
585092201,m_ta_tat_st_039_t0_v0
585095945,f_cl_clo_scf_ey_0_12_t14_v1
585141594,f_cl_clo_awf_u_17_11_t11_v1
585179881,packed_ng_vehicle_neon_kit_v350
585188221,vem_supermod_23_34_t64_v33
585457441,m_cl_clo_exm_eu_15_8_t11_v1
585477271,vem_smod4_whlv99_t66_v1
585537593,m_cl_clo_grm_u_9_17_t11_v1
585557202,packed_mp_veh_mod_idx_16_v295
585602936,vem_colour_extra_1_mct_pearlescent_grace_red_t24_v0
585646811,m_cl_clo_s2m_u_1_11_t11_v1
585698711,m_cl_clo_sbm_u_11_6_t11_v1
585746784,packed_mp_veh_window_tint_0_v167
585770227,f_cl_clo_lxf_lw_1_0_t14_v1
585841180,packed_mp_veh_mod_idx_4_v335
585847081,mp_stat_mpsv_model_239
585954747,f_cl_clo_x6f_ph_2_25_t14_v1
586078874,m_cl_clo_scm_ph_5_3_t14_v1
586172308,mp_stat_clbhos_emblem_v0
586191755,packed_ng_vehicle_neon_kit_v204
586328801,vem_colour_1_mct_classic_racing_green_t24_v1
586337755,packed_mp_veh_mod_idx_s_18_v27
586381730,vem_rwd_offr_02_t19_v12
586425287,packed_mp_veh_mod_idx_2_v386
586468600,packed_mp_veh_mod_idx_s_5_v351
586572108,pr_mp_prop_78_t0_v0
586600792,vem_supermod_55_13_t55_v7
586643977,packed_mp_veh_wheel_type_0_v139
586681838,packed_mp_veh_mod_idx_s_11_v331
586728804,f_ta_tat_bi_014_t0_v0_cesp
586734161,f_cl_clo_grf_ph_5_7_t14_v1
586820589,packed_mp_veh_mod_idx_3_v41
586888375,f_cl_clo_grf_u_12_5_t11_v1
587052984,vem_colour_extra_1_mct_pearlescent_might_purple_t24_v0
587141722,ve_pfister811_t0_v3
587156392,packed_mp_veh_mod_idx_s_21_v414
587218419,packed_mp_veh_mod_idx_s_15_v268
587251387,m_cl_clo_vwm_decl_16_t100_v0
587306930,packed_mp_veh_mod_idx_16_v382
587318187,m_cl_clo_hstmb_19_0_t1_v1
587358983,vem_supermod_1_7_t42_v26
587376726,packed_mp_veh_secondary_colour_group_v20
587389477,packed_mp_veh_mod_idx_s_20_v326
587412025,m_cl_clo_vwm_pe_2_2_t14_v1
587467353,f_cl_clo_h2f_s_9_1_t8_v1
587548785,f_cl_clo_awf_decl_10_t100_v0
587776148,m_cl_clo_vwm_u_8_3_t11_v1
587864669,packed_mp_veh_mod_idx_6_v374
587960673,vem_smod4_whlv3_t66_v3
588138554,packed_mp_veh_mod_idx_3_v265
588451314,vem_colour_1_mct_classic_beechwood_brown_t24_v0
588493036,vem_spoiler_23_t14_v1
588611751,vem_insurance_issi6
588641968,m_cl_l_fmm_9_11_t4_v0
588642257,f_ha_none_t2_v1
588757351,wp_wt_mg_t0_v0
588828706,m_cl_clo_indm_d_4_t11_v1
588995171,m_cl_clo_h3m_b_14_6_t1_v1
589041004,ve_jubilee_t0_v38
589044142,vem_supermod_9_1_t50_v27
589127246,vem_yacht_flag_16_v0
589204879,packed_mp_veh_mod_idx_s_8_v335
589236547,m_cl_u_fmm_1_7_t8_v1
589335835,vem_smod5_whlv71_t66_v3
589693510,wp_ps_bag_0_t1_v33
589729651,packed_mp_veh_mod_idx_s_11_v320
589776485,f_cl_clo_h4f_s_2_15_t8_v1
589843159,packed_mp_veh_mod_idx_s_5_v370
590061311,m_cl_clo_bhm_u_11_0_t11_v1
590064120,packed_mp_veh_mod_idx_2_v14
590120767,vem_smod3_whlv65_t66_v3
590240026,f_cl_clo_vwf_u_8_14_t11_v1
590289134,service_earn_juggalo_phone_mission_participation
590302240,m_cl_clo_sum_b_3_7_t1_v1
590389053,f_cl_clo_bif_l_3_2_t4_v1
590415926,packed_mp_veh_mod_idx_s_4_v216
590459214,m_ha_cc_lipstick_7_t8_v0
590644224,f_cl_clo_grf_u_2_11_t11_v1
590668186,packed_mp_veh_primary_colour_group_v322
590674131,m_cl_clo_lxm_u_8_3_t11_v1
590712397,f_cl_clo_bif_ht_8_3_t14_v1
590782846,packed_lr_vehicle_colour_6_v46
590842349,packed_mp_veh_colour_extra2_0_v103
590859416,vem_colour_mct_none_134
590873625,packed_mp_veh_mod_idx_s_14_v123
590936322,packed_mp_veh_mod_idx_s_0_v120
591057080,mp_stat_mpsv_model_247
591074273,vem_cmod_pla_0_t23_v10
591098151,packed_mp_veh_mod_idx_s_0_v134
591104834,f_ta_tat_sb_014_t0_v0
591182489,packed_mp_veh_mod_idx_s_12_v3
591255284,packed_mp_veh_mod_idx_s_18_v124
591349981,f_cl_clo_vwf_decl_8_t100_v0
591390468,m_cl_clo_fxm_l_0_25_t4_v1
591401863,f_ta_tat_bi_005_t0_v0_cesp
591426551,f_cl_clo_awf_b_8_4_t1_v1
591654663,vem_colour_2_mct_classic_woodbeech_brown_t25_v0
591664043,m_cl_clo_vwm_u_8_1_t11_v1
591681922,packed_mp_veh_colour_extra2_0_v313
591727624,packed_mp_veh_mod_idx_s_0_v258
591786125,packed_mp_veh_mod_idx_6_v351
591866489,packed_mp_veh_mod_idx_s_22_v128
591894930,packed_mp_veh_mod_idx_s_20_v70
591898708,packed_lr_vehicle_colour_6_v66
591942274,m_cl_clo_exm_eu_6_1_t11_v1
591966206,f_cl_outfit_clo_h2f_o_s_6_t12_v0
591987773,m_cl_clo_h4m_b_0_13_t1_v1
592144742,m_cl_clo_bhm_f_1_24_t6_v1
592152676,service_earn_casino_heist_award_all_rounder
592286538,vem_supermod_62_3_t62_v7
592314964,m_cl_clo_indm_d_7_t8_v2
592332247,m_cl_f_fmm_5_1_t6_v0
592333627,packed_mp_veh_mod_idx_s_5_v374
592342162,m_cl_u_fmm_8_13_t8_v0
592502148,packed_mp_veh_window_tint_0_v28
592592149,f_cl_clo_hp_f_o_10_t3_v12
592672421,service_earn_casino_heist_elite_direct
592788767,m_cl_ht_fmm_2_2_t14_v0
592803602,f_cl_clo_bhf_u_17_5_t11_v1
592823335,m_cl_clo_h3m_ph_7_0_t14_v1
592829323,mp_stat_mpsv_model_384
592929955,vem_colour_1_mct_classic_torino_red_t24_v4
592969202,packed_mp_veh_mod_idx_s_2_v154
592990381,packed_mp_veh_mod_idx_11_v411
593002025,f_cl_clo_bhf_decl_47_t11_v1
593081294,f_cl_clo_grf_decl_0_t100_v0
593177692,f_ta_tat_bi_050_t0_v0
593232351,f_cl_clo_grf_u_25_0_t11_v1
593386046,mba_floor1_5_t0_v1
593564080,m_cl_outfit_clo_trm_o_bs_0_t12_v0
593676305,f_cl_clo_smf_b_7_0_t1_v1
593822758,packed_mp_veh_mod_idx_s_4_v251
593836803,service_earn_winter_22_award_random_event
593917055,vem_supermod_15_16_t56_v3
594046759,packed_mp_veh_mod_idx_8_v309
594141195,vem_cmod_hrn_0_t10_v38
594154320,packed_mp_veh_colour1_0_v34
594283188,packed_mp_veh_mod_idx_18_v1
594321251,vem_insurance_tulip
594332558,f_ta_tat_fm_212_t0_v0
594345142,packed_mp_veh_mod_idx_0_v303
594353179,m_cl_clo_bim_u_11_0_t11_v1
594377607,packed_mp_veh_mod_idx_0_v336
594407553,vem_supermod_0_17_t41_v3
594476845,packed_mp_veh_colour_extra2_0_v219
594643107,packed_mp_veh_mod_idx_s_14_v88
594656599,m_cl_clo_vwm_u_9_21_t11_v1
594862093,packed_mp_veh_mod_idx_8_v222
594941444,packed_mp_veh_livery2_0_v272
594977397,dec_vw_aw_mt_26c
595030595,packed_mp_veh_mod_idx_s_9_v44
595038461,ve_astrope_t0_v0
595047332,packed_mp_veh_plate_id_v209
595066313,m_cl_clo_exm_al_6_3_t4_v1
595126129,vem_rwd_musc_09_t19_v1
595135903,vem_colour_extra_1_mct_classic_midnight_silver_t24_v3
595158173,m_cl_clo_bhm_decl_59_t100_v0
595257444,dec_vw_aw_ls_11
595272957,packed_ng_vehicle_neon_kit_v341
595330448,fa_upgrade_coke_sec_1_t0_v0
595368839,f_cl_clo_ief_l_0_1_t4_v1
595391455,m_cl_clo_grm_u_11_11_t11_v1
595409612,vem_chassis_2_t4_v3
595428940,packed_mp_veh_mod_idx_22_v146
595474269,vem_cmod_col5_25_t29_v0
595540580,packed_mp_veh_mod_idx_4_v328
595557988,packed_mp_veh_mod_idx_s_22_v219
595614520,f_cl_clo_ief_o_4_t8_v12
595652513,m_ta_tat_sb_014_t0_v0
595657000,f_cl_clo_x4f_ph_1_3_t14_v1
595666099,packed_mp_veh_mod_idx_13_v105
595766506,packed_mp_veh_mod_idx_s_22_v368
595822054,f_cl_clo_h4f_t_0_2_t7_v1
595868573,m_cl_clo_hstm_g_3_0_t3_v1_cesp
595876536,m_cl_clo_l2m_dec_27_t100_v0
595939056,packed_mp_veh_mod_idx_15_v4
595987832,f_ta_tat_bi_013_t0_v0
596229009,packed_mp_veh_mod_idx_4_v314
596349174,m_cl_clo_vwm_pw_4_1_t14_v1
596400463,f_cl_clo_h2f_u_7_0_t11_v1
596470100,vem_smod4_whlv162_t66_v3
596631572,f_cl_clo_ltsf_o_11_t8_v12
596663927,packed_mp_veh_mod_idx_11_v242
596676785,kosatk_fla_31_t0_v1
596698262,vem_yacht_flag_31_v0
596702264,m_cl_clo_h2m_f_5_21_t6_v1
596765918,vem_colour_5_creek_brown_t38_v3
596839467,m_cl_clo_scm_l_10_12_t4_v1
596848398,vem_engine_3_t5_v31
596883759,vem_smod4_whlv160_t66_v0
597002372,m_ta_tat_vw_030_t0_v0
597013053,vem_drft_07_t19_v0
597086220,packed_mp_veh_mod_idx_9_v262
597095295,m_cl_l_fmm_5_6_t4_v0
597130145,packed_mp_veh_mod_idx_s_8_v160
597142858,packed_mp_veh_mod_idx_s_13_v258
597229453,wp_wct_tint_27_t2_v46_n2
597332817,packed_mp_veh_mod_idx_12_v377
597374695,f_cl_clo_scf_b_2_2_t1_v1
597475586,f_cl_clo_grf_ph_0_2_t14_v1
597539221,packed_mp_veh_mod_idx_s_14_v284
597662629,vem_supermod_2_5_t43_v27
597955655,packed_mp_veh_mod_idx_s_8_v243
598005716,f_cl_clo_grf_b_2_10_t1_v1
598085339,f_cl_u_fmf_2_4_t11_v0
598213062,vem_cmod_neoncol_11_t21_v0
598312143,vem_exhaust_8_t6_v0
598398399,vem_horn_clas4_t10_v6
598461645,m_ha_cc_eyebrw_3_t2_v0
598635777,vem_drft_06_t19_v0
598684182,m_cl_clo_exm_ob_1_t3_v12
598687622,f_cl_clo_grf_decl_32_t11_v1
598741681,vem_skirt_6_t13_v4
598781538,packed_mp_veh_mod_idx_3_v39
598817844,vem_colour_2_mct_metallic_flur_yellow_t25_v33
598865785,wp_wt_swblade_t1_v0
598871521,packed_lr_vehicle_colour_5_v187
598886963,packed_mp_veh_mod_idx_s_17_v140
598898662,m_cl_clo_x6m_u_1_14_t11_v1
598933423,packed_ng_vehicle_bpt_v229
598945974,m_ha_cc_blush_8_t5_v0
598989260,packed_mp_veh_primary_colour_group_v63
599034390,m_cl_clo_sum_l_1_18_t4_v1
599049434,m_cl_clo_busm_s_0_1_t8_v2
599057457,f_cl_clo_h2f_b_5_12_t1_v1
599105991,m_cl_clo_x6m_u_20_15_t11_v1
599133993,packed_mp_veh_mod_idx_s_0_v412
599155562,m_cl_clo_x6m_u_22_21_t11_v1
599235587,vem_colour_extra_1_mct_classic_race_yellow_t24_v4
599266597,m_cl_outfit_clo_lxm_o_5_t12_v0
599364643,packed_mp_veh_mod_idx_10_v103
599398052,f_cl_clo_x6f_f_12_6_t6_v1
599426021,fcncl_light_9_t0_v0
599456303,packed_mp_veh_mod_idx_s_18_v321
599608010,packed_mp_veh_primary_colour_group_v288
599609666,f_cl_clo_bhf_decl_61_t11_v1
599609876,m_cl_outfit_clo_hilf_o_9_t12_v0
599712241,m_cl_clo_x6m_f_1_4_t6_v1
599778240,f_cl_clo_h3f_o_jan_6_t3_v12
599804707,service_earn_salvage_checkpoint_collection
599861761,f_cl_clo_grf_decl_10_t100_v0
599890748,packed_mp_veh_mod_idx_s_21_v284
599989476,packed_mp_veh_mod_idx_s_23_v346
600105542,vem_rwd_spt_17_t19_v0
600119985,packed_mp_veh_mod_idx_s_8_v280
600236501,m_cl_clo_x6m_l_0_5_t4_v1
600243556,f_cl_clo_half_4_0_t1_v1
600346430,m_cl_clo_x5m_u_16_1_t11_v1
600592697,vem_colour_mct_none_68
600757282,m_cl_clo_bim_u_26_5_t11_v1
600770741,f_cl_u_fmf_0_14_t11_v0
600782279,packed_ng_vehicle_insurance_v103
600887448,packed_mp_veh_mod_idx_9_v367
600970449,vem_supermod_3_36_t44_v10
600975857,m_cl_clo_lxm_dec_2_t11_v1
601013830,f_cl_clo_vwf_pey_010_t14_v1
601015713,vem_cmod_hrn_0_t10_v0
601040686,vem_fender_r_1_n1_t37_v1
601260024,packed_mp_veh_mod_idx_s_16_v303
601275421,packed_mp_veh_colour_extra1_0_v120
601363593,vem_supermod_7_5_t48_v6
601368738,vem_colour_extra_1_mct_metallic_dark_blue_t24_v33
601377742,packed_mp_veh_mod_idx_s_6_v99
601406026,packed_mp_veh_mod_idx_s_5_v20
601448872,packed_mp_veh_mod_idx_s_22_v68
601503585,vem_horn_cnote_c0_t10_v10
601601364,f_cl_clo_h2f_u_6_14_t11_v1
601656850,m_cl_rew_rs_t11_v0
601786972,vem_cmod_neoncol_13_t21_v7
601906399,vem_supermod_13_2_t54_v27
601926734,packed_mp_veh_mod_idx_2_v48
601959492,m_cl_outfit_clo_hstm_o_18_t12_v0
601987057,vem_supermod_10_21_t51_v10
602017019,packed_mp_veh_mod_idx_18_v345
602023707,m_cl_clo_sbm_f_2_5_t6_v1
602068238,vem_roof_0_t12_v4
602068438,packed_mp_veh_mod_idx_15_v249
602197002,m_cl_clo_busm_u_2_1_t11_v1
602283448,m_cl_clo_iem_u_16_0_t11_v1
602397075,m_cl_clo_lxm_e_13_1_t14_v1
602412824,ve_massacro2_t0_v3
602443502,m_cl_clo_exm_eu_16_4_t11_v1
602456443,vem_colour_extra_1_mct_metallic_race_yellow_t24_v1
602508832,packed_lr_vehicle_colour_5_v180
602539932,multistorey_garage_style_1_v1
602576341,packed_mp_veh_livery2_0_v285
602578424,f_cl_u_fmf_0_5_t8_v0
602746749,packed_mp_veh_mod_idx_s_8_v229
602783970,vem_colour_1_mct_classic_blue_silver_t24_v4
602843585,packed_mp_veh_mod_idx_10_v412
602848357,vem_bumper_r_20_t35_v28
602985465,vem_supermod_13_4_t54_v11
602987454,vem_horn_luxe3_t10_v37
603072248,f_cl_clo_hstfb_19_6_t1_v1
603102976,m_cl_clo_hstm_o_a_2_t8_v12
603146177,f_cl_clo_bus_f_o_1_t3_v12
603298940,service_earn_gangops_award_mastermind_4
603336640,m_cl_outfit_clo_h4m_o_h2_m1_t12_v0
603404225,f_cl_clo_x6f_f_4_21_t6_v1
603404932,packed_ng_vehicle_bpt_v313
603435000,m_cl_clo_sum_u_15_20_t11_v1
603462497,f_cl_clo_bif_decl_14_t100_v0
603515064,m_cl_clo_bhm_decl_44_t11_v1
603707086,packed_mp_veh_window_tint_0_v39
603717702,packed_mp_veh_mod_idx_s_21_v15
603730556,vem_rwd_bikew_29_t19_v4
603752844,packed_mp_veh_mod_idx_15_v353
603767354,m_cl_clo_h2m_f_5_6_t6_v1
603802645,packed_mp_veh_secondary_colour_group_v226
603817203,packed_ng_vehicle_insurance_v72
603845231,f_cl_clo_bbf_t_1_2_t7_v1
603933465,packed_mp_veh_mod_idx_9_v318
603951629,packed_mp_veh_mod_idx_s_7_v392
604014275,wp_wct_scope_sml_t1_v0
604051995,vem_colour_extra_1_mct_classic_bright_green_t24_v2
604127997,packed_mp_veh_livery2_0_v101
604188825,vem_cmod_pla_text_t23_v10
604222197,packed_ng_vehicle_neon_kit_v269
604243111,m_cl_clo_bim_u_11_2_t11_v1
604340656,packed_mp_veh_mod_idx_s_22_v235
604356127,f_cl_clo_bif_decl_4_t100_v0
604399330,packed_mp_veh_mod_idx_10_v335
604400068,packed_mp_veh_mod_idx_s_22_v412
604648411,packed_mp_veh_wheel_type_0_v358
604677734,packed_lr_vehicle_colour_6_v353
604702851,packed_mp_veh_mod_idx_s_22_v298
604791058,wp_wt_gl_t0_v0
604857270,f_cl_l_fmf_10_1_t4_v0
604891871,vem_cmod_neonlay_3_t21_v11
604935679,packed_mp_veh_mod_idx_7_v108
604995788,wp_wct_clip_fmj_t0_v56_n2
605073798,vem_colour_1_mct_metallic_black_steel_t24_v3
605094679,vem_colour_2_mct_metallic_wine_red_t25_v0
605208731,vem_supermod_14_7_t55_v38
605210447,packed_mp_veh_mod_idx_14_v71
605244532,m_cl_clo_hstm_o_17_t3_v12
605277106,m_cl_clo_vwm_u_17_20_t11_v1
605418894,m_cl_clo_x2m_ht_0_2_t14_v1
605422583,vem_colour_2_mct_classic_wine_red_t25_v0
605424305,packed_mp_veh_mod_idx_s_18_v388
605493524,packed_ng_vehicle_neon_kit_v219
605763441,f_ta_tat_h3_028_t0_v0
605814786,f_cl_clo_exf_ob_9_t8_v12
605844314,packed_ng_vehicle_bpt_v266
605861739,m_cl_clo_x6m_f_12_25_t6_v1
605941078,vem_spt_08_t19_v0
605954781,vem_cmod_tyr_11_t18_v7
605956783,packed_mp_veh_mod_idx_2_v174
606007604,vem_rwd_musc_15_t19_v2
606012969,f_cl_u_fmf_14_10_t11_v0
606031900,packed_mp_veh_mod_idx_s_16_v251
606443108,packed_mp_veh_mod_idx_22_v220
606531047,packed_mp_veh_livery2_0_v187
606552176,f_cl_clo_hstfb_14_17_t1_v1
606721121,f_cl_clo_h4f_b_1_0_t1_v1
606789242,f_cl_clo_bif_s_16_21_t8_v1
606825540,packed_mp_veh_mod_idx_s_9_v123
606847338,m_cl_u_fmm_12_10_t8_v0
606926578,f_cl_m_fmf_7_0_t1_v0
607050467,f_cl_f_fmf_8_8_t6_v0
607057847,packed_mp_veh_mod_var_1_v312
607070289,m_cl_clo_stm_ht6_9_t14_v1_cesp
607089324,packed_mp_veh_mod_idx_12_v166
607115700,m_cl_clo_h2m_b_1119_t1_v1
607128869,f_cl_outfit_clo_hstf_o_e_2_t12_v0
607147273,m_cl_clo_s2m_d_14_t100_v0
607157284,vem_colour_2_mct_metallic_black_t25_v4
607178322,packed_lr_vehicle_colour_5_v405
607253876,packed_mp_veh_colour2_0_v24
607262892,packed_mp_veh_livery2_0_v268
607277100,m_cl_clo_h4m_t_13_4_t7_v1
607277900,ve_huntley_t0_v1
607539765,vem_cmod_col5_27_t29_v0
607586658,packed_mp_veh_plate_id_v378
607781733,vem_colour_2_mct_metallic_wine_red_t25_v2
607851256,vem_suspension_0_t15_v10
607896256,m_cl_clo_x6m_ph_1_10_t14_v1
607923076,m_cl_clo_bhm_u_14_3_t11_v1
607956679,vem_supermod_5_13_t46_v10
607995362,f_cl_clo_bus_f_o_9_t8_v12
607996136,packed_mp_veh_mod_var_0_v196
607998957,packed_mp_veh_mod_idx_9_v396
608000722,vem_armour_2_t1_v35
608023100,m_cl_clo_indm_d_22_t8_v2
608052529,packed_lr_vehicle_colour_6_v28
608077421,f_cl_clo_bif_decl_14_t11_v1
608089017,m_cl_clo_busm_s_0_11_t8_v1
608165896,f_cl_clo_grf_u_20_4_t11_v1
608214766,vem_smod4_whlv125_t66_v2
608254448,f_cl_clo_x6f_ey_4_1_t14_v1
608264701,m_cl_clo_hilf_s_2_3_t8_v1
608282034,vem_colour_1_mct_metallic_dark_green_t24_v3
608316426,vem_colour_1_mct_metallic_moss_brown_t24_v1
608340352,f_cl_clo_h3f_u_10_2_t11_v1
608348742,packed_lr_vehicle_colour_6_v68
608351941,packed_mp_veh_mod_idx_18_v138
608408167,f_cl_clo_bif_decl_20_t100_v0
608410683,packed_mp_veh_mod_idx_s_15_v369
608435901,packed_mp_veh_mod_idx_s_14_v157
608451166,vem_rwd_suv_03_t19_v3
608464876,vem_smod3_whlv37_t66_v3
608557556,vem_bumper_f_2_t34_v4
608567926,wp_wct_tint_10_t2_v47_n2
608668996,f_ha_cc_blush_11_t5_v0
608681387,m_ta_tat_l2_002_t0_v0
608781744,packed_mp_veh_mod_idx_15_v41
608828418,m_cl_clo_busm_t_1_9_t7_v1
608872270,packed_lr_vehicle_colour_6_v84
608922386,f_cl_clo_sbf_f_2_5_t6_v1
608947050,packed_mp_veh_mod_idx_s_13_v134
609062543,packed_mp_veh_mod_idx_s_19_v98
609189021,packed_mp_veh_mod_idx_1_v199
609222120,m_cl_clo_bim_decl_36_t100_v0
609284194,packed_mp_veh_mod_idx_9_v106
609348507,packed_ng_vehicle_insurance_v322
609350826,f_cl_clo_hstfb_16_5_t1_v1
609362596,packed_mp_veh_mod_idx_10_v204
609428005,f_cl_clo_scf_l_13_19_t4_v1
609629788,m_cl_clo_hp_f_0_9_t6_v1
609773052,packed_mp_veh_colour2_0_v271
609949426,vem_supermod_9_2_t50_v11
609978142,m_cl_clo_iem_b_9_2_t1_v1
609987263,f_cl_clo_grf_ph_5_13_t14_v1
609997645,wp_wct_supp_t1_v7
610113018,vem_cmod_tyr_10_t18_v33
610129459,m_cl_clo_bbm_h_1_1_t14_v1
610131823,vem_roof_15_n2_t12_v3
610132067,f_cl_clo_h2f_u_6_16_t11_v1
610219960,factory_index_22_t0_v0
610228198,vem_colour_2_mct_classic_diamond_blue_t25_v1
610275680,vem_cmod_neoncol_1_t21_v10
610349930,packed_ng_vehicle_smoke_v22
610370249,f_cl_clo_h2f_o_s_10_t3_v12
610404394,vem_supermod_7_3_t48_v3
610482533,packed_lr_vehicle_colour_5_v19
610694633,vem_smod_whl8_t19_v12
610750115,vem_colour_mct_none_129
610851399,f_cl_clo_stf_h_1020_t14_v1
611120679,vem_hood_3_t9_v6
611135071,f_cl_outfit_clo_hstf_o_d_2_t12_v0
611200254,packed_mp_veh_mod_idx_s_8_v175
611260698,f_cl_clo_smf_b_7_8_t1_v1
611329348,f_cl_clo_s1f_f_1_5_t6_v1
611457224,packed_mp_veh_mod_idx_s_1_v241
611519278,vem_supermod_1_0_t42_v35
611581930,f_cl_clo_vwf_d_1_12_t10_v1
611614119,f_cl_outfit_clo_h2f_o_c_8_t12_v0
611634811,packed_mp_veh_mod_idx_24_v120
611647612,m_cl_outfit_clo_h3m_o_grp_1_t12_v0
611667920,f_cl_clo_smf_ph_3_9_t14_v1
611686351,packed_mp_veh_mod_idx_s_20_v413
611821187,m_cl_clo_ltsmb_0_2_t1_v1
611825289,packed_mp_veh_mod_var_1_v248
611836349,vem_supermod_23_9_t64_v34
611905281,vem_grill_5_t8_v0
611928740,packed_mp_veh_mod_idx_s_6_v70
611979092,vem_smod2_whlv151_t66_v3
612000387,packed_mp_veh_mod_idx_s_7_v295
612143333,m_cl_w_fmm_1_0_t14_v0
612279061,f_cl_clo_bhf_u_15_4_t11_v1
612279063,m_cl_clo_sbm_u_12_2_t11_v1
612361762,packed_mp_veh_mod_idx_s_18_v275
612444407,packed_mp_veh_mod_idx_s_1_v379
612459355,f_cl_he_fmf_18_6_t14_v1
612523802,m_cl_clo_scm_t_4_4_t7_v1
612571943,packed_mp_veh_mod_idx_7_v268
612646178,m_cl_clo_iem_f_0_5_t6_v1_cesp
612687856,mp_stat_mpsv_model_251
612822606,packed_mp_veh_secondary_colour_group_v138
612853867,f_cl_clo_lxf_dec_4_t100_v0
612948217,packed_lr_vehicle_colour_5_v381
613035686,f_cl_clo_h2f_b_4_20_t1_v1
613062965,packed_mp_veh_livery_0_v147
613102484,pr_pm_bfont_1_t0_v0
613126813,f_cl_u_fmf_1_4_t11_v0
613246748,packed_mp_veh_mod_idx_s_5_v177
613283838,packed_mp_veh_colour2_0_v159
613328459,packed_mp_veh_mod_idx_s_23_v35
613345143,m_cl_clo_grm_u_3_4_t11_v1
613501264,m_ta_tat_x6_034_t0_v0
613552758,f_cl_clo_awf_f_8_2_t6_v1
613649293,f_cl_clo_x6f_b_2_10_t1_v1
613745521,f_cl_clo_bhf_u_10_3_t11_v1
613784603,f_cl_clo_bif_prw_1_0_t14_v1
613879093,m_cl_clo_x6m_l_7_19_t4_v1
613884158,f_cl_outfit_clo_x6f_o_o_9_t12_v0
613997865,m_ta_tat_bb_030_t0_v0
614008790,packed_mp_veh_mod_idx_s_4_v264
614103565,m_cl_clo_x17m_o_m_10_t3_v12
614195226,packed_mp_veh_window_tint_0_v27
614372964,m_cl_clo_grm_l_4_2_t4_v1
614440057,m_cl_clo_busm_l_0_1_t4_v1
614503741,packed_mp_veh_colour1_0_v24
614550911,m_cl_clo_fxm_u_2_7_t11_v1
614567965,vem_colour_1_mct_classic_flur_yellow_t24_v1
614609998,f_cl_clo_suf_u_0_7_t11_v1
614633681,f_cl_ht_fmf_0_2_t14_v0
614784797,f_cl_clo_grf_u_19_18_t11_v1
614806857,m_cl_clo_bim_decl_48_t11_v1
614822432,m_cl_clo_vwm_d_1_5_t10_v1
614839116,vem_colour_2_mct_metallic_straw_brown_t25_v0
614851824,hangar_mod_lighting_2_t0_v1
614867489,packed_mp_veh_mod_idx_s_17_v98
614878380,packed_mp_veh_mod_idx_s_7_v153
614919743,packed_mp_veh_mod_idx_s_23_v106
614953949,f_cl_clo_fxf_pe_2_8_t14_v1
614994131,wp_ps_bag_12_t1_v33
615079325,m_cl_clo_awm_l_0_0_t4_v1
615193844,packed_mp_veh_mod_idx_s_7_v45
615240846,packed_mp_veh_secondary_colour_group_v209
615286552,f_cl_clo_grf_u_3_4_t11_v1
615331487,packed_mp_veh_mod_idx_15_v285
615376518,packed_mp_veh_mod_idx_s_18_v271
615498898,f_cl_clo_bhf_u_7_12_t11_v1
615564360,packed_mp_veh_mod_idx_s_20_v260
615612330,packed_mp_veh_mod_idx_s_4_v187
615718995,pr_mp_prop_off3_t0_v0
615763648,vem_trans_0_t16_v38
615843220,packed_mp_veh_mod_idx_s_23_v249
615854557,m_cl_clo_h4m_decl_14_t100_v0
615859290,f_cl_outfit_clo_s2f_o_7_t12_v0
615914504,vem_colour_1_mct_matte_midnight_blue_t24_v4
615942832,vem_supermod_13_17_t54_v3
616083379,packed_mp_veh_mod_idx_6_v52
616231821,vem_supermod_1_15_t42_v11
616291228,wp_wct_holo_t1_v5_n2
616344753,packed_mp_veh_window_tint_0_v8
616506909,vem_smod4_whlv46_t66_v1
616547635,f_cl_clo_grf_b_0_1_t1_v1
616662387,pm_weapon_discount_gun_van_0_0
616745955,packed_mp_veh_mod_idx_s_10_v117
616801844,f_cl_clo_half_d_3_t100_v0
616807256,f_cl_clo_sbf_u_18_7_t11_v1
616871125,m_cl_clo_s2m_o_3_t3_v12
617008460,f_cl_clo_exf_decl_0_t11_v1
617150178,vem_rwd_spt_04_t19_v0
617250427,f_cl_clo_h3f_o_sl_26_t8_v12
617261846,packed_mp_veh_mod_idx_s_18_v109
617357326,f_cl_clo_h3f_o_fib_4_t3_v12
617363617,m_cl_t_fmm_10_0_t7_v0
617433847,fcbase_sty9_t0_v0
617518596,f_cl_clo_fxf_ph_1_1_t14_v1
617522235,wp_wct_barr2_t1_v21_n2
617565348,vem_rwd_spt_14_t19_v0
617622575,packed_mp_veh_mod_idx_24_v237
617628848,f_cl_clo_ief_u_1_4_t11_v1
617652276,packed_mp_veh_mod_idx_s_21_v196
617833994,packed_mp_veh_mod_idx_s_3_v146
617947837,f_cl_clo_x6f_u_26_19_t11_v1
618090932,vem_armour_0_t1_v0
618167454,service_spend_ba_sarge_molotov
618171420,vem_roof_4_t12_v1
618264716,packed_mp_veh_mod_idx_9_v155
618267768,f_cl_clo_trf_u_5_6_t11_v1
618344538,vem_racecar_whl13_t19_v3
618439034,packed_mp_veh_mod_idx_22_v166
618524959,m_cl_clo_hp_d_35_t100_v0
618531760,packed_mp_veh_colour1_0_v388
618585236,packed_mp_veh_mod_idx_11_v203
618636332,packed_mp_veh_mod_idx_s_0_v83
618663006,m_cl_clo_h2m_o_s_6_t3_v12
618781606,vem_supermod_20_7_t61_v26
618827519,f_cl_clo_arf_o_5_t11_v12
619084663,vem_spt_19_t19_v12
619115688,packed_mp_veh_mod_idx_s_0_v313
619144144,vem_colour_1_mct_classic_silver_t24_v4
619157997,m_cl_clo_vwm_ph_0_13_t14_v1
619241603,fcarcade_grg0_t0_v0
619271841,packed_mp_veh_colour2_0_v385
619375310,vem_rwd_spt_21_t19_v12
619422148,m_cl_clo_vwm_decl_17_t100_v0
619627127,packed_mp_veh_mod_idx_s_21_v83
619644129,packed_ng_vehicle_neon_kit_v146
619695944,m_cl_clo_l2m_u_3_3_t11_v1
619758190,packed_mp_veh_colour1_0_v179
619804125,m_cl_clo_s2m_u_1_4_t11_v1
619892814,vem_colour_mct_none_98
619901955,dec_vw_aw_mt_3c
619957161,m_cl_clo_x6m_u_3_5_t11_v1
619957634,packed_mp_veh_wheel_type_0_v107
619961417,packed_lr_vehicle_colour_5_v168
620057277,packed_mp_veh_mod_idx_s_15_v125
620208281,f_cl_clo_arf_u_2_7_t11_v1
620235361,packed_mp_veh_mod_idx_s_1_v339
620278950,f_cl_clo_exf_eu_11_8_t11_v1
620366909,packed_mp_veh_mod_idx_18_v231
620372885,packed_mp_veh_mod_idx_s_12_v398
620408176,m_cl_clo_bhm_u_7_14_t11_v1
620435114,m_cl_clo_stm_u_6_1_t11_v1
620468369,wp_wct_tint_29_t2_v22_n2
620524523,m_cl_outfit_clo_hstm_o_l_1_t12_v0
620665819,m_cl_clo_s2m_u_1_7_t11_v1
620689039,f_cl_clo_bif_f_3_5_t6_v1
620752971,m_cl_clo_x6m_u_3_6_t11_v1
620772891,f_cl_clo_awf_decl_76_t100_v0
620789235,packed_mp_veh_mod_idx_1_v193
620817198,vem_insurance_mammatus
620855441,packed_mp_veh_mod_idx_s_18_v224
620898484,f_cl_clo_xmasf_l_0_0_t4_v1
620914828,m_cl_clo_trm_u_11_20_t11_v1
620946116,m_cl_clo_bus_m_o_16_t3_v12
621080016,vem_smod4_whlv73_t66_v1
621102899,vem_cmod_pla_1_t23_v32
621265019,packed_mp_veh_mod_idx_13_v281
621334090,m_cl_clo_scm_ey_4_0_t14_v1
621366815,packed_mp_veh_primary_colour_group_v8
621459079,packed_mp_veh_mod_idx_s_23_v285
621655236,f_cl_clo_smf_ph_8_17_t14_v1
622013157,packed_mp_veh_mod_idx_s_22_v157
622138025,wp_wct_clip1_t1_v22
622197006,f_cl_clo_hstf_l_9_1_t4_v1
622219429,vem_trans_0_t16_v27
622276114,dec_vw_aw_2s_2
622376944,ve_sparrow3_t0_v3
622409601,vem_smod4_whlv41_t66_v0
622451620,packed_mp_veh_mod_idx_s_18_v150
622531970,m_cl_outfit_clo_jam_o_0_t12_v0
622648540,packed_mp_veh_mod_idx_s_23_v274
622727307,vem_colour_extra_1_mct_classic_torino_red_t24_v2
622751448,packed_ng_vehicle_neon_kit_v118
622846965,m_cl_clo_h2m_b_3_23_t1_v1
622855106,f_cl_u_fmf_11_11_t8_v0
622861055,f_cl_clo_h2f_b_3_3_t1_v1
622948956,packed_mp_veh_mod_idx_6_v337
622950335,f_cl_clo_x6f_f_4_23_t6_v1
622956681,packed_mp_veh_mod_idx_s_0_v247
623047948,vem_colour_extra_1_mct_metallic_bright_purple_t24_v4
623221305,packed_mp_veh_mod_idx_s_7_v16
623277603,f_cl_outfit_clo_awf_o_g_7_t12_v0
623354803,f_cl_ht_fmf_14_2_t14_v0
623492453,packed_mp_veh_mod_idx_11_v252
623548955,packed_mp_veh_mod_idx_s_20_v5
623555411,m_cl_clo_exm_al_5_3_t4_v1
623564374,veu_elegy_t0_v0
623647582,packed_mp_veh_mod_idx_7_v118
623730047,m_cl_clo_fxm_ph_4_9_t14_v1
623764116,f_cl_clo_suf_u_7_6_t11_v1
623795553,packed_mp_veh_mod_idx_s_2_v334
623816275,f_cl_clo_x4f_u_11_12_t11_v1
623824999,vem_smod4_whlv150_t66_v0
623933088,vem_supermod_13_1_t54_v3
624043965,f_cl_clo_fxf_u_6_17_t11_v1
624069533,f_cl_l_fmf_3_2_t4_v0
624184824,f_cl_outfit_clo_h3f_o_sh_26_t12_v0
624190886,packed_mp_veh_mod_idx_0_v182
624191595,packed_mp_veh_mod_idx_s_18_v286
624224140,f_cl_clo_suf_l_3_2_t4_v1
624239716,vem_hlight_0_t11_v11
624252585,vem_rwd_spt_20_t19_v12
624281780,packed_mp_veh_mod_idx_s_16_v48
624334939,packed_mp_veh_mod_idx_12_v84
624340306,packed_mp_veh_mod_idx_s_12_v312
624401056,packed_mp_veh_mod_idx_7_v243
624469937,vem_smod5_whlv64_t66_v3
624567634,m_cl_clo_bhm_b_0_2_t1_v1
624616109,wp_wct_tint_9_t2_v1_n2
624620800,vem_supermod_8_0_t49_v38
624621879,packed_ng_vehicle_bpt_v295
624708526,packed_mp_veh_mod_idx_14_v57
624807836,packed_lr_vehicle_colour_5_v411
624993223,packed_mp_veh_mod_idx_s_7_v90
625029242,vem_cmod_airhorn_03_t10_v2
625099935,f_cl_outfit_clo_stf_o_12_t12_v0_cesp
625115939,packed_mp_veh_mod_idx_s_0_v363
625175789,vem_smod_whlv42_t66_v0
625423402,m_ta_tat_l2_011_t0_v0
625567430,packed_ng_vehicle_neon_v169
625625644,packed_mp_veh_mod_idx_13_v204
625750828,m_ta_tat_fx_004_t0_v0
625837083,vem_cmod_tyr_2_t30_v31
625975530,m_cl_clo_vwm_t_0_15_t7_v1
626037094,m_cl_clo_awm_b_4_9_t1_v1
626279581,packed_mp_veh_mod_idx_23_v214
626311417,packed_mp_veh_mod_idx_4_v84
626333120,vem_smod3_whlv121_t66_v3
626346114,f_cl_clo_bhf_u_3_10_t11_v1
626346175,dec_vw_aw_wv_10b
626404471,packed_mp_veh_window_tint_0_v308
626539072,vem_musc_13_t19_v2
626687208,vem_supermod_4_11_t45_v28
626854431,packed_mp_veh_mod_var_0_v127
626891233,packed_mp_veh_mod_idx_12_v96
626911776,dec_vw_aw_mt_10a
626925193,vem_colour_5_cream_t38_v0
626957493,vem_colour_extra_1_mct_pearlescent_bright_orange_t24_v2
626970852,vem_supermod_3_5_n1_t44_v27
627061342,vem_supermod_23_1_t64_v34
627079951,ve_scarab2_t0_v38
627098191,packed_mp_veh_mod_idx_s_21_v95
627138660,mba_graphics_1_t0_v0
627198082,vem_colour_5_woodbeech_brown_t38_v0
627221924,f_cl_clo_stf_o_12_t8_v12
627259666,packed_mp_veh_mod_idx_18_v132
627296876,f_ta_tat_x6_003_t0_v0
627299637,packed_ng_vehicle_bpt_v71
627341392,packed_mp_veh_colour_extra1_0_v103
627417724,vem_smod2_whlv124_t66_v3
627472531,f_cl_clo_ief_o_10_t8_v12_cesp
627516798,f_cl_clo_suf_u_8_6_t11_v1
627522543,vem_supermod_20_0_t61_v10
627617709,f_cl_clo_scf_u_0_7_t11_v1
627709773,packed_mp_veh_mod_idx_22_v208
628109258,vem_insurance_blista
628148512,m_cl_clo_h4m_pey_1_9_t14_v1
628260029,packed_mp_veh_mod_idx_0_v59
628305493,packed_mp_veh_mod_idx_2_v182
628535159,f_cl_rstar_dev_1_t100_v0
628538113,packed_mp_veh_livery_0_v201
628548451,packed_mp_veh_mod_idx_s_6_v208
628610395,packed_ng_vehicle_smoke_v321
628652971,vem_chassis_1_t4_v4
628674358,m_ha_cc_mkup_71_t5_v0
628694145,packed_mp_veh_mod_idx_2_v320
628698752,packed_mp_veh_mod_idx_s_7_v65
628707543,packed_mp_veh_mod_idx_5_v284
628763826,m_cl_clo_fxm_ph_4_0_t14_v1
628928603,packed_mp_veh_mod_idx_s_8_v83
629007944,packed_mp_veh_primary_colour_group_v324
629026339,vem_colour_2_mct_metals_gold_p_t25_v33
629165761,m_cl_clo_stm_u_6_2_t11_v1
629176485,m_cl_u_fmm_12_2_t8_v1
629182369,f_cl_clo_x5f_o_a_1_t8_v12
629255766,packed_mp_veh_mod_idx_2_v188
629270115,packed_ng_vehicle_smoke_v336
629290092,f_cl_clo_awf_decl_84_t100_v0
629422449,packed_mp_veh_mod_idx_0_v202
629452479,vem_smod_whl18_t19_v3
629457866,m_cl_clo_sbm_f_6_6_t6_v1
629505948,packed_mp_veh_mod_idx_s_22_v205
629519209,packed_mp_veh_mod_idx_s_8_v33
629538439,ie_wh_index_2_t0_v0
629676771,packed_mp_veh_mod_idx_13_v377
629746205,packed_mp_veh_mod_idx_2_v359
629781523,vem_horn_indi_2_t10_v36
629810831,f_cl_clo_grf_ph_2_7_t14_v1
629942659,f_cl_clo_hstf_f_4_0_t6_v1
630063628,m_ha_clo_bim_h_5_0_t0_v1
630137751,vem_colour_1_mct_metallic_ultra_blue_t24_v33
630157528,vem_colour_extra_1_mct_metallic_lime_green_t24_v2
630197659,m_cl_clo_smm_b_1_14_t1_v1
630210907,m_cl_clo_iem_l_4_8_t4_v1
630229643,packed_mp_veh_mod_idx_s_17_v376
630243292,vem_exhaust_2_t6_v27
630247951,f_cl_clo_s1f_dec_9_t11_v1
630256214,m_cl_clo_smm_ph_0_21_t14_v1
630283600,packed_mp_veh_mod_idx_s_1_v83
630398991,m_cl_clo_trm_u_19_5_t11_v1
630450765,vem_supermod_16_6_t57_v3
630499082,f_cl_clo_suf_u_2_9_t11_v1
630692289,f_cl_clo_fxf_u_2_6_t11_v1
630771059,packed_mp_veh_mod_idx_s_18_v70
630787798,wp_wct_tint_9_t2_v9_n2
630802140,vem_horn_indi_3_t10_v38
630802842,packed_mp_veh_colour1_0_v48
630820964,f_cl_l_fmf_11_12_t4_v0
630896865,f_cl_d_fmm_2_0_t10_v0
630931303,vem_cmod_neonlay_5_t21_v0
630979051,m_cl_clo_sbm_u_12_3_t11_v1
631047602,packed_mp_veh_mod_idx_7_v388
631166415,vem_bumper_f_14_t34_v6
631181076,vem_offr_14_t19_v3
631186912,packed_mp_veh_mod_idx_4_v301
631269841,m_ta_tat_fm_207_t0_v0
631284830,vem_smod3_whlv71_t66_v3
631404872,packed_mp_veh_mod_idx_s_22_v6
631476461,vem_hiend_19_t19_v12
631489081,f_cl_clo_busf_u_2_1_t11_v1
631627733,packed_mp_int_truck_mod_slot_3_v0
631650877,packed_mp_veh_wheel_type_0_v6
631654431,service_spend_move_yacht
631706824,packed_mp_veh_secondary_colour_group_v395
631780281,f_cl_clo_fxf_pe_3_10_t14_v1
631835096,m_ta_tat_lx_006_t0_v0
631863783,f_ha_cc_f_hs_0_t0_v2
631872329,packed_mp_veh_mod_idx_12_v409
631890683,m_cl_clo_h2m_s_2_0_t8_v1
632101831,f_ta_tat_x6_042_t0_v0
632116030,vem_bikew_33_t19_v4
632150361,f_cl_clo_l2f_dec_25_t100_v0
632165550,packed_mp_veh_livery2_0_v309
632540354,vem_supermod_20_22_t61_v3
632548403,packed_mp_veh_mod_idx_s_11_v221
632552294,packed_mp_veh_wheel_type_0_v178
632744809,m_cl_clo_smm_u_6_5_t11_v1
632805929,packed_mp_veh_mod_idx_s_9_v159
632825616,vem_cmod_tyr_7_t18_v10
632876564,packed_mp_veh_mod_idx_s_18_v241
632884114,m_cl_clo_bhm_decl_30_t100_v0
632905492,f_cl_clo_busf_f_0_0_t6_v1
632915285,packed_mp_veh_mod_idx_6_v287
633086533,f_cl_clo_trf_u_9_3_t11_v1
633139023,vem_cmod_pla_0_t23_v6
633173527,vem_smod4_whlv112_t66_v1
633220866,m_cl_clo_vwm_u_2_24_t11_v1
633244366,vem_smod2_whlv83_t66_v3
633275593,m_cl_clo_sbm_b_10_14_t1_v1
633276406,m_cl_clo_awm_ph_1_0_t14_v1
633320611,vem_colour_extra_1_mct_classic_black_t24_v4
633346270,m_cl_clo_awm_decl_1_t100_v0
633705346,vem_engine_4_t5_v32
633724772,vem_horn_luxe3_t10_v31
633725553,m_cl_outfit_clo_h2m_o_g_6_t12_v0
633948706,packed_mp_veh_mod_idx_s_10_v205
633984126,packed_mp_veh_mod_idx_s_12_v296
633989851,packed_ng_vehicle_insurance_v334
634016384,vem_colour_1_mct_metallic_blue_t24_v0
634034996,packed_mp_veh_mod_idx_s_8_v273
634051850,vem_supermod_18_14_t59_v3
634105253,vem_supermod_10_10_t51_v10
634129495,mp_stat_dbase_owned_v0
634158984,f_cl_clo_suf_u_0_18_t11_v1
634206291,packed_mp_veh_plate_id_v207
634226566,vem_colour_extra_1_mct_matte_light_grey_t24_v2
634301001,packed_ng_vehicle_bpt_v156
634343105,packed_mp_veh_mod_idx_s_12_v75
634349257,f_ta_tat_sb_027_t0_v0
634371432,f_cl_clo_awf_f_0_10_t6_v1
634375935,service_spend_rename_organization
634442364,vem_smod2_whl16_t19_v3
634451326,packed_mp_veh_mod_idx_5_v402
634475823,packed_mp_veh_plate_id_v5
634498916,vem_colour_extra_1_mct_pearlescent_graphite_t24_v0
634602292,vem_cmod_pla_3_t23_v6
634609379,packed_mp_veh_mod_idx_s_15_v382
634690319,f_cl_clo_smf_u_2_12_t11_v1
634791693,f_cl_clo_x6f_u_26_8_t11_v1
634800958,fcclub_name_7_t0_v0
634822141,packed_mp_veh_mod_idx_10_v153
634828670,f_ta_tat_bi_027_t0_v0
635047524,m_cl_clo_smm_b_3_20_t1_v1
635063973,f_cl_clo_hstf_t_3_12_t7_v1
635083491,mp_stat_mpsv_model_119
635093945,packed_mp_veh_mod_idx_s_7_v176
635124002,f_cl_clo_h4f_t_8_2_t7_v1
635172250,f_cl_u_fmf_14_3_t11_v0
635316695,packed_mp_veh_mod_idx_s_20_v90
635338262,f_cl_outfit_clo_ief_o_5_t12_v0
635368259,mp_stat_arcade_mac_9
635371985,vem_livery_6_n1_t26_v3
635392987,packed_mp_veh_mod_var_1_v41
635445527,candc_hacker_dec_3_t0_v0
635448799,packed_mp_veh_mod_idx_s_21_v130
635455624,vem_colour_2_mct_classic_bright_purple_t25_v0
635500370,m_cl_clo_indm_u_2_1_t8_v1
635546347,packed_mp_veh_livery_0_v338
635559007,vem_roof_1_t12_v27
635566666,packed_mp_veh_mod_idx_23_v371
635613109,packed_ng_vehicle_neon_v266
635613487,packed_mp_veh_mod_idx_6_v41
635656048,packed_mp_veh_colour_extra1_0_v343
635664918,vem_supermod_8_0_t49_v26
635733977,packed_mp_veh_mod_idx_11_v302
635785126,f_cl_clo_h3f_o_ff_7_t3_v12
635792215,vem_truck_tint_7_t0_v0
635908815,vem_colour_1_mct_metallic_lava_red_t24_v0
635990378,m_cl_clo_h4m_pey_3_6_t14_v1
636194254,f_cl_clo_ief_u_7_11_t11_v1
636196472,autoshop_qtr_0_t0_v0
636197086,m_cl_clo_hp_d_10_t100_v0
636338231,f_cl_clo_x6f_u_1_2_t11_v1
636477904,vem_insurance_vortex
636590051,h4_sub_heli_colour
636806168,pr_pm_modshop_15_t89_v0
636826571,packed_mp_veh_mod_idx_12_v298
636830151,m_cl_g_fmm_2_3_t14_v0
636898545,vem_supermod_3_40_t44_v11
636935455,packed_mp_veh_mod_idx_22_v389
636968685,m_cl_clo_pim_d_1_t11_v1
636989880,f_cl_clo_x6f_f_14_6_t6_v1
637006903,packed_ng_vehicle_neon_v173
637011343,m_ha_brd_hp_7_t1_v1
637102884,vem_horn_cnote_e0_t10_v3
637162450,f_cl_clo_grf_u_17_5_t11_v1
637217718,m_cl_clo_bhm_decl_31_t11_v1
637392339,m_cl_clo_bhm_f_1_2_t6_v1
637457938,ve_brickade_t1_v0
637578992,wp_wct_tint_25_t2_v5_n2
637598011,vem_colour_extra_1_mct_metallic_flur_yellow_t24_v4
637656120,vem_hiend_05_t19_v3
637673507,packed_mp_veh_colour_extra1_0_v251
637740543,packed_mp_veh_mod_idx_s_14_v232
637741997,f_ta_tat_h27_007_t0_v0
637773811,vem_drft_08_t19_v12
637883365,packed_mp_veh_mod_idx_s_3_v217
637952405,packed_mp_veh_colour1_0_v305
637966783,packed_mp_veh_mod_idx_22_v19
638000104,packed_mp_veh_mod_idx_23_v6
638212209,packed_mp_veh_colour_extra2_0_v37
638273203,vem_armour_0_t1_v39
638273635,packed_ng_vehicle_bpt_v1
638350555,packed_mp_veh_mod_idx_s_19_v334
638560732,packed_mp_veh_mod_idx_s_1_v390
638731475,m_cl_clo_scm_d_10_0_t10_v1
638735095,m_cl_clo_s2m_d_23_t11_v1
638758951,packed_mp_veh_mod_idx_s_8_v75
638764671,f_cl_clo_x6f_f_5_14_t6_v1
638893015,m_cl_clo_l2m_e_22_0_t14_v1
638921170,packed_ng_vehicle_bpt_v103
638940602,vem_smod4_whlv84_t66_v2
638953897,m_cl_clo_x6m_ph_10_6_t14_v1
639060199,vem_horn_hween2_t10_v38
639063038,packed_mp_veh_primary_colour_group_v243
639154421,f_cl_clo_smf_b_5_8_t1_v1
639187739,packed_mp_veh_mod_idx_s_21_v201
639197627,packed_mp_veh_mod_idx_s_6_v386
639231583,packed_mp_veh_mod_idx_s_3_v126
639276152,packed_mp_veh_mod_idx_18_v391
639317240,vem_supermod_6_2_t47_v6
639419734,m_cl_outfit_clo_s2m_o_6_t12_v0
639468229,f_cl_clo_suf_u_18_18_t11_v1
639472094,vem_bikew_05_t19_v4
639519881,f_cl_clo_grf_u_12_19_t11_v1
639571515,wp_wm_tint6_t2_v95
639611124,f_cl_ht_fmf_13_7_t14_v0
639677146,vem_colour_1_mct_metallic_stone_silver_t24_v0
639708522,packed_ng_vehicle_bpt_v174
639743953,packed_mp_veh_mod_idx_s_23_v384
639747092,packed_mp_veh_mod_idx_s_15_v99
639750928,f_cl_clo_bif_u_17_2_t11_v1
639752876,m_cl_clo_exm_decl_3_t11_v1
639767217,packed_mp_veh_mod_var_0_v172
640000211,packed_mp_veh_mod_idx_10_v139
640106421,f_cl_outfit_clo_h4f_o_s1_f3_t12_v0
640121661,packed_mp_veh_mod_idx_s_11_v353
640147631,m_cl_clo_vwm_u_9_4_t11_v1
640153366,packed_mp_veh_mod_idx_s_0_v311
640304776,packed_mp_veh_mod_idx_s_10_v240
640353042,m_cl_clo_x2m_u_1_2_t11_v1
640447476,packed_mp_veh_mod_idx_s_11_v205
640458694,m_cl_clo_h3m_u_12_0_t11_v1
640527161,vem_colour_1_mct_metallic_blaze_red_t24_v0
640534672,f_cl_clo_h2f_b_8_12_t1_v1
640578626,packed_mp_veh_mod_idx_6_v330
640599658,f_cl_outfit_clo_l2f_o_7_t12_v0
640747116,m_cl_clo_sum_u_0_6_t11_v1
640786430,pr_pm_modshop_1_t0_v0
640863201,f_cl_clo_vwf_pw_7_3_t14_v1
640997374,mp_stat_ie_wh_owned_vehicle_24_v0
640999111,packed_mp_veh_mod_idx_16_v151
641004644,m_cl_clo_exm_g_3_8_t14_v0
641095876,packed_mp_veh_mod_idx_13_v94
641276631,m_cl_clo_bhm_u_2_10_t11_v1
641312154,vem_supermod_20_3_t61_v3
641377343,mp_stat_mpsv_model_199
641378445,wp_wct_tint_19_t2_v13_n2
641427620,vem_smod5_whlv22_t66_v3
641572512,packed_mp_veh_mod_idx_18_v252
641888516,f_cl_clo_sbf_u_20_2_t11_v1
642103520,f_cl_outfit_clo_h2f_o_s_11_t12_v0
642103836,f_ha_cc_mkup_16_t5_v0
642259502,vem_chassis_2_t4_v34
642341404,vem_spoiler_16_t14_v1
642442108,mp_stat_mpsv_model_250
642548264,vem_chassis_0_t4_v32
642609510,vem_skirt_13_t13_v3
642802392,f_cl_clo_h3f_u_3_7_t11_v1
642830186,vem_cmod_hrn_mus5_t10_v34
643014370,packed_mp_veh_mod_idx_s_4_v105
643030824,nclu_index_10_t0_v0
643035791,m_cl_clo_bim_u_12_3_t11_v1
643059742,packed_mp_veh_mod_idx_s_10_v129
643169649,packed_mp_veh_mod_idx_s_17_v268
643391559,f_cl_clo_bif_u_4_0_t11_v1
643408108,packed_mp_veh_mod_idx_22_v285
643426485,f_ta_tat_sb_054_t0_v0
643526639,vem_hood_8_t9_v7
643579190,vem_supermod_8_14_t49_v6
643588281,packed_mp_veh_mod_idx_s_2_v389
643598727,packed_mp_veh_mod_idx_s_17_v354
643636297,packed_mp_veh_colour_extra1_0_v292
643676329,vem_drft_11_t19_v12
643741776,vem_supermod_63_3_t63_v7
643748610,m_cl_clo_iem_u_6_11_t11_v1
643783964,vem_supermod_3_35_t44_v3
643805141,packed_mp_veh_secondary_colour_group_v388
644035864,vem_supermod_49_12_t49_v7
644074552,mt_snk_item1_t0_v3
644090303,packed_mp_veh_mod_idx_s_4_v153
644156439,packed_mp_veh_mod_idx_s_1_v323
644249249,packed_mp_veh_mod_var_1_v179
644324669,ve_boxville5_t1_v3
644386873,vem_supermod_1_0_t42_v26
644414581,vem_colour_extra_1_mct_pearlescent_blaze_red_t24_v0
644422471,m_cl_clo_valm_s_1_2_t8_v1
644473994,vem_smod4_whlv80_t66_v2
644532638,vem_colour_1_mct_metallic_sandy_brown_t24_v3
644598089,packed_mp_veh_mod_idx_s_21_v54
644651958,vem_colour_extra_1_mct_metallic_candy_red_t24_v1
644684442,vem_supermod_14_0_t55_v39
644806655,packed_mp_veh_mod_idx_6_v363
644815126,f_cl_clo_suf_decl_6_t100_v0
644941178,f_cl_clo_h3f_decl_11_t11_v1
645051397,packed_mp_veh_mod_idx_2_v288
645116373,f_cl_clo_x6f_ph_1_16_t14_v1
645156097,f_cl_clo_stf_u_6_4_t11_v1
645214896,m_cl_clo_hstmb_22_17_t1_v1
645221892,packed_mp_veh_mod_idx_s_2_v284
645224256,m_cl_clo_bim_pe_1_6_t14_v1
645264205,packed_mp_veh_mod_idx_s_1_v114
645293860,service_earn_tuner_award_military_convoy
645298214,vem_cmod_col5_28_t29_v3
645341334,f_cl_clo_h2f_b_3_22_t1_v1
645381351,vem_smod_whlv128_t66_v3
645398224,packed_ng_vehicle_insurance_v15
645432285,m_cl_clo_vwm_u_9_8_t11_v1
645483684,wp_wct_camo_4_t1_v47_n2
645504735,vem_smod4_whlv15_t66_v0
645530458,packed_mp_veh_mod_idx_s_2_v140
645567313,packed_mp_veh_mod_idx_s_14_v45
645622757,m_cl_clo_exm_ob_5_t3_v12
645672296,pr_mp_prop_clubh3_t0_v0
645688364,f_cl_clo_h3f_decl_22_t100_v0
645708827,service_earn_refund_boat_pickup
645744658,f_cl_ht_fmf_14_5_t14_v0
645747557,packed_mp_veh_mod_idx_s_17_v157
645756542,m_cl_clo_h4m_s_1_5_t8_v1
645759167,packed_mp_veh_mod_idx_s_9_v315
645846306,packed_mp_veh_mod_idx_23_v200
645924432,packed_mp_veh_mod_idx_6_v131
645968270,vem_smod4_whlv199_t66_v3
646262234,packed_mp_veh_mod_idx_s_3_v95
646268787,vem_cmod_hrn_mus3_t10_v39
646313790,packed_mp_veh_mod_var_0_v251
646379612,vem_supermod_13_9_t54_v3
646487959,packed_mp_veh_mod_idx_s_7_v72
646735322,wp_wct_supp_t1_v23
646751722,packed_mp_veh_mod_idx_s_13_v339
646765069,packed_ng_vehicle_smoke_v388
646850616,vem_colour_2_mct_classic_creek_brown_t25_v2
646995933,packed_mp_veh_mod_idx_4_v205
646997311,vem_cmod_neoncol_2_t21_v5
647020132,f_ta_tat_gr_010_t0_v0
647027310,vem_colour_1_mct_matte_grey_t24_v1
647042841,wp_wt_revolver2_t1_v70
647230370,m_cl_u_fmm_0_1_t8_v0
647249259,f_cl_outfit_clo_ief_o_8_t12_v0
647319768,f_cl_clo_h2f_b_3_10_t1_v1
647428996,vem_offr_07_t19_v0
647442531,f_cl_clo_scf_u_4_5_t11_v1
647443175,vem_suspension_5_t15_v6
647450721,packed_mp_veh_secondary_colour_group_v234
647502740,packed_mp_int_armory_aircraft_wea_shop_v0
647544441,vem_colour_1_mct_matte_dark_red_t24_v3
647608168,vem_cmod_neoncol_2_t21_v10
647682372,vem_bikew_11_t19_v4
647774204,packed_mp_veh_mod_idx_24_v338
647817125,vem_colour_1_mct_metallic_flur_yellow_t24_v1
647835254,vem_colour_extra_1_mct_metals_gold_s_t24_v0
647881869,m_cl_clo_bhm_decl_1_t11_v1
648009058,m_cl_clo_x6m_f_6_13_t6_v1
648265247,vem_colour_1_mct_classic_creek_brown_t24_v0
648266340,packed_mp_veh_mod_idx_9_v17
648285920,fcclub_dj3_0_t0_v0
648434611,packed_mp_veh_mod_idx_s_17_v155
648470014,packed_mp_veh_mod_idx_s_21_v321
648518116,m_cl_clo_scm_u_0_7_t11_v1
648526553,f_cl_clo_vwf_f_1_1_t6_v1
648600272,vem_bikew_21_t19_v3
648673364,vem_colour_extra_1_mct_matte_midnight_blue_t24_v0
648756736,packed_mp_veh_mod_var_1_v201
648767925,ve_wastelander_t0_v3
649059504,f_ta_tat_bi_031_t0_v0_cesp
649226749,packed_mp_veh_mod_idx_14_v221
649267625,vem_hiend_01_t19_v2
649335632,vem_smod_whlv154_t66_v0
649363814,f_cl_clo_stf_u_3_6_t11_v1
649409518,vem_rwd_drft_08_t19_v3
649524204,f_cl_clo_h3f_b_14_3_t1_v1
649541362,vem_suv_07_t19_v0
649606808,packed_mp_veh_livery_0_v124
649629277,packed_mp_veh_mod_idx_s_4_v248
649646426,packed_mp_veh_mod_idx_9_v79
649745863,packed_mp_veh_mod_idx_s_12_v21
649751591,f_cl_clo_sbf_u_18_6_t11_v1
649797165,wp_wct_c_tint_9_t2_v46_n2
649822852,packed_mp_veh_mod_idx_s_18_v340
649857263,vem_fender_r_2_n1_t37_v1
649962605,packed_mp_veh_mod_var_0_v30
650025226,vem_supermod_23_15_t64_v28
650032058,packed_mp_veh_mod_idx_2_v53
650039440,wp_wct_tint_5_t2_v1_n2
650186162,packed_mp_veh_livery2_0_v245
650335956,vem_colour_2_mct_metallic_lime_green_t25_v3
650336329,f_cl_clo_apf_u_1_4_t11_v1
650370159,vem_smod4_whlv1_t66_v2
650433322,vem_supermod_0_7_t41_v7
650435231,vem_insurance_jubilee
650483522,vem_hood_11_t9_v27
650594452,packed_mp_veh_mod_idx_s_21_v60
650661372,f_cl_clo_smf_b_6_8_t1_v1
650665123,service_spend_telescope
650680208,wp_wct_tint_16_t2_v13_n2
650694411,vem_colour_extra_1_mct_metallic_racing_green_t24_v0
650735084,f_cl_clo_smf_b_2_18_t1_v1
650760767,f_cl_clo_vwf_u_20_8_t11_v1
650800166,m_cl_clo_fxm_ph_1_17_t14_v1
650819715,f_cl_clo_scf_u_4_13_t11_v1
650843369,packed_mp_veh_colour1_0_v53
650907941,vem_chassis_4_t4_v26
651051560,m_cl_clo_awm_ph_1_14_t14_v1
651155112,pr_pm_font_13_t1_v0
651208274,f_cl_u_fmf_0_9_t11_v0
651299935,vem_supermod_10_6_t51_v38
651303075,fixer_hq_wal_1_t0_v0
651318010,vem_colour_2_mct_matte_midnight_blue_t25_v0
651380312,vem_supermod_18_0_t59_v36
651477412,m_ha_clo_s1m_h_1_0_t0_v1
651604451,m_cl_outfit_clo_awm_o_h_3_t12_v0
651670975,packed_mp_veh_mod_idx_2_v253
651681418,mp_stat_mpsv_model_228
651700881,packed_mp_veh_mod_idx_13_v138
651723270,m_cl_clo_stm_u_7_7_t11_v1
651750839,vem_skirt_1_t13_v38
651755414,wp_wct_clip2_t1_v7
651843300,packed_mp_veh_primary_colour_group_v255
651846749,packed_mp_veh_mod_idx_s_6_v375
651880860,f_cl_clo_scf_ey_1_9_t14_v1
652005887,vem_colour_2_mct_metallic_purple_t25_v3
652016435,f_cl_clo_h2f_b_3_6_t1_v1
652019002,wp_wct_clip_inc_t0_v70_n2
652128726,packed_mp_veh_mod_idx_s_5_v61
652185312,packed_mp_veh_mod_idx_s_9_v406
652194426,f_cl_clo_bhf_l_3_6_t4_v1
652304713,vem_colour_1_mct_metallic_woodbeech_brown_t24_v33
652372283,f_ha_cc_eyebrw_4_t2_v0
652555495,packed_mp_veh_mod_idx_s_22_v356
652576496,f_cl_clo_fxf_u_6_6_t11_v1
652609511,wp_wct_camo_10_t1_v5_n2
652617334,vem_hood_5_t9_v6
652678996,m_cl_clo_trm_u_7_8_t11_v1
652679503,packed_mp_veh_mod_idx_7_v288
652818502,packed_mp_veh_mod_idx_2_v270
652910959,vem_insurance_vagner
652975592,f_cl_clo_val_decl_g_t11_v1
652982194,packed_mp_veh_secondary_colour_group_v344
653082252,packed_mp_veh_mod_var_1_v205
653157534,mp_stat_mpsv_model_28
653195381,vem_smod2_whlv188_t66_v3
653302890,vem_rwd_hiend_01_t19_v1
653305296,dec_vw_aw_ss_43b
653333982,packed_mp_veh_mod_idx_10_v141
653424382,f_cl_clo_h3f_s_1_0_t8_v1
653516573,m_cl_clo_lxm_f_1_0_t6_v1
653553470,f_cl_clo_bus_p_0_8_t14_v1
653684113,m_cl_clo_h3m_b_4_0_t1_v1
653691340,packed_mp_veh_mod_idx_s_8_v376
653781920,packed_mp_veh_mod_idx_14_v234
653808926,m_cl_clo_grm_b_1_12_t1_v1
653963716,m_cl_clo_busm_g1_0_t14_v1
653973027,f_cl_clo_vwf_u_2_6_t11_v1
654191205,vem_supermod_51_19_t51_v7
654195622,f_cl_clo_h3f_b_9_16_t1_v1
654304132,packed_mp_veh_colour1_0_v307
654469573,m_ha_clo_s1m_h_2_0_t0_v0
654527817,f_cl_clo_hp_f_l_2_15_t4_v1
654585904,vem_horn_hween1_t10_v10
654611218,vem_skirt_2_t13_v0
654656829,packed_ng_vehicle_neon_v387
654664887,packed_mp_veh_primary_colour_group_v29
654713174,vem_colour_extra_1_mct_metallic_formula_red_t24_v3
655016411,packed_mp_veh_mod_idx_s_8_v91
655057032,packed_mp_veh_mod_idx_15_v73
655117296,f_ta_tat_st_023_t0_v0
655178629,packed_lr_vehicle_colour_6_v226
655195456,packed_mp_veh_mod_var_1_v310
655312240,m_cl_clo_h4m_o_l2_m4_t3_v12
655365119,f_cl_clo_h3f_decl_12_t100_v0
655377781,f_cl_clo_l2f_dec_15_t11_v1
655379076,packed_mp_veh_colour_extra1_0_v136
655481459,packed_mp_veh_primary_colour_group_v207
655606609,vem_cmod_col5_24_t29_v1
655613587,packed_mp_veh_mod_idx_13_v221
655644273,vem_yacht_mod_5_v0
655668761,vem_supermod_14_5_t55_v10
655717939,wp_wm_tint1_t2_v72
655748760,packed_mp_veh_mod_idx_s_19_v102
655776732,packed_mp_veh_primary_colour_group_v218
655812626,m_cl_t_fmm_10_1_t7_v0
655966348,packed_mp_veh_mod_idx_s_14_v286
656007337,pr_pm_gnumber_6_t0_v0
656221811,packed_mp_veh_mod_idx_s_21_v240
656345602,packed_mp_veh_mod_idx_s_9_v328
656362416,f_cl_clo_h4f_decl_45_t100_v0
656378679,f_cl_clo_x6f_l_0_21_t4_v1
656422341,packed_mp_veh_mod_idx_s_5_v73
656446383,packed_mp_veh_mod_idx_s_16_v140
656531738,packed_mp_veh_mod_idx_11_v204
656537668,packed_mp_veh_mod_idx_9_v120
656629103,m_cl_clo_grm_u_15_8_t11_v1
656667794,f_cl_clo_h2f_s_9_10_t8_v1
656759660,packed_mp_veh_mod_idx_s_16_v246
656917213,vem_supermod_3_18_t44_v3
656924892,vem_trans_3_t16_v29
656954461,m_cl_clo_trm_u_15_12_t11_v1
657054168,packed_mp_veh_mod_idx_s_15_v35
657166796,f_cl_clo_exf_g_24_9_t14_v1
657189190,packed_lr_vehicle_colour_5_v200
657241867,casino_chips_v0
657282962,m_ha_cc_lipstick_8_t8_v0
657343765,packed_mp_veh_mod_idx_s_15_v65
657456682,packed_ng_vehicle_smoke_v288
657457783,dbase_index_5_t0_v0
657505400,f_cl_clo_bif_s_17_6_t8_v1
657527424,packed_mp_veh_mod_idx_s_0_v268
657591091,packed_mp_veh_colour_extra2_0_v255
657669824,packed_mp_veh_mod_idx_7_v60
657680891,vem_supermod_19_0_t60_v33
657789373,f_cl_clo_bbf_p0_1_t14_v1
657803282,vem_suv_18_t19_v12
657888296,f_cl_clo_hstf_s_6_7_t8_v2
658080207,m_cl_clo_busm_s_1_7_t8_v2
658290000,packed_mp_veh_window_tint_0_v344
658293739,vem_colour_extra_1_mct_classic_lime_green_t24_v1
658306033,packed_ng_vehicle_neon_v111
658312253,m_cl_clo_hp_l_0_9_t4_v1
658337950,packed_mp_veh_colour2_0_v238
658370660,packed_mp_veh_plate_id_v57
658394667,packed_mp_veh_mod_idx_s_22_v116
658400071,packed_mp_veh_mod_idx_15_v159
658400682,m_cl_clo_fxm_l_4_14_t4_v1
658431703,packed_mp_veh_mod_idx_3_v238
658752706,packed_mp_veh_mod_idx_s_5_v341
658813201,m_cl_clo_x6m_u_22_17_t11_v1
658863782,m_cl_clo_bus_p_0_12_t14_v1
658868930,f_cl_clo_h2f_o_c_10_t8_v12
658945806,f_cl_clo_hstf_u_3_1_t100_v0
658988484,fcncl_mod6_0_t0_v0
659157495,m_cl_clo_x6m_f_5_1_t6_v1
659159332,packed_ng_vehicle_neon_v55
659179111,vem_supermod_12_17_t53_v3
659273647,packed_mp_veh_mod_idx_10_v268
659289328,packed_mp_veh_mod_idx_s_19_v170
659312810,m_cl_clo_x6m_f_14_6_t6_v1
659333220,vem_supermod_23_25_n1_t64_v34
659359506,m_cl_clo_arm_o_2_t11_v12
659503108,vem_colour_2_mct_classic_moss_brown_t25_v2
659506653,vem_mwt_supermod4_t11_v0
659660490,vem_cmod_neonlay_4_t21_v6
659706711,packed_mp_veh_mod_idx_1_v99
659777167,packed_mp_veh_mod_idx_0_v264
659782406,packed_mp_veh_colour_extra2_0_v285
659790173,m_cl_clo_x17m_u_4_9_t11_v1
659988708,f_cl_clo_hstf_u_16_4_t11_v1
659995584,m_cl_outfit_clo_stm_o_18_t12_v0_cesp
660073360,packed_mp_veh_mod_idx_16_v276
660090801,f_cl_clo_h2f_b_1117_t1_v1
660128783,packed_mp_veh_mod_idx_23_v97
660411942,packed_mp_veh_mod_var_1_v116
660423960,m_cl_clo_x6m_u_20_12_t11_v1
660425783,vem_colour_extra_1_mct_pearlescent_chocolate_brown_t24_v1
660543436,packed_ng_vehicle_neon_kit_v363
660551744,f_cl_clo_bhf_u_9_3_t11_v1
660629127,mp_stat_mpsv_model_284
660631185,vem_horn_clas2_t10_v31
660810575,packed_mp_veh_mod_idx_12_v272
660819322,packed_mp_veh_mod_idx_2_v122
660852690,packed_mp_veh_mod_idx_1_v40
661097047,packed_mp_veh_mod_idx_7_v391
661145412,f_cl_clo_h2f_u_6_20_t11_v1
661219439,vem_rwd_spt_13_t19_v0
661271633,m_cl_clo_bhm_f_1_21_t6_v1
661358948,multistorey_garage_tint_2_v1
661374850,m_cl_clo_x6m_rw_2_8_t14_v1
661378067,f_cl_clo_awf_decl_122_t100_v0
661379002,packed_mp_veh_mod_idx_s_17_v178
661421068,vem_supermod_6_3_t47_v7
661688214,m_cl_clo_fxm_u_4_8_t11_v1
661705923,f_cl_clo_stf_o_14_t8_v12
661724223,wp_wm_tint6_t2_v66
661725493,wp_wm_tint7_t2_v9
661751480,vem_exhaust_2_t6_v1
661859676,m_cl_clo_smm_b_7_2_t1_v1
661885289,m_cl_clo_valm_u_2_2_t8_v1
661898210,packed_mp_veh_mod_idx_s_20_v216
661977559,f_cl_clo_awf_decl_103_t100_v0
661978151,packed_mp_veh_mod_idx_s_21_v383
662052951,m_cl_clo_bim_pw_2_0_t14_v1
662061217,packed_mp_veh_mod_idx_s_22_v387
662063508,vem_supermod_3_22_t44_v10
662097230,packed_mp_veh_mod_idx_s_6_v357
662168617,packed_mp_veh_mod_var_1_v384
662193389,packed_mp_veh_mod_idx_s_5_v19
662199454,packed_ng_vehicle_bpt_v391
662339089,packed_mp_veh_mod_idx_s_5_v209
662413930,m_cl_clo_fxm_l_4_0_t4_v1
662441110,f_cl_clo_sbf_u_0_14_t11_v1
662508996,packed_mp_veh_mod_idx_s_10_v319
662637292,f_cl_t_fmf_3_5_t7_v0
662727401,vem_colour_2_mct_metallic_bright_purple_t25_v0
662731377,vem_cmod_neoncol_8_t21_v0
662745694,m_cl_clo_s2m_u_0_3_t11_v1
662811500,packed_mp_veh_secondary_colour_group_v45
662854563,m_cl_clo_bhm_u_7_1_t11_v1
662883148,f_cl_f_fmf_6_0_t6_v0
662952757,vem_exhaust_7_t6_v0
662973318,m_cl_outfit_clo_hstm_o_m_0_t12_v0
663055374,packed_mp_veh_mod_idx_s_3_v130
663145565,vem_cmod_col5_16_t29_v4
663259728,f_ta_tat_hp_038_t0_v0
663356484,vem_rwd_spt_02_t19_v2
663394730,packed_mp_veh_mod_idx_7_v272
663402046,vem_colour_1_mct_metallic_galaxy_blue_t24_v33
663574796,vem_supermod_8_16_t49_v26
663715494,vem_supermod_23_25_t64_v3
663841327,packed_mp_veh_mod_idx_s_19_v113
663842377,m_cl_clo_grm_u_15_15_t11_v1
663858466,vem_smod_whlv2_t66_v3
663917045,vem_smod4_whlv131_t66_v1
663935641,wp_wct_clip_fmj_t0_v5_n2
663943802,vem_colour_extra_1_mct_pearlescent_black_t24_v1
664025196,f_cl_clo_awf_f_0_5_t6_v1
664118342,wp_wm_tint3_t2_v13
664130275,f_cl_clo_x6f_f_0_8_t6_v1
664137143,f_cl_l_fmf_4_2_t4_v0
664185452,f_cl_clo_bbf_002_t4_v1
664284230,f_cl_clo_stf_o_5_t3_v12_cesp
664307905,wp_wm_tint7_t2_v12
664402031,packed_mp_veh_mod_idx_23_v152
664431218,f_cl_clo_h2f_o_g_9_t8_v12
664523369,vem_colour_2_mct_classic_bison_brown_t25_v4
664550659,m_cl_l_fmm_7_7_t4_v0
664734931,m_cl_clo_awm_decl_50_t100_v0
664758985,vem_supermod_8_13_t49_v11
664784860,vem_rwd_loride_11_t19_v1
664804338,m_cl_clo_sum_u_4_7_t11_v1
664846919,f_cl_clo_vwf_u_19_10_t11_v1
664883195,packed_mp_veh_mod_idx_s_6_v331
664904064,f_cl_clo_fxf_ph_0_9_t14_v1
664905480,packed_mp_veh_mod_idx_22_v164
665081202,m_cl_clo_awm_u_9_22_t11_v1
665094163,packed_mp_veh_mod_idx_11_v95
665109499,service_spend_order_bodyguard_vehicle
665135368,m_cl_clo_x4m_u_11_15_t11_v1
665212254,packed_mp_veh_mod_idx_24_v142
665281044,wp_wct_clip1_t1_v1
665294116,m_cl_clo_awm_l_5_5_t4_v1
665318153,f_cl_clo_exf_au_20_0_t11_v1
665326023,f_cl_clo_stf_o_14_t3_v12
665361479,vem_smod3_whlv85_t66_v3
665530203,packed_mp_veh_mod_idx_s_11_v117
665573603,vem_smod2_whl1_t19_v12
665599562,packed_mp_veh_mod_var_1_v259
665641165,packed_mp_veh_colour_extra1_0_v184
665807025,vem_suspension_0_t15_v7
665885357,m_cl_clo_h4m_s_2_12_t8_v1
666176827,f_cl_clo_sbf_u_17_16_t11_v1
666192047,packed_mp_veh_mod_idx_s_4_v84
666259832,vem_supermod_7_9_t48_v3
666320877,f_cl_clo_x6f_ph_0_22_t14_v1
666347770,f_cl_clo_x6f_ey_011_t14_v1
666384956,vem_horn_hips2_t10_v32
666411815,packed_mp_veh_mod_idx_12_v59
666492926,m_cl_clo_grm_decl_10_t100_v0
666718420,packed_mp_veh_mod_idx_0_v119
666828531,f_cl_clo_lxf_e_4_0_t14_v1
666859571,vem_smod3_whlv75_t66_v3
666876863,vem_colour_extra_1_mct_metallic_harbor_blue_t24_v4
666882229,packed_mp_veh_mod_idx_s_18_v47
666993383,f_cl_clo_suf_u_18_11_t11_v1
667146813,vem_suv_12_t19_v12
667189205,vem_colour_extra_1_mct_classic_bright_orange_t24_v3
667327793,packed_mp_veh_mod_idx_10_v193
667472566,packed_mp_veh_mod_idx_4_v165
667590241,m_cl_clo_x6m_ph_5_1_t14_v1
667626234,vem_smod2_whlv99_t66_v3
667646121,packed_mp_veh_mod_idx_s_11_v369
667752280,packed_mp_veh_mod_idx_s_16_v129
667815071,vem_musc_05_t19_v12
667852239,f_cl_clo_awf_o_c_3_t8_v12
667952400,packed_mp_veh_mod_idx_s_10_v401
667956759,pr_mp_prop_6_t0_v0
667963245,vem_colour_6_white_t65_v3
667987508,vem_rwd_offr_09_t19_v12
668053840,f_cl_clo_suf_u_18_20_t11_v1
668166395,vem_rwd_loride_15_t19_v1
668174681,m_cl_clo_fxm_l_3_14_t4_v1
668186285,packed_mp_veh_mod_idx_11_v47
668192373,f_cl_clo_hstf_l_5_3_t4_v1
668194714,vem_supermod_5_4_t46_v3
668241230,m_cl_clo_vwm_u_2_2_t11_v1
668267622,vem_supermod_20_11_t61_v28
668358497,packed_mp_veh_mod_idx_s_18_v192
668380341,kosatk_fla_1_t0_v0
668393314,vem_smod4_whlv102_t66_v0
668432491,packed_mp_veh_secondary_colour_group_v167
668451076,f_cl_clo_bif_decl_34_t11_v1
668531188,packed_mp_veh_mod_idx_s_11_v318
668566810,f_ha_cc_blush_12_t5_v0
668586600,service_earn_juggalo_story_mission_participation
668645212,packed_mp_veh_secondary_colour_group_v364
668651468,packed_mp_veh_mod_idx_3_v176
668732358,f_cl_clo_awf_u_1_8_t11_v1
668739414,packed_mp_veh_mod_idx_s_23_v323
668819275,packed_mp_veh_mod_idx_s_21_v335
668860239,vem_chassis_14_t4_v35
668860270,m_cl_clo_lxm_dec_6_t100_v0
668909563,f_ta_tat_fx_016_t0_v0
668965184,vem_cmod_neoncol_10_t21_v31
669182456,f_cl_clo_ltsfl_0_2_t4_v1
669373932,m_cl_clo_h4m_plw_0_0_t14_v1
669469993,f_cl_clo_hstf_b_5_1_t1_v1
669495123,f_cl_clo_fxf_ph_0_8_t14_v1
669567346,packed_mp_veh_livery2_0_v115
669581383,m_cl_clo_h3m_ph_6_7_t14_v1
669585004,vem_supermod_46_18_t46_v7
669638100,f_cl_clo_fxf_u_9_24_t11_v1
669783574,f_cl_clo_x6f_l_0_10_t4_v1
669804992,f_cl_clo_grf_u_19_12_t11_v1
669808391,f_cl_he_fmf_18_5_t14_v0
669812528,vem_supermod_53_9_t53_v7
669948263,packed_mp_veh_mod_idx_s_17_v399
670015764,m_cl_clo_iem_l_0_3_t4_v1
670039247,packed_mp_veh_mod_idx_23_v112
670048727,packed_mp_veh_mod_idx_16_v387
670091561,f_cl_clo_x6f_f_10_6_t6_v1
670121946,m_cl_clo_hstm_o_b_1_t8_v12
670138818,packed_mp_veh_mod_idx_s_19_v241
670156785,vem_colour_extra_1_mct_classic_sienna_brown_t24_v0
670164206,f_cl_clo_awf_u_10_9_t11_v1
670175112,f_cl_clo_trf_b_4_0_t1_v1
670192316,packed_mp_veh_colour_extra1_0_v209
670218186,packed_mp_veh_mod_idx_s_23_v74
670249516,vem_sub_heli_c_14
670305514,m_cl_outfit_clo_stm_o_e_4_t12_v0
670324414,f_cl_clo_h3f_o_clb_2_t8_v12
670351456,packed_mp_veh_mod_idx_s_17_v408
670547903,vem_colour_1_mct_metallic_diamond_blue_t24_v4
670571662,m_cl_clo_hstm_u_0_3_t11_v1
670586066,m_cl_clo_val_decl_m_t100_v0
670634237,m_cl_clo_grm_l_3_14_t4_v1
670809789,f_ha_clo_bif_h_0_0_t0_v1
670926365,f_cl_clo_x17f_b_10_2_t1_v1
670941192,m_cl_clo_scm_d_23_2_t10_v1
670978277,packed_mp_veh_mod_idx_4_v142
671047391,ve_picador_t0_v0
671051253,f_cl_clo_ief_u_2_10_t11_v1
671065897,m_cl_clo_hstm_o_g_1_t8_v12
671099339,f_cl_clo_s1f_dec_12_t100_v0
671191956,m_cl_l_fmm_15_1_t4_v0
671270270,f_cl_l_fmf_1_7_t4_v0
671308072,f_cl_outfit_clo_lxf_o_7_t12_v0
671326716,vem_skirt_19_t13_v3
671387438,dec_vw_aw_wv_77
671468524,vem_colour_extra_1_mct_pearlescent_frost_white_t24_v0
671502466,vem_supermod_23_25_t64_v34
671528797,vem_supermod_7_1_t48_v3
671538257,f_cl_clo_s2f_u_0_0_t11_v1
671822364,vem_colour_mct_none_7
671923055,packed_ng_vehicle_neon_kit_v297
671923117,m_cl_clo_grm_u_13_24_t11_v1
672025694,m_cl_clo_lxm_dec_37_t11_v1
672028222,m_cl_u_fmm_10_0_t11_v0
672052377,m_cl_clo_grm_ph_4_2_t14_v1
672079706,fcarcade_b_up3_c_5
672123624,packed_mp_veh_mod_idx_9_v229
672162322,packed_mp_veh_mod_idx_s_6_v266
672165009,packed_mp_veh_colour1_0_v217
672337428,m_ta_tat_st_000_t0_v0
672417302,f_cl_clo_fxf_u_6_5_t11_v1
672417391,m_cl_clo_smm_f_0_0_t6_v1
672433725,packed_mp_veh_mod_idx_11_v344
672528113,packed_mp_veh_mod_idx_6_v325
672591028,f_cl_clo_smf_ph_3_10_t14_v1
672601305,vem_smod5_whlv61_t66_v3
672703538,m_ta_tat_bb_019_t0_v0
672746303,vem_colour_1_mct_metallic_bright_green_t24_v1
672842516,packed_mp_veh_mod_idx_s_2_v184
672920955,vem_supermod_4_4_t45_v7
672971147,vem_insurance_dubsta
673057275,packed_mp_veh_colour_extra2_0_v243
673121358,f_cl_clo_sbf_u_14_18_t11_v1
673170499,vem_supermod_23_37_n1_t64_v33
673186797,packed_lr_vehicle_colour_5_v117
673198333,packed_mp_veh_mod_idx_s_13_v342
673269303,vem_smod_whl10_t19_v12
673550613,f_cl_outfit_clo_indf_o_2_t12_v0
673800655,vem_offr_20_t19_v2
673868578,packed_mp_veh_mod_idx_s_5_v164
673901429,m_cl_clo_trm_u_17_7_t11_v1
674035148,packed_mp_veh_mod_idx_1_v294
674142615,packed_mp_veh_mod_idx_7_v149
674193353,packed_mp_veh_colour2_0_v369
674228983,packed_mp_veh_mod_idx_s_20_v300
674280393,m_cl_outfit_clo_hstm_o_n_0_t12_v0
674286890,packed_mp_veh_mod_idx_s_14_v374
674355196,packed_mp_veh_mod_idx_9_v409
674546457,f_cl_ht_fmf_15_7_t14_v0
674739631,f_cl_clo_trf_d_8_0_t10_v1
674740208,packed_mp_veh_window_tint_0_v173
674850065,m_cl_clo_awm_decl_33_t100_v0
674921404,packed_mp_veh_mod_idx_s_19_v227
674937693,f_cl_clo_sbf_l_3_0_t4_v1
675012666,f_ta_tat_gr_030_t0_v0
675099774,f_cl_clo_h3f_o_bs_5_t8_v12
675149345,f_cl_outfit_clo_x6f_o_o_12_t12_v0
675356237,f_cl_clo_x6f_b_2_19_t1_v1
675386945,packed_mp_veh_colour_extra2_0_v124
675500067,vem_insurance_deviant
675523119,m_cl_clo_x6m_l_6_10_t4_v1
675638543,m_ta_tat_hp_013_t0_v0
675725417,vem_smod4_whlv142_t66_v2
675846637,f_cl_clo_x6f_l_8_20_t4_v1
675859697,wp_wct_clip_inc_t0_v56_n2
675931565,packed_mp_veh_mod_idx_s_6_v231
676003261,vem_turbo_0_t17_v32
676083071,f_cl_clo_grf_b_5_10_t1_v1
676100873,packed_mp_veh_secondary_colour_group_v100
676140139,packed_mp_veh_mod_idx_22_v103
676411579,vem_armour_3_t1_v11
676569693,wp_wct_tint_26_t2_v9_n2
676607699,vem_supermod_18_7_t59_v26
676687251,vem_colour_extra_1_mct_classic_midnight_blue_t24_v1
676687500,ve_blazer5_t0_v3
676690289,m_cl_l_fmm_12_0_t4_v0
676749026,f_cl_clo_exf_oa_2_t8_v12
676866843,packed_mp_veh_mod_idx_2_v103
676883844,vem_supermod_12_1_t53_v27
676997355,wp_wct_tint_21_t2_v8_n2
677059384,m_cl_clo_bhm_u_11_14_t11_v1
677250270,packed_mp_veh_mod_idx_1_v129
677302827,f_ha_hair_beard0_t1_v0
677319699,m_cl_clo_fxm_u_4_5_t11_v1
677336853,packed_mp_veh_mod_idx_s_3_v268
677566126,f_cl_clo_exf_decl_9_t100_v0
677588944,m_cl_clo_grm_u_10_11_t11_v1
677592466,vem_rwd_suv_19_t19_v3
677615890,wp_wct_camo_4_t1_v21_n2
677658214,vem_supermod_22_7_t63_v28
677684345,vem_bikew_24_t19_v3
677742325,m_cl_clo_x6m_f_1_3_t6_v1
677832636,f_cl_clo_ief_u_5_9_t11_v1
677887587,f_cl_clo_og_decl_6_t11_v1
678003941,m_cl_clo_lxm_w_0_0_t14_v1
678010462,f_cl_clo_bif_decl_40_t100_v0
678066661,packed_lr_vehicle_colour_6_v271
678117726,packed_mp_veh_mod_idx_24_v354
678122505,wp_wt_ba_1_t3_v0
678134323,f_cl_clo_bhf_u_4_11_t11_v1
678184913,vem_colour_5_graphite_t38_v3
678194276,packed_mp_veh_mod_idx_1_v387
678369753,vem_cmod_exp_0_t20_v29
678406195,packed_mp_veh_plate_id_v328
678471798,f_cl_clo_h4f_pey_0_8_t14_v1
678507909,f_cl_clo_ief_b_3_0_t1_v1
678510677,packed_mp_veh_secondary_colour_group_v303
678547020,packed_mp_veh_colour1_0_v148
678558672,m_cl_clo_bim_ph_11_3_t14_v1
678578480,f_cl_clo_sbf_l_4_1_t4_v1
678582166,wp_wct_scope_med_t1_v46
678587741,m_cl_clo_apm_u_23_4_t11_v1
678682290,m_cl_clo_grm_b_1_0_t1_v1
678729400,vem_smod4_whlv8_t66_v1
678828192,wp_wct_tint_8_t2_v70_n2
678861646,packed_mp_veh_mod_idx_22_v125
678894480,kosatk_fla_15_t0_v1
678927333,wp_wct_flash_t1_v22
678963399,vem_hiend_18_t19_v12
679086995,packed_mp_veh_mod_idx_14_v368
679165892,vem_colour_extra_1_mct_metals_br
679166456,packed_lr_vehicle_colour_6_v129
679174440,mp_stat_mpsv_model_87
679230129,vem_supermod_8_6_t49_v6
679244306,packed_mp_veh_mod_idx_10_v358
679255947,m_cl_clo_sbm_f_4_8_t6_v1
679301562,kosatk_fla_5_t0_v1
679316159,m_cl_clo_stm_ht1518_t14_v1
679412171,vem_supermod_11_0_t52_v36
679462792,packed_mp_veh_mod_idx_s_9_v238
679595741,packed_mp_veh_mod_idx_s_2_v215
679643513,packed_mp_veh_plate_id_v301
679645441,packed_mp_veh_mod_idx_6_v195
679679012,packed_mp_veh_mod_idx_13_v325
680061347,packed_mp_veh_mod_idx_0_v163
680188204,vem_cmod_pla_1_t23_v0
680463327,vem_engine_1_t5_v6
680492407,vem_colour_extra_1_mct_pearlescent_black_graphite_t24_v2
680529963,f_cl_clo_bhf_u_9_10_t11_v1
680569768,packed_mp_veh_mod_idx_s_20_v47
680570400,packed_mp_veh_mod_idx_2_v375
680650160,f_cl_clo_valf_g_0_5_t3_v1
680672443,packed_mp_veh_primary_colour_group_v164
680769671,vem_smod3_whlv28_t66_v3
680769764,f_cl_clo_x6f_u_3_10_t11_v1
680857501,packed_ng_vehicle_insurance_v404
680862859,vem_smod4_whlv110_t66_v0
680868396,packed_mp_veh_mod_idx_7_v172
680915651,packed_ng_vehicle_insurance_v315
681142661,f_cl_clo_h4f_s_2_14_t8_v1
681316519,vem_skirt_4_t13_v1
681413611,m_cl_clo_hstm_g_0_0_t3_v1
681427822,vem_musc_15_t19_v12
681472078,packed_mp_veh_mod_idx_16_v108
681503585,packed_mp_veh_mod_idx_s_3_v125
681508122,packed_mp_veh_mod_idx_s_0_v143
681587776,vem_offr_06_t19_v3
681598409,packed_mp_veh_mod_idx_16_v212
681647406,packed_mp_veh_mod_idx_8_v121
681689009,packed_mp_veh_mod_var_1_v223
681757456,vem_supermod_8_3_t49_v6
681804718,vem_supermod_12_12_t53_v3
681804823,packed_mp_veh_colour2_0_v75
681852981,m_cl_clo_hilf_o_1_t3_v12
682019992,vem_smod_whlv165_t66_v0
682092729,m_cl_clo_vwm_f_2_10_t6_v1
682271505,f_cl_clo_vwf_u_19_3_t11_v1
682274902,packed_mp_veh_mod_idx_s_4_v345
682283364,vem_supermod_15_7_t56_v3
682312546,wp_wct_supp_t1_v21_n2
682457834,packed_mp_veh_mod_idx_15_v400
682461097,f_cl_clo_grf_u_17_9_t11_v1
682520127,f_cl_clo_s2f_u_9_2_t100_v0
682615399,f_cl_clo_scf_ey_1_13_t14_v1
682617040,packed_mp_veh_mod_idx_s_2_v376
682662643,wp_wct_c_tint_18_t2_v8_n2
682713432,f_cl_clo_s2f_o_9_t3_v12
682787531,m_cl_clo_bim_u_19_0_t11_v1
682869270,m_cl_clo_hp_d_9_t100_v0
683080947,packed_mp_veh_livery2_0_v157
683162016,packed_mp_veh_livery_0_v214
683162255,f_cl_clo_bif_u_7_1_t11_v1
683213733,vem_supermod_4_11_t45_v26
683224457,packed_mp_veh_mod_idx_24_v295
683254968,packed_mp_veh_mod_idx_18_v241
683259894,casino_heist_vehicle_colour_v2
683263287,f_ta_tat_gr_027_t0_v0
683472616,packed_mp_veh_mod_idx_s_3_v383
683540719,vem_cmod_col5_33_t29_v1
683622147,packed_mp_veh_mod_idx_s_4_v20
683843385,packed_mp_veh_mod_idx_s_20_v403
683843612,vem_insurance_savage
683938958,wp_wct_c_tint_29_t2_v47_n2
683968932,f_cl_clo_vwf_u_15_20_t11_v1
684133568,packed_mp_veh_mod_idx_s_8_v147
684181924,m_cl_clo_fxm_l_5_7_t4_v1
684317553,f_cl_clo_h3f_b_6_1_t1_v1
684408161,packed_mp_veh_mod_idx_s_13_v189
684422858,vem_colour_1_mct_classic_saddle_brown_t24_v3
684658253,m_cl_clo_x4m_u_10_0_t11_v1
684723386,packed_mp_veh_mod_idx_22_v329
684723694,packed_mp_veh_mod_idx_s_8_v136
684795878,packed_ng_vehicle_neon_v228
684798314,vem_hlight_0_t11_v1
684992109,packed_mp_veh_mod_idx_13_v187
685083117,vem_supermod_20_8_t61_v3
685195713,packed_mp_veh_primary_colour_group_v127
685223483,m_cl_clo_trm_u_19_9_t11_v1
685441684,packed_mp_veh_mod_idx_15_v178
685462912,m_cl_m_fmm_6_0_t1_v0
685601896,packed_mp_veh_mod_idx_s_17_v219
685682774,vem_colour_1_mct_metallic_creek_brown_t24_v0
685685006,f_cl_o_fmf_b3_t3_v12
685694070,vem_rwd_hiend_07_t19_v0
685912018,fcncl_mod4_2_t0_v0
686035844,f_cl_clo_grf_l_0_5_t4_v1
686095965,m_cl_outfit_clo_s1m_o_6_t12_v0
686126930,vem_suv_09_t19_v0
686163031,m_cl_clo_sbm_b_5_1_t1_v1
686218626,packed_mp_veh_mod_idx_15_v265
686257856,vem_colour_5_bison_brown_t38_v0
686391749,packed_mp_veh_wheel_type_0_v174
686440275,m_cl_clo_fxm_ph_7_6_t14_v1
686456436,packed_mp_veh_mod_idx_s_19_v213
686555069,m_ta_tat_sm_002_t0_v0
686626115,packed_mp_veh_mod_idx_18_v221
686659197,packed_mp_veh_colour_extra2_0_v111
686728993,m_cl_u_fmm_14_14_t11_v0
686762419,m_cl_clo_grm_l_3_6_t4_v1
686764425,vem_supermod_4_12_t45_v27
686777231,packed_mp_veh_mod_idx_s_13_v386
686783205,m_cl_clo_hilf_u_0_7_t11_v1
686838822,packed_mp_veh_mod_idx_s_18_v72
686892569,m_cl_clo_hstm_o_g_0_t11_v12
686909299,packed_mp_veh_primary_colour_group_v79
686915010,packed_ng_vehicle_neon_v186
686965294,f_cl_clo_bif_pw_4_0_t14_v1
687003877,packed_mp_veh_mod_idx_s_7_v184
687022370,m_cl_clo_hstm_t_3_3_t7_v1
687033012,vem_horn_xm15_2_t10_v26
687115365,f_cl_clo_hp_f_o_5_t3_v12
687212607,vem_fender_r_6_t37_v39
687248229,vem_supermod_3_31_t44_v27
687359378,packed_mp_veh_mod_idx_8_v343
687366035,packed_mp_veh_mod_idx_1_v17
687518808,m_ta_tat_bi_016_t0_v0
687535316,vem_insurance_volatol
687584874,packed_mp_veh_mod_idx_24_v213
687616436,f_cl_clo_hp_f_l_2_4_t4_v1
687636967,vem_spoiler_9_t14_v0
687667248,packed_mp_veh_mod_idx_s_23_v0
687676290,fcclub_dnc_5_t0_v0
687753730,packed_mp_veh_mod_idx_8_v382
687763387,f_cl_clo_hst_f_a_3_t8_v1
687774650,packed_ng_vehicle_insurance_v130
687851912,packed_mp_veh_mod_idx_s_4_v320
687868196,packed_mp_veh_mod_idx_11_v359
687871787,m_cl_u_fmm_14_12_t8_v1
687891376,mp_stat_mpsv_model_353
687907105,f_cl_clo_lxf_u_4_2_t11_v1
688038099,packed_mp_veh_mod_idx_12_v94
688066568,packed_mp_veh_mod_idx_s_17_v363
688085013,packed_mp_veh_mod_idx_s_13_v108
688128994,packed_mp_veh_mod_idx_s_2_v115
688138858,f_cl_clo_lxf_dec_31_t100_v0
688199678,packed_mp_veh_mod_idx_18_v171
688454098,vem_bumper_r_10_t35_v30
688454358,m_ta_tat_bb_026_t0_v0
688474210,vem_smod_whlv87_t66_v0
688477818,packed_mp_veh_mod_idx_0_v394
688509169,packed_mp_veh_mod_idx_s_2_v226
688515766,f_cl_clo_h4f_pey_0_2_t14_v1
688524808,pm_weapon_discount_gun_van_0_6
688554691,bhub_index_2_t0_v0
688652841,vem_supermod_23_8_t64_v3
688683959,packed_mp_veh_mod_idx_s_7_v235
688750153,f_ta_tat_h27_011_t0_v0
688807788,f_cl_clo_grf_u_13_12_t11_v1
688949463,packed_mp_veh_mod_idx_s_8_v100
688993809,packed_mp_veh_mod_idx_s_13_v231
689065879,vem_hood_21_t9_v3
689094536,packed_lr_vehicle_colour_6_v229
689121553,m_cl_clo_x17m_b_10_1_t1_v1
689291672,f_cl_clo_grf_ph_4_1_t14_v1
689305964,vem_colour_2_mct_classic_dark_green_t25_v33
689323243,packed_mp_veh_primary_colour_group_v195
689473517,packed_mp_veh_mod_idx_0_v307
689534543,m_cl_clo_iem_b_10_0_t1_v1
689565754,wh_index_8_t0_v0
689589396,f_cl_f_fmf_15_9_t6_v0
689609072,packed_mp_veh_mod_idx_18_v406
689659761,m_cl_clo_vwm_pey_0_6_t14_v1
689809784,packed_mp_veh_mod_idx_13_v164
689928177,m_cl_clo_sum_u_7_21_t11_v1
689949535,f_cl_clo_h4f_pey_1_2_t14_v1
689996897,vem_insurance_stunt
690007562,packed_mp_veh_mod_idx_s_4_v313
690172623,packed_mp_veh_mod_idx_s_14_v214
690256039,f_cl_clo_x4f_ph_3_0_t14_v1
690323942,packed_mp_veh_mod_idx_14_v344
690348684,m_cl_clo_exm_eu_11_0_t11_v1
690359273,m_cl_clo_s1m_o_2_t3_v12
690361190,packed_mp_veh_colour_extra2_0_v163
690441131,m_cl_clo_h2m_o_s_11_t3_v12
690455293,mp_stat_dbase_security_room_v0
690472528,vem_bikew_02_t19_v4
690541672,m_cl_clo_s1m_l_0_6_t4_v1
690545044,f_cl_clo_trf_decl_16_t11_v1
690545602,packed_mp_veh_mod_idx_s_18_v157
690564792,vem_cmod_hrn_sad_t10_v7
690594853,dec_vw_aw_ss_39e
690709721,f_cl_clo_hstf_o_a_0_t8_v12
690773603,packed_mp_veh_mod_idx_s_12_v245
690794077,m_cl_outfit_clo_s2m_o_11_t12_v0
690818848,packed_mp_veh_mod_idx_s_23_v219
690839353,f_cl_clo_suf_u_17_16_t11_v1
690840907,packed_mp_veh_mod_idx_s_2_v336
690867872,f_cl_clo_bif_l_4_0_t4_v1
690907944,vem_horn_xm15_3_t10_v26
690978190,m_cl_clo_h3m_u_10_5_t11_v1
691102210,f_cl_clo_exf_g_0_9_t14_v0
691179682,wp_wct_muzz6_t1_v48_n2
691202436,packed_mp_veh_mod_idx_15_v139
691223007,packed_mp_veh_mod_idx_s_13_v366
691242920,wp_wct_c_tint_24_t2_v5_n2
691259261,packed_mp_veh_mod_idx_s_1_v151
691293991,f_cl_clo_l2f_u_7_2_t11_v1
691372038,service_earn_refund_backup_lost
691430399,vem_fender_r_9_n1_t37_v27
691440367,packed_mp_veh_mod_idx_6_v251
691458921,m_cl_l_fmm_0_9_t4_v0
691459509,packed_mp_veh_mod_idx_s_22_v173
691585309,f_cl_clo_hp_f_d_1_t100_v0
691606101,packed_ng_vehicle_neon_kit_v182
691660973,packed_mp_veh_mod_idx_s_6_v224
691750862,f_cl_clo_l2f_t_7_1_t7_v1
691754939,vem_supermod_0_9_t41_v26
691827142,packed_mp_veh_mod_idx_s_5_v127
691905394,f_cl_u_fmf_2_0_t11_v0
691916416,vem_supermod_61_6_t61_v7
691931610,f_cl_clo_scf_u_55_17_t11_v1
691940130,ve_visione_t0_v3
691942370,f_ha_face_e_c_20_t4_v0
691962767,f_cl_outfit_clo_s2f_o_3_t12_v0
692005180,packed_mp_veh_mod_idx_s_23_v336
692122777,vem_supermod_3_35_t44_v11
692292792,m_cl_outfit_clo_awm_o_e_4_t12_v0
692304479,vem_colour_1_mct_metallic_umber_brown_t24_v3
692352947,vem_supermod_2_2_t43_v27
692377467,packed_mp_veh_mod_idx_24_v131
692411067,f_cl_clo_fxf_ph_0_13_t14_v1
692505747,packed_ng_vehicle_neon_kit_v65
692524150,packed_mp_veh_plate_id_v383
692539542,f_cl_clo_ief_o_11_t3_v12
692546681,fcncl_light_3_t0_v0
692550460,packed_mp_veh_mod_idx_14_v95
692634123,vem_supermod_23_2_t64_v34
692870905,packed_ng_vehicle_insurance_v235
692912350,m_ta_tat_hp_031_t0_v0
692988138,wp_wct_camo_10_t1_v56_n2
693153478,f_cl_clo_indf_o_1_t3_v12
693253975,f_cl_clo_smf_b_4_2_t1_v1
693260741,wp_wct_c_tint_26_t2_v48_n2
693291085,vem_smod5_whlv23_t66_v0
693349943,f_cl_clo_vwf_u_13_1_t11_v1
693392524,f_cl_clo_bhf_u_20_4_t11_v1
693407284,packed_lr_vehicle_colour_6_v266
693411793,packed_mp_veh_mod_idx_16_v59
693417070,wp_wct_tint_20_t2_v13_n2
693434014,packed_mp_veh_mod_idx_s_19_v195
693441552,packed_mp_veh_colour_extra2_0_v161
693657622,packed_mp_veh_mod_idx_s_10_v19
693678154,packed_lr_vehicle_colour_6_v91
693693994,m_cl_clo_x6m_ph_11_2_t14_v1
693712375,vem_cmod_neoncol_9_t21_v11
693730339,packed_ng_vehicle_neon_v46
693770266,packed_mp_veh_mod_idx_s_8_v350
693789181,f_cl_clo_awf_u_17_5_t11_v1
693790457,f_cl_clo_bif_u_17_4_t11_v1
693841988,packed_mp_veh_mod_idx_s_10_v153
693943866,vem_smod2_whlv46_t66_v3
693973643,f_cl_clo_h2f_ph_4_0_t14_v1
694000330,packed_ng_vehicle_smoke_v218
694034511,wp_wct_clip2_t1_v47_n2
694045495,pr_pm_modshop_6_t88_v0
694071485,vem_colour_2_mct_matte_green_t25_v2
694175447,f_cl_clo_sbf_u_13_17_t11_v1
694266242,m_cl_clo_grm_b_4_5_t1_v1
694268274,vem_colour_extra_1_mct_matte_orange_t24_v1
694435241,m_cl_clo_h3m_b_9_1_t1_v1
694440316,f_cl_clo_grf_decl_10_t11_v1
694500364,packed_mp_veh_wheel_type_0_v37
694533477,packed_mp_veh_mod_idx_s_14_v278
694763580,f_cl_clo_bif_ph_11_1_t14_v1
694860346,packed_mp_veh_mod_idx_s_12_v350
694977874,f_cl_clo_x6f_f_3_2_t6_v1
695025115,packed_mp_veh_mod_idx_0_v211
695128120,m_cl_clo_s1m_dec_10_t100_v0
695257671,vem_colour_extra_1_mct_classic_umber_brown_t24_v0
695278419,f_cl_clo_bbf_u_3_6_t8_v1
695429568,packed_mp_veh_mod_idx_0_v149
695456290,fa_upgrade_weapons_accom_1_t0_v0
695466534,packed_mp_veh_plate_id_v140
695467259,wp_wt_fwrklnchr_t0_v0
695570844,packed_mp_veh_mod_idx_18_v15
695737689,packed_mp_veh_mod_idx_7_v274
695918165,f_cl_clo_fxf_pe_2_11_t14_v1
695952795,f_cl_clo_grf_u_9_10_t11_v1
696160545,packed_ng_vehicle_insurance_v44
696207268,m_cl_clo_grm_b_4_18_t1_v1
696329502,packed_mp_veh_mod_idx_s_1_v229
696467099,m_cl_clo_x6m_f_5_12_t6_v1
696497487,packed_ng_vehicle_bpt_v149
696539693,m_cl_clo_exm_eu_11_1_t11_v1
696541619,f_cl_outfit_clo_smf_o_5_t12_v0
696556762,service_earn_fmbb_wage_bonus
696624237,f_cl_clo_bus_m_2_4_t1_v1
696639941,packed_mp_veh_mod_idx_s_9_v158
696668896,wp_wct_tint_16_t2_v8_n2
696676578,vem_colour_extra_1_mct_classic_dark_silver_t24_v2
696807676,vem_rwd_loride_03_t19_v3
696862166,m_cl_clo_grm_ph_5_25_t14_v1
696912948,f_cl_clo_bhf_u_10_9_t11_v1
696944740,m_cl_clo_s1m_u_8_10_t11_v1
696977775,f_cl_he_fmf_17_2_t14_v0
697025884,f_cl_clo_suf_u_18_7_t11_v1
697060949,f_cl_u_fmf_9_9_t11_v0
697090908,packed_mp_veh_wheel_type_0_v391
697176041,vem_smod4_whlv156_t66_v1
697209877,m_cl_clo_h4m_b_4_5_t1_v1
697216349,packed_ng_vehicle_bpt_v114
697252041,vem_livery_5_n1_t26_v3
697323482,packed_mp_veh_mod_idx_s_5_v392
697325826,f_cl_clo_grf_l_0_7_t4_v1
697329418,vem_skirt_3_t13_v1
697404203,packed_mp_veh_mod_idx_6_v122
697411903,m_cl_clo_bim_b_0_5_t1_v1
697482906,packed_mp_veh_mod_idx_s_4_v46
697528954,vem_trans_1_t16_v7
697618518,packed_mp_veh_mod_idx_9_v91
697653574,m_cl_clo_x6m_u_22_19_t11_v1
697670288,m_cl_outfit_clo_iem_o_9_t12_v0
697678431,m_cl_clo_hstm_u_3_1_t11_v1
697692557,vem_colour_2_mct_metallic_shadow_silver_t25_v0
697838087,vem_fender_r_9_t37_v27
697918068,packed_mp_veh_mod_idx_3_v406
697928947,packed_mp_veh_plate_id_v315
698007119,f_cl_f_fmf_7_9_t6_v0
698024248,f_cl_clo_h4f_u_6_2_t11_v1
698111926,f_ta_tat_st_009_t0_v0
698174456,packed_mp_veh_mod_idx_s_1_v144
698225581,packed_mp_veh_mod_idx_22_v132
698246747,m_cl_clo_bbm_l_0_10_t4_v1
698286496,packed_mp_veh_mod_idx_s_0_v342
698315643,packed_mp_veh_mod_idx_s_19_v151
698330646,wp_wm_tint3_t2_v85
698331410,packed_mp_veh_mod_idx_2_v139
698363618,m_cl_clo_smm_u_7_10_t11_v1
698380131,packed_mp_veh_mod_idx_11_v2
698438558,f_cl_clo_hp_f_d_21_t11_v1
698555787,m_cl_clo_v2m_u_0_9_t11_v1
698745966,ve_zr350_t0_v3
698898211,packed_mp_veh_mod_idx_s_19_v301
699317570,vem_cmod_neoncol_9_t21_v38
699331172,packed_mp_veh_mod_idx_s_18_v257
699397499,m_cl_clo_v2m_u_1_9_t11_v1
699573657,packed_mp_veh_livery_0_v168
699589605,vem_colour_2_mct_classic_gold_t25_v3
699712439,vem_supermod_23_2_t64_v20
699960164,f_cl_clo_s1f_ph_1_7_t14_v1
699985986,vem_rwd_musc_14_t19_v2
700054388,f_cl_clo_trf_d_12_0_t10_v1
700123684,packed_mp_veh_wheel_type_0_v115
700172137,vem_smod4_whlv154_t66_v1
700238886,packed_mp_veh_mod_idx_s_4_v337
700307155,packed_mp_veh_mod_idx_s_7_v157
700348009,f_cl_clo_sbf_u_11_7_t11_v1
700378653,packed_mp_veh_mod_idx_1_v374
700393714,m_cl_clo_bus_m_2_6_t1_v1
700426805,packed_mp_veh_wheel_type_0_v24
700512131,f_cl_clo_ief_u_5_13_t11_v1
700574511,vem_rwd_hiend_16_t19_v2
700588863,m_cl_clo_s2m_d_1_t11_v1
700636512,packed_mp_veh_mod_idx_s_12_v222
700646009,m_cl_clo_hp_u_4_2_t11_v1
700698971,f_cl_clo_grf_b_0_3_t1_v1
700900199,packed_mp_veh_mod_idx_5_v154
700963129,vem_supermod_3_20_t44_v7
701024902,vem_colour_2_mct_classic_spin_purple_t25_v33
701039187,packed_ng_vehicle_bpt_v294
701064757,packed_mp_veh_mod_idx_s_23_v275
701071048,packed_ng_vehicle_bpt_v261
701088481,packed_mp_veh_mod_var_1_v232
701163072,f_cl_clo_v2f_o_6_t3_v12
701212760,packed_mp_veh_mod_idx_s_21_v272
701261224,packed_mp_veh_mod_idx_s_3_v197
701292454,m_cl_outfit_clo_trm_o_r7_t12_v0
701371630,vem_supermod_15_6_t56_v38
701426155,packed_mp_veh_mod_idx_3_v247
701485053,f_cl_clo_exf_ef_0_4_t6_v1
701545616,ve_barrage_t1_v35
701596003,f_cl_clo_trf_u_14_1_t11_v1
701640430,vem_supermod_7_0_t48_v28
701643702,m_cl_outfit_clo_l2m_o_2_t12_v0
701935994,packed_mp_veh_mod_idx_s_0_v76
701965022,packed_mp_veh_livery2_0_v276
701986418,packed_mp_veh_mod_idx_23_v190
702014238,ve_scorcher_t0_v0
702078045,m_cl_clo_stm_o_4_t11_v12_cesp
702083443,m_cl_clo_grm_ph_5_4_t14_v1
702083776,packed_mp_veh_mod_idx_s_18_v253
702111218,vem_insurance_blimp3
702221936,ve_yosemite2_t1_v3
702289662,packed_ng_vehicle_neon_kit_v376
702352830,f_ha_cc_eyebrw_5_t2_v1
702409012,f_cl_clo_grf_u_8_10_t11_v1
702455945,packed_mp_veh_colour1_0_v323
702597827,f_cl_clo_hstfb_22_12_t1_v1
702635323,dec_vw_aw_wh_49
702770918,f_cl_clo_busf_u_3_2_t8_v1
702951721,m_cl_g_fmm_5_1_t14_v0_cesp
702974510,f_cl_clo_exf_g_24_8_t14_v1
703060606,packed_mp_veh_mod_idx_9_v247
703083883,packed_mp_veh_mod_idx_s_22_v109
703200026,packed_mp_veh_mod_var_0_v231
703206943,f_cl_clo_grf_u_6_0_t11_v1
703259529,f_cl_clo_l2f_dec_21_t11_v1
703338418,m_cl_clo_x6m_rw_1_0_t14_v1
703343672,vem_cmod_airhorn_03_t10_v38
703388941,m_cl_clo_vwm_pw_2_9_t14_v1
703401312,packed_mp_veh_mod_idx_s_23_v269
703420470,vem_colour_2_mct_metallic_red_t25_v0
703449113,service_spend_player_appearance
703653194,vem_bumper_f_2_t34_v5
703736285,packed_mp_veh_mod_idx_s_0_v48
703755165,packed_mp_veh_colour1_0_v269
703897904,m_cl_l_fmm_9_6_t4_v0
703926568,m_cl_clo_sbm_pe_1_2_t14_v1
703951455,f_cl_clo_smf_o_2_t100_v0
703953662,vem_supermod_23_13_n1_t64_v3
703968342,vem_smod_whlv110_t66_v3
704013855,f_cl_clo_suf_decl_5_t100_v0
704019799,m_cl_clo_iem_b_8_4_t1_v1
704041086,vem_colour_mct_none_19
704065045,vem_cmod_tyr_13_t18_v7
704077236,f_cl_clo_half_4_1_t1_v1
704194237,wp_wct_scope_sml_t1_v88
704262077,vem_cmod_pla_2_t23_v39
704444577,vem_supermod_10_13_t51_v28
704474350,m_cl_clo_bhm_u_11_12_t11_v1
704493534,packed_mp_veh_mod_idx_s_22_v124
704554042,m_cl_clo_iem_u_6_4_t11_v1
704611979,vem_supermod_3_1_t44_v38
704660951,f_cl_clo_stf_o_10_t8_v12
704678566,m_cl_clo_bim_l_5_1_t4_v1
704687097,wp_wct_c_tint_6_t2_v5_n2
704735428,m_cl_outfit_clo_l2m_o_9_t12_v0
704751746,packed_mp_veh_mod_idx_s_20_v65
704774685,packed_mp_veh_mod_idx_s_7_v309
704794604,f_cl_outfit_clo_arf_o_24_t12_v0
704811630,m_cl_clo_vwm_u_6_9_t11_v1
704833790,packed_mp_veh_mod_idx_s_9_v203
704886888,packed_mp_veh_mod_idx_12_v222
704896823,f_cl_clo_hstf_o_f_2_t8_v12
704938390,f_ta_tat_sb_043_t0_v0
704981232,vem_insurance_faggio
705105050,m_cl_clo_smm_b_7_12_t1_v1
705168573,dec_vw_aw_wv_49
705243676,wp_wct_c_tint_11_t2_v13_n2
705264639,ve_fmj_t0_v3
705328589,m_cl_clo_s1m_u_1_2_t11_v1
705390234,dec_vw_aw_ss_13c
705395023,vem_rwd_bikew_03_t19_v4
705468280,packed_mp_veh_mod_idx_13_v344
705473059,vem_horn_clas3_t10_v32
705473955,f_cl_clo_h3f_decl_4_t11_v1
705501806,vem_cmod_neoncol_1_t21_v31
705512141,m_cl_clo_vwm_u_21_3_t11_v1
705514170,f_cl_outfit_clo_x17f_o_m_0_t12_v0
705742272,f_cl_f_fmf_8_4_t6_v0
705903073,packed_mp_veh_window_tint_0_v392
705908554,packed_mp_veh_mod_idx_s_10_v235
705943164,packed_mp_veh_mod_idx_4_v157
705947664,packed_mp_veh_mod_idx_4_v263
705962345,f_cl_outfit_clo_h3f_o_sl_15_t12_v0
705977120,m_cl_clo_bhm_u_2_19_t11_v1
706011921,vem_smod4_whlv1_t66_v3
706063063,f_cl_clo_sbf_u_22_12_t11_v1
706115589,vem_exhaust_4_t6_v28
706147300,m_cl_clo_hilf_u_2_1_t11_v1
706183177,m_cl_clo_stm_ht13_0_t14_v1
706216355,packed_mp_veh_colour_extra2_0_v235
706243502,packed_mp_veh_colour_extra2_0_v355
706250350,m_cl_clo_bim_decl_37_t100_v0
706267817,packed_mp_veh_mod_idx_13_v52
706350148,packed_mp_veh_mod_idx_0_v329
706381362,f_cl_clo_h4f_l_1_2_t4_v1
706384628,vem_supermod_23_0_t64_v5
706461236,m_cl_clo_fxm_ph_2_4_t14_v1
706477121,vem_colour_extra_1_mct_classic_might_purple_t24_v1
706505227,packed_mp_veh_mod_idx_15_v101
706593402,f_cl_clo_awf_decl_6_t100_v0
706619937,packed_mp_veh_mod_idx_13_v195
706815083,vem_chassis_5_t4_v6
706868457,wp_wct_tint_24_t2_v8_n2
706997808,f_cl_clo_s1f_ph_1_8_t14_v1
707033563,f_cl_clo_sbf_l_2_2_t4_v1
707063309,f_ta_tat_sm_000_t0_v0
707076689,packed_mp_veh_mod_idx_s_18_v3
707082660,vem_insurance_retinue2
707093759,vem_livery_5_t26_v3
707156110,vem_supermod_16_4_t57_v27
707395140,packed_mp_veh_mod_idx_9_v127
707469944,vem_colour_extra_1_mct_metallic_blue_t24_v1
707478826,wp_rwt_tint3_t2_v81
707493618,packed_mp_veh_mod_idx_23_v172
707578693,packed_mp_veh_mod_idx_s_10_v278
707636377,packed_mp_veh_mod_idx_s_7_v351
707644420,packed_mp_veh_mod_idx_s_9_v262
707657378,packed_mp_veh_mod_idx_s_11_v316
707672353,packed_mp_veh_mod_idx_s_4_v392
707911009,packed_mp_veh_mod_idx_s_16_v285
707948924,f_cl_outfit_clo_h3f_o_dl_33_t12_v0
707969687,f_cl_clo_ief_o_3_t3_v12_cesp
708084507,packed_mp_veh_mod_idx_18_v317
708118960,vem_musc_14_t19_v1
708200868,m_cl_clo_sbm_e_0_4_t14_v1
708230587,m_cl_clo_awm_decl_71_t100_v0
708247111,f_cl_clo_h2f_s_4_0_t8_v1
708249507,f_cl_g_fmf_10_4_t14_v0_cesp
708274963,packed_mp_veh_mod_idx_0_v276
708352740,packed_mp_veh_mod_idx_18_v334
708371560,vem_offr_08_t19_v0
708455524,f_cl_clo_hp_f_d_29_t100_v0
708466141,packed_mp_veh_mod_idx_5_v240
708470102,packed_mp_veh_mod_idx_s_1_v54
708477756,vem_supermod_58_8_t58_v7
708490112,packed_ng_vehicle_neon_kit_v334
708693045,m_cl_clo_sum_l_1_9_t4_v1
708714331,vem_rwd_drft_21_t19_v0
708722146,packed_mp_veh_colour2_0_v314
708744312,packed_mp_veh_mod_idx_s_17_v6
708803277,packed_mp_veh_mod_idx_s_3_v373
708817383,packed_mp_veh_mod_idx_10_v254
708841309,vem_fender_r_9_t37_v3
708914052,vem_fender_r_8_t37_v3
708920491,f_cl_clo_grf_ph_1_8_t14_v1
708952905,f_ha_clo_bif_h_0_0_t0_v0
708994297,m_cl_l_fmm_9_13_t4_v0
709002950,m_cl_clo_h3m_u_9_9_t11_v1
709011095,m_cl_clo_ltsm_d_1_t100_v0
709087788,vem_horn_hween2_t10_v29
709089568,packed_mp_veh_mod_var_1_v18
709254865,packed_mp_veh_colour_extra2_0_v45
709262238,packed_mp_veh_mod_idx_s_16_v1
709384699,vem_insurance_hydra
709395491,vem_truck_slot_8_mod_1_t0_v0
709557220,packed_mp_veh_mod_idx_s_7_v251
709598483,f_cl_clo_vwf_u_13_6_t11_v1
709714237,f_cl_clo_grf_b_2_1_t1_v1
709725547,packed_mp_veh_mod_idx_s_10_v9
709809633,packed_mp_veh_mod_idx_8_v253
709859117,packed_mp_veh_mod_idx_s_17_v324
709904876,packed_mp_veh_mod_idx_s_5_v410
710062973,f_cl_clo_lxf_o_11_t3_v12
710132631,packed_mp_veh_livery_0_v311
710180865,packed_mp_veh_mod_idx_s_9_v48
710181406,f_cl_clo_bhf_u_14_7_t11_v1
710272525,m_cl_clo_lxm_e_1_0_t14_v1
710350639,packed_mp_veh_mod_idx_22_v199
710392318,f_cl_clo_h4f_u_2_14_t11_v1
710532321,m_cl_clo_sum_o_2_t3_v12
710565111,m_cl_outfit_clo_hstm_o_h_3_t12_v0
710646871,ve_bobcatxl_t0_v2
710726086,vem_spoiler_16_t14_v26
710780287,f_cl_clo_busf_f_1_9_t6_v1
710860675,packed_mp_veh_mod_idx_2_v218
710862669,mp_stat_mpsv_model_364
711055120,m_cl_clo_s1m_ph_0_11_t14_v1
711151235,packed_mp_veh_mod_idx_s_6_v312
711216474,m_cl_clo_exm_el_0_1_t4_v1
711342249,packed_mp_veh_mod_idx_s_14_v240
711395880,vem_smod_whlv135_t66_v3
711542609,packed_mp_veh_primary_colour_group_v188
711552895,vem_engine_0_t5_v11
711575376,f_cl_clo_x6f_f_12_8_t6_v1
711610436,f_cl_ht_fmf_5_7_t14_v0
711627031,vem_supermod_60_1_t60_v7
711635369,f_cl_clo_exf_eu_16_8_t11_v1
711665950,service_spend_challenge_wager
711812006,m_cl_clo_bhm_decl_17_t100_v0
711881339,f_cl_ht_fmf_4_0_t14_v0
711972017,packed_mp_veh_mod_idx_s_2_v276
711974292,m_cl_clo_h4m_u_10_0_t11_v1
711989092,packed_mp_veh_mod_idx_3_v355
712091108,packed_mp_veh_mod_idx_18_v260
712093793,m_cl_clo_hp_g_1_2_t14_v1
712127532,f_ta_tat_sm_019_t0_v0
712187571,packed_mp_veh_mod_idx_s_5_v147
712216332,m_cl_outfit_clo_h2m_o_g_13_t12_v0
712226683,packed_mp_veh_livery_0_v383
712237715,dec_ch_tr_02a
712258316,f_cl_outfit_clo_awf_o_g_3_t12_v0
712263464,m_cl_clo_hilf_o_14_t3_v12
712310615,packed_mp_veh_livery2_0_v164
712332565,packed_mp_veh_mod_idx_1_v54
712451819,m_ta_tat_sb_000_t0_v0
712568203,vw_prop_wall_art_54
712683658,packed_lr_vehicle_colour_6_v39
712817628,packed_mp_veh_mod_idx_s_21_v173
712821048,packed_mp_veh_mod_idx_s_2_v193
712877774,packed_mp_veh_mod_idx_s_8_v294
712915102,m_cl_clo_iem_l_2_7_t4_v1_cesp
712927263,packed_mp_veh_colour_extra1_0_v350
713152199,mt_snk_item3_t0_v3
713181060,vem_colour_extra_1_mct_metallic_ultra_blue_t24_v3
713222410,packed_mp_veh_mod_idx_s_2_v387
713271139,vem_spoiler_3_t14_v1
713336525,wp_wct_tint_31_t2_v13_n2
713418094,packed_mp_veh_mod_idx_s_23_v295
713466177,m_cl_clo_grm_u_16_11_t11_v1
713519903,f_cl_clo_grf_u_20_12_t11_v1
713594238,packed_ng_vehicle_smoke_v405
713748614,vem_supermod_17_12_t58_v3
713892023,packed_mp_veh_mod_idx_22_v113
713955548,service_earn_fixer_award_phone_hit
714037178,packed_mp_veh_mod_idx_8_v265
714040919,packed_mp_veh_mod_idx_23_v297
714284902,m_cl_clo_h3m_l_4_18_t4_v1
714323404,packed_lr_vehicle_colour_6_v74
714329286,wp_wt_mkpistol_t0_v0
714531130,vem_cmod_neoncol_1_t21_v7
714532779,mp_stat_mpsv_model_67
714553894,vem_colour_1_mct_classic_racing_green_t24_v3
714616516,packed_mp_veh_plate_id_v341
714642822,packed_mp_veh_mod_idx_s_18_v363
714710845,packed_mp_veh_mod_idx_s_7_v399
714735512,m_cl_clo_awm_decl_46_t100_v0
714778411,m_cl_clo_hp_l_2_7_t4_v1
714792822,m_ta_tat_bi_026_t0_v0_cesp
715032486,f_cl_clo_x6f_t_8_2_t7_v1
715059587,m_ta_tat_sm_015_t0_v0
715161263,vem_fender_r_15_n1_t37_v27
715203466,m_cl_clo_indm_d_6_t8_v2
715250628,packed_mp_veh_mod_idx_4_v198
715289727,pr_pm_cashlock_0_t0_v0
715300010,packed_ng_vehicle_insurance_v151
715366599,packed_mp_veh_livery_0_v183
715395073,packed_ng_vehicle_bpt_v245
715410374,packed_mp_veh_mod_idx_s_1_v120
715542076,packed_mp_veh_colour_extra1_0_v164
715613980,packed_mp_veh_mod_idx_3_v205
715666194,m_cl_clo_sbm_f_6_0_t6_v1
715712787,vem_supermod_5_0_t46_v3
715764559,vem_colour_2_mct_matte_green_t25_v4
715784369,m_cl_clo_trm_b_1_0_t1_v1
715784859,vem_smod2_whl26_t19_v3
715875416,f_ha_cc_f_hs_10_t0_v1
715879886,f_cl_ht_fmf_5_4_t14_v0
715907101,packed_mp_veh_mod_idx_2_v217
716036248,vem_smod2_whl22_t19_v3
716128791,packed_mp_veh_plate_id_v206
716311147,wp_wct_tint_1_t2_v47_n2
716328374,m_cl_clo_smm_u_7_12_t11_v1
716410584,packed_ng_vehicle_bpt_v235
716469634,m_cl_clo_hp_d_12_t11_v1
716563431,vem_insurance_trsmall2
716766884,f_cl_u_fmf_11_1_t8_v0
716768034,wp_wm_tint1_t2_v21
716772754,packed_mp_veh_colour_extra1_0_v10
716799404,f_cl_clo_fxf_u_5_7_t11_v1
716845391,vem_supermod_0_7_t41_v10
716944950,vem_cmod_col5_9_t29_v0
716951602,m_cl_clo_hp_d_0_t100_v0
717018176,f_cl_ht_fmf_15_2_t14_v0
717161212,packed_mp_veh_mod_idx_s_3_v355
717214748,vem_brake_2_t2_v0
717403253,m_ta_tat_x6_031_t0_v0
717467205,ve_velum_t1_v0
717583090,vem_colour_2_mct_matte_red_t25_v1
717687848,m_cl_clo_exm_decl_1_t11_v1
717715834,m_cl_clo_x6m_ph_2_11_t14_v1
717764745,m_cl_clo_awm_decl_57_t100_v0
717862134,vem_supermod_20_19_t61_v3
717907295,m_cl_clo_arm_o_29_t3_v12
718008304,m_cl_clo_grm_f_0_16_t6_v1
718017985,vem_supermod_23_8_t64_v27
718023421,packed_mp_veh_mod_idx_s_18_v176
718043377,vem_supermod_18_1_t59_v3
718067220,m_cl_clo_bbm_f_0_8_t6_v1
718204704,m_cl_clo_awm_u_9_8_t11_v1
718268753,vem_colour_2_mct_classic_black_graphite_t25_v0
718289487,packed_mp_veh_mod_idx_s_21_v1
718323606,packed_mp_veh_mod_idx_s_11_v185
718607625,packed_mp_veh_mod_idx_18_v413
718633218,m_cl_clo_awm_u_9_0_t11_v1
718701018,vem_supermod_22_12_t63_v26
718715788,vem_colour_1_mct_metallic_chocolate_brown_t24_v33
718722852,packed_mp_veh_mod_idx_3_v164
718730992,packed_mp_veh_mod_idx_s_18_v232
718803185,vem_horn_clas1_t10_v35
718811256,m_cl_clo_busm_f_0_1_t6_v1
718859568,service_earn_refund_challenge
718863289,f_cl_clo_lxf_e_5_2_t14_v1
718877987,vem_supermod_3_5_t44_v6
718938433,vem_smod4_whlv106_t66_v3
719035049,f_cl_clo_awf_b_2_4_t1_v1
719112582,packed_mp_veh_mod_idx_s_12_v117
719166684,f_cl_clo_hp_f_h_0_4_t14_v1
719189224,ve_italirsx_t0_v3
719219902,vem_insurance_nightshark
719277283,m_cl_clo_hp_d_9_t11_v1
719390793,m_cl_clo_hp_l_1_10_t4_v1
719640453,packed_mp_veh_mod_idx_8_v256
719655605,packed_mp_veh_mod_idx_s_4_v152
719849828,wp_gsa_type_r_t0_v3
719901784,vem_colour_1_mct_metallic_candy_red_t24_v0
719974203,packed_mp_veh_mod_idx_8_v231
720017921,packed_lr_vehicle_colour_5_v3
720097572,m_cl_clo_x2m_ht_0_6_t14_v1
720126376,f_cl_clo_x6f_u_7_0_t11_v1
720160211,ve_speedo4_t0_v36
720254666,f_cl_clo_h2f_o_c_1_t8_v12
720287749,packed_mp_veh_mod_idx_10_v280
720522556,m_cl_clo_grm_g_1_3_t3_v1
720533174,f_cl_t_fmf_7_1_t7_v0
720594878,f_cl_l_fmf_0_7_t4_v0
720607537,vem_smod4_whlv114_t66_v2
720618993,packed_mp_veh_mod_idx_s_4_v403
720662012,m_cl_l_fmm_1_9_t4_v0
720670647,m_cl_clo_sum_u_5_5_t11_v1
720723249,f_cl_g_fmf_3_3_t14_v0
720770989,packed_mp_veh_mod_idx_s_22_v266
720782561,packed_mp_veh_wheel_type_0_v1
720793491,vem_spoiler_28_t14_v3
720814307,f_cl_clo_stf_ht1522_t14_v1
720841326,vem_fender_l_0_t36_v29
720921144,packed_lr_vehicle_colour_5_v374
720964334,vem_cmod_col5_31_t29_v1
721011414,packed_mp_veh_mod_idx_s_20_v112
721014648,vem_supermod_4_0_t45_v6
721109290,m_cl_clo_scm_ey_0_24_t14_v1
721129191,vem_suspension_4_t15_v29
721186940,m_cl_clo_h2m_b_4_15_t1_v1
721245327,packed_mp_veh_colour1_0_v159
721297307,m_cl_clo_x6m_ph_0_23_t14_v1
721345721,f_cl_clo_hstf_t_3_2_t7_v1
721370712,ve_openwheel1_t0_v3
721379595,packed_mp_veh_mod_idx_s_16_v89
721556974,vem_colour_extra_1_mct_classic_frost_white_t24_v2
721607224,vem_colour_extra_1_mct_classic_mariner_blue_t24_v4
721642411,packed_ng_vehicle_insurance_v208
721740660,packed_mp_veh_mod_idx_s_12_v258
721793852,f_cl_clo_bhf_decl_31_t100_v0
721869984,packed_mp_veh_mod_idx_s_15_v107
721974122,f_cl_outfit_clo_bif_o_13_t12_v0
721978490,dec_vw_aw_wv_61
722013122,f_cl_clo_s2f_o_2_t3_v12
722107773,vem_insurance_submers
722146979,f_cl_outfit_clo_h3f_o_grp_3_t12_v0
722181376,packed_mp_veh_mod_idx_13_v142
722185193,m_cl_clo_x4m_ph_3_0_t14_v1
722208697,m_ha_cc_m_hs_19_t0_v1
722267035,packed_mp_veh_mod_idx_0_v133
722341022,f_cl_clo_hstf_t_3_0_t7_v1
722475281,packed_ng_vehicle_smoke_v101
722659911,m_cl_clo_x2m_ht_5_0_t14_v1
722695512,packed_mp_veh_mod_idx_s_23_v135
722708519,f_cl_clo_s2f_u_6_5_t11_v1
722732786,packed_mp_veh_livery2_0_v368
722835986,packed_mp_veh_mod_idx_18_v354
722878828,vem_colour_2_mct_metallic_flur_yellow_t25_v0
722944201,f_cl_clo_x6f_f_1_11_t6_v1
723030261,ve_titan_t1_v0
723155979,f_cl_clo_sbf_b_9_1_t1_v1
723174733,vem_colour_1_mct_metallic_black_graphite_t24_v0
723204221,vem_colour_extra_1_mct_classic_grace_red_t24_v4
723240368,vem_rwd_suv_15_t19_v2
723247720,packed_mp_veh_mod_idx_s_2_v315
723274506,f_cl_clo_h4f_o_s2_f4_t8_v12
723290719,vem_supermod_23_26_t64_v34
723356080,packed_mp_veh_mod_idx_s_16_v13
723409110,m_cl_clo_h2m_o_s_2_t3_v12
723416267,pr_mp_prop_9_t0_v0
723484616,m_cl_clo_lxm_dec_21_t100_v0
723603840,packed_mp_veh_mod_idx_s_21_v65
723653885,m_cl_clo_x6m_b_2_23_t1_v1
723725238,vem_trans_0_t16_v7
723737093,packed_mp_veh_mod_idx_s_5_v385
723745540,m_cl_clo_s1m_dec_15_t100_v0
723989161,vem_cmod_neoncol_6_t21_v38
724046683,m_cl_clo_bim_decl_27_t11_v1
724139827,packed_mp_veh_mod_idx_9_v113
724168414,m_cl_outfit_clo_awm_o_f_7_t12_v0
724220600,vem_supermod_3_45_t44_v6
724499335,f_cl_g_fmf_4_3_t14_v0
724549624,packed_mp_veh_mod_idx_2_v68
724590401,vem_cmod_neonlay_0_t21_v3
724627714,packed_mp_veh_mod_idx_16_v257
724707875,packed_mp_veh_mod_idx_2_v307
724720229,ve_brigham_t0_v3
724722762,pr_pm_off_var_4_t0_v0
724736213,f_cl_clo_h2f_o_s_2_t3_v12
724758766,packed_mp_veh_mod_idx_s_0_v156
724794871,vem_roof_11_t12_v3
724802825,packed_mp_veh_mod_idx_s_16_v116
724816410,vem_fender_l_8_t36_v38
724851107,packed_mp_veh_mod_idx_9_v230
724925825,m_cl_clo_l2m_o_9_t3_v12
725029146,m_cl_clo_fxm_u_4_1_t11_v1
725038462,vem_cmod_neoncol_5_t21_v7
725147377,m_cl_clo_v2m_l_1_7_t4_v1
725192866,f_cl_clo_hstf_t_3_13_t7_v1
725279292,packed_mp_veh_mod_idx_s_12_v58
725288198,m_cl_outfit_clo_x17m_o_m_2_t12_v0
725354375,f_cl_clo_x17f_o_m_10_t3_v12
725416940,packed_mp_veh_mod_idx_4_v3
725445867,m_cl_clo_x6m_u_20_25_t11_v1
725486518,vem_fender_l_1_t36_v1
725644012,packed_mp_veh_colour2_0_v261
725666671,vem_skirt_3_t13_v27
725686393,vem_horn_clas5_t10_v37
725713432,f_cl_clo_h2f_o_c_14_t3_v12
725719551,f_cl_clo_bhf_decl_9_t100_v0
725803501,packed_lr_vehicle_colour_5_v342
725822277,vem_colour_2_mct_matte_dark_red_t25_v4
725955813,f_cl_clo_suf_u_7_14_t11_v1
725977525,m_ha_cc_eyebrw_19_t2_v1
725992915,f_cl_clo_h2f_u_7_10_t11_v1
726182610,m_cl_clo_x6m_u_0_0_t11_v1
726208351,f_cl_clo_sbf_ph_5_6_t14_v1
726254122,packed_mp_veh_primary_colour_group_v161
726336919,packed_mp_veh_livery2_0_v122
726520023,packed_mp_veh_mod_idx_s_10_v245
726576740,packed_mp_veh_mod_idx_s_16_v345
726591608,vem_chassis_3_t4_v4
726602056,vem_colour_5_salmon_pink_t38_v0
726653270,f_cl_clo_bif_l_3_0_t4_v1
726661913,packed_mp_veh_livery2_0_v177
726721763,f_cl_clo_scf_l_13_20_t4_v1
726745876,packed_mp_veh_mod_idx_s_23_v280
726762139,f_cl_outfit_clo_hp_f_o_1_t12_v0
726771934,vem_smod5_whlv80_t66_v3
726789097,vem_smod_whlv48_t66_v3
726800244,vem_smod4_whlv133_t66_v0
726818665,m_cl_clo_smm_b_5_19_t1_v1
726860936,vem_engine_0_t5_v7
726915172,f_cl_clo_s1f_ph_1_9_t14_v1
726971535,packed_mp_veh_mod_idx_4_v371
726987289,vem_rwd_suv_10_t19_v2
727003992,packed_mp_veh_mod_idx_8_v323
727009316,packed_mp_veh_mod_idx_s_14_v294
727043725,vem_cmod_neoncol_7_t21_v7
727079691,packed_mp_veh_mod_idx_s_3_v289
727080060,packed_mp_veh_mod_idx_s_22_v191
727127773,packed_mp_veh_mod_idx_s_16_v395
727206286,f_cl_clo_h3f_u_10_7_t11_v1
727230161,packed_mp_veh_window_tint_0_v270
727256351,f_cl_clo_bhf_decl_45_t11_v1
727269043,m_cl_clo_busm_t_0_8_t7_v1
727270850,m_cl_clo_l2m_u_6_5_t11_v1
727327813,f_ha_cc_eyebrw_27_t2_v1
727515910,vem_colour_extra_1_mct_pearlescent_black_graphite_t24_v0
727545220,packed_mp_veh_mod_idx_10_v331
727678149,f_cl_clo_vwf_u_18_9_t11_v1
727712359,vem_supermod_0_4_t41_v11
727820402,packed_mp_veh_mod_idx_16_v383
727933400,packed_mp_veh_mod_idx_s_16_v229
728036211,packed_mp_veh_mod_idx_16_v120
728048009,m_cl_clo_busm_s_1_13_t8_v1
728059609,m_cl_clo_grm_f_3_0_t6_v1
728129738,m_ta_tat_bi_051_t0_v0_cesp
728179001,f_cl_clo_suf_u_19_2_t11_v1
728232829,packed_mp_veh_mod_idx_s_22_v98
728304074,m_cl_clo_sbm_f_3_14_t6_v1
728406171,packed_mp_veh_mod_idx_s_16_v155
728522257,packed_mp_veh_mod_idx_14_v271
728548446,packed_mp_veh_mod_idx_s_4_v22
728698165,vem_fender_r_6_t37_v33
728746980,vem_colour_extra_1_mct_metallic_sandy_brown_t24_v2
728829238,m_cl_outfit_clo_x2m_o_4_t12_v0
728882963,f_cl_clo_grf_ph_1_14_t14_v1
728926435,packed_mp_veh_mod_idx_s_3_v319
729165348,packed_mp_veh_mod_idx_s_15_v359
729195797,m_cl_clo_h3m_o_ff_8_t3_v12
729279133,f_cl_clo_exf_g_4_9_t14_v0
729294181,packed_lr_vehicle_colour_5_v197
729399035,packed_mp_veh_livery_0_v115
729416350,packed_ng_vehicle_smoke_v243
729693310,f_cl_clo_x6f_l_1_7_t4_v1
729694748,f_cl_clo_vwf_u_16_11_t11_v1
729699440,m_cl_clo_exm_eu_11_2_t11_v1
730030511,vem_colour_1_mct_metals_gold_p_t24_v2
730034201,m_cl_clo_bim_u_4_2_t11_v1
730086726,packed_mp_veh_mod_idx_s_8_v57
730188069,packed_mp_veh_mod_idx_s_10_v98
730231397,vem_cmod_airhorn_02_t10_v4
730241380,m_cl_clo_vwm_u_9_20_t11_v1
730241851,wp_wct_flash_t1_v49
730253002,m_cl_outfit_clo_v2m_o_4_t12_v0
730403982,ve_seashark_t1_v0
730638351,m_cl_clo_s1m_u_7_1_t11_v1
730708289,f_cl_clo_hst_f_a_6_t11_v1
730740067,vem_supermod_16_23_t57_v3
730768168,m_cl_clo_h3m_u_3_2_t11_v1
730800901,vem_colour_1_mct_classic_straw_brown_t24_v2
730834800,vem_colour_1_mct_metallic_moss_brown_t24_v33
730844552,f_cl_clo_bif_s_16_2_t8_v1
730914858,f_cl_clo_smf_u_2_17_t11_v1
730941350,f_cl_clo_ief_u_5_8_t11_v1
731001915,f_ta_tat_gr_013_t0_v0
731002712,packed_mp_veh_mod_idx_s_12_v141
731114385,packed_mp_veh_mod_idx_16_v132
731115061,vem_spoiler_14_t14_v6
731242393,vem_colour_2_mct_classic_salmon_pink_t25_v3
731263410,m_cl_clo_h3m_o_grp_4_t3_v12
731287380,f_cl_ht_fmf_5_2_t14_v0
731307790,vem_colour_mct_none_102
731399541,vem_supermod_23_7_t64_v6
731421786,vem_colour_2_mct_matte_matte_desert_t25_v0
731455432,packed_mp_veh_mod_idx_10_v68
731481313,packed_mp_veh_mod_idx_s_19_v378
731486425,m_cl_outfit_clo_stm_o_19_t12_v0_cesp
731487397,vem_smod_whlv184_t66_v0
731492401,packed_mp_veh_mod_idx_s_23_v312
731597895,packed_mp_veh_mod_idx_s_12_v123
731677537,packed_mp_veh_mod_idx_3_v316
731755573,f_cl_outfit_clo_hstf_o_d_0_t12_v0
731807185,packed_mp_veh_colour1_0_v203
731836711,f_cl_clo_hstfb_16_4_t1_v1
731839565,m_cl_clo_h2m_f_5_10_t6_v1
731913687,packed_mp_veh_mod_idx_11_v186
731925538,packed_ng_vehicle_bpt_v339
732026826,f_ha_cc_f_hs_4_t0_v0
732031040,m_cl_clo_sbm_u_12_7_t11_v1
732238392,packed_mp_veh_mod_idx_s_0_v379
732320564,f_ta_tat_h4_009_t0_v0
732365888,f_cl_clo_bbf_u_3_3_t8_v1
732415515,ve_zion3_t0_v3
732486843,packed_ng_vehicle_bpt_v340
732588961,packed_mp_veh_mod_idx_s_15_v391
732593665,vem_bumper_r_10_t35_v26
732602203,vem_supermod_22_0_t63_v35
732739792,packed_mp_veh_mod_idx_2_v162
732852371,mp_stat_mpsv_model_274
733007157,m_cl_clo_vwm_pw_5_0_t14_v1
733056573,packed_mp_veh_mod_idx_s_6_v123
733092468,packed_mp_veh_colour1_0_v372
733112867,packed_mp_veh_mod_idx_s_23_v273
733126304,f_cl_clo_awf_decl_110_t100_v0
733143898,ve_blazer4_t0_v3
733231544,vem_colour_extra_1_mct_classic_spin_purple_t24_v3
733237813,vem_insurance_fmj
733267334,m_cl_clo_stm_u_9_2_t11_v1
733393517,vem_insurance_crusader
733419708,vem_supermod_18_22_t59_v3
733490848,packed_mp_veh_colour1_0_v398
733575440,wh_index_3_t0_v0
733584885,packed_mp_veh_mod_idx_22_v71
733700071,packed_mp_veh_mod_idx_15_v219
733739027,packed_mp_veh_mod_var_0_v321
733744800,f_ta_tat_sm_007_t0_v0
733767073,m_cl_clo_sbm_ph_5_17_t14_v1
733871975,vem_turbo_0_t17_v27
733914088,vem_cmod_pla_4_t23_v4
733914330,wp_wm_tint6_t2_v61
733922124,vem_horn_hips4_t10_v31
733930450,vem_armour_5_t1_v31
733937119,vem_bumper_f_14_t34_v38
734066919,packed_mp_veh_mod_idx_s_5_v183
734156517,m_cl_clo_grm_l_0_5_t4_v1
734179928,vem_supermod_61_18_t61_v7
734230716,packed_mp_veh_mod_idx_16_v162
734243361,vem_colour_extra_1_mct_classic_saxon_blue_t24_v1
734345722,f_cl_clo_bhf_u_17_13_t11_v1
734402535,f_cl_clo_fxf_l_3_0_t4_v1
734406681,f_cl_clo_grf_f_0_21_t6_v1
734409331,packed_mp_veh_mod_idx_s_20_v40
734422019,m_cl_clo_smm_b_2_13_t1_v1
734430474,vem_supermod_11_6_t52_v3
734453065,packed_mp_veh_mod_idx_s_7_v137
734534380,f_cl_clo_awf_o_e_9_t8_v12
734564894,packed_ng_vehicle_smoke_v171
734655903,m_cl_clo_smm_ph_4_14_t14_v1
734679931,m_cl_f_fmm_15_4_t6_v0
734699501,packed_mp_veh_colour1_0_v368
734764062,m_ha_cc_body_1_5_t3_v1
734777797,vem_horn_xm15_2_t10_v39
734784562,f_cl_clo_smf_ph_4_8_t14_v1
734808765,vem_supermod_20_0_t61_v39
734835437,vem_colour_1_mct_classic_race_yellow_t24_v3
734870361,packed_mp_veh_window_tint_0_v332
735021862,m_cl_clo_sbm_f_2_10_t6_v1
735022870,m_cl_f_fmm_15_11_t6_v0
735035308,packed_mp_veh_mod_idx_s_11_v161
735149230,m_cl_clo_x6m_u_0_16_t11_v1
735201597,ve_technical_t1_v0
735291568,packed_mp_veh_mod_idx_18_v265
735308514,f_cl_clo_stf_u_7_6_t11_v1
735416025,f_cl_clo_grf_u_3_5_t11_v1
735448862,m_cl_outfit_clo_h3m_o_prp_2_t12_v0
735461185,m_cl_u_fmm_7_9_t11_v0
735494304,wp_wm_tint5_t2_v94
735638356,m_cl_clo_lxm_dec_3_t11_v1
735667025,packed_lr_vehicle_colour_5_v98
735678070,vem_hood_20_t9_v3
735729341,vem_hiend_15_t19_v0
735788304,packed_mp_veh_mod_idx_4_v383
735806283,f_cl_outfit_clo_h2f_o_g_24_t12_v0
735997788,packed_mp_veh_mod_idx_s_22_v400
736057595,packed_mp_veh_window_tint_0_v108
736108666,packed_mp_veh_mod_idx_s_8_v341
736148433,f_cl_clo_bif_s_17_8_t8_v1
736152265,packed_mp_veh_mod_idx_24_v330
736173512,m_cl_clo_v2m_u_0_1_t11_v1
736334989,vem_cmod_tyr_3_t18_v2
736373253,packed_ng_vehicle_insurance_v188
736425967,vem_cmod_tyr_0_t31_v36
736502814,packed_ng_vehicle_neon_kit_v256
736564181,f_cl_clo_grf_f_0_17_t6_v1
736575317,vem_colour_6_harbor_blue_t65_v3
736591981,packed_mp_veh_mod_idx_s_3_v396
736790586,packed_mp_veh_mod_idx_s_14_v161
736871968,hangar_mod_lighting_0_t0_v1
736967682,vem_insurance_stockade
736986110,vem_smod_whl28_t19_v12
737127784,vem_supermod_11_2_t52_v3
737383158,autoshop_wal_5_t0_v0
737529667,packed_mp_veh_mod_idx_s_22_v185
737555463,m_cl_clo_bim_decl_67_t100_v0
737599960,packed_mp_veh_secondary_colour_group_v210
737667796,vem_rwd_drft_13_t19_v1
737711394,packed_mp_veh_mod_var_0_v102
737725064,vem_smod_whl11_t19_v12
737735490,packed_mp_veh_colour1_0_v222
737766068,vem_colour_2_mct_classic_cabernet_red_t25_v2
737791641,packed_mp_veh_mod_idx_s_1_v15
737814677,f_cl_clo_grf_u_20_24_t11_v1
737843225,packed_mp_veh_mod_idx_s_19_v72
737894399,packed_mp_veh_mod_idx_s_4_v92
737902565,vem_smod4_whlv136_t66_v3
737959302,packed_mp_veh_mod_idx_24_v129
738020804,m_cl_clo_exm_g_15_9_t14_v0
738063595,m_cl_clo_smm_u_7_2_t11_v1
738134248,packed_mp_veh_mod_idx_s_3_v327
738188989,vem_supermod_18_1_t59_v27
738196941,m_cl_clo_smm_ph_0_9_t14_v1
738278102,f_ta_tat_st_043_t0_v0
738283104,vem_yacht_flag_33_v0
738461200,vem_horn_cnote_a0_t10_v2
738548673,vem_smod_whl17_t19_v12
738571586,f_cl_clo_grf_l_2_11_t4_v1
738599932,f_ta_tat_fm_223_t0_v0
738684574,packed_mp_veh_mod_idx_s_3_v150
738722384,vem_smod5_whlv62_t66_v3
738888639,packed_mp_veh_livery2_0_v330
739036542,m_cl_f_fmm_9_0_t6_v0
739087413,vem_suv_15_t19_v12
739179688,packed_mp_veh_colour2_0_v141
739278335,packed_mp_veh_plate_id_v133
739316166,veu_diablous2_t0_v0
739422619,vem_colour_extra_1_mct_metallic_light_blue_t24_v4
739442662,ve_big_plane_t0_v0
739506074,vem_engine_1_t5_v11
739511139,f_cl_clo_smf_b_6_10_t1_v1
739543417,f_cl_clo_fxf_pe_1_0_t14_v1
739832941,packed_mp_veh_mod_var_0_v333
739984884,m_cl_clo_bbm_h_0_0_t14_v1
740033283,m_cl_g_fmm_7_0_t14_v0
740048236,vem_cmod_hrn_sad_t10_v28
740052776,packed_mp_veh_mod_idx_s_7_v160
740065878,dec_vw_aw_mt_3b
740072749,vem_supermod_9_14_t50_v27
740162002,packed_mp_veh_mod_idx_6_v213
740183132,packed_mp_veh_mod_idx_s_12_v4
740232894,packed_mp_veh_mod_idx_0_v92
740288370,vem_colour_extra_1_mct_matte_matte_for_t24_v2
740313309,packed_mp_veh_mod_idx_22_v254
740326057,packed_mp_veh_mod_idx_s_19_v139
740445767,packed_ng_vehicle_neon_v357
740479806,packed_mp_veh_mod_idx_s_9_v287
740657843,m_cl_clo_sbm_b_4_0_t1_v1
740682567,m_cl_clo_grm_u_7_3_t11_v1
740721334,m_cl_clo_vwm_ph_0_6_t14_v1
740738492,f_ta_tat_fm_220_t0_v0
740743474,packed_mp_veh_mod_idx_4_v140
740748518,fixer_hq_tnt_5_t0_v0
740767308,vem_insurance_weevil2
740789228,vem_supermod_9_6_t50_v26
740801827,m_cl_clo_v2m_u_1_11_t11_v1
740866121,casweb_bedrm_0_t0_v0
740870670,vem_colour_extra_1_mct_pearlescent_might_purple_t24_v1
740902341,f_cl_clo_sbf_e_0_8_t14_v1
741027147,m_cl_clo_trm_f_1_11_t6_v1
741067338,packed_lr_vehicle_colour_5_v47
741296296,vem_supermod_23_2_t64_v22
741311414,packed_mp_veh_mod_idx_14_v318
741359457,vem_supermod_10_5_t51_v10
741368081,vem_supermod_6_22_t47_v3
741399654,packed_mp_veh_livery_0_v37
741514461,packed_mp_veh_colour_extra1_0_v53
741648376,vem_grill_10_t8_v38
741661851,vem_horn_clas4_t10_v28
741663631,packed_mp_veh_mod_idx_s_10_v190
741756169,m_cl_g_fmm_4_7_t14_v0
741771426,m_cl_outfit_clo_awm_o_g_4_t12_v0
741818545,f_cl_u_fmf_13_5_t8_v0
741838701,wp_wct_camo_4_t1_v70_n2
741912482,vem_cmod_neoncol_4_t21_v10
742022368,f_ta_tat_bi_025_t0_v0
742080150,packed_mp_veh_livery_0_v398
742109026,vem_horn_cnote_c1_t10_v7
742222540,m_cl_outfit_clo_hilf_o_16_t12_v0
742355405,f_ta_tat_gr_029_t0_v0
742410919,f_cl_clo_suf_u_7_21_t11_v1
742421750,f_cl_clo_suf_u_19_18_t11_v1
742499889,service_spend_wager
742515072,packed_mp_veh_mod_var_1_v58
742547568,vem_colour_extra_1_mct_matte_grey_t24_v1
742602977,packed_mp_veh_mod_idx_s_20_v32
742635355,m_ha_cc_eyebrw_22_t2_v0
742662466,vem_colour_extra_1_mct_metallic_bright_green_t24_v2
742705503,m_cl_clo_smm_b_5_9_t1_v1
742870229,vem_chassis_3_t4_v37
742886829,packed_mp_veh_mod_idx_s_2_v105
742932122,packed_mp_veh_wheel_type_0_v88
742938780,m_ta_tat_bi_002_t0_v0
743038004,vem_colour_mct_none_152
743046959,vem_cmod_hrn_clo_t10_v7
743059146,vem_colour_2_mct_classic_surf_blue_t25_v1
743065694,vem_colour_2_mct_classic_bright_green_t25_v1
743104155,f_cl_clo_x6f_u_25_1_t11_v1
743106228,packed_mp_veh_mod_idx_23_v324
743127619,m_ta_tat_x6_028_t0_v0
743135378,vem_horn_lowrder1_t10_v27
743149546,m_ha_cc_body_1_12_t3_v1
743182086,m_cl_clo_s1m_u_4_0_t11_v1
743197377,packed_mp_veh_plate_id_v230
743200507,packed_mp_veh_mod_idx_s_19_v315
743290083,packed_mp_veh_mod_idx_12_v124
743317726,vem_suspension_0_t15_v35
743318884,packed_mp_veh_window_tint_0_v283
743321934,f_cl_clo_suf_u_17_3_t11_v1
743395773,f_cl_t_fmf_6_4_t7_v0
743402904,vem_grill_0_t8_v10
743431657,m_cl_clo_arm_o_12_t3_v12
743490618,packed_mp_veh_mod_idx_5_v47
743550174,wp_wm_tint3_t2_v25
743605211,packed_mp_veh_mod_idx_1_v245
743674077,f_ha_cc_eyebrw_33_t2_v1
743744815,f_cl_clo_stf_u_3_4_t11_v1
743752728,f_cl_clo_grf_ph_4_19_t14_v1
743796894,m_ta_tat_h3_038_t0_v0
743836670,vem_brake_3_t2_v29
743928051,m_cl_clo_x6m_f_4_4_t6_v1
743933618,packed_mp_veh_mod_idx_s_22_v9
744034349,f_cl_clo_h3f_ph_9_5_t14_v1
744109257,vem_bikew_08_t19_v3
744164747,vem_hood_14_t9_v27
744218066,packed_mp_veh_mod_idx_s_13_v193
744240750,packed_mp_veh_mod_var_0_v18
744252918,vem_supermod_13_0_t54_v31
744332953,f_cl_clo_suf_decl_1_t11_v1
744334060,m_cl_clo_h3m_l_4_12_t4_v1
744539561,vem_supermod_19_11_t60_v3
744540232,vem_colour_2_mct_classic_straw_brown_t25_v4
744560245,packed_ng_vehicle_neon_kit_v121
744694755,wp_wm_tint6_t2_v85
744764943,vem_colour_1_mct_classic_nautical_blue_t24_v33
744828592,packed_mp_veh_mod_idx_12_v35
744833093,packed_mp_veh_mod_idx_s_13_v267
744872266,vem_supermod_57_12_t57_v7
744917439,m_cl_clo_iem_u_4_16_t11_v1
745036793,packed_mp_veh_mod_idx_4_v167
745056931,f_cl_clo_smf_ph_1_2_t14_v1
745168060,m_cl_clo_x6m_ph_8_11_t14_v1
745198865,packed_mp_veh_colour_extra1_0_v222
745260105,f_cl_clo_sbf_f_3_5_t6_v1
745373426,f_cl_clo_grf_b_5_13_t1_v1
745404600,m_ta_tat_sb_043_t0_v0
745683934,packed_mp_veh_mod_idx_s_8_v186
745700529,m_cl_clo_sum_u_12_2_t11_v1
745748840,f_cl_clo_scf_u_4_3_t11_v1
745839413,packed_mp_veh_mod_idx_s_19_v54
745865920,vem_brake_1_t2_v38
745907388,m_ha_cc_m_hs_9_t0_v2
746037568,veu_vigilante_t0_v0
746047604,vem_supermod_23_5_t64_v26
746079540,packed_mp_veh_mod_idx_s_9_v363
746261989,f_cl_clo_awf_b_8_8_t1_v1
746283521,f_cl_clo_vwf_u_12_8_t11_v1
746339176,vem_colour_2_mct_classic_lime_green_t25_v3
746342550,vem_cmod_neonlay_7_t21_v38
746426507,packed_mp_veh_mod_idx_24_v404
746449759,packed_mp_veh_mod_idx_s_2_v30
746464271,m_cl_clo_h2m_ph_413_t14_v1
746476828,f_cl_clo_s1f_dec_16_t100_v0
746564876,packed_mp_veh_mod_var_0_v414
746658622,vem_cmod_tyr_pat_t18_v27
746668968,packed_mp_veh_mod_idx_11_v55
746702130,packed_ng_vehicle_neon_v323
746704684,m_cl_clo_bhm_u_2_18_t11_v1
746717285,vem_horn_indi_3_t10_v3
746862100,f_cl_f_fmf_3_0_t6_v0
746908470,vem_insurance_vigero
747035913,packed_mp_veh_mod_idx_8_v275
747045949,f_cl_outfit_clo_h3f_o_dl_35_t12_v0
747057767,f_cl_outfit_clo_h4f_o_l1_f2_t12_v0
747132720,vem_suv_08_t19_v0
747200748,packed_mp_veh_mod_idx_s_16_v253
747233721,packed_mp_veh_colour_extra2_0_v382
747316370,vem_colour_2_mct_metallic_galaxy_blue_t25_v1
747411735,vem_supermod_3_38_t44_v11
747440028,packed_mp_veh_mod_idx_23_v370
747475703,m_cl_outfit_clo_trm_o_d1_t12_v0
747627847,m_cl_clo_iem_u_17_21_t11_v1
747650455,f_cl_clo_h3f_u_10_18_t11_v1
747669683,packed_mp_veh_mod_idx_18_v327
747674880,vem_roof_9_t12_v38
747731304,m_ta_tat_bi_004_t0_v0
747740018,vem_cmod_hrn_mus4_t10_v32
747746071,f_cl_clo_exf_au_5_0_t11_v1
747773779,packed_mp_veh_mod_idx_s_8_v265
748025777,wp_wct_clip2_t1_v24
748153935,vem_horn_xm15_3_t10_v10
748261406,packed_mp_veh_mod_idx_s_16_v319
748268267,packed_mp_veh_livery2_0_v34
748314208,vem_cmod_tyr_1_t32_v39
748333568,packed_mp_veh_secondary_colour_group_v256
748376074,vem_livery2_1_t39_v3
748432497,packed_mp_veh_mod_idx_6_v381
748448643,m_cl_clo_bhm_u_0_7_t11_v1
748493348,packed_mp_veh_mod_idx_s_16_v184
748576514,vem_colour_extra_1_mct_classic_shadow_silver_t24_v1
748617616,packed_mp_veh_mod_idx_1_v284
748655393,vem_colour_1_mct_classic_midnight_silver_t24_v0
748667194,vem_supermod_21_14_t62_v3
748712591,m_cl_clo_sum_u_11_5_t11_v1
748717559,m_cl_outfit_clo_awm_o_g_2_t12_v0
748954376,f_cl_outfit_clo_bif_o_5_t12_v0
748959724,wp_wm_tint3_t2_v7
749034076,vem_suv_14_t19_v2
749112798,packed_mp_veh_mod_idx_s_22_v201
749148424,vem_skirt_7_t13_v4
749195378,vem_insurance_superd
749280114,packed_mp_char_yacht_mod_v0
749290065,f_cl_clo_awf_decl_118_t100_v0
749298549,vem_supermod_10_9_t51_v28
749409034,packed_mp_veh_colour2_0_v18
749410400,m_cl_clo_l2m_w_11_1_t14_v1
749439563,packed_mp_veh_colour2_0_v96
749544524,packed_mp_veh_mod_idx_s_0_v205
749605121,vem_supermod_21_10_t62_v28
749691358,f_cl_clo_h2f_o_c_2_t8_v12
749699837,f_cl_clo_fxf_u_9_8_t11_v1
749792843,vem_supermod_17_0_t58_v36
749793044,m_cl_clo_hstm_o_f_0_t3_v12
749853339,vem_supermod_17_22_t58_v3
749897764,vem_bikew_13_t19_v4
750076838,vem_horn_indi_2_t10_v29
750136514,f_cl_clo_x6f_ph_8_20_t14_v1
750190052,m_cl_clo_bbm_l_0_11_t4_v1
750217365,wp_wct_c_tint_13_t2_v13_n2
750362821,packed_mp_veh_mod_idx_s_8_v332
750431558,pr_pm_modshop_15_t0_v0
750439895,m_cl_clo_h4m_t_0_2_t7_v1
750454536,m_ha_hair_beard17_t1_v0
750465479,vem_cmod_neoncol_4_t21_v29
750492501,vem_brake_0_t2_v7
750576545,m_cl_clo_exm_al_11_3_t4_v1
750662642,f_cl_f_fmf_14_13_t6_v0
750787832,packed_mp_veh_mod_idx_7_v300
750837117,packed_mp_veh_mod_idx_s_2_v72
750865262,m_cl_clo_grm_f_3_1_t6_v1
750898760,ve_virgo3_t0_v3
750952558,packed_mp_veh_mod_idx_13_v141
750982360,mp_stat_nightclub_mod_4_v0
750988449,packed_mp_veh_mod_idx_s_20_v75
750992973,packed_mp_veh_mod_idx_s_13_v249
751024191,packed_mp_veh_mod_idx_1_v319
751048782,f_cl_clo_fxf_pe_4_5_t14_v1
751104827,packed_mp_veh_mod_idx_0_v177
751145568,packed_ng_vehicle_smoke_v192
751321225,wp_wct_tint_30_t2_v22_n2
751345710,packed_mp_veh_mod_idx_s_0_v403
751565351,vem_rwd_loride_02_t19_v2
751646767,f_cl_clo_sbf_ph_5_13_t14_v1
751709123,packed_mp_veh_mod_idx_s_4_v104
751765890,packed_mp_veh_mod_idx_s_0_v104
751819650,f_cl_clo_awf_u_7_15_t11_v1
751826620,packed_mp_veh_livery_0_v12
751830040,packed_mp_veh_secondary_colour_group_v109
751946585,packed_ng_vehicle_bpt_v321
752027055,f_ha_face_e_c_13_t4_v0
752030465,vem_smod_whlv111_t66_v3
752064062,m_cl_clo_s2m_u_1_8_t11_v1
752082423,f_cl_clo_scf_u_0_17_t11_v1
752098232,vem_skirt_0_t13_v4
752150346,packed_mp_veh_mod_idx_5_v227
752227845,vem_colour_extra_1_mct_pearlescent_blue_silver_t24_v0
752281683,packed_mp_veh_mod_idx_s_22_v43
752375210,packed_mp_veh_wheel_type_0_v238
752412708,f_cl_f_fmf_7_4_t6_v0
752415452,wh_index_12_t0_v0
752469363,vem_horn_clas6_t10_v4
752540717,m_cl_clo_bbm_l_0_0_t4_v1
752614307,packed_mp_veh_mod_idx_4_v17
752658751,f_cl_clo_smf_b_9_24_t1_v1
752661730,f_cl_clo_x2f_ht_2_1_t14_v1
752742304,f_cl_clo_exf_el_0_0_t4_v1
752762726,vem_smod4_whlv69_t66_v2
752801306,vem_colour_1_mct_matte_white_t24_v0
752869702,packed_mp_veh_mod_idx_s_17_v183
752914658,vem_colour_2_mct_metallic_anthr_black_t25_v0
752914985,vem_supermod_20_6_t61_v27
752930290,vem_cmod_neonlay_5_t21_v3
752951308,f_cl_clo_h3f_ph_6_20_t14_v1
752977033,packed_mp_veh_mod_idx_s_0_v318
753043044,packed_mp_veh_mod_idx_s_19_v210
753145391,packed_ng_vehicle_neon_kit_v157
753424456,packed_mp_veh_mod_idx_s_5_v221
753469273,packed_mp_veh_colour_extra1_0_v105
753497351,f_cl_clo_x6f_f_0_1_t6_v1
753499199,packed_mp_veh_mod_idx_s_19_v137
753530908,f_cl_clo_indf_ht_0_0_t14_v1
753555862,m_cl_clo_grm_u_6_19_t11_v1
753665465,packed_mp_veh_mod_idx_s_21_v399
753694997,f_cl_outfit_clo_lxf_o_9_t12_v0
753715728,m_cl_clo_stm_h_9_18_t14_v1
753755085,packed_mp_veh_mod_idx_9_v297
753773441,packed_mp_veh_mod_idx_s_16_v173
753869252,packed_mp_veh_mod_idx_12_v414
753992400,vem_supermod_13_20_t54_v3
753996540,packed_mp_veh_mod_idx_s_6_v103
753997842,packed_ng_vehicle_insurance_v42
754018020,f_cl_clo_trf_f_1_23_t6_v1
754020153,m_ta_tat_h4_028_t0_v0
754032064,packed_mp_veh_mod_idx_22_v109
754049159,f_cl_clo_scf_f_0_16_t6_v1
754049393,packed_mp_veh_mod_idx_s_18_v33
754081576,packed_mp_veh_mod_idx_0_v382
754094103,f_ta_tat_l2_016_t0_v0
754145837,f_cl_clo_h2f_o_g_14_t8_v12
754208104,f_cl_clo_val_decl_r_t8_v1
754284602,f_cl_clo_x6f_u_2_11_t11_v1
754317025,vem_bumper_f_10_t34_v26
754436686,f_cl_clo_bif_decl_18_t100_v0
754458733,packed_lr_vehicle_colour_5_v188
754472555,m_cl_o_fmm_s3_t3_v12
754490665,f_ta_tat_x6_047_t0_v0
754504220,f_cl_clo_smf_b_7_11_t1_v1
754592115,packed_ng_vehicle_neon_kit_v414
754627135,pr_mp_prop_61_t0_v0
754636285,f_cl_outfit_clo_h2f_o_s_15_t12_v0
754641296,vem_colour_extra_1_mct_pearlescent_hot
754667941,vem_insurance_penumbra
754741747,vem_supermod_23_37_n1_t64_v3
754773227,packed_mp_veh_mod_idx_7_v17
754802492,m_cl_g_fmm_10_7_t14_v0
754888701,f_cl_clo_lxf_dec_32_t11_v1
755015326,packed_mp_veh_mod_idx_18_v213
755117271,packed_mp_veh_mod_idx_16_v331
755207530,f_cl_clo_lxf_l_0_1_t4_v1
755207731,f_cl_l_fmf_11_1_t4_v0
755221931,f_cl_clo_awf_b_8_9_t1_v1
755245083,m_cl_outfit_clo_h3m_o_ff_1_t12_v0
755246250,packed_mp_veh_mod_idx_10_v46
755261298,f_cl_clo_smf_u_2_7_t11_v1
755264656,mp_stat_mpsv_model_368
755380823,f_cl_clo_busf_l_1_11_t4_v1
755602236,f_cl_clo_bhf_l_2_1_t4_v1
755654173,m_cl_clo_sbm_l_0_21_t4_v1
755671120,m_cl_clo_lxm_dec_30_t100_v0
755789461,packed_mp_veh_primary_colour_group_v41
755822115,vem_horn_indi_4_t10_v29
755892948,f_cl_clo_bhf_b_0_4_t1_v1
755981392,f_cl_clo_bhf_u_11_1_t11_v1
755984392,packed_mp_veh_colour_extra1_0_v326
756085560,fcncl_mod7_3_t0_v0
756235684,m_cl_clo_hilf_o_5_t3_v12
756242409,vem_smod4_whlv56_t66_v0
756339888,vem_armour_1_t1_v38
756398344,packed_mp_veh_mod_idx_s_1_v364
756449089,wp_fw_tint6_t6_v1
756456131,wp_wct_c_tint_17_t2_v9_n2
756509662,f_cl_clo_ief_u_5_5_t11_v1
756591492,vem_supermod_21_0_t62_v6
756631864,m_cl_clo_l2m_dec_17_t100_v0
756657531,vem_supermod_8_11_t49_v28
756687877,m_cl_clo_bim_ph_11_8_t14_v1
756739135,packed_ng_vehicle_neon_v8
756839412,packed_mp_veh_mod_idx_1_v369
756894073,packed_mp_veh_primary_colour_group_v155
756896613,packed_mp_veh_mod_var_0_v3
756972596,packed_mp_veh_mod_var_0_v319
757037657,mp_stat_multstorey_gar_tint_f4_v0
757122769,packed_mp_veh_mod_idx_2_v299
757156595,m_ta_tat_fm_208_t0_v0
757168700,packed_mp_veh_mod_idx_10_v300
757214811,f_cl_clo_h3f_decl_17_t11_v1
757288224,f_cl_clo_sbf_l_2_16_t4_v1
757309496,m_cl_clo_fxm_ph_0_8_t14_v1
757381764,f_cl_outfit_clo_bus_f_o_1_t12_v0
757382580,wp_wct_barr_t1_v9_n2
757439666,f_cl_clo_sbf_u_0_11_t11_v1
757501947,m_cl_clo_h2m_u_3_13_t11_v1
757519902,vem_colour_mct_none_39
757571822,vem_cmod_pla_0_t23_v31
757659908,packed_lr_vehicle_colour_5_v217
757815795,vem_cmod_pla_1_t23_v11
757853968,vem_yacht_col_0_v0
757862967,vem_rwd_musc_11_t19_v2
758042159,vem_chassis_2_t4_v0
758044647,packed_mp_veh_colour2_0_v407
758057564,f_cl_clo_suf_u_12_4_t11_v1
758070146,arc_index_5_t0_v0
758169283,f_cl_clo_x2f_l_0_1_t4_v1
758280155,packed_mp_veh_colour_extra1_0_v372
758428883,f_cl_clo_x4f_u_11_8_t11_v1
758502727,f_cl_clo_awf_decl_31_t100_v0
758528561,vem_horn_cnote_d0_t10_v2
758534231,packed_ng_vehicle_insurance_v380
758568966,m_cl_clo_bhm_u_6_1_t11_v1
758594041,ve_vestra_t1_v0
758687207,f_cl_clo_half_7_0_t1_v1
758701984,f_cl_g_fmf_8_0_t14_v0
758745861,packed_mp_veh_mod_idx_s_19_v383
758816809,m_cl_ht_fmm_14_4_t14_v0
758846454,m_cl_clo_busm_s_0_5_t8_v1
758849821,vem_cmod_pla_0_t23_v38
758882219,packed_mp_veh_livery2_0_v201
758889997,packed_mp_veh_mod_idx_11_v30
758961377,f_cl_clo_suf_u_0_16_t11_v1
759064212,f_ta_tat_fx_022_t0_v0
759109617,vem_supermod_23_40_n1_t64_v34
759152267,mp_stat_mpsv_model_406
759164412,f_cl_clo_bbf_p0_5_t14_v1
759393716,packed_mp_veh_mod_idx_5_v160
759546916,ve_journey_t0_v0
759571775,vem_supermod_6_3_t47_v26
759577850,mp_stat_mpsv_model_162
759587230,packed_ng_vehicle_bpt_v27
759680507,m_cl_clo_hp_g_0_7_t14_v1
759696241,packed_lr_vehicle_colour_5_v130
759731913,vem_rwd_loride_12_t19_v0
759840619,f_cl_clo_awf_b_2_1_t1_v1
759853547,packed_mp_veh_mod_idx_11_v241
760026416,packed_mp_veh_mod_idx_s_23_v236
760111610,m_cl_clo_h2m_b_11_8_t1_v1
760157695,m_cl_clo_vwm_b_0_0_t1_v1
760197870,wp_wm_tint3_t2_v61
760248677,f_cl_clo_bif_b_0_7_t1_v1
760288931,packed_ng_vehicle_smoke_v163
760318755,packed_mp_veh_colour1_0_v271
760331926,f_cl_clo_h2f_f_3_17_t6_v1
760481312,packed_mp_veh_mod_idx_s_19_v15
760490435,vem_truck_tint_6_t0_v0
760544753,m_ta_tat_vw_008_t0_v0
760644676,packed_mp_veh_mod_idx_15_v409
760664960,packed_mp_veh_mod_idx_s_15_v279
760668435,m_cl_clo_trm_u_15_16_t11_v1
760689519,packed_mp_veh_mod_idx_s_18_v187
760782116,f_cl_clo_fxf_u_4_1_t11_v1
760832118,m_cl_clo_vwm_u_8_24_t11_v1
760889504,f_cl_clo_x6f_u_26_1_t11_v1
761095862,f_cl_clo_val_decl_h_t100_v0
761118918,m_cl_clo_bim_ph_1_7_t14_v1
761152819,vem_cmod_win_2_t33_v38
761314610,packed_mp_veh_mod_idx_2_v20
761431189,vem_smod4_whlv91_t66_v0
761497127,m_cl_clo_h4m_plw_0_4_t14_v1
761613427,f_cl_clo_hst_f_a_8_t11_v1
761665451,packed_mp_veh_mod_idx_s_5_v261
761707880,packed_mp_veh_mod_idx_s_13_v229
761775680,vem_smod4_whlv19_t66_v2
761817176,vem_smod5_whlv201_t66_v3
761845841,m_cl_clo_vwm_u_14_3_t11_v1
761850928,f_cl_clo_h4f_u_2_20_t11_v1
761895803,dec_vw_aw_mf_5a
761999406,service_earn_sightseeing_reward
762052039,f_cl_clo_stf_u_6_17_t11_v1
762105071,packed_mp_veh_mod_idx_s_10_v92
762121239,f_cl_clo_bhf_u_2_9_t11_v1
762234244,packed_mp_veh_mod_idx_s_20_v286
762309199,vem_insurance_imperator3
762422407,m_cl_clo_vwm_u_9_11_t11_v1
762580316,packed_mp_veh_mod_idx_0_v319
762767325,f_cl_clo_stf_o_20_t11_v12_cesp
763141621,f_cl_clo_indf_ht_4_0_t14_v1
763146308,packed_mp_veh_mod_idx_s_20_v13
763288480,packed_mp_veh_mod_idx_s_17_v129
763334443,m_cl_clo_smm_ph_3_14_t14_v1
763414598,packed_mp_veh_mod_idx_15_v287
763433840,vem_horn_cnote_g0_t10_v10
763436784,packed_mp_veh_mod_idx_s_17_v335
763466032,f_cl_outfit_clo_h2f_o_s_8_t12_v0
763512667,wp_wct_tint_31_t2_v1_n2
763513140,packed_mp_veh_mod_idx_s_11_v242
763602403,packed_mp_veh_mod_idx_8_v138
763685512,packed_mp_veh_mod_idx_23_v319
763689541,m_cl_clo_hp_d_8_t100_v0
763728979,packed_mp_veh_mod_idx_7_v376
763808084,packed_lr_vehicle_colour_6_v210
763850583,packed_mp_veh_mod_idx_s_15_v397
763860653,f_cl_clo_stf_o_6_t8_v12_cesp
763875837,packed_ng_vehicle_neon_kit_v18
763916271,vem_rwd_bikew_10_t19_v4
764097700,vem_rwd_offr_06_t19_v12
764102527,packed_mp_veh_mod_idx_s_0_v1
764140967,vem_spoiler_24_t14_v38
764151547,vem_insurance_tampa2
764176582,vem_horn_hips3_t10_v39
764231498,packed_ng_vehicle_smoke_v83
764267643,packed_mp_veh_mod_idx_s_5_v9
764321154,vem_chassis_4_t4_v38
764364130,vem_rwd_offr_06_t19_v3
764418325,m_cl_clo_fxm_ph_1_10_t14_v1
764503937,f_cl_clo_hstfb_14_24_t1_v1
764513784,packed_mp_veh_mod_idx_s_14_v146
764551990,packed_mp_veh_mod_idx_s_16_v109
764560431,vem_colour_extra_1_mct_metallic_grace_red_t24_v33
764572011,m_cl_clo_l2m_e_31_1_t14_v1
764601356,packed_mp_veh_mod_idx_s_15_v297
764646082,vem_colour_extra_1_mct_metallic_moss_brown_t24_v3
764688672,f_ha_cc_blush_8_t5_v0
764764225,vem_supermod_23_2_t64_v19
764764930,packed_mp_veh_mod_idx_s_7_v198
764782923,f_cl_clo_sbf_l_2_3_t4_v1
764788295,packed_ng_vehicle_smoke_v99
764881885,ve_felon2_t0_v0
764898784,packed_mp_veh_mod_idx_s_6_v255
764943897,f_cl_clo_suf_u_12_0_t11_v1
764961756,packed_mp_veh_mod_idx_6_v409
764974292,vem_cmod_col5_22_t29_v4
764980623,mp_stat_mpsv_model_103
764982395,vem_horn_clas3_t10_v11
765021569,m_cl_clo_smm_ph_3_8_t14_v1
765050295,packed_mp_veh_colour_extra1_0_v3
765079837,packed_mp_veh_mod_idx_s_21_v263
765089610,vem_supermod_9_10_t50_v26
765278358,vem_fender_r_0_t37_v1
765315060,vem_colour_2_mct_metallic_graphite_t25_v4
765377691,f_cl_clo_exf_au_2_1_t11_v1
765423532,packed_mp_veh_mod_idx_s_1_v65
765458235,wp_wm_tint7_t2_v61
765517916,packed_mp_veh_mod_idx_s_13_v194
765536563,m_cl_clo_exm_g_4_10_t14_v0
765570841,f_cl_clo_hp_f_f_0_7_t6_v1
765762699,packed_mp_veh_mod_idx_s_17_v313
765806464,hangar_mod_colour_2_t0_v0
765857616,m_cl_g_fmm_2_0_t14_v0
765864879,vem_colour_extra_1_mct_classic_bleeched_brown_t24_v3
765895325,vem_cmod_hrn_trk_t10_v7
765948450,f_cl_clo_hstf_f_1_0_t6_v1
766044768,vem_supermod_1_14_t42_v10
766131053,m_cl_clo_exm_au_11_0_t11_v1
766133175,packed_mp_veh_mod_idx_s_22_v169
766142040,m_cl_clo_sum_u_9_4_t11_v1
766322372,packed_ng_vehicle_neon_kit_v228
766380874,packed_mp_veh_mod_idx_23_v382
766535740,f_cl_clo_x6f_f_6_6_t6_v1
766671656,packed_mp_veh_mod_idx_8_v209
766690834,vem_supermod_6_1_t47_v26
766781170,vem_cmod_hrn_clo_t10_v30
766787243,vem_truck_tint_11_t0_v0
766845606,vem_cmod_hrn_mus1_t10_v26
766867539,f_cl_clo_sbf_pe_1_10_t14_v1
766918663,packed_mp_veh_window_tint_0_v368
766969304,vem_cmod_col5_13_t29_v1
767022906,vem_supermod_49_22_t49_v7
767178843,vem_hlight_6_t11_v38
767230063,m_cl_clo_vwm_u_19_12_t11_v1
767304866,packed_mp_veh_livery2_0_v327
767344553,f_cl_outfit_clo_h3f_o_dh_36_t12_v0
767356583,f_cl_u_fmf_9_4_t11_v0
767417695,vem_cmod_pla_text_new_t23_v7
767521160,m_cl_clo_hilf_o_29_t3_v12
767707635,m_cl_ht_fmm_0_7_t14_v0
767714102,vem_supermod_5_9_t46_v28
767720477,m_cl_clo_hp_g_1_7_t14_v1
767724296,vem_drft_14_t19_v3
767907967,service_earn_refund_clear_wanted
767918204,packed_mp_veh_mod_idx_s_23_v103
767935512,packed_mp_veh_mod_idx_s_22_v300
767960169,vem_supermod_1_2_t42_v38
767972439,m_cl_clo_vwm_u_23_7_t11_v1
768061661,m_cl_outfit_o_fmm_b2_t12_v0
768086769,packed_mp_veh_mod_idx_s_22_v211
768109474,packed_mp_veh_mod_idx_22_v359
768149753,f_cl_f_fmf_1_12_t6_v0
768249690,packed_mp_veh_mod_idx_s_14_v174
768295805,vem_colour_extra_1_mct_pearlescent_bright_green_t24_v4
768365766,packed_mp_veh_mod_idx_15_v82
768385749,m_cl_clo_bim_u_3_1_t11_v1
768403086,m_cl_clo_sbm_u_11_23_t11_v1
768517682,packed_mp_veh_mod_idx_7_v271
768587364,vem_cmod_tyr_11_t18_v4
768629586,m_cl_clo_hp_u_9_0_t8_v1
768694199,m_cl_clo_h2m_u_3_20_t11_v1
768731981,packed_mp_veh_mod_idx_s_9_v188
768738280,packed_ng_vehicle_neon_v75
768745920,f_cl_clo_arf_o_7_t3_v12
768790477,f_cl_outfit_clo_h4f_o_sm_f3_t12_v0
768820205,packed_mp_veh_mod_idx_s_20_v151
768919706,packed_mp_veh_mod_idx_3_v26
768949250,vem_smod4_whlv116_t66_v0
769024616,f_cl_outfit_clo_ltsf_o_6_t12_v0
769092894,packed_mp_veh_mod_idx_16_v183
769110752,m_cl_clo_sbm_l_0_16_t4_v1
769140601,f_cl_clo_x6f_u_24_12_t11_v1
769240896,f_cl_clo_exf_eu_16_4_t11_v1
769248969,m_cl_outfit_clo_h3m_o_und_1_t12_v0
769348181,fixer_hq_index_2_t0_v0
769426502,f_ha_cc_mkup_84_t5_v0
769543940,mp_stat_multi_property_8_v0
769573958,vem_grill_1_t8_v26
769630032,packed_mp_veh_mod_idx_18_v226
769662274,vem_supermod_10_2_t51_v11
769678693,vem_smod_whl20_t19_v12
769824357,f_cl_clo_x6f_ph_0_25_t14_v1
769833864,m_cl_clo_x2m_u_0_0_t11_v1
769975443,packed_mp_veh_mod_idx_3_v280
769999121,f_cl_f_fmf_1_14_t6_v0
770038420,f_cl_clo_awf_o_b_4_t8_v12
770189445,f_cl_clo_fxf_l_3_6_t4_v1
770204223,f_cl_clo_x6f_u_30_12_t11_v1
770219893,packed_mp_veh_mod_idx_3_v344
770268540,f_cl_clo_hp_f_o_6_t3_v12
770301309,packed_mp_veh_mod_idx_24_v184
770352816,m_cl_outfit_clo_grm_o_8_t12_v0
770415307,vem_smod_whl25_t19_v3
770486024,vem_horn_luxe1_t10_v5
770737664,f_cl_clo_sbf_u_18_15_t11_v1
770792705,vem_insurance_manana2
770853054,f_cl_clo_smf_b_5_0_t1_v1
770884638,f_cl_clo_scf_l_0_3_t4_v1
770902914,packed_mp_veh_mod_idx_0_v35
770919703,m_cl_f_fmm_7_4_t6_v0
771025491,vem_horn_clas4_t10_v3
771087976,m_cl_clo_h2m_u_7_18_t11_v1
771228839,packed_ng_vehicle_neon_v170
771274959,vem_spoiler_25_t14_v3
771309158,vem_colour_2_mct_classic_lime_green_t25_v1
771347226,f_ta_tat_l2_022_t0_v0
771403874,vem_insurance_granger2
771404386,vem_smod4_whlv125_t66_v3
771645475,vem_supermod_8_3_t49_v11
771665661,packed_mp_veh_mod_idx_24_v45
771704342,m_ha_cc_eyebrw_4_t2_v0
771813435,packed_mp_veh_mod_idx_5_v194
771857510,vem_grill_9_t8_v29
771997227,packed_mp_veh_mod_idx_10_v286
772033436,f_cl_clo_apf_u_23_4_t11_v1
772052683,packed_mp_veh_mod_idx_6_v272
772071535,ve_vagrant_t0_v3
772245867,vem_rwd_spt_04_t19_v2
772304205,f_cl_clo_x6f_ph_1_13_t14_v1
772324200,packed_mp_veh_mod_idx_16_v341
772326906,f_cl_clo_scf_f_0_8_t6_v1
772348441,vem_colour_extra_1_mct_pearlescent_sunrise_orange_t24_v2
772423425,packed_mp_veh_mod_idx_3_v70
772444468,packed_mp_veh_colour_extra2_0_v205
772450817,packed_mp_veh_colour1_0_v313
772474551,vem_colour_2_mct_classic_dark_silver_t25_v1
772524838,packed_mp_veh_secondary_colour_group_v301
772561640,wp_vu_plaarm_t0_v0
772640338,m_cl_clo_vwm_u_10_0_t11_v1
772661060,packed_mp_veh_colour1_0_v113
772679228,packed_mp_veh_colour_extra1_0_v48
772710271,vem_cmod_neoncol_0_t21_v26
772724530,f_cl_clo_awf_o_f_14_t8_v12
772843012,f_cl_clo_h2f_o_g_23_t3_v12
772972497,packed_mp_veh_mod_idx_3_v340
773149221,m_cl_u_fmm_14_6_t11_v0
773247923,m_cl_clo_fxm_pe_1_11_t14_v1
773285297,m_cl_clo_bbm_h_0_1_t14_v1
773316102,packed_mp_veh_mod_idx_s_20_v102
773359508,packed_mp_veh_colour_extra1_0_v403
773363652,m_cl_clo_h3m_decl_17_t100_v0
773475601,ve_granger_t0_v2
773545454,packed_mp_veh_mod_idx_s_2_v53
773590050,f_ta_tat_fm_243_t0_v0
773599248,f_cl_clo_bif_u_25_3_t11_v1
773685997,m_cl_clo_bim_u_26_1_t11_v1
773727872,vem_colour_extra_1_mct_pearlescent_maple_brown_t24_v4
773761564,packed_mp_veh_mod_idx_s_8_v236
773765115,vem_colour_2_mct_metallic_candy_red_t25_v33
773803482,m_cl_clo_stm_u_7_1_t11_v1
773865641,packed_mp_veh_secondary_colour_group_v48
773930370,vem_colour_extra_1_mct_metals_gold_s_t24_v2
773975374,f_cl_u_fmf_11_0_t11_v0
773979359,packed_mp_veh_mod_idx_s_13_v275
773981720,f_cl_clo_hp_f_f_0_2_t6_v1
774081076,m_cl_clo_val_decl_b_t11_v1
774084213,packed_mp_veh_mod_idx_22_v315
774096715,f_cl_clo_hp_f_d_13_t8_v1
774111492,f_cl_clo_h3f_o_sl_33_t8_v12
774117419,packed_mp_veh_mod_idx_14_v370
774137827,packed_lr_vehicle_colour_5_v96
774200062,m_cl_clo_trm_u_17_10_t11_v1
774295743,packed_mp_veh_mod_idx_11_v262
774300423,packed_mp_veh_mod_idx_s_16_v264
774474615,f_cl_clo_h4f_b_0_12_t1_v1
774484083,packed_ng_vehicle_neon_v241
774543697,vem_exhaust_9_t6_v1
774610683,packed_mp_veh_mod_idx_18_v164
774734895,vem_fender_l_13_t36_v3
774863669,ve_crusader_t0_v0
774892745,packed_mp_veh_mod_idx_5_v144
774894532,vem_supermod_17_0_t58_v3
774915504,f_cl_clo_h4f_s_1_3_t8_v1
774970465,f_cl_clo_hp_f_u_2_7_t8_v1
775054834,vem_insurance_gauntlet4
775079260,m_cl_clo_h4m_pey_211_t14_v1
775084593,vem_colour_1_mct_classic_black_t24_v4
775202023,f_cl_clo_exf_eu_5_1_t11_v1
775240212,m_cl_outfit_clo_stm_o_18_t12_v0
775252448,packed_mp_veh_mod_idx_s_10_v173
775265666,packed_mp_veh_mod_idx_13_v363
775324668,wp_wct_c_tint_1_t2_v13_n2
775363055,f_cl_clo_hstf_u_8_1_t11_v1
775425575,f_ha_clo_bif_h_1_0_t0_v2
775564988,m_cl_clo_bhm_u_4_19_t11_v1
775608292,vem_chassis_3_t4_v27
775634007,packed_mp_veh_mod_idx_12_v267
775782382,f_cl_clo_h4f_t_13_4_t7_v1
775788267,packed_mp_veh_mod_idx_6_v142
775800052,packed_mp_veh_mod_idx_2_v79
775806260,vem_smod_whl7_t19_v3
775859791,pr_fc_mural_4_t0_v0
775983833,f_cl_clo_h3f_u_4_7_t11_v1
775995964,packed_mp_veh_window_tint_0_v394
776005680,packed_mp_veh_mod_idx_3_v113
776127286,packed_mp_veh_mod_idx_s_5_v47
776168463,vem_colour_mct_none_85
776234989,packed_mp_veh_mod_idx_5_v202
776253042,vem_colour_5_black_steel_t38_v0
776296607,packed_mp_veh_mod_idx_s_23_v411
776356591,f_cl_clo_exf_eu_6_1_t11_v1
776389106,packed_mp_veh_window_tint_0_v195
776531275,f_cl_clo_bif_ph_1_0_t14_v1
776582015,vem_supermod_4_0_t45_v37
776591582,vem_supermod_63_2_t63_v7
776596668,vem_cmod_win_3_t33_v37
776684318,packed_mp_veh_mod_idx_s_9_v375
776720095,packed_mp_veh_mod_idx_s_1_v409
776725333,packed_mp_veh_mod_idx_s_16_v262
776773560,packed_ng_vehicle_neon_kit_v176
776815702,packed_ng_vehicle_smoke_v55
776904653,m_ha_clo_s1m_h_0_0_t0_v0
776918969,packed_mp_veh_colour_extra1_0_v216
776925025,m_cl_clo_trm_u_15_9_t11_v1
776940258,f_ta_tat_s1_021_t0_v0
776991328,vem_roof_12_t12_v1
777029836,fa_upgrade_fakeid_equip_1_t0_v0
777202817,packed_mp_veh_mod_idx_13_v373
777280338,f_cl_u_fmf_3_4_t11_v0
777353913,f_cl_clo_grf_u_9_2_t11_v1
777429079,m_cl_clo_h4m_pey_3_3_t14_v1
777504832,vem_supermod_8_8_t49_v6
777700062,packed_mp_veh_mod_idx_2_v59
777717388,packed_mp_veh_mod_idx_1_v252
777738890,packed_mp_veh_primary_colour_group_v272
777830876,m_cl_clo_x6m_ph_10_7_t14_v1
777861616,f_cl_clo_hp_f_d_32_t100_v0
777963090,f_cl_clo_suf_g_1_0_t3_v1
777969642,packed_mp_veh_colour1_0_v111
778084943,m_cl_clo_awm_decl_27_t100_v0
778141981,m_cl_clo_arm_o_26_t3_v12
778331893,wp_wct_clip_fmj_t1_v5_n2
778335927,f_cl_clo_h3f_b_14_18_t1_v1
778394778,f_cl_outfit_clo_h3f_o_dl_25_t12_v0
778547170,packed_mp_veh_mod_idx_s_4_v110
778628245,f_cl_clo_bhf_u_14_10_t11_v1
778663608,vem_rwd_hiend_10_t19_v1
778790658,ve_marshall_t1_v12
778884582,vem_roof_1_t12_v6
778894254,packed_mp_veh_mod_idx_7_v2
778987280,vem_colour_extra_1_mct_classic_wine_red_t24_v4
779014499,f_cl_clo_arf_o_13_t11_v12
779015920,wp_wct_camo_6_t1_v21_n2
779060579,vem_colour_extra_1_mct_metallic_red_t24_v4
779113373,vem_cmod_hrn_mus2_t10_v10
779155984,vem_bumper_f_13_t34_v38
779161728,dec_vw_aw_wv_40d
779167691,packed_mp_veh_mod_idx_s_6_v192
779289494,f_ha_clo_s1f_h_1_0_t0_v2
779347557,vem_insurance_journey
779414053,vem_horn_lowrder1_t10_v6
779512211,f_cl_clo_grf_decl_31_t100_v0
779560222,f_cl_clo_x6f_u_30_20_t11_v1
779584764,vem_supermod_21_12_t62_v28
779675127,m_cl_clo_bhm_b_0_14_t1_v1
779816507,packed_mp_veh_primary_colour_group_v409
779885373,packed_mp_veh_mod_idx_s_22_v275
780019362,vem_grill_2_t8_v35
780077539,ve_paragon_t0_v3
780077681,m_cl_clo_h4m_pey_2_6_t14_v1
780142725,f_cl_clo_stf_u_6_10_t11_v1
780182069,packed_mp_veh_livery2_0_v200
780278074,ve_luxor_t1_v0
780299458,packed_mp_veh_mod_idx_3_v223
780370149,vem_supermod_2_13_t43_v28
780382958,m_cl_m_fmm_5_0_t1_v0
780391971,packed_mp_veh_mod_idx_s_10_v250
780554632,packed_mp_veh_colour_extra1_0_v128
780576796,packed_mp_veh_mod_idx_15_v111
780634415,packed_mp_veh_colour2_0_v56
780642010,vem_cmod_tyr_3_t18_v34
780660380,f_cl_clo_fxf_ph_6_5_t14_v1
780669774,f_cl_clo_bus_p_0_7_t14_v1
780845015,m_ta_tat_s1_005_t0_v0
780907348,wp_wct_muzz2_t1_v9_n2
780935376,m_cl_clo_hp_g_1_3_t14_v1
780943543,vem_bikew_15_t19_v3
781008817,vem_smod5_whlv1_t66_v2
781080209,f_cl_u_fmf_3_11_t11_v0
781102403,packed_mp_veh_mod_idx_23_v4
781128200,m_ta_tat_hp_025_t0_v0
781256123,vem_colour_extra_1_mct_metallic_racing_blue_t24_v4
781261905,m_cl_u_fmm_1_5_t11_v0
781264404,vem_colour_1_mct_metallic_sunset_red_t24_v0
781291671,f_cl_clo_x3f_b_4_0_t1_v1
781299293,packed_mp_veh_mod_idx_7_v115
781551545,f_cl_clo_h3f_b_14_14_t1_v1
781646332,vem_colour_1_mct_classic_red_t24_v3
781787932,vem_supermod_15_8_n1_t56_v38
781794999,f_cl_clo_vwf_pw_2_9_t14_v1
781954323,packed_mp_veh_mod_idx_s_1_v244
781963877,vem_colour_extra_1_mct_pearlescent_sunset_red_t24_v0
782010223,packed_mp_veh_mod_idx_s_19_v367
782044656,f_cl_clo_bus_f_o_0_t3_v12
782061757,packed_mp_veh_mod_idx_s_20_v201
782105433,m_ha_cc_eyebrw_10_t2_v1
782129470,m_cl_clo_bim_b_0_1_t1_v1
782209050,vem_cmod_smoke_8_t18_v34
782212882,m_cl_clo_x6m_f_0_5_t6_v1
782281587,packed_mp_veh_mod_idx_10_v31
782289146,vem_supermod_3_17_t44_v7
782308234,vem_smod_whlv22_t66_v0
782372269,f_cl_clo_l2f_dec_9_t100_v0
782490845,f_cl_he_fmf_18_4_t14_v0
782508127,m_cl_clo_h3m_ph_5_1_t14_v1
782553238,m_cl_clo_bus_m_o_18_t3_v12
782553543,packed_mp_veh_mod_idx_4_v311
782801704,f_cl_clo_x6f_l_7_9_t4_v1
782843497,f_cl_outfit_clo_h4f_o_s1_f2_t12_v0
782906882,vem_hood_5_t9_v4
782923758,f_cl_clo_x6f_ey_3_5_t14_v1
783024429,vem_cmod_pla_0_t23_v7
783181229,packed_mp_veh_mod_idx_14_v284
783217705,f_cl_clo_exf_au_2_2_t11_v1
783270966,packed_mp_veh_window_tint_0_v345
783381401,vem_colour_2_mct_metallic_racing_blue_t25_v0
783437381,m_cl_clo_x6m_ph_0_16_t14_v1
783445218,f_cl_clo_grf_u_19_20_t11_v1
783462963,f_cl_clo_hstf_g_3_0_t3_v1_cesp
783583869,packed_mp_veh_colour2_0_v26
783671663,packed_mp_veh_mod_idx_s_5_v235
783720815,vem_rwd_offr_10_t19_v0
783747743,vem_supermod_19_2_n1_t60_v38
783841676,f_cl_clo_bhf_decl_43_t100_v0
783894732,packed_mp_veh_mod_var_1_v265
783927954,vem_rwd_bikew_19_t19_v4
783942169,vem_colour_extra_1_mct_classic_red_t24_v1
784078386,packed_mp_veh_mod_idx_s_23_v253
784403540,m_cl_clo_h4m_decl_1_t11_v1
784410274,f_cl_clo_x6f_ey_3_12_t14_v1
784415266,m_cl_clo_vwm_d_1_7_t10_v1
784475137,packed_mp_veh_mod_var_0_v170
784480513,f_cl_clo_fxf_ph_6_3_t14_v1
784491287,packed_mp_veh_mod_idx_1_v82
784579870,packed_mp_veh_mod_idx_s_20_v88
784628436,packed_mp_veh_mod_idx_s_3_v138
784630922,packed_mp_veh_mod_idx_s_16_v4
784631574,service_earn_island_heist_award_pro_thief
784742622,packed_mp_veh_mod_idx_s_10_v133
784752425,m_cl_outfit_clo_h4m_o_l2_m2_t12_v0
784901256,packed_mp_veh_plate_id_v185
784927757,f_cl_clo_grf_u_23_11_t11_v1
784937904,packed_mp_veh_mod_idx_16_v0
785004469,f_cl_g_fmf_3_5_t14_v0
785269289,vem_smod4_whlv199_t66_v2
785334861,packed_mp_veh_mod_idx_s_21_v4
785386523,vem_musc_12_t19_v2
785482493,vem_rwd_suv_16_t19_v3
785491431,packed_mp_veh_window_tint_0_v248
785501889,vem_offr_05_t19_v2
785531040,m_cl_clo_s1m_dec_22_t11_v1
785544565,packed_mp_veh_primary_colour_group_v57
785739091,vem_engine_0_t5_v39
785739542,vem_musc_09_t19_v1
785832545,packed_mp_veh_primary_colour_group_v264
785929949,f_cl_clo_hp_f_t_0_2_t7_v1
785998098,packed_mp_veh_mod_idx_s_7_v152
786068650,packed_mp_veh_mod_idx_s_22_v80
786141609,packed_mp_veh_mod_idx_1_v198
786154882,packed_mp_veh_mod_idx_s_21_v160
786199235,packed_mp_veh_mod_idx_11_v227
786356986,packed_mp_veh_mod_idx_9_v209
786367177,wp_wct_c_tint_29_t2_v1_n2
786400517,hangar_mod_colour_7_t0_v0
786478323,vem_smod4_whlv146_t66_v0
786530687,packed_mp_veh_mod_idx_11_v381
786587999,vem_colour_extra_1_mct_pearlescent_torino_red_t24_v3
786609462,packed_mp_veh_mod_idx_s_0_v21
786657377,f_cl_clo_h2f_f_3_1_t6_v1
786663694,packed_mp_veh_mod_idx_s_19_v223
786696186,f_cl_clo_suf_u_14_5_t11_v1
786712193,vem_colour_1_mct_metallic_petrol_green_t24_v33
786847767,f_cl_clo_h4f_ph_0_3_t14_v1
786887191,m_cl_clo_bim_s_11_17_t8_v1
786896582,vem_colour_1_mct_matte_red_t24_v3
786904280,f_cl_clo_vwf_u_13_2_t11_v1
786968385,packed_mp_veh_mod_idx_22_v210
786987688,f_cl_tat_vw_030_t100_v0
787051520,f_cl_clo_x6f_ey_3_6_t14_v1
787057664,f_cl_clo_vwf_u_20_4_t11_v1
787118096,vem_horn_xm15_3_t10_v31
787263579,vem_rwd_suv_14_t19_v1
787367393,m_cl_clo_grm_u_6_14_t11_v1
787450661,m_cl_clo_sum_u_9_3_t11_v1
787451274,packed_mp_veh_colour_extra2_0_v292
787520823,f_cl_clo_suf_u_7_22_t11_v1
787641423,f_cl_clo_x6f_f_10_23_t6_v1
787671857,m_cl_clo_h4m_b_3_0_t1_v1
787671909,packed_mp_veh_mod_idx_8_v91
787708446,packed_mp_veh_mod_var_0_v331
787744906,wp_fw_tint1_t6_v1
787781367,m_cl_clo_vwm_l_3_25_t4_v1
787871534,vem_fender_r_5_t37_v29
787898772,m_cl_clo_awm_u_17_6_t11_v1
788004020,m_cl_clo_ltsmt_0_3_t3_v1
788032071,m_cl_g_fmm_4_3_t14_v0
788065395,packed_mp_veh_mod_idx_s_6_v295
788090128,packed_ng_vehicle_bpt_v302
788126784,m_ha_cc_m_hs_17_t0_v1
788168261,wp_wct_clip2_t1_v47
788176333,vem_supermod_1_9_t42_v27
788194048,m_cl_clo_x6m_ey_0_0_t14_v1
788202945,m_cl_clo_stm_o_e_2_t11_v12
788306686,vem_supermod_23_34_n1_t64_v34
788359319,vem_colour_extra_1_mct_metallic_bright_orange_t24_v4
788585218,mba_mechanic_3_1_t0_v0
788633418,packed_lr_vehicle_colour_6_v247
788757295,f_cl_clo_exf_decl_14_t11_v1
788769577,m_cl_outfit_clo_ltsm_o_7_t12_v0
788817721,f_cl_clo_h4f_prw_0_1_t14_v1
788855155,f_cl_o_fmf_b6_t3_v12
788862536,packed_mp_veh_mod_idx_s_6_v118
788947519,packed_mp_veh_mod_idx_s_13_v128
788988859,wp_wct_c_tint_22_t2_v8_n2
789018574,packed_mp_veh_mod_idx_1_v363
789124901,ve_luxor2_t0_v0
789269673,packed_mp_veh_mod_idx_s_16_v209
789423371,wp_wct_tint_14_t2_v22_n2
789447659,f_cl_clo_vwf_l_2_19_t4_v1
789486676,vem_drft_23_t19_v2
789546069,packed_mp_veh_mod_idx_s_23_v6
789565716,m_cl_clo_grm_ph_3_12_t14_v1
789658786,packed_mp_veh_mod_idx_10_v244
789697000,mp_stat_biker_client_vehicle_v0
789772493,vem_smod3_whlv99_t66_v3
789799420,vem_smod3_whlv111_t66_v3
789962043,packed_mp_veh_mod_idx_s_13_v41
790041505,vem_fender_r_6_t37_v28
790143555,f_cl_clo_h4f_decl_57_t100_v0
790154506,f_cl_clo_h4f_b_2_20_t1_v1
790207963,packed_mp_veh_mod_idx_7_v400
790256130,vem_cmod_exp_1_t20_v0
790261080,vem_colour_1_mct_metallic_bleeched_brown_t24_v2
790295546,m_cl_clo_lxm_t_14_0_t7_v1
790300553,f_cl_clo_smf_b_7_5_t1_v1
790442854,packed_ng_vehicle_neon_v233
790452213,packed_mp_veh_mod_idx_11_v101
790563974,packed_mp_veh_mod_idx_5_v312
790634803,packed_mp_veh_mod_idx_s_20_v189
790636245,f_cl_l_fmf_1_1_t4_v0
790671364,wp_wm_tint5_t2_v55
790683424,vem_cmod_tyr_4_t18_v2
790699597,f_cl_clo_bhf_decl_24_t11_v1
790846278,f_cl_u_fmf_13_6_t11_v0
790874632,packed_mp_veh_mod_idx_s_22_v396
790878034,packed_mp_veh_mod_idx_s_20_v259
790888105,m_cl_clo_h3m_b_12_1_t1_v1
791027145,f_cl_clo_bhf_u_10_10_t11_v1
791056802,dec_vw_aw_mt_8b
791070517,packed_mp_veh_mod_idx_s_13_v35
791113725,packed_mp_veh_colour2_0_v347
791145864,vem_cmod_col5_26_t29_v0
791182916,packed_mp_veh_mod_idx_s_11_v211
791230581,vem_colour_extra_1_mct_pearlescent_yellow_t24_v1
791355434,packed_mp_veh_mod_idx_s_4_v215
791374610,dec_vw_aw_mt_25b
791374848,dec_vw_aw_wv_35
791401269,f_cl_clo_scf_ey_4_3_t14_v1
791415099,vem_smod4_whlv124_t66_v3
791502508,m_cl_clo_grm_decl_31_t11_v1
791600556,f_cl_clo_x6f_f_4_19_t6_v1
791724362,wp_fw_tint10_t6_v1
791726136,packed_mp_veh_secondary_colour_group_v341
791800584,vem_supermod_8_4_t49_v3
791811973,f_cl_u_fmf_15_0_t8_v0_cesp
791837103,m_ha_hair_beard15_t1_v0
791869145,vem_colour_extra_1_mct_classic_orange_t24_v0
791870531,m_cl_clo_h3m_u_2_2_t11_v2
791904371,vem_cmod_col5_0_t29_v0
791918643,packed_mp_veh_mod_idx_16_v99
791944574,m_ta_tat_bi_040_t0_v0
791986355,vem_smod3_whlv25_t66_v3
791991044,f_cl_clo_fxf_o_g_2_t8_v12
792084416,packed_mp_veh_mod_idx_s_12_v131
792093593,packed_mp_veh_livery_0_v20
792231635,packed_mp_veh_mod_idx_s_18_v267
792365280,f_cl_clo_scf_l_0_13_t4_v1
792454762,packed_mp_veh_mod_idx_s_15_v115
792520475,packed_mp_veh_mod_idx_24_v111
792522704,m_cl_clo_smm_b_5_20_t1_v1
792533682,m_cl_clo_bhm_f_1_16_t6_v1
792538458,vem_fender_l_0_t36_v33
792609620,packed_mp_veh_mod_idx_s_12_v181
792617275,vem_cmod_neoncol_3_t21_v38
792655609,f_cl_clo_fxf_ph_1_8_t14_v1
792662156,m_cl_clo_awm_u_1_9_t11_v1
792760153,vem_truck_type_7_t0_v0
792777605,m_cl_outfit_clo_sum_o_0_t12_v0
792789283,packed_mp_veh_mod_idx_s_23_v126
792829353,f_cl_clo_sbf_b_10_23_t1_v1
792879625,f_cl_clo_trf_ph_1_9_t14_v1
792959990,vem_insurance_dominator7
792967862,m_cl_clo_x4m_u_13_3_t11_v1
792984690,vem_colour_extra_1_mct_metallic_mariner_blue_t24_v2
793064970,packed_mp_veh_mod_idx_5_v30
793110697,packed_mp_veh_mod_idx_s_16_v275
793182442,wp_wm_tint2_t2_v9
793320073,f_cl_clo_ief_u_7_0_t11_v1
793353197,m_cl_clo_hilf_o_30_t3_v12
793365511,vem_supermod_1_0_t42_v6
793379144,vem_supermod_8_0_t49_v7
793420307,packed_mp_veh_colour_extra2_0_v102
793630769,f_cl_clo_trf_f_1_18_t6_v1
793690064,vem_rwd_drft_15_t19_v2
793723704,m_cl_clo_iem_u_7_24_t11_v1_cesp
793771470,dec_vw_aw_ls_3c
793821227,m_cl_clo_x6m_o_o_14_t3_v12
793827578,m_ta_tat_hp_047_t0_v0
793890068,vem_colour_1_mct_matte_matte_desert_t24_v4
793920198,packed_mp_veh_mod_idx_s_8_v172
793963655,f_cl_clo_ief_o_0_t8_v12
794006488,vem_supermod_17_7_t58_v26
794066007,vem_colour_2_mct_classic_sunset_red_t25_v2
794210327,m_cl_clo_l2m_e_21_1_t14_v1
794252437,f_cl_clo_sbf_u_17_25_t11_v1
794290753,packed_mp_veh_mod_idx_22_v398
794321884,vem_cmod_tyr_1_t32_v38
794430742,packed_mp_veh_mod_idx_s_3_v300
794488097,f_cl_clo_smf_ph_4_9_t14_v1
794580756,m_cl_clo_stm_o_e_6_t3_v12
794588606,vem_smod3_whlv129_t66_v3
794642284,wp_wct_tint_11_t2_v21_n2
794731738,packed_mp_veh_secondary_colour_group_v6
794789792,wp_wct_c_tint_2_t2_v22_n2
794875197,f_cl_clo_bhf_u_13_3_t11_v1
794883195,wp_wct_camo_8_t1_v1_n2
794934408,f_cl_ht_fmf_14_3_t14_v0
794948096,packed_mp_veh_secondary_colour_group_v59
795025197,packed_mp_veh_colour_extra2_0_v2
795077237,m_cl_clo_bbm_l_0_1_t4_v1
795088516,vem_armour_4_t1_v38
795145736,vem_cmod_hrn_mus2_t10_v36
795156554,packed_mp_veh_mod_idx_3_v329
795197610,f_cl_clo_h2f_o_g_15_t3_v12
795200148,packed_mp_veh_mod_idx_2_v89
795312079,ve_valkyrie_n1_t1_v0
795351748,dec_vw_aw_mf_1e
795604778,packed_mp_veh_mod_idx_11_v236
795612948,m_ha_cc_eyebrw_28_t2_v1
795634497,packed_ng_vehicle_neon_v405
795639318,pm_weapon_discount_gun_van_2_2
795665764,vem_supermod_3_36_t44_v7
795668495,packed_ng_vehicle_insurance_v7
795677649,vem_supermod_10_22_t51_v10
795734358,f_cl_clo_bhf_u_2_19_t11_v1
795855160,vem_armour_3_t1_v34
795864114,packed_mp_veh_mod_idx_s_15_v161
795888641,m_cl_u_fmm_0_0_t8_v1
795905697,f_cl_clo_bbf_f_003_t6_v1
796038528,f_cl_clo_h4f_b_4_13_t1_v1
796152622,packed_mp_veh_mod_idx_4_v338
796301422,packed_mp_veh_mod_idx_8_v402
796337371,vem_smod_whlv203_t66_v0
796394220,m_cl_outfit_clo_lxm_o_3_t12_v0
796395804,f_cl_clo_bif_ph_11_6_t14_v1
796437714,packed_mp_veh_mod_idx_s_18_v81
796450561,packed_mp_veh_mod_idx_s_13_v72
796454355,f_cl_outfit_clo_x6f_o_o_19_t12_v0
796464082,vem_colour_5_candy_red_t38_v0
796469529,packed_mp_veh_plate_id_v191
796475670,packed_mp_veh_mod_idx_10_v284
796504387,packed_mp_veh_mod_idx_10_v154
796512282,f_cl_clo_vwf_f_1_2_t6_v1
796613221,f_cl_clo_bhf_l_0_11_t4_v1
796613784,packed_mp_veh_mod_idx_s_21_v44
796717606,m_ha_cc_m_hs_5_t0_v0
796750843,m_cl_clo_x6m_t_8_0_t7_v1
796904908,vem_smod5_whl_9_t19_v3
796940069,packed_mp_veh_mod_idx_s_4_v78
796978834,vem_smod2_whlv109_t66_v3
796983558,vem_insurance_futo2
797006167,m_ta_tat_bi_034_t0_v0_cesp
797016681,packed_mp_veh_mod_idx_1_v233
797076658,dec_vw_aw_wv_37
797085185,f_cl_clo_sbf_u_22_18_t11_v1
797098938,m_cl_clo_scm_ey_5_0_t14_v1
797173128,packed_mp_veh_mod_idx_4_v197
797238874,f_cl_clo_suf_u_11_5_t11_v1
797266828,packed_mp_veh_mod_idx_8_v350
797280613,packed_mp_veh_window_tint_0_v413
797364774,m_cl_clo_vwm_u_21_21_t11_v1
797368056,vem_smod4_whlv180_t66_v3
797380346,packed_mp_veh_colour2_0_v80
797418337,packed_mp_veh_mod_idx_22_v99
797566417,vem_supermod_18_1_t59_v28
797576537,vem_roof_23_t12_v1
797611790,m_cl_clo_hp_d_3_t100_v0
797652714,f_cl_clo_h4f_decl_37_t100_v0
797653887,f_cl_clo_awf_b_12_0_t1_v1
797653930,wp_wct_c_tint_17_t2_v8_n2
797689175,f_cl_clo_awf_u_10_6_t11_v1
797818339,ve_duster_t0_v0
797819210,wp_wct_c_tint_31_t2_v9_n2
797854368,f_cl_clo_h4f_b_2_5_t1_v1
797864403,packed_mp_veh_colour2_0_v356
797947947,service_spend_rename_acid_lab
798055600,packed_mp_veh_colour2_0_v405
798082417,vem_supermod_5_13_t46_v11
798144754,packed_mp_veh_mod_idx_s_17_v89
798147302,vem_colour_extra_1_mct_pearlescent_graphite_t24_v3
798176941,packed_mp_veh_colour_extra1_0_v243
798191805,vem_engine_1_t5_v27
798192548,m_cl_clo_fxm_u_10_3_t11_v1
798220958,f_cl_clo_x4f_ph_1_0_t14_v1
798374490,m_cl_clo_h2m_f_3_6_t6_v1
798381648,vem_supermod_15_4_t56_v26
798413786,packed_lr_vehicle_colour_6_v314
798451775,packed_mp_veh_colour_extra2_0_v70
798464238,packed_lr_vehicle_colour_6_v243
798489358,vem_cmod_tyr_6_t18_v7
798590487,m_cl_clo_hstm_t_2_1_t7_v1
798637353,ve_tyrus_t0_v3
798779170,packed_mp_veh_mod_idx_15_v7
798850368,m_cl_u_fmm_9_12_t8_v0
798915225,packed_mp_veh_colour1_0_v228
798933381,m_cl_clo_sum_l_1_15_t4_v1
798963266,vem_cmod_smoke_12_t18_v34
798965799,ve_sentinel_t0_v1
798977555,packed_mp_veh_mod_idx_s_15_v52
798996335,m_cl_outfit_clo_stm_o_13_t12_v0_cesp
799019824,packed_mp_veh_mod_idx_s_9_v310
799367762,packed_mp_veh_mod_idx_0_v369
799416221,f_cl_l_fmf_3_12_t4_v0
799453401,packed_mp_veh_mod_idx_s_14_v337
799601258,m_cl_clo_awm_decl_88_t100_v0
799605158,wp_wm_tint2_t2_v5
799647910,packed_mp_veh_mod_idx_s_10_v327
799661352,m_cl_clo_h3m_ph_8_2_t14_v1
799818363,vem_cmod_col5_7_t29_v4
799889033,f_cl_clo_suf_u_7_10_t11_v1
799900347,vem_supermod_18_1_t59_v6
800042041,vem_smod4_whlv138_t66_v1
800080929,f_cl_f_fmf_10_3_t6_v0
800165887,m_cl_clo_grm_u_14_2_t11_v1
800168506,m_ta_tat_fx_017_t0_v0
800201493,packed_ng_vehicle_bpt_v254
800226145,packed_mp_veh_mod_var_1_v7
800320396,vem_cmod_pla_text_new_t23_v30
800406965,packed_mp_veh_secondary_colour_group_v299
800546431,f_cl_clo_lxf_u_3_11_t11_v1
800588613,f_ha_cc_mkup_57_t5_v0
800630691,dec_vw_aw_wv_6
800693498,m_cl_clo_hilf_u_3_3_t11_v1
800712616,dec_vw_aw_wh_56
800831188,packed_mp_veh_mod_var_0_v401
800865822,f_cl_clo_xmas_m_0_2_t1_v1
801021071,m_cl_clo_sum_decl_33_t11_v1
801139021,f_cl_clo_hstf_h_2_t14_v1
801206356,m_cl_clo_arm_o_22_t7_v12
801260127,vem_colour_extra_1_mct_pearlescent_diamond_blue_t24_v3
801262486,packed_mp_veh_colour2_0_v325
801405357,packed_mp_veh_primary_colour_group_v357
801469789,f_cl_outfit_clo_trf_o_l4_t12_v0
801585068,m_cl_clo_indm_d_2_t11_v1
801601692,m_cl_clo_smm_b_9_3_t1_v1
801648927,packed_mp_veh_mod_idx_2_v321
801659613,vem_colour_mct_none_21
801695475,packed_ng_vehicle_neon_kit_v29
801817267,vem_cmod_col5_10_t29_v2
801900912,packed_mp_veh_mod_var_1_v173
801961899,m_ha_face_e_c_0_t4_v0
801974026,pm_coupon_car_meet_veh_p
802213125,packed_mp_veh_mod_idx_s_9_v352
802281877,f_cl_clo_scf_u_55_3_t11_v1
802325796,m_cl_clo_bim_decl_54_t11_v1
802411568,mp_stat_ie_wh_owned_vehicle_19_v0
802456079,f_cl_clo_h4f_b_4_12_t1_v1
802491702,m_ha_cc_m_hs_11_t0_v1
802604226,packed_mp_veh_mod_idx_s_13_v300
802677891,f_cl_clo_h4f_decl_61_t11_v1
802762800,vem_colour_extra_1_mct_metallic_salmon_pink_t24_v4
802838516,m_cl_g_fmm_8_1_t14_v0
803047581,wp_wct_clip1_t1_v70
803054200,f_cl_he_fmf_18_2_t14_v1
803087838,packed_mp_veh_colour_extra2_0_v414
803101162,f_cl_clo_sbf_e_0_2_t14_v1
803169294,packed_mp_veh_mod_idx_s_2_v82
803180529,m_cl_clo_h3m_ph_5_7_t14_v1
803277185,f_cl_outfit_clo_h3f_o_prp_2_t12_v0
803335025,f_ta_tat_h27_001_t0_v0
803411820,f_ha_cc_eyebrw_22_t2_v0
803450715,m_cl_clo_hstm_o_12_t8_v12
803510816,m_cl_clo_vwm_u_15_23_t11_v1
803557015,vem_supermod_14_10_t55_v27
803651191,f_ta_tat_bi_022_t0_v0
803651962,dec_vw_aw_2s_4a
803730072,packed_mp_veh_mod_idx_4_v251
803775896,m_cl_clo_h2m_b_4_18_t1_v1
803790712,f_cl_clo_x6f_ph_1_15_t14_v1
803887003,m_cl_clo_awm_decl_59_t100_v0
803906233,f_cl_ht_fmf_13_1_t14_v0
803907847,packed_mp_veh_livery2_0_v323
804208401,packed_mp_veh_mod_idx_2_v146
804225871,packed_mp_veh_mod_idx_14_v206
804268335,f_cl_clo_suf_u_6_5_t11_v1
804269757,packed_mp_veh_mod_idx_18_v287
804281134,f_cl_clo_awf_ph_3_1_t14_v1
804332102,vem_supermod_3_45_t44_v27
804365151,m_cl_clo_grm_b_3_24_t1_v1
804436236,m_cl_outfit_clo_stm_o_8_t12_v0_cesp
804440696,f_cl_clo_h4f_u_6_6_t11_v1
804446405,f_cl_clo_ief_u_6_6_t11_v1
804475636,packed_mp_veh_mod_idx_11_v256
804526956,packed_ng_vehicle_smoke_v4
804568628,vem_supermod_51_12_t51_v7
804638021,f_cl_clo_vwf_u_12_0_t11_v1
804662268,packed_mp_veh_mod_idx_16_v65
804799444,dec_vw_aw_2s_1
805023533,vem_rwd_hiend_03_t19_v0
805024634,m_cl_clo_h3m_u_3_7_t11_v1
805069935,packed_mp_veh_mod_idx_9_v322
805071673,m_cl_clo_scm_u_48_14_t11_v1
805128889,f_cl_clo_x6f_f_6_19_t6_v1
805129034,m_cl_outfit_clo_x6m_o_1_t12_v0
805150777,vem_hood_4_t9_v1
805168526,m_cl_outfit_clo_arm_o_17_t12_v0
805182538,vem_colour_extra_1_mct_classic_purple_t24_v1
805246018,m_cl_clo_scm_ey_1_13_t14_v1
805249607,packed_mp_veh_mod_idx_18_v230
805319190,packed_mp_veh_mod_idx_s_0_v297
805339300,packed_mp_veh_mod_idx_s_13_v279
805359885,packed_lr_vehicle_colour_5_v303
805394455,f_cl_clo_busf_g1_2_t14_v1
805498239,f_cl_clo_ief_u_7_4_t11_v1
805550633,vem_loride_01_t19_v2
805563448,packed_mp_veh_mod_idx_5_v266
805688002,vem_insurance_defiler
805748167,packed_mp_veh_mod_idx_8_v318
805764233,f_cl_clo_grf_b_1_18_t1_v1
805770716,m_ta_tat_h3_005_t0_v0
805771677,f_cl_clo_bif_u_3_0_t11_v1
805771779,packed_ng_vehicle_smoke_v183
805839021,wp_wt_hammer_t1_v1
805847655,m_cl_clo_hstm_u_15_2_t11_v1
805954286,packed_mp_veh_mod_idx_s_8_v22
806004644,m_cl_clo_sum_u_16_13_t11_v1
806125705,packed_mp_veh_secondary_colour_group_v183
806131538,m_cl_clo_exm_au_9_0_t11_v1
806160495,vem_cmod_neoncol_6_t21_v3
806172539,mp_stat_mpsv_model_8
806232110,m_cl_g_fmm_13_1_t14_v0
806365292,packed_mp_veh_mod_idx_18_v159
806369165,mp_stat_mpsv_model_6
806418998,packed_mp_veh_colour1_0_v237
806475511,packed_mp_veh_mod_idx_2_v265
806513073,packed_mp_veh_plate_id_v4
806572200,f_cl_clo_grf_b_2_5_t1_v1
806629103,m_cl_clo_busm_g1_5_t14_v1
806670817,f_cl_f_fmf_2_8_t6_v0
806728844,vem_supermod_20_10_t61_v3
806764472,f_cl_clo_fxf_l_5_9_t4_v1
806786266,f_cl_clo_h3f_ph_9_13_t14_v1
806940094,vem_loride_02_t19_v2
806959546,m_cl_clo_fxm_d_8_0_t10_v1
807041578,f_cl_clo_sbf_u_14_1_t11_v1
807052033,f_cl_clo_sbf_u_0_3_t11_v1
807077967,vem_engine_2_t5_v29
807085261,vem_smod5_whlv5_t66_v3
807096552,packed_mp_veh_mod_var_1_v204
807163718,packed_mp_veh_mod_idx_14_v46
807208018,m_cl_clo_x6m_f_13_1_t6_v1
807247829,vem_smod_whlv147_t66_v3
807249419,m_ta_tat_h4_017_t0_v0
807356706,vem_insurance_komoda
807526673,vem_supermod_61_8_t61_v7
807549981,packed_mp_veh_mod_idx_13_v129
807576682,m_ta_tat_bi_028_t0_v0_cesp
807614414,packed_mp_veh_mod_idx_5_v35
807626875,f_cl_clo_smf_ph_4_11_t14_v1
807667684,vem_colour_2_mct_classic_orange_t25_v1
807729857,packed_ng_vehicle_smoke_v342
807783064,packed_mp_veh_mod_idx_5_v53
807827777,packed_mp_veh_colour1_0_v242
807871882,vem_cmod_neoncol_1_t21_v27
807935255,m_cl_clo_hstm_u_8_3_t11_v1
807952450,vem_colour_1_mct_classic_gold_t24_v0
808098561,f_cl_clo_grf_l_3_20_t4_v1
808178857,vem_drft_02_t19_v3
808180645,wp_wct_tint_3_t2_v47_n2
808243399,ve_baller3_t0_v3
808330531,m_cl_clo_x6m_f_5_3_t6_v1
808354946,vem_insurance_tornado2
808378082,packed_mp_veh_mod_idx_s_9_v246
808417130,packed_mp_veh_mod_idx_1_v344
808494625,f_cl_clo_h3f_l_5_18_t4_v1
808501829,packed_mp_veh_mod_idx_10_v411
808527526,packed_mp_veh_mod_var_1_v129
808531823,packed_mp_veh_mod_idx_s_0_v54
808578011,f_cl_clo_suf_u_15_4_t11_v1
808621053,wp_gsa_type_r_t0_v9
808673994,vem_supermod_23_27_t64_v34
808719351,vem_hood_20_t9_v38
808722749,f_cl_l_fmf_8_6_t4_v0
808839131,vem_colour_extra_1_mct_pearlescent_orange_t24_v0
808851959,f_cl_clo_l2f_u_7_0_t11_v1
808882723,vem_turbo_1_t17_v34
808956501,vem_fender_l_1_t36_v38
809002809,packed_mp_veh_livery_0_v57
809018487,packed_mp_veh_mod_idx_s_16_v134
809198572,packed_mp_veh_mod_idx_s_18_v67
809237203,fcarcade_flr_5_t0_v0
809442514,m_cl_clo_awm_u_9_12_t11_v1
809709694,packed_mp_veh_mod_idx_5_v80
809733768,m_ta_tat_vw_010_t0_v0
809787274,packed_mp_veh_wheel_type_0_v224
809853183,vem_supermod_23_31_n1_t64_v34
809865619,packed_mp_veh_mod_idx_9_v170
809866643,packed_mp_veh_mod_idx_s_9_v301
809978472,m_cl_clo_scm_u_48_23_t11_v1
810045614,m_cl_clo_vwm_u_9_5_t11_v1
810137010,vem_cmod_tyr_4_t18_v10
810176189,m_cl_clo_trm_decl_8_t100_v0
810203137,packed_ng_vehicle_neon_v218
810220735,m_cl_clo_smm_b_8_6_t1_v1
810317558,packed_mp_veh_colour_extra2_0_v347
810332044,mp_stat_mpsv_model_348
810388279,f_cl_clo_h3f_ph_3_1_t14_v1
810424433,packed_mp_veh_wheel_type_0_v204
810510900,m_cl_clo_iem_u_5_4_t11_v1
810531907,m_cl_u_fmm_1_8_t8_v1
810565065,packed_lr_vehicle_colour_6_v20
810586681,packed_mp_veh_colour_extra1_0_v29
810597954,f_cl_f_fmf_7_5_t6_v0
810635107,vem_smod2_whlv39_t66_v3
810641446,m_cl_clo_trm_d_8_0_t10_v1
810674584,f_cl_clo_bif_u_31_5_t11_v1
810827610,vem_colour_1_mct_classic_anthr_black_t24_v33
810843639,packed_mp_veh_mod_idx_13_v1
810873093,packed_mp_veh_mod_idx_13_v229
810954267,packed_mp_veh_colour_extra1_0_v270
810961061,f_cl_clo_x2f_ht_3_2_t14_v1
810978450,packed_mp_veh_mod_idx_s_21_v393
811034537,vem_colour_2_mct_matte_dark_red_t25_v33
811132683,vem_cmod_win_0_t33_v39
811172304,f_cl_clo_bhf_u_9_1_t11_v1
811210669,packed_mp_veh_mod_idx_s_14_v187
811268278,vem_brake_2_t2_v26
811300783,vem_supermod_11_9_t52_v26
811380236,m_cl_clo_h2m_b_11_1_t1_v1
811396566,vem_smod5_whlv6_t66_v0
811450933,m_cl_sp_fmm_10_12_t8_v0
811451484,packed_mp_veh_mod_idx_2_v15
811591534,packed_mp_veh_mod_idx_9_v248
811624906,vem_bumper_r_11_t35_v0
811645742,m_cl_clo_grm_u_0_13_t11_v1
811801841,vem_bumper_f_13_t34_v6
811922203,packed_mp_veh_mod_idx_22_v379
812140385,packed_mp_veh_mod_idx_s_11_v174
812153564,vem_cmod_airhorn_01_t10_v3
812189151,f_cl_clo_bhf_decl_37_t11_v1
812190056,packed_mp_veh_mod_idx_1_v179
812201286,packed_mp_veh_mod_idx_10_v137
812209831,vem_supermod_5_3_t46_v28
812306884,m_cl_clo_h2m_s_9_10_t8_v1
812323095,dec_vw_aw_wv_43
812432056,vem_armour_2_t1_v2
812476840,m_cl_g_fmm_1_1_t14_v0
812591171,vem_supermod_11_5_t52_v26
812626154,vem_colour_extra_1_mct_metallic_petrol_green_t24_v2
812674669,vem_insurance_eudora
812676085,f_cl_u_fmf_14_5_t11_v0
812703623,vem_horn_clas4_t10_v36
812790465,m_cl_clo_x6m_rw_0_1_t14_v1
812843936,veu_issi8_t0_v0
812928237,packed_mp_veh_mod_idx_8_v162
813181217,packed_mp_veh_mod_idx_13_v157
813212623,packed_mp_veh_mod_idx_s_16_v161
813230192,vem_colour_1_mct_metallic_lime_green_t24_v33
813282467,f_cl_clo_sbf_f_2_11_t6_v1
813305767,m_cl_clo_x6m_f_12_19_t6_v1
813407240,packed_mp_veh_mod_idx_s_22_v283
813458974,m_cl_clo_bbm_u_1_0_t8_v2
813474320,packed_mp_veh_mod_idx_13_v368
813484116,f_cl_outfit_clo_grf_o_4_t12_v0
813667250,m_cl_clo_h4m_b_1_5_t1_v1
813758828,vem_insurance_massacro
813793790,m_cl_clo_hstm_h_5_t14_v1
813838645,m_ha_clo_grm_h_0_0_t0_v2
813894833,ve_brickade2_t2_v38
813948112,vem_smod4_whlv65_t66_v3
813991269,m_cl_clo_vwm_u_6_11_t11_v1
813993229,packed_mp_veh_mod_var_1_v198
814074477,f_cl_clo_smf_ph_2_15_t14_v1
814098099,f_cl_clo_suf_g_1_1_t3_v1
814101910,po_reapply_tattoo
814102170,vem_smod4_whlv49_t66_v2
814126532,m_cl_clo_hp_u_1_1_t8_v2
814256571,m_ha_cc_eyebrw_7_t2_v0
814266531,vem_colour_1_mct_metallic_maple_brown_t24_v4
814291652,f_ha_cc_mkup_13_t7_v1
814309606,packed_mp_veh_mod_idx_2_v116
814330829,m_cl_clo_s2m_d_2_t11_v1
814344822,mp_stat_mpsv_model_213
814372981,m_cl_clo_awm_b_3_0_t1_v1
814377073,packed_mp_veh_mod_idx_15_v227
814391787,f_cl_clo_x6f_rw_2_8_t14_v1
814401968,f_cl_clo_sbf_u_14_16_t11_v1
814460810,packed_mp_veh_mod_idx_s_18_v9
814593054,packed_mp_veh_mod_idx_s_20_v71
814643051,f_ta_tat_h27_017_t0_v0
814672294,vem_colour_mct_none_71
814855318,m_cl_clo_bhm_u_10_10_t11_v1
814923706,packed_mp_veh_mod_idx_22_v180
814965572,packed_mp_veh_mod_idx_3_v264
815156209,vem_spoiler_23_t14_v3
815160897,m_cl_clo_sum_u_8_3_t11_v1
815196454,packed_mp_veh_colour_extra2_0_v61
815324795,f_cl_clo_h3f_s_13_0_t8_v1
815430492,m_cl_ht_fmm_14_7_t14_v0
815467169,f_ha_cc_eyebrw_7_t2_v0
815551515,f_cl_clo_h4f_ph_0_15_t14_v1
815697010,packed_ng_vehicle_bpt_v265
815753478,packed_lr_vehicle_colour_5_v339
815774268,vem_smod3_whlv107_t66_v3
815778224,dec_vw_aw_ss_34
815788957,packed_mp_veh_mod_idx_16_v152
815794632,vem_rwd_bikew_26_t19_v4
815829635,packed_mp_veh_mod_idx_s_8_v119
815872768,f_cl_clo_bif_decl_41_t11_v1
815911824,vem_rwd_spt_07_t19_v3
816110215,vem_rwd_loride_15_t19_v12
816142309,packed_mp_veh_primary_colour_group_v148
816172087,packed_mp_veh_mod_idx_18_v121
816254828,m_cl_clo_vwm_s_2_7_t8_v1
816348508,vem_colour_extra_1_mct_classic_black_steel_t24_v33
816423524,packed_mp_veh_mod_idx_s_14_v136
816453811,wp_wt_rayminigun_t0_v0
816457933,packed_ng_vehicle_smoke_v147
816460876,f_cl_clo_sbf_u_13_5_t11_v1
816486516,f_ta_tat_sb_049_t0_v0
816512043,f_cl_clo_trf_f_1_14_t6_v1
816525984,vem_hlight_0_t11_v27
816651553,wp_wct_tint_1_t2_v9_n2
816746795,dec_vw_aw_ls_7b
816789013,f_cl_clo_trf_u_16_6_t11_v1
816793216,f_cl_clo_trf_u_12_1_t11_v1
816847038,packed_mp_veh_mod_idx_s_2_v162
816914978,vem_roof_14_t12_v1
816971754,vem_supermod_18_9_t59_v26
816973455,wp_ps_bag_50_t1_v33
817123238,f_cl_clo_grf_l_3_9_t4_v1
817157383,packed_mp_veh_mod_idx_6_v13
817185036,f_cl_ht_fmf_9_3_t14_v0
817194826,m_ta_tat_fx_014_t0_v0
817230997,vem_colour_2_mct_matte_blue_t25_v33
817285301,packed_mp_veh_livery_0_v283
817301018,packed_mp_veh_livery_0_v67
817334236,packed_mp_veh_mod_idx_13_v406
817384622,vem_colour_2_mct_classic_blue_t25_v1
817428123,vem_horn_indi_4_t10_v37
817467554,vem_colour_2_mct_metallic_surf_blue_t25_v4
817481059,packed_ng_vehicle_neon_v269
817482912,vem_cmod_exp_0_t20_v2
817483756,vem_supermod_19_1_t60_v3
817539022,packed_ng_vehicle_smoke_v156
817581327,f_cl_clo_hp_f_l_2_10_t4_v1
817608157,vem_colour_2_mct_classic_chocolate_brown_t25_v3
817608831,vem_smod_whlv180_t66_v0
817624743,wp_wm_tint7_t2_v48
817703623,packed_mp_veh_mod_idx_s_17_v239
817756053,packed_mp_veh_mod_idx_s_6_v227
817767103,fa_upgrade_fakeid_staff_1_t0_v0
817829028,ve_mammatus_t1_v0
817853506,m_cl_u_fmm_13_1_t11_v0
817856568,vem_supermod_7_8_t48_v3
817888864,m_cl_clo_grm_u_8_10_t11_v1
817889709,f_cl_clo_sbf_f_4_7_t6_v1
817916831,packed_mp_veh_mod_idx_9_v383
818021261,vem_colour_2_mct_classic_might_purple_t25_v4
818088375,packed_mp_veh_mod_idx_14_v132
818125859,m_cl_clo_s2m_d_7_t11_v1
818132808,f_cl_clo_smf_u_4_8_t11_v1
818239002,vem_bumper_f_6_t34_v6
818249879,packed_mp_veh_mod_idx_16_v296
818260112,vem_smod5_whlv204_t66_v3
818376060,m_cl_clo_x6m_u_2_8_t11_v1
818480227,vem_supermod_23_30_t64_v34
818702486,f_cl_clo_bif_u_16_3_t11_v1
818758414,packed_mp_veh_livery_0_v230
818808994,packed_mp_veh_mod_idx_s_18_v205
818811008,vem_supermod_15_0_t56_v31
818828054,packed_mp_veh_mod_idx_8_v369
818874212,multistorey_garage_tint_0_v1
818920758,f_cl_clo_grf_decl_15_t11_v1
819016681,f_cl_clo_x4f_u_13_2_t11_v1
819073559,vem_insurance_exemplar
819165432,service_spend_pa_service_vehicle
819225185,packed_mp_veh_mod_idx_s_6_v330
819242405,packed_mp_veh_mod_var_1_v103
819271518,f_cl_outfit_clo_arf_o_3_t12_v0
819384666,vem_horn_cnote_c0_t10_v11
819418862,packed_ng_vehicle_bpt_v194
819468237,packed_mp_veh_mod_idx_s_18_v355
819484227,vem_supermod_7_0_t48_v6
819484722,f_cl_clo_bbf_103_t4_v1
819555975,packed_mp_veh_mod_idx_15_v253
819567062,m_cl_clo_grm_l_3_9_t4_v1
819630681,m_cl_clo_smm_b_1_12_t1_v1
819723118,f_ta_tat_bi_019_t0_v0_cesp
819810279,packed_ng_vehicle_insurance_v108
819828914,packed_mp_veh_mod_idx_s_19_v288
819836704,ve_monroe_t0_v3
819876322,packed_mp_veh_mod_idx_23_v66
819949716,f_cl_clo_l2f_lw_2_0_t14_v1
820056092,m_cl_clo_grm_u_4_15_t11_v1
820061300,vem_supermod_15_6_t56_v28
820192151,packed_ng_vehicle_smoke_v111
820194630,ve_buffalo4_t1_v38
820213592,m_cl_clo_x6m_ey_0_5_t14_v1
820215404,packed_mp_veh_mod_idx_16_v126
820516984,wp_wct_c_tint_14_t2_v21_n2
820593161,vem_rwd_spt_08_t19_v3
820822800,f_cl_clo_bif_u_16_1_t11_v1
820863251,packed_mp_veh_mod_idx_23_v287
820893204,vem_cmod_neonlay_5_t21_v6
820914114,m_cl_clo_sbm_f_3_19_t6_v1
821129908,packed_mp_veh_mod_idx_s_6_v276
821141202,vem_suv_05_t19_v0
821163609,f_cl_clo_suf_u_6_2_t11_v1
821223254,f_cl_clo_h3f_o_fib_1_t3_v12
821236707,wp_wct_muzz2_t1_v56_n2
821237958,f_cl_clo_suf_u_0_17_t11_v1
821342075,vem_chassis_2_t4_v39
821483784,packed_mp_veh_mod_idx_s_5_v331
821534117,f_cl_clo_fxf_pe_3_9_t14_v1
821578612,vem_suv_07_t19_v1
821606542,packed_mp_veh_mod_idx_s_18_v165
821616173,packed_mp_veh_mod_idx_s_5_v248
821642740,packed_mp_veh_mod_idx_s_8_v78
821691255,packed_mp_veh_mod_idx_14_v0
821809042,vem_smod4_whlv143_t66_v3
821844198,f_ta_tat_ar_007_t0_v0
821865125,packed_mp_veh_colour_extra1_0_v61
821873005,m_cl_outfit_o_fmm_b8_t12_v0
821876211,packed_mp_veh_mod_idx_7_v57
821946041,vem_supermod_5_2_t46_v3
821967928,f_ta_tat_hp_024_t0_v0
821968524,f_ha_cc_mkup_28_t5_v0
821990250,f_cl_clo_hstfb_18_8_t1_v1
822112889,packed_mp_veh_mod_idx_s_18_v125
822125405,m_cl_clo_grm_u_7_18_t11_v1
822166762,vem_smod4_whlv6_t66_v2
822178662,vem_horn_luxe3_t10_v6
822201742,packed_mp_veh_mod_idx_s_20_v140
822210785,vem_aam_gun_turret_0_t0_v0
822243284,dbase_index_0_t0_v0
822437939,vem_colour_mct_none_133
822471416,f_cl_clo_s1f_dec_17_t11_v1
822494389,f_cl_clo_scf_u_4_0_t11_v1
822607968,f_cl_clo_half_d_8_t11_v1
822710316,m_cl_clo_h4m_b_2_0_t1_v1
822721642,m_cl_d_fmm_2_0_t10_v0
822812087,m_cl_clo_l2m_dec_10_t100_v0
822944085,m_cl_clo_vwm_u_20_1_t11_v1
822976826,m_cl_clo_sum_decl_19_t100_v0
823036784,m_cl_f_fmm_8_3_t6_v0
823102252,f_cl_clo_hstf_o_16_t3_v12
823196481,packed_ng_vehicle_smoke_v356
823306173,packed_mp_veh_mod_idx_s_19_v89
823328645,m_cl_clo_bim_s_10_21_t8_v1
823365063,vem_colour_extra_1_mct_pearlescent_midnight_blue_t24_v2
823397395,m_cl_clo_smm_b_5_8_t1_v1
823419749,packed_mp_veh_window_tint_0_v107
823530688,packed_mp_veh_mod_idx_s_0_v121
823576457,vem_smod4_whlv89_t66_v2
823658666,vem_colour_extra_1_mct_metallic_olive_green_t24_v0
823706693,m_cl_outfit_o_fmm_p4_t12_v0
823709459,f_cl_clo_val_decl_l_t11_v1
823720302,fcbase_sty6_t0_v0
823736070,f_cl_clo_ief_b_4_7_t1_v1
823824884,m_cl_clo_iem_u_7_17_t11_v1
823849382,m_cl_clo_h4m_b_2_3_t1_v1
823879723,packed_lr_vehicle_colour_5_v400
823937252,packed_mp_veh_mod_idx_s_13_v13
824061145,packed_mp_veh_mod_idx_2_v7
824067717,vem_cmod_neonlay_7_t21_v11
824130412,m_cl_clo_hp_d_10_t11_v1
824172222,f_cl_clo_ief_u_14_20_t11_v1
824187375,packed_mp_veh_mod_idx_s_4_v194
824291286,packed_mp_veh_mod_idx_13_v396
824370226,m_cl_clo_bhm_u_9_1_t11_v1
824398506,vem_insurance_ingot
824411597,vem_supermod_23_16_t64_v28
824461423,f_cl_outfit_clo_h2f_o_s_5_t12_v0
824525001,ve_hotknife_t1_v3
824596896,m_cl_clo_iem_ph_0_15_t14_v1
824622151,service_earn_casino_award_mission_four_first_time
824629200,ve_cognosc2_t0_v0
824683693,vem_grill_2_t8_v1
824825703,wp_wm_tint5_t3_v23
824849624,f_cl_clo_suf_decl_0_t11_v1
824896314,vem_cmod_neonlay_0_t21_v6
824899541,packed_mp_veh_mod_idx_s_20_v339
824974540,m_cl_clo_bus_m_0_6_t1_v1
824980625,f_cl_clo_valf_u_1_2_t8_v1
824987706,packed_mp_veh_mod_idx_23_v40
824998092,wp_wct_holo_t1_v22_n2
825654794,m_cl_clo_og_decl_1_t8_v1
825676810,m_cl_clo_halm_3_0_t1_v1
825760572,vem_colour_extra_1_mct_classic_nautical_blue_t24_v2
825862432,vem_colour_extra_1_mct_classic_midnight_silver_t24_v4
825926973,ve_blista2_t1_v0
825931180,f_cl_clo_l2f_l_1_4_t4_v1
825986079,ve_champion_t0_v38
826264218,vem_spt_11_t19_v1
826384700,m_cl_clo_h2m_f_5_19_t6_v1
826393411,packed_mp_veh_mod_idx_23_v411
826405785,vem_supermod_4_5_t45_v7
826416231,m_cl_clo_stm_u_5_13_t11_v1
826476533,vem_smod4_whlv37_t66_v2
826518084,packed_mp_veh_mod_idx_s_0_v413
826628123,packed_mp_veh_mod_idx_s_15_v73
826706108,f_cl_outfit_clo_bus_f_o_7_t12_v0
826768882,packed_mp_veh_mod_idx_8_v241
826791814,f_cl_clo_awf_u_7_3_t11_v1
826838903,f_cl_clo_h3f_ph_11_1_t14_v1
826870610,f_cl_clo_awf_u_3_14_t11_v1
827013057,f_cl_clo_h4f_u_7_2_t11_v1
827024095,packed_mp_veh_mod_idx_23_v278
827096432,packed_mp_veh_mod_idx_s_20_v303
827150404,f_cl_outfit_clo_suf_o_1_t12_v0
827241080,mp_stat_mpsv_model_334
827242641,packed_mp_veh_mod_idx_s_15_v342
827288334,m_cl_clo_trm_o_d2_t3_v12
827308208,service_earn_daily_objective_event
827323911,m_cl_clo_lxm_e_11_1_t14_v1
827532959,f_cl_u_fmf_13_14_t11_v0
827594247,packed_mp_veh_mod_idx_14_v301
827642066,m_cl_clo_x3m_u_1_15_t11_v1
827714172,m_cl_f_fmm_9_4_t6_v0
827755908,ve_verlier_t0_v3
827785909,candc_hacker_dec_18_t0_v0
827806519,f_cl_clo_x6f_u_3_4_t11_v1
827810107,f_cl_clo_sbf_u_18_20_t11_v1
827937763,f_cl_l_fmf_11_9_t4_v0
828024820,packed_mp_veh_mod_idx_s_10_v363
828034342,packed_mp_veh_mod_idx_5_v59
828041244,m_ta_tat_x2_028_t0_v0
828101169,f_ha_clo_bbf_h_00_t0_v1
828148876,vem_musc_08_t19_v3
828390007,vem_insurance_dodo
828516168,packed_mp_veh_mod_idx_7_v318
828589127,f_cl_clo_ltsfu_0_3_t11_v1
828609391,m_cl_clo_h4m_prw_0_6_t14_v1
828644186,f_cl_clo_grf_b_4_16_t1_v1
828697577,wp_wct_barr_t1_v13_n2
828739744,m_cl_clo_grm_u_10_2_t11_v1
828749420,packed_mp_veh_mod_idx_10_v369
828815055,m_cl_clo_s1m_u_2_4_t11_v1
828899004,vem_smod4_whlv96_t66_v3
829036635,vem_cmod_tyr_8_t18_v7
829048735,f_cl_clo_arf_o_4_t11_v12
829098507,mt_snk_item6_t0_v0
829108624,ve_tornado6_t0_v3
829143898,f_cl_clo_grf_u_13_5_t11_v1
829342938,vem_supermod_23_12_t64_v38
829431883,f_cl_clo_bif_ph_1_8_t14_v1
829443481,m_cl_clo_exm_decl_5_t100_v0
829453971,f_cl_g_fmf_4_1_t14_v0
829485589,f_cl_clo_grf_b_4_10_t1_v1
829489391,vem_smod_whlv172_t66_v0
829556454,m_cl_clo_fxm_ph_1_3_t14_v1
829583447,vem_supermod_3_6_n1_t44_v27
829591478,f_cl_clo_h2f_b_3_17_t1_v1
829609446,packed_mp_veh_mod_idx_s_9_v278
829644887,m_cl_clo_busm_s_0_1_t8_v1
829715533,vem_trans_3_t16_v10
829726668,vem_colour_1_mct_classic_might_purple_t24_v4
829731092,m_cl_clo_smm_decl_8_t100_v0
829758768,f_ta_tat_st_033_t0_v0
829838148,vem_insurance_cyclone
829876207,vem_smod4_whlv122_t66_v2
829885246,f_cl_clo_fxf_u_4_10_t11_v1
829936018,packed_ng_vehicle_neon_v302
829937033,vem_colour_1_mct_classic_ultra_blue_t24_v4
829958800,f_cl_clo_sbf_u_14_5_t11_v1
829963796,f_cl_clo_valf_u_1_3_t8_v1
829993531,vem_spoiler_30_t14_v1
830010274,packed_mp_veh_mod_idx_s_21_v322
830018386,service_spend_request_company_suv
830058154,vem_colour_1_mct_classic_orange_t24_v0
830066232,f_cl_clo_bif_u_14_4_t11_v1
830222459,f_cl_clo_grf_decl_23_t10_v1
830310238,packed_mp_veh_colour2_0_v218
830330779,packed_mp_veh_mod_idx_2_v247
830463166,packed_mp_veh_mod_idx_11_v107
830485853,m_cl_clo_vwm_u_18_0_t11_v1
830492862,fcclub_dnc_9_t0_v0
830661238,mt_snk_item1_t0_v2
830706320,dec_vw_aw_wv_51
830997505,m_cl_ht_fmm_15_5_t14_v0
831061458,m_cl_clo_bbm_w_1_1_t14_v1
831093968,packed_mp_veh_mod_var_1_v344
831152491,pr_pm_apt_var_6_t0_v0
831226278,candc_hacker_work_0_t0_v0
831233689,packed_mp_int_armory_aircraft_veh_shop_v0
831268297,packed_mp_veh_mod_idx_s_1_v314
831296071,m_cl_clo_bhm_decl_51_t100_v0
831310154,m_cl_outfit_clo_awm_o_i_2_t12_v0
831369407,packed_mp_veh_mod_idx_10_v194
831414679,f_cl_clo_trf_u_14_18_t11_v1
831416108,vem_supermod_3_29_t44_v11
831426083,packed_mp_veh_mod_var_0_v262
831430998,f_cl_clo_s1f_dec_15_t100_v0
831534436,f_cl_clo_ief_u_3_9_t11_v1
831636566,vem_rwd_drft_15_t19_v1
831726312,m_cl_clo_h3m_l_5_3_t4_v1
831733679,f_cl_clo_smf_ph_1_14_t14_v1
831909460,packed_mp_veh_mod_idx_9_v412
832033711,packed_mp_veh_mod_idx_s_11_v268
832072076,packed_mp_veh_mod_idx_s_5_v290
832075200,vem_colour_5_midnight_blue_t38_v0
832111685,f_cl_clo_smf_b_4_8_t1_v1
832198264,vem_smod5_whlv146_t66_v3
832207674,packed_lr_vehicle_colour_6_v6
832218995,ve_radi_t0_v0
832315891,m_ta_tat_sb_032_t0_v0
832318173,vem_supermod_10_4_t51_v26
832368105,f_cl_outfit_clo_h3f_o_clb_4_t12_v0
832401539,vem_roof_0_t12_v5
832554271,f_cl_clo_fxf_ph_4_12_t14_v1
832568215,veu_manana2_t0_v0
832731593,packed_mp_veh_secondary_colour_group_v89
832872119,f_cl_clo_fxf_u_9_13_t11_v1
832964794,packed_mp_veh_mod_idx_s_3_v380
832978141,packed_mp_veh_mod_idx_s_4_v375
833036057,packed_mp_veh_mod_idx_15_v326
833049951,vem_smod4_whlv101_t66_v0
833075221,m_cl_clo_awm_b_2_15_t1_v1
833100915,vem_chassis_0_t4_v27
833105711,vem_smod2_whl16_t19_v12
833176271,wp_wct_tint_17_t2_v1_n2
833201229,f_cl_clo_x6f_ph_0_19_t14_v1
833222067,m_cl_clo_h2m_b_3_19_t1_v1
833307151,packed_lr_vehicle_colour_6_v89
833376096,dec_vw_aw_wh_37b
833407853,m_cl_clo_h3m_decl_10_t100_v0
833499651,f_cl_clo_grf_u_4_11_t11_v1
833508465,f_ha_cc_mkup_76_t5_v0
833560225,wp_wct_var_etchm_t1_v46
833679408,packed_mp_veh_colour2_0_v388
833763897,f_cl_clo_x6f_f_5_12_t6_v1
833787730,packed_mp_veh_mod_idx_s_18_v331
833893474,vem_horn_luxe2_t10_v32
833912230,f_cl_t_fmf_5_5_t7_v0
833937078,vem_colour_2_mct_metallic_pink_t25_v33
833942699,vem_supermod_3_34_t44_v10
833958250,packed_mp_veh_livery2_0_v284
833981448,vem_colour_extra_1_mct_metallic_racing_blue_t24_v2
834079984,vem_yacht_mod_3_v0
834140852,m_cl_clo_indm_d_20_t100_v0
834147682,vem_smod2_whlv157_t66_v3
834199210,packed_mp_veh_colour1_0_v121
834236737,vem_smod5_whlv135_t66_v3
834269851,vem_colour_2_mct_classic_diamond_blue_t25_v0
834306718,vem_supermod_2_8_t43_v26
834330316,vem_horn_cnote_d0_t10_v39
834350994,packed_mp_veh_mod_idx_4_v117
834430611,packed_mp_veh_mod_idx_9_v315
834458586,vem_cmod_col5_25_t29_v1
834498255,wp_wct_c_tint_21_t2_v70_n2
834587571,m_cl_clo_vwm_u_23_4_t11_v1
834689938,m_cl_outfit_clo_ltsm_o_3_t12_v0
834736151,f_cl_clo_smf_ph_8_19_t14_v1
834739492,m_cl_clo_scm_l_10_17_t4_v1
834781904,m_cl_clo_h2m_f_3_14_t6_v1
834814560,packed_ng_vehicle_bpt_v152
834826546,packed_ng_vehicle_bpt_v392
834834628,m_cl_outfit_clo_x6m_o_3_t12_v0
834873274,packed_mp_veh_mod_idx_s_4_v278
834878439,vem_bumper_r_19_t35_v38
834902336,vem_supermod_6_4_t47_v6
835078081,f_cl_clo_s1f_ph_0_22_t14_v1
835185371,m_ta_tat_bi_008_t0_v0
835234500,vem_colour_1_mct_classic_maple_brown_t24_v4
835292689,packed_ng_vehicle_smoke_v252
835340719,packed_mp_veh_mod_idx_s_13_v259
835485289,packed_mp_veh_mod_idx_0_v14
835539032,f_cl_clo_awf_o_f_3_t8_v12
835550002,m_cl_clo_hstmb_14_9_t1_v1
835608662,packed_mp_veh_mod_idx_s_5_v393
835643388,f_cl_clo_x6f_u_1_9_t11_v1
835673463,packed_mp_veh_colour1_0_v183
835723795,packed_ng_vehicle_insurance_v407
835938199,f_cl_clo_trf_u_15_4_t11_v1
835976347,service_earn_deathmatch_bounty
835979616,packed_mp_veh_mod_idx_s_19_v144
835995091,f_cl_clo_ief_u_14_17_t11_v1_cesp
836079907,m_cl_clo_x6m_u_1_2_t11_v1
836080461,packed_mp_veh_mod_var_0_v221
836092110,vem_insurance_nokota
836271333,vem_colour_extra_1_mct_metallic_dark_green_t24_v4
836275329,packed_mp_veh_secondary_colour_group_v407
836317588,packed_mp_veh_mod_idx_7_v109
836347221,f_cl_clo_scf_d_27_4_t10_v1
836365774,f_cl_clo_arf_ph_0_12_t14_v1
836380652,packed_mp_veh_mod_idx_s_4_v272
836432701,m_cl_clo_sbm_b_10_19_t1_v1
836442662,vem_smod2_whlv192_t66_v3
836471500,packed_mp_veh_mod_idx_14_v127
836476168,wp_wm_tint5_t2_v7
836485461,f_cl_clo_bif_s_17_2_t8_v1
836496143,m_cl_clo_x6m_b_3_2_t1_v1
836549287,f_cl_clo_busf_l_0_10_t4_v1
836601545,vem_colour_2_mct_classic_anthr_black_t25_v33
836614580,vem_colour_2_mct_metallic_creek_brown_t25_v4
836855147,packed_mp_veh_mod_idx_9_v54
836952559,packed_mp_veh_wheel_type_0_v211
836981771,m_cl_clo_h3m_ph_11_4_t14_v1
836997945,m_cl_clo_x6m_ph_8_4_t14_v1
837079085,m_cl_clo_x6m_ph_9_0_t14_v1
837086773,packed_ng_vehicle_smoke_v322
837119088,vem_yacht_flag_29_v0
837128144,packed_mp_veh_mod_idx_s_9_v104
837180604,m_cl_outfit_clo_hstm_o_16_t12_v0
837260677,vem_colour_extra_1_mct_metallic_chocolate_brown_t24_v2
837403528,packed_mp_veh_mod_idx_22_v173
837421230,f_cl_clo_suf_l_3_1_t4_v1
837437900,packed_mp_veh_mod_idx_s_12_v171
837494126,fcclub_dj3_0_t0_v1
837507431,f_cl_l_fmf_2_2_t4_v0
837512659,packed_mp_veh_mod_idx_11_v410
837551856,f_cl_clo_smf_u_4_1_t11_v1
837576306,f_cl_clo_awf_o_c_11_t8_v12
837603911,packed_mp_veh_mod_var_1_v224
837663452,packed_mp_veh_mod_idx_s_0_v56
837674660,vem_supermod_3_4_t44_v38
837687795,vem_supermod_23_29_t64_v3
837743631,f_cl_outfit_clo_h4f_o_sm_f2_t12_v0
837818278,m_cl_clo_bim_ph_6_7_t14_v1
837926337,m_cl_clo_sum_g_1_0_t3_v1
837955913,service_spend_arena_join_spectator
838031842,wp_wct_c_tint_4_t2_v5_n2
838122095,packed_mp_veh_plate_id_v406
838262588,packed_mp_veh_mod_idx_s_20_v272
838347576,vem_cmod_hrn_trk_t10_v3
838408042,wp_wm_tint4_t2_v57
838631775,vem_colour_extra_1_mct_classic_cream_t24_v1
838667291,packed_mp_veh_livery2_0_v140
838760736,m_cl_clo_fxm_l_4_20_t4_v1
838765361,f_cl_clo_x6f_ph_10_2_t14_v1
838774271,kosatk_fla_45_t0_v1
838811335,packed_mp_veh_mod_idx_22_v261
838835967,vem_colour_1_mct_classic_sunset_red_t24_v0
838976530,m_cl_clo_hp_u_5_4_t8_v1
839065262,vem_smod4_whlv157_t66_v2
839210164,packed_mp_veh_mod_var_1_v200
839231019,f_cl_clo_bhf_u_20_0_t11_v1
839255409,packed_mp_veh_mod_idx_s_5_v182
839290319,f_ta_tat_l2_005_t0_v0
839301685,f_ta_tat_bus_f_011_t0_v0
839449616,f_cl_clo_bif_decl_22_t11_v1
839716358,packed_mp_veh_mod_var_1_v171
839727690,f_cl_outfit_clo_hstf_o_l_2_t12_v0
839744217,m_cl_clo_hstm_t_3_11_t7_v1
839858691,m_cl_clo_bhm_decl_34_t100_v0
839918024,vem_hood_10_t9_v27
839964298,m_cl_clo_lxm_e_10_2_t14_v1
840012701,f_cl_clo_sbf_b_10_18_t1_v1
840064389,m_cl_clo_l2m_t_3_1_t7_v1
840103664,vem_supermod_18_0_t59_v11
840118050,packed_mp_veh_mod_idx_12_v369
840150559,f_cl_clo_ltsft_1_2_t3_v1
840185093,vem_supermod_48_13_t48_v7
840200112,m_cl_clo_sum_decl_26_t11_v1
840203257,f_cl_clo_val_decl_j_t100_v0
840209431,f_cl_clo_busf_g0_3_t14_v1
840216287,m_cl_clo_vwm_s_2_5_t8_v1
840259597,packed_mp_veh_primary_colour_group_v106
840281090,packed_mp_veh_plate_id_v173
840351835,f_cl_clo_trf_f_1_15_t6_v1
840457477,packed_mp_veh_mod_idx_23_v224
840645918,packed_mp_veh_mod_idx_10_v214
840653572,vem_colour_1_mct_classic_moss_brown_t24_v4
840657549,packed_mp_veh_mod_idx_s_3_v269
840762418,vem_colour_extra_1_mct_metallic_diamond_blue_t24_v3
840775259,packed_mp_veh_mod_idx_7_v267
840801245,packed_mp_veh_mod_idx_6_v266
840903957,f_ha_face_e_c_27_t4_v0
840914394,packed_mp_veh_mod_idx_s_11_v270
840929405,f_cl_clo_vwf_pe_1_0_t14_v1
840983100,vem_cmod_hrn_0_t10_v1
841084709,packed_mp_veh_mod_idx_s_16_v220
841106982,packed_mp_veh_mod_idx_s_8_v195
841168420,vem_smod3_whlv67_t66_v3
841190531,packed_mp_veh_secondary_colour_group_v174
841211119,packed_ng_vehicle_bpt_v184
841230307,vem_musc_07_t19_v3
841237410,f_ta_tat_s1_014_t0_v0
841248584,f_cl_clo_stf_o_0_t3_v12
841316771,m_cl_u_fmm_6_6_t11_v0
841342086,vem_bumper_f_6_t34_v38
841491283,f_cl_clo_suf_u_20_4_t11_v1
841665528,packed_mp_veh_mod_idx_s_8_v228
841697718,f_cl_clo_hstf_u_16_5_t11_v1
841703486,m_cl_clo_iem_b_10_3_t1_v1
841731852,f_cl_u_fmf_12_8_t11_v0
841746797,packed_mp_veh_mod_idx_s_9_v119
841764099,packed_ng_vehicle_neon_v311
841764224,f_cl_clo_h4f_plw_0_8_t14_v1
841805306,m_cl_clo_sbm_l_0_14_t4_v1
841925651,m_cl_clo_busm_s_0_12_t8_v2
841943488,f_cl_clo_x3f_b_12_0_t1_v1
841979480,vem_roof_5_n2_t12_v3
842010478,ve_taxi_t0_v0
842161418,packed_mp_veh_wheel_type_0_v283
842208689,m_cl_clo_iem_l_2_7_t4_v1
842222819,m_cl_clo_h3m_ph_10_2_t14_v1
842266833,vem_supermod_19_1_t60_v26
842334566,f_cl_clo_bus_p_0_3_t14_v1
842426085,vem_skirt_1_t13_v5
842437677,m_cl_clo_sbm_u_11_21_t11_v1
842483278,packed_mp_veh_mod_idx_14_v409
842485442,m_cl_clo_bim_decl_29_t100_v0
842499410,f_cl_clo_hp_f_d_31_t11_v1
842536220,f_cl_clo_grf_u_12_3_t11_v1
842565921,packed_mp_veh_colour1_0_v290
842608158,packed_mp_veh_mod_idx_8_v141
842619012,f_cl_clo_stf_ht8_8_t14_v1
842633605,f_cl_clo_hstf_u_12_4_t11_v1
842748310,m_cl_clo_indm_s_0_6_t8_v1
842859280,f_ta_tat_hp_018_t0_v0
842859453,packed_ng_vehicle_insurance_v331
842863234,m_cl_clo_x6m_f_10_1_t6_v1
842882884,f_cl_clo_grf_u_7_11_t11_v1
842903775,m_ha_cc_eyebrw_6_t2_v1
842933236,dec_vw_aw_mf_4c
842934896,packed_mp_veh_mod_idx_s_19_v97
842958100,vem_sub_heli_c_4
843029037,packed_mp_veh_mod_idx_s_18_v215
843103809,m_cl_clo_trm_u_17_0_t11_v1
843181066,packed_mp_veh_mod_idx_s_15_v284
843317290,vem_smod4_whlv176_t66_v3
843339272,packed_mp_veh_mod_idx_16_v43
843381160,vem_supermod_20_3_t61_v28
843414239,f_cl_clo_indf_d_21_t8_v1
843440298,vem_supermod_2_10_t43_v26
843474852,packed_mp_veh_livery_0_v299
843531227,f_cl_clo_bif_ph_0_5_t14_v1
843559491,packed_mp_veh_mod_idx_s_20_v406
843712868,mp_stat_factoryupgrades0_1_v0
843747905,f_cl_clo_fxf_u_6_2_t11_v1
843749342,m_cl_clo_sbm_f_5_2_t6_v1
843857915,f_cl_outfit_clo_hstf_o_i_0_t12_v0
843945084,packed_mp_veh_mod_idx_12_v190
843960073,packed_mp_veh_mod_idx_s_2_v0
843987953,packed_mp_veh_mod_var_0_v405
844035441,f_cl_clo_grf_decl_18_t100_v0
844040828,packed_mp_veh_plate_id_v138
844076741,f_cl_clo_fxf_u_6_24_t11_v1
844246250,f_ta_tat_sb_055_t0_v0
844330594,service_earn_gangops_award_order
844330747,m_cl_clo_h4m_decl_51_t100_v0
844342091,packed_mp_veh_mod_idx_s_4_v265
844421093,wp_wt_mg_t0_v1
844444566,packed_mp_veh_window_tint_0_v268
844494324,packed_mp_veh_mod_idx_23_v290
844533919,packed_mp_veh_colour2_0_v115
844621208,m_cl_clo_h2m_o_g_17_t3_v12
844644219,vem_smod_whlv191_t66_v0
844741044,m_cl_u_fmm_12_5_t8_v0
844773339,packed_mp_veh_mod_idx_s_8_v281
844809064,m_cl_clo_h4m_pey_3_1_t14_v1
844821080,f_cl_outfit_clo_h2f_o_s_9_t12_v0
844844370,vem_cmod_hrn_sad_t10_v37
845023070,packed_mp_veh_mod_idx_s_18_v240
845055865,vem_colour_1_mct_metallic_cabernet_red_t24_v33
845089433,packed_mp_veh_mod_idx_s_3_v0
845120587,vem_supermod_3_39_t44_v10
845130330,wp_wct_tint_11_t2_v8_n2
845179446,m_ha_cc_eyebrw_3_t2_v1
845243152,m_cl_clo_h4m_s_1_1_t8_v1
845292482,vem_supermod_7_7_t48_v11
845361716,vem_rwd_drft_20_t19_v12
845411076,m_cl_outfit_clo_bim_o_3_t12_v0
845464725,vem_cmod_pla_4_t23_v29
845499649,vem_cmod_win_2_t33_v11
845550102,m_cl_clo_h4m_u_3_19_t11_v1
845592671,f_cl_outfit_clo_h3f_o_fib_4_t12_v0
845594581,vem_colour_extra_1_mct_classic_harbor_blue_t24_v1
845713214,packed_mp_veh_livery2_0_v167
845720296,packed_mp_veh_mod_idx_s_10_v359
845757484,m_cl_clo_lxm_e_14_0_t14_v1
845975651,vem_supermod_56_12_t56_v7
845975708,packed_mp_veh_mod_idx_8_v5
846099071,packed_mp_veh_mod_idx_1_v16
846189374,pr_pm_modshop_9_t88_v0
846201191,m_cl_clo_vwm_u_17_10_t11_v1
846213731,f_cl_clo_smf_b_0_21_t1_v1
846259542,packed_mp_veh_plate_id_v70
846300894,m_ha_cc_eyebrw_32_t2_v0
846386599,vem_cmod_tyr_9_t18_v11
846404379,packed_mp_veh_mod_idx_s_14_v151
846443533,packed_mp_veh_mod_idx_12_v97
846508496,vem_smod_whlv78_t66_v0
846574058,packed_mp_veh_mod_idx_s_8_v242
846621405,packed_lr_vehicle_colour_5_v406
846654030,packed_mp_veh_mod_idx_4_v186
846671856,m_cl_outfit_clo_s1m_o_3_t12_v0
846943208,packed_mp_veh_mod_var_1_v258
846950335,m_cl_clo_val_decl_n_t11_v1
847009676,ve_gburrito2_t0_v0
847025955,packed_mp_veh_livery2_0_v373
847051492,f_cl_clo_l2f_dec_20_t100_v0
847164629,packed_mp_veh_livery2_0_v41
847244843,f_cl_ht_fmf_7_7_t14_v0
847386439,f_cl_clo_x6f_f_10_10_t6_v1
847473033,packed_mp_veh_mod_idx_9_v338
847483048,f_cl_clo_hp_f_o_1_t100_v0
847492029,vem_exhaust_11_t6_v3
847556087,m_cl_clo_bim_ph_0_1_t14_v1
847567149,packed_mp_veh_mod_idx_s_11_v299
847577721,m_cl_outfit_clo_x6m_o_o_22_t12_v0
847648451,f_cl_clo_scf_f_0_5_t6_v1
847670839,veu_gauntlet5_t0_v0
847727755,vem_grill_1_t8_v10
847737637,vem_chassis_7_t4_v39
847743421,vem_supermod_7_7_t48_v27
847761452,vem_rwd_bikew_18_t19_v3
847783110,m_cl_clo_bhm_u_9_2_t11_v1
847795024,packed_mp_veh_mod_idx_18_v139
847805491,vem_cmod_hrn_mus2_t10_v30
847886091,vem_colour_extra_1_mct_pearlescent_bright_orange_t24_v1
847910607,packed_mp_veh_mod_idx_s_1_v274
847932013,vem_trans_0_t16_v39
847944462,f_cl_l_fmf_0_2_t4_v0
847950222,packed_mp_veh_mod_idx_22_v207
848065713,vem_engine_0_t5_v30
848072461,packed_mp_veh_mod_idx_s_7_v404
848077197,f_cl_clo_vwf_f_1_4_t6_v1
848090538,service_earn_from_destroying_contraband
848115708,m_cl_clo_busm_s_0_4_t8_v2
848130926,m_cl_clo_s2m_u_3_0_t11_v1
848182693,f_ta_tat_bi_016_t0_v0
848222478,packed_mp_veh_mod_idx_s_12_v111
848348446,packed_mp_veh_mod_idx_s_1_v375
848348954,m_cl_clo_bim_decl_57_t100_v0
848493269,packed_mp_veh_mod_idx_s_3_v163
848510570,m_cl_clo_grm_u_14_8_t11_v1
848677501,m_cl_clo_sum_decl_16_t100_v0
848849076,packed_mp_veh_mod_idx_8_v272
848861968,m_cl_clo_stm_l_3_15_t4_v1
848893974,m_cl_clo_scm_ph_6_2_t14_v1
848895055,m_cl_clo_ltsmt_0_0_t3_v1
848895728,f_cl_u_fmf_6_2_t11_v0
848909308,packed_mp_veh_mod_idx_23_v31
849026201,packed_mp_veh_mod_idx_s_3_v400
849059142,vem_supermod_23_10_t64_v28
849117987,vem_colour_extra_1_mct_metallic_mariner_blue_t24_v0
849184052,m_cl_clo_grm_ph_4_25_t14_v1
849319603,packed_mp_veh_mod_idx_s_0_v111
849497000,f_cl_m_fmf_5_3_t1_v0
849560935,f_cl_clo_h4f_b_4_0_t1_v1
849781628,packed_mp_veh_mod_idx_s_8_v392
849832757,f_cl_clo_bhf_u_11_8_t11_v1
849848053,packed_mp_veh_mod_idx_22_v303
849981466,packed_mp_veh_mod_idx_s_11_v68
849997267,vem_cmod_col3_c_t25_v33
850060181,packed_mp_veh_mod_idx_6_v6
850126048,f_ta_tat_s1_026_t0_v0
850141260,vem_colour_2_mct_classic_blaze_red_t25_v33
850350034,packed_mp_veh_mod_idx_2_v276
850487285,f_cl_clo_trf_u_14_0_t11_v1
850521904,packed_mp_veh_mod_idx_15_v204
850616149,packed_mp_veh_mod_idx_s_15_v244
850653457,packed_mp_veh_colour_extra1_0_v346
850698348,packed_ng_vehicle_neon_kit_v145
850786888,m_cl_clo_fxm_l_3_9_t4_v1
850796839,f_cl_clo_sbf_u_17_23_t11_v1
850828916,packed_mp_veh_mod_idx_s_1_v285
850956650,f_cl_clo_h2f_f_3_3_t6_v1
850968377,f_cl_clo_stf_o_e_3_t8_v12
850976843,ve_speedo2_t0_v0
850983931,vem_insurance_schafter
851039061,f_cl_l_fmf_12_9_t4_v0
851073307,f_cl_clo_x6f_f_6_18_t6_v1
851077391,packed_mp_veh_wheel_type_0_v108
851295201,f_cl_clo_scf_d_27_6_t10_v1
851463773,packed_mp_veh_mod_idx_s_11_v190
851476068,packed_mp_veh_mod_idx_s_3_v176
851555741,f_cl_clo_exf_au_10_0_t11_v1
851568857,f_cl_clo_sbf_u_13_16_t11_v1
851577050,packed_mp_veh_colour2_0_v177
851578024,packed_ng_vehicle_neon_v65
851592862,packed_lr_vehicle_colour_6_v102
851611109,ve_nimbus_t1_v0
851706761,packed_mp_veh_mod_idx_s_5_v178
851716168,f_cl_clo_grf_u_7_2_t11_v1
851747103,vem_fender_r_11_t37_v35
851825426,vem_colour_extra_1_mct_metallic_saddle_brown_t24_v1
851935111,packed_mp_veh_primary_colour_group_v31
851995695,f_cl_clo_bif_u_0_2_t11_v1
852278161,f_cl_clo_lxf_o_0_t3_v12
852286606,vem_smod2_whlv21_t66_v3
852311287,m_cl_clo_iem_u_3_4_t11_v1
852441015,vem_colour_extra_1_mct_classic_bright_green_t24_v1
852503516,vem_yacht_mod_1_v0
852546248,packed_mp_veh_wheel_type_0_v369
852581074,packed_mp_veh_mod_idx_4_v95
852660740,packed_mp_veh_colour_extra2_0_v280
852709232,vem_colour_2_mct_metallic_blaze_red_t25_v3
852725370,m_cl_clo_hstm_b_12_0_t1_v1
852802732,pr_pm_name_1_t0_v0
852806931,f_cl_clo_l2f_dec_27_t100_v0
852808566,packed_mp_veh_plate_id_v276
852875610,m_cl_f_fmm_8_9_t6_v0
853048257,f_cl_u_fmf_13_15_t8_v0
853134020,vem_smod5_whlv169_t66_v3
853192481,mp_stat_dbase_facility_style_v0
853232626,f_cl_clo_x6f_l_7_13_t4_v1
853321079,vem_smod_whl21_t19_v3
853327276,packed_mp_veh_mod_idx_s_21_v186
853471977,vem_colour_extra_1_mct_metallic_sea_green_t24_v1
853497573,m_cl_clo_scm_ey_0_1_t14_v1
853519121,packed_mp_veh_mod_idx_13_v301
853540993,m_cl_clo_bim_u_10_0_t11_v1
853963349,packed_mp_veh_mod_idx_16_v211
854008224,packed_mp_veh_colour_extra2_0_v180
854011488,f_cl_clo_fxf_ph_4_8_t14_v1
854021375,m_cl_clo_stm_ht13_3_t14_v1
854031671,f_cl_clo_stf_o_e_1_t11_v12
854039654,m_cl_clo_smm_u_4_2_t11_v1
854044149,packed_mp_veh_mod_idx_s_0_v225
854056497,packed_mp_veh_mod_idx_s_1_v175
854066046,vem_colour_2_mct_classic_sunset_red_t25_v0
854217233,packed_mp_veh_mod_idx_15_v276
854229038,f_cl_clo_h3f_decl_7_t100_v0
854241587,vem_supermod_11_6_t52_v26
854299952,packed_mp_veh_mod_var_1_v315
854320338,m_ta_tat_fx_016_t0_v0
854415096,vem_smod2_whlv18_t66_v3
854418655,vem_cmod_whe_0_t19_v2
854490904,ve_stromberg_t0_v29
854540632,packed_mp_veh_mod_idx_8_v339
854673873,packed_mp_veh_mod_idx_s_13_v236
854742540,vem_hood_1_t9_v35
854753473,packed_mp_veh_mod_idx_4_v288
854898821,vem_colour_1_mct_matte_midnight_blue_t24_v3
854954384,vem_cmod_col5_39_t29_v0
855169748,packed_mp_veh_mod_idx_s_20_v211
855194022,packed_mp_veh_mod_idx_s_15_v368
855210552,packed_mp_veh_mod_idx_s_22_v15
855220202,m_cl_clo_bim_ph_7_0_t14_v1
855304722,packed_mp_veh_mod_idx_4_v233
855448336,packed_mp_veh_mod_idx_18_v372
855475130,f_cl_clo_bbf_p1_0_t14_v1
855489991,vem_smod4_whlv155_t66_v2
855523471,m_cl_outfit_clo_iem_o_2_t12_v0
855573680,packed_lr_vehicle_colour_5_v216
855740113,f_cl_clo_hstfb_22_19_t1_v1
855816932,f_cl_clo_vwf_l_2_8_t4_v1
856065220,packed_mp_veh_mod_idx_4_v43
856101152,packed_mp_veh_mod_idx_s_3_v335
856166947,vem_spoiler_0_t14_v5
856210539,autoshop_emb_5_t0_v0
856213458,packed_lr_vehicle_colour_6_v69
856220786,packed_mp_veh_mod_idx_s_6_v358
856260623,packed_mp_veh_primary_colour_group_v36
856261695,packed_mp_veh_mod_idx_16_v287
856287073,packed_mp_veh_mod_idx_0_v114
856290741,packed_mp_veh_mod_idx_s_6_v285
856483997,f_ha_cc_lipstick_8_t8_v0
856587749,packed_mp_veh_mod_idx_s_6_v368
856646707,dec_vw_aw_wv_10c
856919635,dec_vw_aw_mt_19b
856938642,f_cl_clo_bhf_decl_12_t100_v0
857229193,f_cl_clo_hp_f_d_15_t11_v1
857291775,m_cl_clo_sbm_lw_0_0_t14_v1
857388010,packed_mp_veh_mod_idx_18_v294
857550929,vem_smod4_whlv24_t66_v3
857630046,vem_insurance_furore
857653337,m_cl_l_fmm_1_14_t4_v0
857682087,packed_mp_veh_mod_idx_7_v273
857834216,packed_mp_veh_mod_idx_16_v123
857990861,packed_ng_vehicle_smoke_v132
858050157,f_cl_clo_exf_decl_8_t100_v0
858088404,packed_mp_veh_mod_idx_23_v22
858143328,packed_ng_vehicle_neon_v243
858259642,vem_supermod_8_13_t49_v27
858294708,m_cl_clo_smm_b_6_0_t1_v1
858323342,packed_mp_veh_mod_idx_s_15_v383
858350564,m_ta_tat_x2_003_t0_v0
858508907,f_cl_clo_grf_f_0_2_t6_v1
858523443,vem_supermod_42_3_t42_v7
858566002,vem_colour_extra_1_mct_pearlescent_rolled_steel_t24_v0
858591052,vem_rwd_musc_15_t19_v3
858636701,m_cl_clo_scm_u_22_2_t11_v1
858680854,packed_mp_veh_colour_extra2_0_v374
858698073,packed_mp_veh_mod_idx_4_v109
858712845,packed_mp_veh_mod_idx_s_7_v126
858724410,packed_mp_veh_mod_idx_0_v58
858756599,packed_mp_veh_mod_idx_5_v327
858798575,f_cl_outfit_clo_awf_o_e_11_t12_v0
858822140,wp_gsa_type_r_t0_v46_n2
858906448,f_ha_cc_mkup_1_t7_v0
859156614,vem_smod4_whlv24_t66_v0
859254855,m_ta_tat_sb_055_t0_v0
859334606,m_cl_clo_bbm_h_1_7_t14_v1
859382758,m_cl_clo_hp_d_21_t100_v0
859383867,f_cl_clo_indf_d_5_t11_v1
859409336,f_cl_clo_hp_f_u_4_0_t11_v1
859421018,vem_smod4_whlv43_t66_v1
859548026,vem_hood_3_t9_v29
859565314,m_cl_clo_bim_ph_0_6_t14_v1
859573012,f_cl_clo_h4f_ph_0_17_t14_v1
859642138,packed_mp_veh_mod_idx_s_0_v124
859714116,f_cl_g_fmf_10_3_t14_v0
859758706,packed_mp_veh_mod_idx_23_v215
859853839,mp_stat_mpsv_model_290
859916487,packed_mp_veh_mod_idx_12_v207
860017550,packed_mp_veh_mod_idx_s_19_v8
860090557,wp_pm_tint0_t2_v33
860114370,vem_roof_16_t12_v38
860127149,f_cl_clo_ief_u_1_9_t11_v1
860169052,vem_supermod_42_17_t42_v7
860271230,m_cl_clo_hp_d_13_t11_v1
860281636,packed_mp_veh_mod_idx_s_13_v403
860322636,mp_stat_mpsv_model_48
860363297,m_cl_clo_h2m_o_s_10_t3_v12
860371888,f_cl_clo_x6f_ey_3_17_t14_v1
860375257,f_cl_outfit_clo_arf_o_13_t12_v0
860407900,packed_mp_veh_window_tint_0_v309
860442825,f_cl_clo_vwf_u_15_7_t11_v1
860497154,m_ha_cc_eyebrw_20_t2_v0
860519745,m_cl_rew_redsk_t8_v0
860598637,f_cl_l_fmf_7_2_t4_v0
860610681,vem_suv_10_t19_v12
860619659,packed_mp_veh_mod_idx_1_v397
860726210,m_cl_clo_x6m_f_6_12_t6_v1
860793061,vem_supermod_1_0_t42_v36
860861903,f_cl_clo_hp_f_f_1_11_t6_v1
860877461,packed_mp_veh_mod_idx_2_v220
860880125,packed_mp_veh_mod_var_1_v371
861010217,vem_supermod_0_5_t41_v10
861011913,vem_supermod_58_12_t58_v7
861072408,packed_mp_veh_mod_idx_9_v259
861135441,vem_horn_indi_3_t10_v39
861231118,m_cl_clo_grm_ph_0_9_t14_v1
861322251,packed_mp_veh_mod_idx_s_23_v343
861410968,f_cl_outfit_clo_awf_o_e_2_t12_v0
861465526,packed_mp_veh_mod_idx_14_v257
861503583,m_cl_clo_v2m_u_0_10_t11_v1
861542703,m_cl_clo_s1m_u_6_1_t11_v1
861608116,packed_mp_veh_mod_idx_s_2_v112
861639222,m_cl_clo_vwm_u_14_0_t11_v1
861644383,m_cl_l_fmm_0_11_t4_v0
861798003,wp_wm_tint7_t2_v21
861858673,m_cl_clo_smm_u_1_5_t11_v1
861865588,vem_rwd_spt_25_t19_v0
862049498,m_ta_tat_st_048_t0_v0
862098806,packed_mp_veh_mod_idx_s_17_v245
862165510,packed_mp_veh_mod_idx_s_19_v231
862175425,vem_hlight_0_t11_v10
862232701,packed_mp_veh_colour_extra1_0_v71
862493661,m_cl_clo_grm_b_1_25_t1_v1
862565199,packed_mp_veh_colour1_0_v35
862571881,autoshop_crl_1_t0_v0
862613450,m_cl_clo_s2m_d_30_t11_v1
862636126,vem_supermod_45_18_t45_v7
862649611,mp_stat_hub_prod_total_5_v0
862711037,vem_colour_extra_1_mct_metallic_creek_brown_t24_v4
862729829,packed_mp_veh_mod_idx_18_v278
862763988,m_cl_outfit_clo_smm_o_2_t12_v0
862764113,f_cl_clo_x6f_l_1_8_t4_v1
862768412,packed_mp_veh_mod_idx_s_8_v214
862777620,f_cl_clo_stf_o_0_t11_v12
862808578,f_cl_clo_exf_oa_0_t3_v12
862864815,m_cl_clo_vwm_pw_6_5_t14_v1
862898339,f_cl_clo_s2f_u_4_8_t11_v1
862944652,packed_mp_veh_mod_idx_s_1_v48
863009818,packed_ng_vehicle_bpt_v94
863011848,ve_swift_t0_v0
863050885,f_cl_clo_fxf_b_2_1_t1_v1
863095057,f_cl_clo_hp_f_d_7_t100_v0
863119613,m_cl_u_fmm_3_13_t11_v0
863192199,packed_mp_veh_mod_idx_s_1_v396
863296537,f_cl_clo_suf_u_16_5_t11_v1
863314067,m_cl_clo_awm_decl_90_t100_v0
863375855,vem_colour_2_mct_matte_purple_t25_v3
863402794,f_cl_clo_trf_u_13_0_t11_v1
863430791,vem_horn_clas6_t10_v27
863473936,f_cl_clo_v2f_u_2_2_t11_v1
863819619,m_cl_clo_h4m_ph_0_19_t14_v1
863889744,packed_mp_veh_mod_idx_4_v158
863903929,m_cl_clo_hstm_t_1_6_t7_v1
863988413,m_cl_clo_bhm_u_10_1_t11_v1
864002178,m_cl_clo_grm_u_10_5_t11_v1
864044591,f_cl_clo_hstm_u_3_1_t100_v0
864100072,m_cl_clo_fxm_ph_6_7_t14_v1
864105118,packed_mp_veh_window_tint_0_v235
864119299,packed_mp_veh_mod_idx_s_16_v91
864236087,vem_smod2_whlv22_t66_v3
864288959,f_cl_clo_smf_u_1_4_t11_v1
864361415,vem_supermod_8_9_t49_v11
864588418,m_ha_clo_scm_h_1_0_t0_v1
864690871,vem_supermod_49_18_t49_v7
864914653,m_cl_outfit_clo_v2m_o_1_t12_v0
864966815,vem_armour_2_t1_v10
864968772,f_cl_clo_ief_u_5_7_t11_v1
864979508,wp_wct_tint_7_t2_v5_n2
864996190,packed_mp_veh_mod_idx_14_v104
865089958,packed_mp_veh_mod_idx_s_7_v75
865157282,m_cl_clo_h3m_u_9_1_t11_v1
865244858,vem_bumper_r_12_t35_v3
865269744,m_cl_clo_bus_p_0_4_t14_v1
865334766,mp_stat_mpsv_model_203
865343286,f_cl_clo_vwf_d_1_5_t10_v1
865498498,vem_colour_1_mct_classic_racing_blue_t24_v33
865503707,packed_mp_veh_mod_idx_s_15_v191
865552450,packed_mp_veh_mod_idx_10_v299
865694116,f_cl_clo_s2f_d_2_t11_v1
865702516,f_cl_clo_bif_decl_15_t11_v1
865737215,vem_supermod_8_10_t49_v28
865747505,packed_lr_vehicle_colour_6_v381
865811823,packed_mp_veh_mod_idx_s_17_v57
866014104,fcclub_dnc_8_t0_v0
866058102,packed_ng_vehicle_insurance_v296
866105343,vem_supermod_55_6_t55_v7
866116148,f_cl_clo_trf_u_11_2_t11_v1
866292432,m_cl_clo_grm_ph_4_1_t14_v1
866304318,packed_mp_veh_mod_idx_s_14_v237
866357124,packed_mp_veh_livery_0_v96
866445932,packed_mp_veh_mod_idx_s_12_v76
866539164,packed_mp_veh_mod_idx_s_11_v254
866590522,casweb_bar_2_t0_v1
866611863,packed_mp_veh_mod_idx_1_v5
866705622,vem_supermod_4_0_t45_v5
866711007,packed_mp_veh_mod_idx_s_9_v150
866726649,m_cl_outfit_clo_arm_o_24_t12_v0
866741857,packed_mp_veh_mod_idx_s_5_v354
866843446,f_cl_clo_h4f_b_2_12_t1_v1
866875507,f_ta_tat_bi_017_t0_v0
866898969,vem_smod4_whlv172_t66_v3
866904491,f_cl_o_fmf_p9_t3_v12
866911048,packed_ng_vehicle_insurance_v253
866993495,ve_cargobob_t0_v0
867125735,vem_insurance_kanjo
867163181,f_cl_clo_busf_u_1_5_t11_v1
867276309,packed_mp_veh_mod_idx_1_v210
867323407,wp_wct_c_tint_13_t2_v47_n2
867346521,vem_supermod_6_4_t47_v27
867533006,packed_mp_veh_mod_idx_8_v239
867640421,packed_mp_veh_mod_idx_s_4_v154
867660003,f_cl_clo_h4f_decl_9_t100_v0
867844277,f_cl_clo_val_decl_c_t100_v0
867883955,f_cl_clo_suf_ph_0_0_t14_v1
867948967,m_cl_clo_x6m_f_3_13_t6_v1
867996540,vem_horn_lowrder2_t10_v36
868008770,packed_mp_veh_mod_idx_s_4_v316
868023122,packed_mp_veh_colour1_0_v104
868106460,vem_smod_whlv129_t66_v0
868156769,m_cl_clo_hp_d_20_t8_v2
868183747,m_cl_clo_x4m_u_10_15_t11_v1
868199741,packed_mp_veh_colour_extra2_0_v125
868290050,packed_mp_veh_secondary_colour_group_v143
868547142,packed_mp_veh_mod_idx_4_v206
868586990,f_cl_clo_awf_decl_38_t100_v0
868605123,f_ha_clo_grf_h_1_0_t0_v1
868621571,packed_mp_veh_mod_idx_14_v394
868624256,m_cl_clo_s1m_l_0_4_t4_v1
868875946,packed_mp_veh_mod_idx_15_v135
868970858,m_cl_clo_jam_decl_1_t11_v1
869099555,packed_mp_veh_mod_idx_3_v2
869100790,m_cl_clo_h2m_s_9_2_t8_v1
869104129,vem_supermod_12_14_t53_v28
869160403,packed_mp_veh_wheel_type_0_v330
869213197,packed_ng_vehicle_neon_kit_v153
869232532,packed_mp_veh_mod_idx_s_18_v26
869297846,packed_mp_veh_wheel_type_0_v290
869299937,m_cl_clo_h3m_u_10_1_t11_v1
869301365,wp_wm_tint6_t2_v5
869335948,f_cl_clo_smf_b_3_9_t1_v1
869348076,vem_smod4_whlv3_t66_v2
869423796,packed_mp_veh_mod_idx_5_v386
869465190,m_cl_clo_h3m_o_jan_2_t11_v12
869633975,packed_mp_veh_mod_idx_s_0_v196
869664778,m_cl_clo_iem_u_18_3_t11_v1
869805513,packed_mp_veh_secondary_colour_group_v4
869820888,packed_mp_veh_mod_idx_0_v379
869828322,vem_horn_cnote_e0_t10_v2
869837572,f_cl_clo_suf_decl_30_t11_v1
869868466,m_cl_ht_fmm_4_1_t14_v0
869880432,vem_spt_11_t19_v12
869945140,f_cl_clo_scf_u_25_0_t11_v1
870012183,f_cl_clo_hstfb_17_4_t1_v1
870063522,packed_ng_vehicle_smoke_v237
870074771,vem_colour_1_mct_classic_saddle_brown_t24_v33
870137310,vem_trans_2_t16_v28
870147426,ve_baller6_t0_v0
870162692,f_cl_clo_grf_ph_4_8_t14_v1
870174386,packed_mp_veh_mod_idx_s_2_v404
870201835,m_cl_clo_iem_b_2_5_t1_v1
870338204,packed_mp_veh_livery_0_v106
870350666,packed_mp_veh_mod_idx_s_11_v409
870439158,service_earn_gangops_award_loyalty_award_4
870560552,ve_rebla_t0_v3
870661904,vem_colour_1_mct_metallic_dark_blue_t24_v33
870691141,packed_mp_veh_secondary_colour_group_v396
870771071,packed_mp_veh_mod_idx_s_6_v71
870870570,f_ta_tat_h27_003_t0_v0
870933658,vem_colour_2_mct_classic_bright_purple_t25_v1
871110475,m_cl_ht_fmm_13_5_t14_v0
871127736,packed_mp_veh_mod_idx_4_v72
871151003,f_cl_clo_x6f_u_12_1_t11_v1
871192197,wp_wct_camo_2_t1_v22_n2
871281131,m_cl_l_fmm_8_14_t4_v0
871287416,packed_mp_veh_mod_idx_s_13_v227
871288346,packed_mp_veh_mod_idx_2_v54
871354902,f_cl_clo_hstf_h_5_t14_v1
871372257,packed_mp_veh_mod_var_1_v328
871396006,f_cl_outfit_clo_ief_o_4_t12_v0
871401324,packed_mp_veh_colour2_0_v252
871532221,packed_mp_veh_mod_idx_14_v240
871624718,vem_offr_03_t19_v0
871635460,packed_mp_veh_mod_idx_9_v180
871643661,packed_mp_veh_mod_idx_18_v251
871658460,f_cl_u_fmf_2_13_t11_v0
871796411,m_cl_clo_fxm_l_1_21_t4_v1
872031468,packed_ng_vehicle_insurance_v71
872035618,packed_mp_veh_mod_idx_7_v152
872058526,packed_mp_veh_livery2_0_v199
872083953,f_cl_clo_stf_ht8_6_t14_v1
872164262,vem_rwd_drft_16_t19_v3
872175936,vem_colour_1_mct_matte_dark_red_t24_v0
872251767,m_cl_clo_x6m_o_o_20_t3_v12
872255364,vem_supermod_7_10_t48_v6
872345071,f_cl_clo_ief_u_5_1_t11_v1
872501083,vem_supermod_14_12_t55_v27
872568523,ve_howard_t1_v33
872575296,ve_manchez3_t1_v4
872688158,packed_mp_veh_colour_extra2_0_v175
872911726,vem_supermod_8_7_t49_v7
872912578,m_cl_clo_grm_u_4_12_t11_v1
872980581,m_cl_clo_hp_d_3_t8_v1
873133523,packed_mp_veh_mod_idx_s_22_v30
873134801,vem_supermod_41_18_t41_v7
873184108,packed_mp_veh_mod_idx_s_23_v171
873206691,packed_mp_veh_mod_idx_23_v126
873266744,pm_weapon_discount_gun_van_1_4
873298552,packed_mp_veh_mod_idx_s_18_v57
873335704,wp_wct_tint_18_t2_v46_n2
873398655,m_cl_clo_h4m_u_3_0_t11_v1
873444692,f_cl_clo_sbf_l_2_20_t4_v1
873472190,packed_mp_veh_mod_idx_s_0_v364
873515567,pr_pm_modshop_4_t87_v0
873646938,m_cl_clo_h3m_l_4_0_t4_v1
873729539,f_cl_clo_scf_d_28_1_t10_v1
873864229,f_cl_clo_h3f_b_15_1_t1_v1
873876144,packed_mp_veh_colour_extra1_0_v9
874000520,m_cl_clo_fxm_l_5_10_t4_v1
874070748,m_cl_clo_smm_b_4_14_t1_v1
874091660,vem_cmod_neonlay_2_t21_v10
874134127,packed_mp_veh_mod_idx_s_4_v106
874138190,f_cl_clo_bus_p_1_9_t14_v0
874174643,vem_supermod_8_14_t49_v7
874201870,vem_colour_1_mct_metallic_salmon_pink_t24_v3
874206463,m_cl_clo_awm_decl_121_t100_v0
874235743,packed_mp_veh_livery_0_v339
874370099,vem_rwd_musc_20_t19_v1
874420677,packed_mp_veh_mod_idx_s_9_v94
874472664,f_cl_clo_bhf_l_3_4_t4_v1
874474831,vem_supermod_3_4_t44_v10
874533405,packed_mp_veh_mod_idx_s_22_v377
874583140,packed_mp_veh_mod_idx_s_0_v323
874710189,m_ta_tat_gr_000_t0_v0
874724160,f_cl_clo_indf_d_18_t11_v1
874733446,wp_wct_supp_t1_v48_n2
874759758,packed_ng_vehicle_neon_kit_v342
874826413,packed_mp_veh_mod_idx_s_12_v166
874844073,vem_smod_whlv103_t66_v3
874847791,packed_mp_veh_mod_idx_s_18_v351
874878354,vem_chassis_11_t4_v39
874945077,wp_wct_clip2_t1_v6
874947867,packed_mp_veh_mod_idx_s_17_v355
874992046,vem_horn_cnote_e0_t10_v36
875075362,f_cl_clo_suf_b_1_1_t1_v1
875079610,m_cl_clo_h3m_ph_11_5_t14_v1
875114645,packed_mp_veh_mod_idx_18_v392
875120825,m_cl_clo_s1m_u_8_7_t11_v1
875158117,vem_bumper_f_4_t34_v28
875264216,f_cl_clo_exf_decl_13_t11_v1
875278981,m_cl_clo_val_decl_a_t8_v2
875381334,f_cl_clo_stf_ht1523_t14_v1
875410550,vem_cmod_pla_0_t23_v27
875522114,vem_supermod_13_9_t54_v27
875707263,vem_supermod_6_6_t47_v6
875737993,vem_rwd_suv_07_t19_v0
875771139,packed_mp_veh_mod_idx_s_14_v198
875774553,m_cl_clo_stm_h_9_1_t14_v1
875795993,packed_mp_veh_mod_idx_23_v369
875868520,kosatk_fla_28_t0_v1
876065068,packed_mp_veh_mod_idx_s_5_v111
876226893,ve_mammatus_t0_v0
876227289,f_cl_clo_fxf_l_3_16_t4_v1
876281839,m_ta_tat_fx_024_t0_v0
876290556,packed_mp_veh_mod_idx_s_23_v268
876409836,packed_mp_veh_mod_idx_1_v39
876431512,f_cl_clo_x6f_ey_010_t14_v1
876466282,packed_mp_veh_window_tint_0_v377
876528331,f_cl_clo_hstf_o_i_0_t3_v12
876562578,f_cl_clo_bif_f_0_2_t6_v1
876565384,m_ha_clo_bim_h_1_0_t0_v2
876573296,vem_supermod_8_16_t49_v27
876608288,m_cl_clo_s2m_d_28_t100_v0
876703335,packed_mp_veh_mod_idx_5_v283
876743795,wp_wct_c_tint_9_t2_v1_n2
876745187,packed_mp_veh_mod_var_0_v372
876774221,packed_mp_veh_mod_idx_12_v8
876840693,m_cl_f_fmm_14_11_t6_v0
876968132,ve_baller7_t0_v3
876984771,f_cl_outfit_clo_h3f_o_prp_1_t12_v0
877043121,vem_rwd_spt_02_t19_v0
877258416,packed_mp_veh_mod_idx_s_14_v346
877335263,m_cl_clo_scm_ey_1_8_t14_v1
877507377,f_cl_clo_grf_g_0_16_t3_v1
877513467,packed_mp_veh_mod_idx_s_12_v164
877521847,vem_bumper_r_20_t35_v35
877719115,packed_mp_veh_mod_idx_s_21_v413
877808435,m_cl_clo_smm_decl_16_t100_v0
877826266,f_cl_clo_grf_u_15_7_t11_v1
877926490,ve_halftrack_t0_v29
877980087,vem_supermod_63_15_t63_v7
878039405,vem_supermod_6_2_t47_v7
878070865,packed_mp_veh_mod_idx_s_4_v382
878117640,vem_smod4_whlv47_t66_v0
878164884,vem_colour_2_mct_classic_straw_brown_t25_v33
878168447,packed_mp_veh_mod_idx_s_3_v96
878194812,vem_colour_1_mct_classic_beechwood_brown_t24_v1
878327643,wp_wm_tint5_t2_v24
878441499,vem_grill_1_t8_v7
878592592,packed_mp_veh_plate_id_v340
878633498,f_cl_clo_bif_decl_35_t11_v1
878701388,packed_mp_veh_mod_idx_5_v275
878788409,m_cl_clo_awm_o_b_7_t3_v12
878802138,vem_supermod_13_4_t54_v10
878914807,f_ta_tat_hp_011_t0_v0
879028321,packed_mp_veh_mod_idx_13_v203
879029699,vem_cmod_win_0_t33_v26
879038102,packed_mp_veh_mod_idx_s_19_v142
879090156,pr_pm_font_9_t1_v0
879106323,m_cl_clo_smm_o_9_t3_v12
879149712,f_cl_clo_bhf_u_0_13_t11_v1
879155013,f_cl_u_fmf_5_7_t11_v0
879428289,vem_insurance_rhapsody
879477013,vem_colour_extra_1_mct_matte_dark_red_t24_v1
879488151,packed_mp_veh_mod_idx_s_22_v177
879509038,packed_mp_veh_wheel_type_0_v13
879547601,f_cl_clo_x6f_f_10_21_t6_v1
879609154,vem_smod_whlv41_t66_v0
879700162,vem_colour_2_mct_classic_bronze_t25_v4
879744567,m_cl_u_fmm_4_0_t11_v0
879801802,m_ta_tat_hp_023_t0_v0
879849933,packed_mp_veh_mod_idx_s_12_v295
879874684,packed_mp_veh_mod_idx_2_v67
879887654,vem_horn_lowrder2_t10_v7
880039507,packed_lr_vehicle_colour_6_v223
880118198,packed_mp_veh_mod_idx_s_11_v222
880259446,vem_colour_5_chocolate_brown_t38_v0
880262298,m_cl_outfit_clo_bus_m_o_13_t12_v0
880311001,f_cl_clo_hstf_o_m_2_t3_v12
880336347,packed_mp_veh_mod_var_0_v57
880363297,f_cl_clo_bus_f_o_6_t3_v12
880363722,packed_ng_vehicle_bpt_v126
880386554,packed_mp_veh_mod_idx_s_1_v284
880451188,packed_mp_veh_mod_idx_14_v391
880468478,m_cl_clo_grm_g_1_9_t3_v1
880498079,packed_mp_veh_mod_idx_s_21_v220
880507175,vem_hiend_05_t19_v0
880569749,vem_colour_2_mct_metallic_grace_red_t25_v2
880604411,packed_mp_veh_mod_idx_s_16_v210
880664015,packed_mp_veh_mod_idx_16_v15
880779967,packed_mp_veh_plate_id_v316
880792723,m_cl_clo_bim_decl_19_t11_v1
880821707,f_cl_outfit_clo_h3f_o_pr_3_t12_v0
880833162,m_cl_clo_smm_b_4_12_t1_v1
880842036,vem_supermod_60_0_t60_v7
880843206,packed_mp_veh_mod_idx_s_17_v269
880852350,packed_mp_veh_mod_idx_s_18_v394
880901833,packed_mp_veh_mod_idx_23_v335
880906570,packed_ng_vehicle_neon_v179
880946380,f_cl_clo_indf_o_4_t100_v0
880987413,f_cl_clo_bhf_l_3_5_t4_v1
880999571,f_ta_tat_hp_028_t0_v0
881013919,packed_mp_veh_mod_idx_22_v119
881048282,vem_supermod_16_7_t57_v6
881069632,f_cl_clo_awf_decl_99_t100_v0
881087690,packed_mp_veh_mod_idx_s_14_v267
881134744,m_cl_clo_x3m_b_11_1_t1_v1
881189893,packed_ng_vehicle_neon_kit_v67
881205131,m_cl_clo_s1m_u_6_4_t11_v1
881222619,packed_mp_veh_mod_idx_s_15_v256
881230656,vem_horn_xm15_3_t10_v36
881468645,m_cl_clo_x4m_u_13_4_t11_v1
881472062,packed_mp_veh_mod_idx_s_7_v388
881502581,vem_smod5_whl_24_t19_v3
881507949,packed_mp_veh_livery2_0_v97
881573005,vem_supermod_9_1_t50_v28
881640432,wp_wm_tint3_t2_v88
881679025,m_cl_clo_awm_u_9_14_t11_v1
881686465,m_cl_clo_hp_u_0_0_t11_v1
881732213,f_cl_clo_grf_u_13_16_t11_v1
881749858,m_cl_clo_h3m_decl_12_t11_v1
881764898,packed_mp_veh_mod_idx_s_14_v130
881899525,packed_mp_veh_mod_idx_s_20_v414
881911989,m_cl_clo_x6m_f_15_5_t6_v1
881949778,vem_smod4_whlv58_t66_v1
881959887,m_cl_clo_bim_u_20_6_t11_v1
882008278,packed_mp_veh_mod_idx_11_v294
882095995,vem_cmod_pla_3_t23_v37
882096310,packed_mp_veh_colour_extra1_0_v293
882116713,m_cl_clo_arm_ph_0_18_t14_v1
882298019,vem_bumper_f_17_t34_v3
882304475,f_cl_clo_hp_f_f_0_8_t6_v1
882334423,packed_mp_veh_mod_idx_8_v197
882381186,packed_mp_veh_mod_idx_8_v303
882415491,packed_mp_veh_mod_idx_s_23_v207
882445913,packed_ng_vehicle_insurance_v302
882521161,vem_supermod_18_8_t59_v26
882595936,f_cl_clo_x17f_o_m_9_t8_v12
882705385,wp_wct_invalid_t1_v22
882775807,ve_thruster_t1_v33
882887773,packed_mp_veh_mod_idx_6_v78
882938306,f_cl_clo_grf_ph_0_8_t14_v1
882940328,vem_supermod_10_3_t51_v27
883007733,packed_mp_veh_mod_idx_s_0_v352
883019872,packed_mp_veh_mod_idx_s_22_v359
883088026,vem_smod4_whlv55_t66_v2
883170472,packed_mp_veh_plate_id_v246
883185770,vem_supermod_56_21_t56_v7
883194178,m_cl_clo_hp_l_2_8_t4_v1
883234638,f_cl_clo_sbf_u_17_15_t11_v1
883286520,packed_mp_veh_mod_idx_s_4_v334
883337077,service_earn_taxi_job
883387879,vem_colour_2_mct_metallic_grace_red_t25_v0
883416367,packed_mp_veh_mod_idx_16_v20
883482089,vem_colour_2_mct_classic_racing_blue_t25_v1
883543879,packed_mp_veh_livery_0_v279
883722590,packed_mp_veh_mod_idx_16_v110
883767044,packed_ng_vehicle_neon_kit_v201
883806943,m_cl_clo_h2m_b_4_21_t1_v1
884035714,packed_mp_veh_mod_idx_2_v287
884061831,m_cl_clo_sum_u_5_8_t11_v1
884075614,f_cl_clo_sbf_f_0_0_t6_v1
884104190,packed_mp_veh_mod_idx_7_v47
884122322,vem_supermod_23_9_t64_v3
884238335,packed_mp_veh_mod_idx_s_17_v100
884342785,f_cl_clo_awf_decl_88_t100_v0
884402778,f_cl_clo_h4f_o_s2_f3_t8_v12
884480778,f_ta_tat_h4_003_t0_v0
884519728,packed_mp_veh_mod_idx_s_12_v88
884564898,f_cl_clo_suf_u_7_17_t11_v1
884597594,vem_supermod_8_12_t49_v26
884708532,m_cl_clo_h3m_ph_5_4_t14_v1
884859624,vem_colour_extra_1_mct_pearlescent_bright_purple_t24_v0
884896615,f_cl_clo_val_decl_k_t100_v0
884897624,packed_ng_vehicle_smoke_v379
884908749,packed_mp_veh_mod_idx_6_v132
884955344,f_cl_clo_stf_o_e_4_t3_v12
885024178,vem_supermod_10_18_t51_v10
885134607,packed_mp_veh_mod_var_0_v391
885152684,vem_smod2_whlv53_t66_v3
885160653,ve_cliffhanger_t0_v3
885214322,f_cl_clo_bbf_u_3_0_t8_v1
885249557,m_ha_cc_m_hs_3_t0_v1
885254203,packed_mp_veh_mod_idx_2_v125
885257434,mp_stat_mpsv_model_238
885322946,f_cl_clo_arf_u_3_2_t11_v1
885344683,packed_mp_veh_mod_idx_s_4_v350
885366592,m_cl_clo_grm_l_3_13_t4_v1
885375870,m_ta_tat_st_017_t0_v0
885415957,packed_mp_veh_mod_idx_s_9_v239
885491053,vem_cmod_tyr_6_t18_v3
885498251,m_cl_clo_lxm_dec_32_t100_v0
885541425,packed_lr_vehicle_colour_6_v76
885703205,vem_colour_extra_1_mct_classic_bison_brown_t24_v2
885724407,packed_mp_veh_mod_idx_12_v153
885771415,packed_mp_veh_mod_idx_10_v409
885818562,dec_vw_aw_mt_24
885822968,vem_offr_12_t19_v0
885879670,f_cl_clo_stf_u_7_0_t11_v1
885931498,packed_mp_veh_mod_idx_s_0_v277
885948855,m_cl_f_fmm_8_15_t6_v0
885996081,f_cl_clo_x6f_u_30_17_t11_v1
886048149,f_cl_clo_x3f_b_13_1_t1_v1
886128557,m_cl_clo_grm_decl_13_t100_v0
886146016,f_cl_outfit_clo_bif_o_1_t12_v0
886214993,m_cl_clo_busm_t_0_1_t7_v1
886236278,m_ha_cc_mkup_55_t5_v0
886323831,f_ta_tat_gr_014_t0_v0
886332109,m_cl_clo_sum_u_7_11_t11_v1
886425156,mp_stat_appartment_var_8_v0
886470241,f_cl_clo_x6f_l_0_6_t4_v1
886509201,vem_supermod_4_14_t45_v28
886697974,packed_mp_veh_mod_idx_s_12_v68
886752652,vem_roof_9_n2_t12_v3
886799278,m_cl_clo_bim_s_10_15_t8_v1
886843531,packed_mp_veh_mod_idx_s_6_v401
886860798,packed_mp_veh_mod_idx_s_18_v71
886886666,vem_colour_2_mct_metals_gold_p_t25_v4
886952256,packed_mp_veh_mod_idx_s_5_v74
886967192,vem_supermod_59_15_t59_v7
887037897,m_cl_clo_grm_u_9_3_t11_v1
887100361,vem_cmod_neonlay_1_t21_v10
887117917,m_cl_clo_exm_es_0_1_t8_v1
887187493,packed_mp_veh_mod_idx_s_19_v316
887203214,vem_colour_2_mct_classic_wine_red_t25_v3
887234521,f_cl_clo_x6f_ph_8_13_t14_v1
887250228,vem_aam_interior_7_t0_v0
887258086,packed_mp_veh_mod_idx_s_18_v59
887265525,packed_mp_veh_mod_idx_s_5_v201
887269291,m_cl_clo_vwm_u_19_3_t11_v1
887378287,packed_mp_veh_secondary_colour_group_v367
887519662,cb_buy_1_t1_v3
887584081,vem_colour_extra_1_mct_classic_dark_green_t24_v1
887687876,f_cl_clo_x2f_ht_4_3_t14_v1
887692955,m_cl_clo_h3m_u_5_2_t11_v1
887704678,packed_mp_veh_livery_0_v381
887739722,f_cl_clo_vwf_l_2_14_t4_v1
887787688,vem_spt_06_t19_v1
887847544,packed_mp_veh_mod_idx_s_6_v45
887936961,f_cl_clo_indf_d_23_t11_v1
887941195,wp_wct_clip_ap_t0_v8_n2
888019578,packed_mp_veh_mod_idx_6_v200
888147631,f_cl_clo_fxf_ph_0_19_t14_v1
888148472,vem_smod_whlv197_t66_v3
888266229,vem_cmod_col5_8_t29_v1
888267067,packed_mp_veh_mod_idx_s_22_v182
888286129,f_cl_clo_ief_u_20_16_t11_v1
888308803,wp_ps_bag_13_t1_v33
888372742,packed_mp_veh_mod_idx_s_20_v327
888534105,packed_ng_vehicle_bpt_v70
888537630,vem_supermod_51_6_t51_v7
888538403,f_cl_outfit_clo_h3f_o_dl_31_t12_v0
888618181,packed_mp_veh_mod_idx_2_v310
888647557,packed_mp_veh_mod_idx_s_11_v392
888738487,vem_roof_16_n2_t12_v3
888810367,m_cl_clo_v2m_f_0_7_t6_v1
888823060,packed_mp_veh_mod_idx_s_11_v283
888861256,packed_mp_veh_mod_idx_s_12_v22
888917697,f_cl_clo_x6f_ph_8_14_t14_v1
888973160,vem_insurance_dominator8
889099781,ve_marshall_t0_v0
889223770,packed_mp_veh_mod_idx_3_v239
889287468,packed_mp_veh_wheel_type_0_v278
889306871,m_cl_outfit_clo_h3m_o_sl_24_t12_v0
889353574,vem_smod4_whl_24_t19_v3
889388575,packed_mp_veh_mod_var_1_v396
889508369,vem_exhaust_13_t6_v35
889566083,packed_mp_veh_colour1_0_v358
889709051,m_cl_clo_h3m_l_5_16_t4_v1
889721220,vem_horn_xm15_1_t10_v26
889762585,m_cl_clo_smm_b_9_1_t1_v1
889873690,packed_mp_veh_mod_idx_s_21_v61
889993837,f_ha_cc_blush_27_t5_v0
890083457,vem_horn_clas7_t10_v35
890113669,vem_colour_extra_1_mct_classic_ultra_blue_t24_v0
890181333,m_cl_l_fmm_4_1_t4_v0
890191781,packed_mp_veh_mod_idx_s_16_v325
890334488,vem_supermod_10_0_t51_v38
890355881,packed_mp_veh_plate_id_v407
890415641,vem_cmod_col5_18_t29_v3
890415758,vem_colour_1_mct_metallic_garnet_red_t24_v2
890606270,vem_horn_cnote_c1_t10_v37
890724457,packed_mp_veh_mod_idx_s_5_v344
890780505,packed_mp_veh_mod_idx_10_v386
890811778,vem_skirt_6_t13_v3
890866706,f_cl_clo_bhf_decl_54_t100_v0
890867680,packed_mp_veh_mod_idx_8_v410
890913837,vem_smod2_whlv108_t66_v3
890915086,vem_smod_whl19_t19_v3
891052758,f_cl_clo_vwf_u_18_7_t11_v1
891105359,f_cl_clo_awf_f_8_9_t6_v1
891130048,vem_hood_0_t9_v30
891174353,vem_colour_extra_1_mct_classic_pink_t24_v4
891193716,f_cl_clo_vwf_u_15_4_t11_v1
891199052,vem_supermod_8_14_t49_v26
891308240,vem_colour_extra_1_mct_metallic_stone_silver_t24_v33
891317513,vem_cmod_hrn_mus5_t10_v37
891370462,m_cl_clo_bim_s_11_22_t8_v1
891424540,packed_mp_veh_mod_idx_18_v92
891549370,packed_mp_veh_mod_idx_s_15_v153
891728314,fcncl_light_6_t0_v0
891739507,f_cl_clo_ief_u_2_5_t11_v1
891747057,f_cl_outfit_clo_arf_o_0_t12_v0
891772087,ve_savage_t1_v0
891799111,m_cl_clo_awm_u_1_14_t11_v1
891952408,vem_supermod_5_9_t46_v3
891977265,vem_horn_luxe3_t10_v38
892027439,vem_insurance_slamtruck
892046473,packed_mp_veh_mod_idx_3_v152
892089744,f_cl_clo_vwf_pe_2_3_t14_v1
892127218,packed_lr_vehicle_colour_6_v97
892380255,vem_smod_whlv186_t66_v3
892383686,packed_ng_vehicle_insurance_v152
892388724,service_earn_refund_lottery
892532927,vem_chassis_1_t4_v34
892584298,m_cl_outfit_clo_bus_m_o_2_t12_v0
892675346,vem_smod4_whlv157_t66_v3
892677079,packed_mp_veh_mod_idx_1_v414
892785505,vem_engine_3_t5_v26
892789152,packed_ng_vehicle_neon_v388
892831211,pr_mp_prop_81_t0_v0
892948099,m_cl_clo_l2m_u_6_3_t11_v1
893072007,vem_spoiler_14_t14_v26
893192678,dec_vw_aw_mt_10d
893316153,packed_mp_veh_mod_idx_8_v255
893372391,m_cl_clo_x4m_u_8_1_t11_v1
893389388,vem_supermod_3_28_t44_v6
893411955,packed_mp_veh_mod_idx_s_15_v269
893418220,packed_mp_veh_mod_idx_13_v220
893433773,vem_horn_clas7_t10_v2
893465968,f_cl_u_fmf_14_13_t11_v0
893506195,packed_mp_veh_window_tint_0_v209
893553651,dec_vw_aw_ls_12
893693958,f_cl_clo_x6f_u_1_25_t11_v1
893806301,vem_cmod_tyr_stt_t30_v38
893855791,vem_horn_hips1_t10_v26
893897138,m_cl_outfit_clo_hstm_o_19_t12_v0
893921995,m_ha_cc_mkup_91_t5_v0
893985043,f_cl_outfit_clo_hstf_o_b_0_t12_v0
893986978,f_cl_clo_vwf_l_2_23_t4_v1
894124840,m_cl_clo_sum_u_14_12_t11_v1
894124905,wp_wct_tint_7_t2_v48_n2
894155219,fcarcade_b_up3_c_2
894173135,m_cl_clo_hstmb_22_5_t1_v1
894205997,f_cl_clo_h4f_decl_41_t11_v1
894347778,packed_mp_veh_mod_var_0_v126
894387045,mp_stat_factoryupgrades1_v0
894409532,mp_stat_ie_wh_owned_vehicle_3_v0
894467858,vem_smod3_whlv20_t66_v3
894478284,f_cl_clo_grf_decl_6_t100_v0
894584203,packed_mp_veh_mod_idx_s_20_v42
894592669,vem_smod2_whlv144_t66_v3
894678186,m_cl_outfit_clo_stm_o_13_t12_v0
894686174,f_cl_clo_bbf_105_t4_v1
894743682,vem_supermod_53_2_t53_v7
894819620,packed_lr_vehicle_colour_6_v338
894862070,veu_issi6_t0_v0
894973644,packed_mp_veh_mod_idx_12_v378
895011725,m_cl_clo_arm_o_11_t11_v12
895194026,m_cl_clo_h4m_decl_3_t11_v1
895219475,m_cl_clo_sbm_ph_2_0_t14_v1
895334807,packed_mp_veh_mod_idx_10_v160
895394320,m_ha_cc_body_1_12_t3_v0
895394373,vem_smod5_whlv139_t66_v3
895409431,m_ta_tat_vw_025_t0_v0
895447782,f_ha_cc_f_hs_1_t0_v1
895555133,m_ta_tat_st_049_t0_v0
895627625,f_cl_clo_stf_o_13_t8_v12
895651067,packed_mp_veh_mod_idx_3_v154
895702456,f_cl_clo_x6f_f_5_9_t6_v1
895710448,f_cl_clo_trf_d_13_0_t10_v1
895807336,packed_mp_veh_mod_idx_s_5_v373
895949970,packed_mp_veh_mod_idx_5_v301
896037760,vem_supermod_16_3_t57_v6
896200597,vem_colour_2_mct_metallic_red_t25_v4
896274309,f_cl_clo_hstf_b_15_5_t1_v1
896319322,packed_mp_veh_mod_idx_7_v203
896344948,f_cl_clo_arf_ph_0_0_t14_v1
896484495,vem_smod_whlv52_t66_v3
896607362,f_cl_clo_h3f_ph_9_12_t14_v1
896614432,wp_ps_can_7_t2_v33
896616269,vem_supermod_20_8_t61_v28
896720320,f_ha_cc_mkup_74_t5_v0
896724533,packed_mp_veh_primary_colour_group_v287
896741015,m_cl_clo_h4m_decl_28_t11_v1
896798811,packed_ng_vehicle_neon_v117
896898995,packed_mp_veh_secondary_colour_group_v123
896909904,m_ta_tat_st_041_t0_v0
897029601,vem_rwd_musc_16_t19_v0
897085388,packed_mp_veh_mod_idx_8_v287
897185767,packed_ng_vehicle_smoke_v385
897205445,packed_mp_veh_mod_idx_22_v298
897247208,vem_supermod_48_22_t48_v7
897295725,vem_cmod_neoncol_11_t21_v3
897308142,m_cl_clo_awm_u_4_1_t11_v1
897313427,packed_mp_veh_mod_idx_13_v201
897321887,packed_ng_vehicle_insurance_v344
897358452,vem_supermod_20_13_t61_v27
897520724,ve_marshall_n1_t1_v21
897610495,packed_mp_veh_mod_idx_9_v271
897613157,packed_mp_veh_primary_colour_group_v60
897634239,m_cl_clo_scm_l_10_22_t4_v1
897669287,packed_mp_veh_mod_idx_5_v67
897709926,packed_mp_veh_wheel_type_0_v322
897723929,ve_sultan_t0_v0
897772967,vem_musc_05_t19_v2
897783323,m_cl_l_fmm_10_2_t4_v0
897818575,m_ta_tat_sm_014_t0_v0
897967533,m_cl_clo_fxm_l_3_8_t4_v1
898072842,packed_ng_vehicle_smoke_v303
898099823,m_cl_clo_indm_d_18_t8_v1
898110535,vem_insurance_shotaro
898126584,vem_engine_3_t5_v32
898453466,vem_bumper_f_0_t34_v6
898469620,wp_wct_clip_fmj_t1_v8_n2
898511794,packed_mp_veh_mod_idx_10_v65
898556581,f_cl_clo_grf_u_0_9_t11_v1
898618874,packed_mp_veh_wheel_type_0_v387
898623530,vem_exhaust_4_t6_v0
898644636,packed_mp_veh_mod_idx_12_v328
898681660,vem_colour_extra_1_mct_pearlescent_ultra_blue_t24_v4
898789632,f_cl_clo_scf_u_0_8_t11_v1
898833270,vem_colour_extra_1_mct_classic_bright_orange_t24_v2
898887907,packed_mp_veh_mod_idx_s_7_v136
898914326,m_cl_clo_smm_b_6_1_t1_v1
899040322,m_cl_clo_trm_u_7_1_t11_v1
899068347,f_cl_clo_ief_u_5_12_t11_v1
899115804,vem_smod_whlv136_t66_v3
899116005,packed_mp_veh_mod_idx_1_v52
899154931,vem_colour_2_mct_metallic_beechwood_brown_t25_v1
899206034,m_cl_clo_grm_ph_0_11_t14_v1
899332397,packed_mp_veh_colour1_0_v319
899341651,packed_lr_vehicle_colour_6_v118
899376707,vem_colour_1_mct_metallic_bright_green_t24_v2
899378007,vem_colour_2_mct_metallic_moss_brown_t25_v1
899486238,ve_mule_t1_v0
899542770,packed_mp_veh_mod_idx_3_v183
899593435,packed_ng_vehicle_neon_kit_v275
899607351,packed_mp_veh_colour2_0_v411
899669338,vem_supermod_21_6_t62_v26
899697629,f_cl_clo_h2f_o_g_24_t3_v12
899764808,packed_mp_veh_mod_idx_11_v48
899786007,packed_mp_veh_mod_idx_11_v320
899873494,packed_mp_veh_mod_idx_s_21_v334
899880836,m_cl_clo_bbm_l_1_2_t4_v1
899897303,f_cl_clo_trf_d_24_0_t10_v1
899966626,m_cl_clo_smm_u_7_17_t11_v1
900093751,vem_spt_22_t19_v2
900124670,packed_mp_veh_mod_idx_2_v44
900124683,vem_horn_cnote_f0_t10_v5
900133271,f_cl_clo_bif_o_1_t8_v12
900135666,packed_mp_veh_colour_extra2_0_v24
900146634,vem_insurance_issi7
900193901,packed_mp_veh_mod_idx_23_v75
900284208,f_cl_g_fmf_7_2_t14_v0
900415727,m_cl_clo_h3m_b_8_0_t1_v1
900438967,vem_bumper_r_3_t35_v0
900498226,vem_smod2_whlv172_t66_v3
900594601,vem_cmod_neoncol_3_t21_v3
900949264,vem_colour_extra_1_mct_metallic_race_yellow_t24_v2
900949654,f_cl_outfit_clo_ief_o_7_t12_v0_cesp
900980198,vem_armour_4_t1_v7
900995666,packed_mp_veh_livery2_0_v385
901081232,f_cl_clo_exf_au_13_0_t11_v1
901083309,f_cl_clo_hstf_o_a_1_t8_v12
901094686,m_cl_outfit_clo_x17m_o_m_10_t12_v0
901109578,f_cl_clo_bhf_u_5_21_t11_v1
901157806,vem_supermod_5_1_t46_v6
901167368,packed_mp_veh_mod_idx_13_v392
901394751,f_cl_clo_h4f_pey_010_t14_v1
901418263,packed_mp_veh_mod_idx_0_v409
901501929,vem_roof_18_n2_t12_v3
901527058,packed_mp_veh_mod_idx_10_v40
901527307,f_cl_clo_awf_decl_47_t100_v0
901547289,vem_engine_3_t5_v5
901720739,dec_vw_aw_wv_78
901752962,packed_ng_vehicle_insurance_v412
901819724,m_cl_clo_h2m_o_g_18_t3_v12
901905727,vem_supermod_5_17_t46_v3
901920687,f_cl_clo_suf_u_7_0_t11_v1
901941159,packed_mp_veh_mod_idx_11_v1
902004321,m_cl_clo_bim_decl_26_t11_v1
902031620,vem_colour_extra_1_mct_pearlescent_chocolate_brown_t24_v0
902067054,packed_mp_veh_mod_idx_15_v5
902109866,packed_mp_veh_mod_idx_s_5_v208
902129850,vem_insurance_sentinel
902163095,m_cl_clo_ltsmu_1_2_t11_v1
902167961,f_cl_clo_stf_o_6_t8_v12
902218092,m_cl_clo_sbm_ph_7_0_t14_v1
902230280,packed_mp_veh_mod_idx_s_12_v98
902256205,packed_mp_veh_primary_colour_group_v192
902269540,packed_mp_veh_mod_idx_10_v338
902351276,packed_mp_veh_mod_idx_s_20_v97
902410288,packed_mp_veh_mod_idx_18_v216
902521715,po_coupon_car2_xmas2018
902583716,fa_upgrade_weapons_equip_1_t0_v0
902709731,f_cl_clo_grf_u_12_9_t11_v1
902728501,m_cl_clo_h4m_decl_43_t100_v0
902799408,packed_mp_veh_mod_idx_s_22_v200
902813107,vem_horn_cnote_a0_t10_v31
902818311,packed_mp_veh_colour1_0_v49
902913154,f_cl_clo_ief_l_0_5_t4_v1
902949878,f_cl_clo_jaf_decl_1_t11_v1
902952726,packed_mp_veh_mod_idx_9_v397
902956131,wp_wm_tint7_t2_v52
902964638,wp_wct_tint_12_t2_v46_n2
902975865,f_cl_clo_h3f_b_18_1_t1_v1
902988219,pm_weapon_discount_gun_van_1_0
903014292,vem_bumper_r_17_t35_v0
903092469,vem_chassis_30_t4_v35
903109721,ve_avenger_t1_v33
903172907,packed_mp_veh_window_tint_0_v172
903291472,f_cl_rew_redsk_t11_v0
903333057,f_cl_clo_fxf_l_3_5_t4_v1
903395691,m_ta_tat_st_038_t0_v0
903693991,packed_mp_veh_mod_idx_s_13_v318
903793955,vem_sub_heli_c_24
903819832,packed_mp_veh_mod_idx_s_8_v368
903868801,vem_bumper_f_0_t34_v10
903872977,f_cl_clo_arf_b_0_5_t1_v1
903890982,f_cl_clo_awf_decl_32_t100_v0
903920836,packed_mp_veh_mod_idx_s_20_v192
903960208,f_cl_clo_vwf_ph_0_23_t14_v1
904004384,m_cl_clo_lxm_u_2_0_t11_v1
904114721,f_cl_clo_vwf_u_20_7_t11_v1
904210308,vem_brake_0_t2_v37
904230231,wp_wct_clip_inc_t0_v1_n2
904362899,wp_gsa_type_fw_t0_v54
904388067,f_cl_clo_ief_u_7_19_t11_v1
904389283,f_cl_clo_sbf_f_2_9_t6_v1
904518260,vem_cmod_neoncol_255_t21_v39
904529068,packed_mp_veh_colour1_0_v244
904549029,vem_supermod_2_12_t43_v3
904732604,vem_colour_5_frost_white_t38_v0
904735117,packed_ng_vehicle_neon_kit_v120
904741974,packed_mp_veh_plate_id_v359
904775180,m_cl_clo_exm_eu_11_6_t11_v1
904810718,m_cl_sp_fmm_10_3_t8_v1
904843194,packed_mp_veh_mod_idx_s_14_v243
904864996,m_cl_clo_smm_u_0_6_t11_v1
904989929,f_cl_clo_h4f_pey_3_6_t14_v1
905001636,vem_colour_extra_1_mct_classic_olive_green_t24_v4
905174737,f_cl_clo_h3f_b_18_14_t1_v1
905226424,packed_mp_veh_colour_extra2_0_v256
905269431,packed_mp_veh_mod_idx_s_22_v330
905297801,packed_mp_veh_mod_idx_s_7_v44
905338608,packed_mp_veh_mod_idx_13_v28
905441830,m_cl_clo_lxm_e_6_1_t14_v1
905464067,f_cl_clo_trf_u_16_9_t11_v1
905478820,vem_colour_2_mct_classic_bleeched_brown_t25_v1
905639220,packed_mp_veh_mod_idx_9_v376
905660852,m_cl_clo_awm_l_1_3_t4_v1
905688325,packed_ng_vehicle_neon_kit_v366
905738185,f_cl_clo_arf_ph_0_18_t14_v1
905745988,vem_rwd_suv_08_t19_v12
905796253,m_cl_clo_h4m_decl_45_t100_v0
905912958,packed_mp_veh_mod_idx_0_v95
905965901,packed_ng_vehicle_neon_kit_v43
906002472,vem_colour_1_mct_metallic_wine_red_t24_v0
906084437,m_cl_outfit_clo_hstm_o_e_1_t12_v0
906202303,vem_smod5_whlv21_t66_v0
906224108,f_cl_clo_h3f_b_4_0_t1_v1
906261859,vem_exhaust_5_t6_v1
906313886,f_cl_clo_h4f_l_1_0_t4_v1
906440897,m_cl_outfit_clo_trm_o_ms_1_t12_v0
906443953,vem_suv_15_t19_v1
906609777,vem_supermod_59_19_t59_v7
906620694,packed_mp_veh_mod_idx_s_3_v259
906670928,packed_mp_veh_mod_idx_18_v403
906691513,packed_mp_veh_mod_idx_s_22_v408
906707572,vem_roof_19_t12_v38
906764130,vem_colour_extra_1_mct_metallic_frost_white_t24_v33
906832805,m_cl_clo_h2m_ph_4_5_t14_v1
906974247,ve_gauntlet6_t0_v3
907057321,vem_skirt_0_t13_v31
907085428,packed_mp_veh_mod_idx_15_v147
907178050,packed_mp_veh_mod_idx_s_6_v98
907202046,f_cl_clo_grf_l_3_2_t4_v1
907277986,f_ta_tat_h4_032_t0_v0
907419062,vem_colour_extra_1_mct_metallic_chocolate_brown_t24_v0
907463221,vem_smod3_whlv46_t66_v3
907463920,f_cl_clo_h3f_u_11_4_t11_v1
907516184,packed_mp_veh_mod_idx_s_7_v314
907521871,m_cl_clo_bim_pe_0_2_t14_v1
907670404,packed_mp_veh_mod_idx_15_v229
907692517,packed_mp_veh_mod_idx_13_v104
907711097,f_ta_tat_hp_016_t0_v0
907712435,packed_mp_veh_plate_id_v109
907713027,m_cl_clo_grm_b_3_7_t1_v1
907750856,vem_fender_r_12_t37_v0
907780910,packed_mp_veh_mod_idx_s_19_v289
907833756,f_cl_clo_hstfb_19_1_t1_v1
907876178,vem_hlight_7_t11_v38
907959106,f_cl_clo_bhf_decl_24_t100_v0
908054903,f_cl_clo_x6f_l_8_8_t4_v1
908108455,packed_mp_veh_mod_idx_s_2_v141
908116068,packed_mp_veh_mod_idx_s_16_v332
908129980,m_cl_clo_s1m_u_8_1_t11_v1
908200891,m_cl_clo_hp_o_8_t8_v12
908258270,m_cl_clo_bim_s_11_15_t8_v1
908290123,m_cl_clo_sum_l_2_7_t4_v1
908369900,vem_supermod_23_3_t64_v39
908543887,packed_mp_veh_mod_idx_s_11_v157
908577307,vem_supermod_9_11_t50_v28
908788425,f_cl_clo_x6f_l_1_25_t4_v1
908805506,vem_supermod_0_12_t41_v7
908858850,vem_insurance_sparrow2
909101330,fixer_hq_index_4_t0_v0
909155637,vem_colour_extra_1_mct_metallic_black_graphite_t24_v33
909165798,packed_mp_veh_mod_idx_s_14_v220
909202096,vem_smod_whl19_t19_v12
909244046,vem_suspension_2_t15_v38
909296509,vem_colour_2_mct_classic_blue_silver_t25_v0
909339200,packed_mp_veh_mod_idx_s_2_v216
909476512,vem_smod4_whlv7_t66_v3
909608190,f_cl_clo_suf_u_9_4_t11_v1
909699175,vem_colour_extra_1_mct_pearlescent_pink_t24_v3
909704483,packed_mp_veh_mod_idx_7_v30
909783619,vem_smod4_whlv8_t66_v2
909834458,f_cl_clo_smf_b_8_12_t1_v1
909854041,vem_supermod_0_16_t41_v3
910009406,m_ta_tat_fm_013_t0_v0
910067264,f_cl_clo_grf_l_3_23_t4_v1
910130626,wp_gsa_type_r_t0_v47
910227830,f_cl_outfit_clo_ltsf_o_14_t12_v0
910242741,f_cl_outfit_clo_grf_o_1_t12_v0
910249910,m_cl_u_fmm_12_1_t11_v0
910300796,vem_fender_l_6_t36_v3
910323610,vem_offr_21_t19_v1
910370347,packed_mp_veh_mod_idx_s_22_v236
910473672,vem_cmod_tyr_10_t18_v32
910503207,f_cl_clo_h3f_o_bs_6_t11_v12
910515517,ve_serrano_t0_v2
910546897,vem_smod4_whlv169_t66_v0
910562576,m_ha_cc_mkup_9_t7_v1
910657601,m_cl_clo_h4m_ph_2_7_t14_v1
910678442,packed_mp_veh_mod_idx_s_13_v174
910706002,vem_hiend_12_t19_v12
910777510,packed_mp_veh_livery_0_v202
910835870,vem_smod4_whl_27_t19_v3
910862218,vem_colour_2_mct_metallic_wine_red_t25_v1
910891364,f_cl_clo_ief_l_4_8_t4_v1
910929821,f_cl_clo_x6f_l_1_11_t4_v1
911033891,m_cl_clo_hp_d_26_t11_v1
911079909,m_cl_clo_busm_f_0_9_t6_v1
911168194,nclu_index_5_t0_v0
911366968,packed_mp_veh_mod_idx_5_v346
911390563,packed_mp_veh_livery2_0_v310
911446347,m_cl_tat_fm_100_t100_v0
911489396,vem_insurance_coquette
911544284,packed_lr_vehicle_colour_5_v259
911550057,packed_mp_veh_mod_idx_14_v359
911607680,f_cl_clo_grf_ph_3_4_t14_v1
911689500,packed_mp_veh_mod_idx_s_10_v145
911771169,m_cl_clo_awm_l_5_11_t4_v1
911931085,packed_mp_veh_mod_idx_13_v72
911950855,wp_rwt_tint6_t2_v81
912059015,f_cl_clo_vwf_pw_6_0_t14_v1
912102206,wp_gsa_type_r_t0_v95
912161358,packed_mp_veh_mod_idx_s_9_v167
912186150,packed_mp_veh_mod_idx_0_v201
912224028,packed_mp_veh_mod_idx_s_10_v116
912251066,vem_colour_extra_1_mct_matte_black_t24_v4
912282435,casino_heist_vehicle_colour_v3
912284747,m_cl_clo_fxm_pe_1_6_t14_v1
912309045,f_cl_u_fmf_11_10_t11_v0
912321099,packed_mp_veh_colour2_0_v408
912346084,f_cl_clo_hstf_t_1_14_t7_v1
912478714,vem_cmod_hrn_sad_t10_v29
912650973,packed_mp_veh_mod_idx_24_v143
912654286,vem_supermod_3_26_t44_v10
912694930,m_ha_cc_m_hs_15_t0_v1
912987006,vem_cmod_col5_34_t29_v4
913072694,packed_mp_veh_mod_idx_23_v92
913097633,mp_stat_arcade_neon_lights_v0
913264610,packed_mp_veh_mod_idx_s_20_v363
913271207,packed_mp_veh_mod_idx_s_14_v375
913280302,m_ha_cc_blush_20_t5_v0
913375421,dec_vw_aw_ss_10d
913474370,packed_mp_veh_colour_extra2_0_v341
913549256,f_cl_clo_h2f_o_g_7_t8_v12
913549272,vem_colour_2_mct_metallic_wine_red_t25_v3
913554963,m_cl_clo_fxm_ph_1_18_t14_v1
913579343,vem_colour_extra_1_mct_metallic_stone_silver_t24_v1
913657866,f_cl_clo_hst_f_a_2_t8_v1
913806836,packed_mp_veh_mod_idx_6_v342
913872671,vem_insurance_virgo3
913908758,packed_mp_veh_mod_idx_11_v358
913980039,vem_colour_2_mct_classic_yellow_t25_v4
914079366,service_spend_casino_heist_setup_heist
914104463,m_cl_clo_x6m_u_20_8_t11_v1
914158807,packed_mp_veh_mod_idx_s_16_v252
914159459,m_cl_clo_vwm_pw_0_4_t14_v1
914179510,vem_colour_extra_1_mct_classic_saxon_blue_t24_v33
914211208,packed_mp_veh_mod_idx_7_v200
914315210,vem_horn_hips2_t10_v35
914326874,wp_gsa_type_r_t0_v21
914342202,wp_wm_tint3_t2_v24
914359058,packed_mp_veh_mod_idx_11_v219
914377741,packed_ng_vehicle_neon_v108
914389398,packed_mp_veh_mod_idx_s_22_v22
914431372,vem_horn_clas7_t10_v10
914434485,vem_grill_9_t8_v3
914467153,packed_mp_veh_mod_idx_s_8_v137
914470819,packed_mp_veh_mod_idx_s_4_v297
914541888,packed_mp_veh_mod_idx_s_21_v110
914663483,packed_mp_veh_mod_idx_s_8_v144
914834278,packed_mp_veh_mod_idx_12_v386
914907077,wp_wct_knife_xm307_t1_v34
914951766,m_ta_tat_x6_018_t0_v0
915074229,vem_supermod_8_4_t49_v28
915140124,vem_supermod_3_40_t44_v10
915213900,vem_supermod_51_1_t51_v7
915216730,vem_supermod_13_11_t54_v28
915290639,vem_supermod_16_8_t57_v28
915365460,packed_mp_veh_mod_idx_s_10_v81
915512318,m_cl_clo_ltsm_o_9_t8_v12
915534735,f_cl_clo_ief_b_1_5_t1_v1
915566583,packed_mp_veh_mod_idx_s_13_v133
915610483,vem_supermod_22_2_t63_v27
915672680,m_cl_clo_iem_ph_0_13_t14_v1
915684870,packed_ng_vehicle_neon_kit_v213
915877614,packed_mp_veh_mod_idx_s_14_v89
916010168,m_cl_clo_bim_o_14_t100_v0
916193290,packed_mp_veh_mod_idx_11_v200
916201212,m_cl_clo_x5m_u_16_5_t11_v1
916287815,packed_mp_veh_primary_colour_group_v9
916357695,f_cl_clo_scf_d_25_0_t10_v1
916463691,wp_ps_bag_16_t1_v33
916535100,packed_mp_veh_mod_idx_10_v75
916599868,vem_cmod_whe_b_0_t19_v3
916614891,f_cl_clo_s1f_u_3_0_t11_v1
916707077,f_cl_clo_fxf_ph_1_0_t14_v1
916724646,f_cl_clo_scf_f_0_6_t6_v1
916752913,f_cl_clo_suf_decl_19_t100_v0
916816782,vem_smod_whlv85_t66_v3
916868208,wp_wct_bat_xm301_t1_v37
916892986,vem_roof_20_t12_v3
916943888,f_cl_clo_x6f_u_26_9_t11_v1
917029870,packed_mp_veh_mod_idx_s_18_v166
917072796,packed_mp_veh_mod_idx_10_v5
917218930,f_cl_outfit_clo_arf_o_11_t12_v0
917241775,vem_armour_2_t1_v34
917249555,f_cl_clo_hstf_o_18_t11_v12
917257542,packed_mp_veh_mod_idx_s_7_v17
917347280,m_cl_clo_h2m_f_3_2_t6_v1
917393651,vem_supermod_60_18_t60_v7
917396047,vem_colour_2_mct_metallic_cabernet_red_t25_v2
917412921,packed_mp_veh_mod_idx_9_v156
917450822,packed_mp_veh_mod_idx_s_14_v93
917484371,packed_mp_veh_mod_idx_18_v170
917487584,packed_mp_veh_mod_idx_10_v379
917581443,packed_mp_veh_mod_idx_s_9_v409
917689883,m_ta_tat_h4_022_t0_v0
917823114,vem_supermod_20_0_t61_v11
917858963,vem_cmod_pla_1_t23_v35
917911765,m_cl_clo_h2m_ph_212_t14_v1
918032131,packed_ng_vehicle_insurance_v318
918047858,ve_rallytruck_t1_v1
918354073,m_cl_clo_h4m_pey_0_2_t14_v1
918409912,m_cl_clo_trm_u_11_3_t11_v1
918445805,pr_pm_bfcolour_6_t1_v0
918453502,packed_mp_veh_mod_idx_s_6_v39
918570070,vem_musc_15_t19_v2
918683569,packed_mp_veh_mod_idx_s_1_v80
918824121,vem_skirt_9_t13_v3
918830504,packed_mp_veh_livery_0_v148
918835788,vem_bumper_f_0_t34_v3
918900998,vem_supermod_18_5_t59_v27
918901002,packed_mp_veh_mod_idx_s_12_v154
918922359,m_ha_clo_bim_h_5_0_t0_v0
918993704,mp_stat_mpsv_model_311
919034206,packed_ng_vehicle_smoke_v13
919125365,packed_mp_veh_mod_idx_s_1_v240
919182139,vem_drft_06_t19_v3
919182565,packed_mp_veh_mod_idx_1_v157
919260676,packed_ng_vehicle_neon_kit_v327
919279479,dec_vw_aw_mt_33
919316115,m_cl_clo_fxm_ph_1_7_t14_v1
919392547,packed_mp_veh_mod_idx_s_7_v69
919453056,packed_mp_veh_mod_idx_7_v242
919466039,packed_mp_veh_mod_idx_8_v266
919656613,mp_stat_missionforwhouse4_v0
919811200,vem_colour_1_mct_classic_flur_yellow_t24_v2
919830522,packed_mp_veh_colour_extra1_0_v179
919897136,f_cl_he_fmf_17_7_t14_v0
920011462,m_cl_clo_hstmb_22_10_t1_v1
920029336,m_cl_clo_exm_au_6_0_t11_v1
920057152,vem_smod4_whlv82_t66_v0
920086421,m_cl_clo_h2m_b_4_20_t1_v1
920098385,ve_marshall_n1_t1_v15
920258599,wp_wct_tint_31_t2_v5_n2
920295934,packed_ng_vehicle_bpt_v274
920304049,packed_mp_veh_colour1_0_v25
920360232,f_cl_clo_grf_b_2_21_t1_v1
920361387,f_cl_clo_half_8_0_t1_v1
920368134,vem_colour_extra_1_mct_classic_torino_red_t24_v1
920380365,ve_clique_t0_v3
920449569,packed_mp_veh_mod_idx_0_v395
920713762,packed_ng_vehicle_insurance_v234
920717671,vem_grill_0_t8_v34
920862974,vem_truck_tint_1_t0_v1
920942243,m_cl_clo_h3m_u_3_3_t11_v1
920982240,packed_mp_veh_mod_var_1_v89
920995466,m_cl_clo_awm_ph_1_18_t14_v1
921005448,packed_mp_veh_mod_idx_s_21_v26
921019844,f_cl_clo_xmasf_u_0_0_t11_v1
921035555,packed_mp_veh_mod_idx_13_v42
921082451,vem_offr_18_t19_v2
921175335,vem_colour_extra_1_mct_metallic_garnet_red_t24_v0
921284497,packed_mp_veh_colour_extra2_0_v193
921355156,f_cl_clo_x6f_ph_1_25_t14_v1
921452143,packed_mp_veh_mod_idx_16_v399
921562099,m_cl_clo_x3m_b_14_0_t1_v1
921605334,packed_mp_veh_mod_idx_s_2_v256
921646116,packed_mp_veh_mod_idx_s_0_v246
921651566,vem_yacht_flag_42_v0
921760858,vem_trans_0_t16_v26
921801632,packed_mp_veh_mod_idx_10_v314
921875538,packed_mp_veh_mod_var_0_v177
921879183,vem_smod_whlv80_t66_v3
922005361,m_ta_tat_st_032_t0_v0
922028069,vem_horn_xm15_3_t10_v32
922049229,ve_squalo_t1_v0
922250297,packed_mp_veh_mod_idx_s_16_v47
922287839,packed_ng_vehicle_bpt_v59
922351054,packed_mp_veh_mod_idx_s_3_v210
922488442,f_cl_outfit_clo_bus_f_o_3_t12_v0
922551761,vem_cmod_hrn_0_t10_v26
922561701,f_ha_cc_f_hs_22_t0_v0
922594006,vem_insurance_technical
922611505,packed_mp_veh_mod_idx_14_v58
922724510,packed_mp_veh_mod_idx_14_v369
922905705,f_cl_clo_awf_u_7_1_t11_v1
923035028,dec_vw_aw_mf_6b
923150308,packed_mp_veh_mod_idx_s_14_v13
923164632,f_cl_clo_awf_b_2_0_t1_v1
923175341,vem_supermod_19_0_t60_v39
923216440,packed_mp_veh_mod_idx_s_23_v248
923242597,f_cl_clo_h4f_ph_2_3_t14_v1
923419301,service_earn_gangops_award_mastermind_2
923491814,vem_colour_1_mct_metallic_diamond_blue_t24_v1
923543410,f_cl_clo_h3f_b_14_4_t1_v1
923638450,vem_supermod_10_14_t51_v27
923655271,packed_mp_veh_mod_idx_18_v133
923692834,f_cl_clo_hstf_b_10_0_t1_v1
923840674,packed_mp_veh_mod_idx_22_v198
923918358,packed_lr_vehicle_colour_5_v46
923986531,wp_wct_c_tint_14_t2_v48_n2
924032512,m_cl_clo_indm_d_23_t11_v1
924039173,vem_smod3_whlv12_t66_v3
924076723,packed_mp_veh_secondary_colour_group_v278
924083358,f_cl_clo_smf_ph_2_18_t14_v1
924087441,vem_colour_mct_none_95
924088934,f_cl_clo_h2f_o_c_15_t8_v12
924095950,m_cl_clo_bim_ph_6_2_t14_v1
924248056,vem_supermod_8_3_t49_v3
924280520,packed_mp_veh_mod_idx_s_21_v82
924310286,packed_mp_veh_mod_idx_s_12_v204
924365092,packed_mp_veh_mod_idx_15_v341
924710905,vem_smod4_whlv63_t66_v0
924766636,packed_mp_veh_mod_idx_2_v184
924933188,vem_yacht_flag_5_v0
924956688,packed_mp_veh_mod_idx_s_5_v144
924964695,f_cl_clo_grf_g_1_7_t3_v1
924983920,packed_mp_veh_mod_idx_0_v79
925000880,packed_mp_veh_mod_idx_13_v282
925019241,packed_ng_vehicle_insurance_v45
925120070,packed_mp_veh_mod_idx_s_11_v332
925268621,vem_supermod_10_21_t51_v3
925288430,packed_mp_veh_mod_idx_s_12_v397
925353562,f_cl_clo_ief_u_1_10_t11_v1_cesp
925406908,packed_mp_veh_mod_var_0_v381
925513606,vem_supermod_4_2_t45_v3
925534537,packed_mp_veh_mod_idx_s_19_v114
925588463,f_cl_clo_bus_m_0_7_t1_v1
925601667,m_cl_clo_s1m_u_7_3_t11_v1
925621233,packed_mp_veh_mod_var_1_v245
925686310,dec_vw_aw_ss_8d
925876229,packed_mp_veh_mod_idx_s_16_v172
925946292,packed_ng_vehicle_neon_kit_v108
925993035,m_cl_clo_grm_b_0_12_t1_v1
926021248,packed_mp_veh_mod_var_1_v40
926126446,packed_mp_veh_colour2_0_v205
926163973,m_cl_clo_hp_h_0_3_t14_v1
926214107,m_cl_clo_arm_b_0_9_t1_v1
926287712,packed_mp_veh_primary_colour_group_v347
926390453,packed_mp_veh_window_tint_0_v411
926418501,packed_mp_veh_mod_idx_0_v150
926474365,f_cl_outfit_clo_awf_o_b_6_t12_v0
926536193,packed_mp_veh_mod_idx_11_v39
926679109,packed_mp_veh_mod_idx_3_v202
926688008,m_cl_clo_vwm_pey_1_2_t14_v1
926698402,packed_mp_veh_mod_idx_s_23_v39
926761951,packed_mp_veh_mod_idx_s_18_v173
926765975,f_cl_outfit_clo_hstf_o_b_2_t12_v0
926792104,f_cl_clo_ltsf_o_10_t3_v12
926839447,packed_mp_veh_secondary_colour_group_v223
926894854,packed_ng_vehicle_bpt_v138
927112210,m_cl_clo_lxm_o_5_t3_v12
927232064,packed_mp_veh_mod_idx_s_2_v54
927247190,vem_smod4_whlv156_t66_v2
927249032,vem_bumper_r_16_t35_v28
927249391,f_cl_clo_ief_o_1_t8_v12
927258300,m_cl_clo_awm_u_10_15_t11_v1
927294032,packed_mp_veh_mod_idx_s_8_v92
927356037,packed_mp_veh_mod_idx_3_v42
927385163,m_cl_clo_sum_u_2_6_t11_v1
927392303,packed_mp_veh_mod_idx_8_v342
927453314,m_cl_clo_smm_ph_4_24_t14_v1
927515410,packed_mp_veh_mod_idx_7_v206
927530870,packed_mp_veh_primary_colour_group_v80
927637537,f_cl_clo_apf_u_19_3_t11_v1
927690660,packed_mp_veh_mod_idx_s_2_v280
927691929,f_cl_clo_sbf_u_14_2_t11_v1
927750312,packed_ng_vehicle_smoke_v35
927839467,m_cl_clo_bus_p_0_7_t14_v1
927913368,m_cl_rew_lsb_t11_v0
927955090,m_cl_clo_vwm_s_2_6_t8_v2
927963677,m_cl_outfit_clo_bus_m_o_9_t12_v0
928004972,vem_smod5_whlv178_t66_v3
928067709,f_cl_clo_ltsf_o_10_t8_v12
928154590,packed_mp_veh_colour_extra2_0_v339
928208143,kosatk_fla_3_t0_v0
928258364,packed_ng_vehicle_neon_v59
928280809,vem_supermod_62_20_t62_v7
928307925,packed_mp_veh_mod_idx_24_v396
928411128,vem_supermod_0_0_t41_v26
928439874,m_cl_clo_grm_l_3_3_t4_v1
928452765,f_cl_clo_h4f_u_4_0_t11_v1
928482215,m_cl_clo_smm_ph_3_11_t14_v1
928507730,vem_insurance_contender
928533646,m_cl_clo_grm_ph_0_17_t14_v1
928543935,packed_mp_veh_mod_idx_s_13_v107
928580131,vem_cmod_neonlay_6_t21_v26
928587164,packed_mp_veh_mod_idx_s_11_v356
928714967,m_cl_clo_bim_decl_21_t100_v0
928745300,vem_supermod_17_19_t58_v3
928786995,vem_supermod_51_18_t51_v7
928819503,f_cl_outfit_clo_s2f_o_1_t12_v0
928845936,m_cl_clo_halm_d_0_t11_v1
928902980,wp_wct_c_tint_25_t2_v13_n2
928923790,dec_vw_aw_ss_39d
929010017,packed_mp_veh_mod_idx_s_15_v190
929219635,m_cl_clo_h3m_o_sl_21_t3_v12
929234682,vem_supermod_18_0_n1_t59_v38
929251658,f_cl_clo_x6f_l_1_0_t4_v1
929280485,packed_mp_veh_mod_idx_13_v322
929323239,vem_rwd_drft_03_t19_v2
929377147,m_cl_clo_x6m_l_7_7_t4_v1
929404004,packed_mp_veh_livery2_0_v183
929415121,packed_mp_veh_mod_idx_7_v117
929441388,f_ta_tat_fm_211_t0_v0
929512991,packed_mp_veh_mod_idx_s_6_v169
929695891,f_cl_clo_exf_el_0_8_t4_v1
929714035,ve_swift_t1_v1
929814776,vem_smod5_whlv205_t66_v3
929960244,wp_wm_tint1_t2_v88
930037412,packed_mp_veh_mod_idx_s_20_v4
930080531,m_cl_clo_vwm_ph_0_15_t14_v1
930100552,f_cl_clo_bus_p_0_11_t14_v1
930165799,m_cl_clo_x6m_f_0_8_t6_v1
930414924,vem_supermod_12_14_t53_v26
930475922,mp_stat_bunker_security_v0
930512993,packed_mp_veh_mod_idx_s_18_v156
930611552,packed_mp_veh_primary_colour_group_v66
930687694,f_cl_clo_ief_b_9_0_t1_v1
930725100,f_cl_clo_x6f_u_3_9_t11_v1
930842686,m_cl_clo_lxm_e_5_0_t14_v1
930896005,m_cl_clo_sbm_u_13_0_t11_v1
930923143,m_cl_clo_l2m_e_27_0_t14_v1
930976093,vem_smod_whlv42_t66_v3
931047232,packed_mp_veh_mod_idx_s_3_v411
931074882,packed_mp_veh_mod_idx_3_v386
931149930,m_ha_face_e_c_30_t4_v0
931276844,f_cl_clo_h2f_ph_4_3_t14_v1
931296246,packed_mp_veh_mod_idx_24_v130
931339546,vem_supermod_49_13_t49_v7
931456351,f_cl_clo_hstf_t_3_8_t7_v1
931613616,f_cl_clo_stf_h_1010_t14_v1
931766337,m_cl_clo_sum_u_16_7_t11_v1
931918514,m_cl_clo_awm_u_3_0_t11_v1
932001652,m_cl_clo_x6m_t_10_4_t7_v1
932074214,packed_mp_veh_wheel_type_0_v67
932209718,packed_mp_veh_mod_idx_s_1_v152
932239495,packed_mp_veh_colour2_0_v315
932246265,f_cl_clo_hp_f_d_36_t100_v0
932249977,packed_mp_veh_colour_extra1_0_v175
932555553,f_cl_clo_awf_b_2_2_t1_v1
932696046,packed_mp_veh_mod_idx_s_22_v158
932710395,vem_horn_xm15_3_t10_v28
932806500,wp_wct_shell_hp_t1_v22
932852259,f_ta_tat_hp_012_t0_v0
932954482,packed_mp_veh_mod_idx_s_4_v108
932961089,f_ta_tat_h3_033_t0_v0
932975226,wp_wct_supp_t1_v5_n2
933101009,packed_mp_veh_mod_idx_3_v259
933128259,ve_lazer_t1_v0
933188269,vem_colour_1_mct_metallic_saddle_brown_t24_v1
933228412,f_ha_cc_mkup_26_t5_v0
933285801,packed_ng_vehicle_neon_v299
933285981,vem_cmod_neonlay_3_t21_v3
933297817,f_cl_clo_scf_ey_1_4_t14_v1
933304364,f_cl_clo_grf_g_1_18_t3_v1
933408754,m_cl_clo_scm_u_31_0_t11_v1
933421311,packed_mp_veh_mod_idx_7_v72
933479588,vem_hiend_04_t19_v3
933502113,m_ta_tat_h3_019_t0_v0
933513953,f_cl_clo_fxf_u_6_21_t11_v1
933553685,packed_mp_veh_mod_idx_2_v269
933594237,ve_marquis_t1_v0
933682944,m_cl_clo_iem_u_18_8_t11_v1
933683446,f_cl_clo_h2f_s_9_6_t8_v1
933803365,f_cl_outfit_clo_x17f_o_m_9_t12_v0
933819592,packed_mp_veh_mod_idx_9_v254
933942142,packed_mp_veh_mod_idx_s_13_v390
933979920,f_ta_tat_x6_049_t0_v0
933987819,vem_spoiler_2_t14_v6
934063050,f_cl_clo_stf_o_e_0_t3_v12
934063295,f_cl_clo_x6f_o_o_8_t3_v12
934161584,vem_supermod_3_24_t44_v27
934251829,packed_mp_veh_mod_idx_s_18_v281
934265427,packed_mp_veh_mod_idx_24_v40
934322786,m_cl_clo_stm_h_1019_t14_v1
934330471,packed_mp_veh_mod_idx_7_v116
934361726,wp_wct_tint_12_t2_v1_n2
934379180,f_cl_clo_half_7_1_t1_v1
934383274,packed_ng_vehicle_insurance_v337
934490469,f_cl_clo_fxf_l_4_17_t4_v1
934493626,packed_mp_veh_mod_idx_s_9_v14
934599567,vem_hood_19_t9_v1
934670065,m_ta_tat_sb_033_t0_v0
934699466,m_cl_clo_iem_u_17_10_t11_v1
934841816,f_cl_clo_suf_decl_17_t11_v1
934872178,vem_horn_luxe3_t10_v27
934873544,m_cl_clo_xmasm_u_0_2_t11_v1
935182165,packed_mp_veh_mod_idx_23_v5
935237145,m_cl_clo_l2m_t_4_1_t7_v1
935253854,packed_mp_veh_mod_idx_12_v299
935323654,f_cl_clo_indf_d_11_t100_v0
935365612,packed_mp_veh_colour2_0_v264
935393105,packed_mp_veh_primary_colour_group_v244
935455804,vem_horn_hween2_t10_v39
935489129,packed_mp_veh_window_tint_0_v127
935532301,m_cl_outfit_clo_h4m_o_h2_m3_t12_v0
935534082,vem_smod3_whlv1_t66_v3
935537694,f_cl_clo_h3f_ph_3_0_t14_v1
935544740,packed_mp_int_kosatka_weapon_workshop_v0
935592798,f_cl_clo_smf_b_2_20_t1_v1
935737077,m_cl_clo_h2m_b_8_11_t1_v1
935746122,packed_mp_veh_wheel_type_0_v42
935747524,f_cl_ht_fmf_6_1_t14_v0
935812877,f_cl_outfit_clo_awf_o_d_2_t12_v0
935878604,candc_hacker_dec_5_t0_v0
935916804,packed_mp_veh_mod_idx_s_3_v232
935973087,m_cl_clo_vwm_u_20_9_t11_v1
936016220,f_cl_clo_l2f_h_0_6_t14_v1
936113662,packed_mp_veh_mod_idx_s_17_v154
936114001,f_cl_clo_bhf_l_4_1_t4_v1
936138074,m_cl_clo_x6m_f_3_25_t6_v1
936161535,packed_mp_veh_colour_extra2_0_v160
936174599,packed_mp_veh_mod_idx_11_v268
936195159,ve_hotknife_t0_v3
936275406,m_cl_clo_bhm_u_7_0_t11_v1
936288037,vem_supermod_43_19_t43_v7
936395016,pr_pm_modshop_13_t87_v0
936402439,vem_supermod_9_13_t50_v11
936615606,vem_supermod_10_3_t51_v38
936647145,vem_supermod_16_11_t57_v26
936681509,m_cl_clo_x6m_ey_3_4_t14_v1
936722395,packed_mp_veh_mod_idx_7_v246
936756761,vem_hlight_1_t11_v7
936760924,packed_mp_veh_mod_idx_s_5_v48
936999309,packed_mp_veh_mod_idx_s_12_v221
937041629,ve_burrito_t0_v3
937154809,packed_mp_veh_wheel_type_0_v38
937256771,m_cl_clo_smm_ph_2_17_t14_v1
937308263,f_cl_clo_grf_ph_5_3_t14_v1
937424803,vem_bikew_33_t19_v3
937436750,packed_mp_veh_mod_idx_s_18_v225
937575039,vem_supermod_17_1_t58_v28
937650122,packed_mp_veh_mod_idx_s_7_v177
937690958,f_cl_clo_vwf_u_20_23_t11_v1
937694797,ve_limo2_t1_v0
937832246,packed_mp_veh_mod_idx_s_17_v375
937858087,packed_mp_veh_mod_idx_1_v222
937903354,packed_ng_vehicle_neon_v231
938043519,packed_mp_veh_mod_idx_23_v220
938046397,m_cl_clo_awm_u_9_6_t11_v1
938261049,packed_mp_veh_livery_0_v173
938304473,m_ha_clo_s1m_h_1_0_t0_v2
938323105,packed_mp_veh_mod_idx_s_23_v216
938422286,packed_mp_veh_livery2_0_v246
938433962,packed_mp_veh_livery_0_v328
938463656,f_cl_clo_hstfb_14_8_t1_v1
938467016,packed_mp_veh_mod_idx_s_21_v200
938542430,f_ta_tat_hp_023_t0_v0
938657863,m_cl_clo_sum_g_1_1_t3_v1
938662203,packed_mp_veh_mod_idx_11_v20
938667743,m_cl_clo_x6m_u_23_1_t11_v1
938769073,vem_colour_mct_none_58
938829754,m_cl_clo_arm_b_0_10_t1_v1
939006237,m_cl_clo_val_decl_m_t8_v1
939027409,vem_colour_extra_1_mct_pearlescent_frost_white_t24_v1
939067917,vem_smod5_whl_22_t19_v3
939079612,m_cl_g_fmm_3_2_t14_v0
939079657,vem_engine_4_t5_v31
939216759,vem_supermod_3_43_t44_v3
939240319,packed_mp_veh_mod_idx_7_v396
939258695,f_cl_clo_h2f_ph_2_8_t14_v1
939273867,packed_ng_vehicle_neon_kit_v133
939382795,packed_mp_veh_mod_idx_2_v254
939414646,packed_mp_veh_mod_idx_4_v398
939436889,vem_sub_heli_w_1
939550537,m_cl_clo_scm_f_0_6_t6_v1
939561081,packed_mp_veh_mod_idx_s_19_v104
939562869,packed_mp_veh_secondary_colour_group_v156
939621916,f_cl_clo_bhf_u_9_5_t11_v1
939635606,f_cl_clo_trf_u_11_16_t11_v1
939672611,m_cl_clo_s1m_ph_0_2_t14_v1
939722157,packed_mp_veh_mod_idx_s_3_v168
939782512,packed_mp_veh_mod_idx_5_v241
939795716,vem_cmod_col5_31_t29_v2
939864308,packed_mp_veh_mod_idx_s_16_v187
939886626,packed_mp_veh_mod_idx_1_v354
939928593,packed_mp_veh_mod_idx_s_22_v259
939967245,packed_mp_veh_mod_idx_24_v42
940095527,wp_wct_tint_4_t2_v46_n2
940103964,ve_raptor_t0_v3
940115537,m_cl_clo_hstmb_21_8_t1_v1
940132665,f_cl_clo_h2f_b_11_1_t1_v1
940285036,packed_ng_vehicle_bpt_v272
940507503,packed_mp_veh_mod_idx_15_v65
940606764,ve_bifta_t0_v0
940631989,vem_colour_extra_1_mct_metallic_black_t24_v4
940647046,f_cl_clo_grf_ph_1_17_t14_v1
940658159,packed_mp_veh_mod_idx_12_v247
940741704,packed_ng_vehicle_neon_v138
940773287,f_cl_clo_vwf_u_7_1_t11_v1
940874405,f_cl_he_fmf_18_1_t14_v1
940978158,f_cl_clo_h3f_u_9_22_t11_v1
940983531,vem_exhaust_5_t6_v38
941010740,packed_mp_veh_mod_idx_s_16_v367
941061645,m_cl_clo_h4m_ph_0_15_t14_v1
941064796,packed_mp_veh_mod_idx_s_1_v82
941115139,vem_horn_cnote_c1_t10_v3
941142970,m_cl_clo_smm_ph_3_2_t14_v1
941150737,f_cl_clo_suf_l_2_6_t4_v1
941283506,packed_mp_veh_colour1_0_v199
941287179,service_earn_import_export
941322969,m_cl_clo_h2m_b_11_9_t1_v1
941388156,packed_mp_veh_mod_idx_8_v252
941394387,vem_supermod_7_5_t48_v11
941528252,f_cl_clo_h4f_plw_0_7_t14_v1
941539180,m_cl_clo_hp_u_5_2_t8_v1
941594722,vem_supermod_18_2_t59_v6
941619554,wp_wct_tint_4_t2_v56_n2
941789241,vem_supermod_60_10_t60_v7
941904117,auto_shop_index_4_t0_v0
941907554,f_cl_he_fmf_17_0_t14_v0
941922538,f_cl_clo_s2f_d_0_t11_v1
941970441,packed_mp_veh_window_tint_0_v337
942230193,vem_offr_15_t19_v1
942266869,packed_mp_veh_mod_idx_s_8_v42
942312004,m_cl_clo_x6m_u_22_23_t11_v1
942546000,f_cl_clo_grf_u_17_3_t11_v1
942546090,mp_stat_mattotalforfactory1_v0
942551518,vem_supermod_10_2_t51_v10
942588510,packed_mp_veh_mod_idx_s_23_v189
942641746,packed_mp_veh_mod_var_0_v316
942722508,m_cl_clo_h3m_b_15_3_t1_v1
942743293,packed_mp_veh_colour_extra2_0_v265
942813742,mp_stat_ie_wh_owned_vehicle_33_v0
942835015,vem_cmod_tyr_11_t18_v28
942878508,m_cl_clo_hstm_b_15_9_t1_v1
942949442,wp_wm_tint2_t2_v28
943042517,f_cl_g_fmf_14_5_t14_v0
943193631,packed_mp_veh_primary_colour_group_v215
943246887,cb_none_0_t0_v0
943265811,vem_smod4_whlv181_t66_v2
943291269,packed_mp_veh_mod_idx_s_15_v145
943335742,packed_mp_veh_mod_idx_11_v96
943429383,m_cl_clo_s1m_dec_18_t100_v0
943448630,m_cl_u_fmm_14_0_t11_v0
943465532,packed_mp_veh_mod_idx_s_9_v316
943497624,packed_mp_veh_mod_idx_s_19_v256
943512948,m_cl_clo_hilf_o_19_t3_v12
943559646,m_cl_clo_smm_b_5_2_t1_v1
943609882,vem_supermod_23_1_t64_v33
943635499,m_cl_clo_bhm_u_2_0_t11_v1
943736700,m_cl_outfit_clo_x6m_o_o_12_t12_v0
943753784,m_cl_clo_stm_h_9_19_t14_v1
943764460,m_cl_clo_x6m_ey_3_9_t14_v1
943768832,packed_mp_veh_mod_idx_s_20_v60
943774947,m_cl_clo_h2m_u_7_25_t11_v1
943797982,packed_mp_veh_mod_idx_s_14_v42
943841140,packed_mp_veh_wheel_type_0_v3
943928482,packed_mp_veh_mod_idx_8_v110
944100805,m_cl_outfit_clo_stm_o_3_t12_v0
944136532,vem_insurance_michelli
944192768,f_cl_clo_lxf_dec_12_t11_v1
944266718,f_ta_tat_hp_025_t0_v0
944267475,packed_mp_veh_wheel_type_0_v392
944269662,vem_horn_xm15_2_t10_v27
944347615,dec_vw_aw_mt_18b
944364767,m_cl_clo_exm_decl_14_t11_v1
944510032,vem_colour_2_mct_matte_matte_foil_t25_v3
944686759,vem_horn_clas3_t10_v31
944707933,vem_yacht_flag_40_v0
944943757,packed_mp_veh_plate_id_v380
944966533,m_cl_clo_iem_l_4_0_t4_v1
944982239,packed_mp_veh_mod_idx_s_21_v247
945018886,f_cl_clo_h3f_l_4_13_t4_v1
945096193,f_cl_clo_bhf_l_0_13_t4_v1
945207175,m_cl_f_fmm_3_8_t6_v0
945279116,vem_supermod_9_5_t50_v11
945295691,packed_mp_veh_mod_idx_s_13_v274
945519259,f_cl_clo_bif_u_20_2_t11_v1
945604734,packed_mp_veh_mod_idx_22_v165
945659575,m_cl_clo_scm_f_0_12_t6_v1
945770396,vem_colour_1_mct_metallic_blaze_red_t24_v1
945828686,packed_mp_veh_mod_idx_s_17_v325
945842811,packed_mp_veh_mod_idx_11_v100
945887487,packed_mp_veh_mod_idx_14_v138
945921746,vem_supermod_47_4_t47_v7
946071757,packed_mp_veh_mod_idx_8_v381
946076731,vem_insurance_blista3
946085258,vem_smod5_whlv174_t66_v3
946110626,packed_mp_veh_mod_idx_5_v155
946272686,vem_cmod_neonlay_0_t21_v4
946278373,f_cl_clo_grf_u_20_20_t11_v1
946340115,packed_mp_veh_mod_idx_8_v88
946436416,vem_colour_2_mct_classic_salmon_pink_t25_v0
946508758,vem_insurance_s80
946508789,f_cl_clo_vwf_l_1_0_t4_v1
946554743,m_cl_clo_h4m_pey_1_3_t14_v1
946580295,packed_mp_veh_mod_idx_6_v141
946638335,m_cl_clo_sbm_f_6_4_t6_v1
946817063,vem_colour_extra_1_mct_classic_sea_green_t24_v33
946893287,veu_stingertt_t0_v0
946918377,f_cl_clo_awf_decl_81_t100_v0
946943160,vem_offr_14_t19_v2
947108469,packed_mp_veh_mod_idx_s_17_v397
947115251,mp_stat_mpsv_model_401
947177603,f_cl_clo_bhf_decl_50_t100_v0
947212527,packed_mp_veh_mod_idx_s_11_v116
947233055,m_cl_clo_sbm_f_0_13_t6_v1
947286599,packed_mp_veh_wheel_type_0_v120
947306822,vem_colour_extra_1_mct_pearlescent_candy_red_t24_v3
947340098,m_cl_clo_h3m_ph_5_2_t14_v1
947491842,packed_mp_veh_colour2_0_v201
947832554,packed_mp_veh_mod_idx_s_0_v41
947833529,packed_mp_veh_mod_idx_5_v17
947945783,m_ta_tat_st_034_t0_v0
948102717,f_ha_clo_grf_h_1_0_t0_v2
948130714,f_cl_clo_fxf_pe_1_6_t14_v1
948131983,vem_insurance_comet3
948133623,packed_mp_veh_mod_idx_s_21_v211
948173160,m_cl_clo_fxm_l_0_13_t4_v1
948228944,vem_supermod_16_14_t57_v28
948299206,vem_exhaust_2_t6_v29
948334367,vem_smod4_whlv127_t66_v1
948359602,vem_spoiler_17_t14_v1
948394755,packed_mp_veh_mod_idx_s_11_v184
948499537,m_cl_clo_fxm_l_0_10_t4_v1
948530944,packed_mp_veh_mod_idx_14_v65
948638729,packed_ng_vehicle_insurance_v327
948643963,vem_colour_extra_1_mct_matte_purple_t24_v1
948850063,wp_wt_petrol_t5_v0
948898942,vem_cmod_airhorn_02_t10_v0
948918567,vem_supermod_45_13_t45_v7
949091106,packed_mp_veh_mod_idx_s_7_v272
949194936,vem_insurance_vamos
949208493,packed_mp_veh_mod_idx_12_v26
949358199,vem_cmod_exp_0_t20_v31
949360016,vem_colour_2_mct_metallic_dark_silver_t25_v4
949364861,packed_ng_vehicle_bpt_v216
949378702,f_cl_clo_hp_f_d_21_t100_v0
949386982,m_ha_cc_body_1_2_t3_v1
949507722,packed_mp_veh_mod_idx_4_v388
949642143,f_cl_clo_grf_u_10_8_t11_v1
949848038,f_cl_clo_hstf_u_12_8_t11_v1
949887348,m_cl_clo_sbm_f_0_0_t6_v1
949976173,f_ta_tat_hp_035_t0_v0
950098538,packed_mp_veh_livery_0_v125
950143949,m_cl_clo_hp_d_24_t100_v0
950197719,packed_mp_veh_mod_idx_s_23_v378
950206791,dec_vw_aw_wv_14
950251088,packed_mp_veh_mod_idx_s_22_v220
950284078,m_cl_clo_h3m_u_3_5_t11_v1
950296923,packed_mp_veh_primary_colour_group_v124
950371668,f_cl_clo_suf_g_1_6_t3_v1
950453137,packed_mp_veh_mod_idx_10_v150
950453544,f_cl_clo_h3f_o_dl_13_t8_v12
950581916,m_cl_u_fmm_8_13_t11_v0
950803729,packed_mp_veh_livery2_0_v151
950820186,m_cl_clo_x6m_f_4_16_t6_v1
950919310,f_cl_clo_x6f_l_7_6_t4_v1
950925821,packed_mp_veh_colour_extra2_0_v381
951038752,packed_mp_veh_mod_idx_s_22_v265
951165509,m_cl_clo_bhm_u_4_4_t11_v1
951235561,packed_mp_veh_mod_idx_3_v354
951293408,packed_mp_veh_livery2_0_v173
951530710,vem_supermod_1_0_t42_v27
951571512,m_cl_clo_hp_l_0_2_t4_v1
951726561,packed_ng_vehicle_smoke_v406
951809874,vem_fender_r_7_t37_v4
951849910,vem_brake_0_t2_v10
951943673,packed_mp_veh_mod_idx_s_23_v294
951949553,packed_mp_veh_mod_idx_1_v164
951980975,vem_cmod_neoncol_3_t21_v10
952069191,packed_mp_veh_mod_idx_9_v226
952141251,candc_hacker_dec_16_t0_v0
952177831,m_cl_clo_sum_decl_23_t100_v0
952261107,vem_smod_whlv66_t66_v0
952321085,vem_smod5_whlv138_t66_v3
952345249,f_cl_clo_h2f_o_g_19_t3_v12
952349708,packed_mp_veh_mod_idx_22_v196
952358380,packed_mp_veh_mod_idx_12_v221
952443546,packed_mp_veh_plate_id_v263
952490973,f_cl_clo_hstfb_21_5_t1_v1
952554461,vem_supermod_23_6_n1_t64_v33
952565423,packed_mp_veh_mod_idx_s_16_v247
952640008,wp_wct_c_tint_22_t2_v9_n2
952640185,f_cl_clo_vwf_decl_30_t100_v0
952661532,f_cl_clo_bbf_t_2_1_t7_v1
952774003,packed_mp_veh_mod_idx_s_8_v375
952835974,vem_skirt_0_t13_v27
952848406,packed_mp_veh_mod_idx_10_v245
952929662,f_cl_clo_h4f_ph_0_22_t14_v1
953102425,f_ta_tat_vw_025_t0_v0
953120166,ve_blimp3_n1_t1_v6
953220516,m_cl_clo_stm_ht1519_t14_v1
953265650,vem_supermod_0_8_t41_v7
953287692,packed_mp_veh_primary_colour_group_v62
953352060,packed_mp_veh_colour2_0_v399
953432984,vem_rwd_suv_09_t19_v12
953505458,packed_mp_veh_livery_0_v261
953612310,m_cl_clo_grm_u_10_0_t11_v1
953738631,packed_mp_veh_mod_idx_s_8_v99
953739674,pr_pm_modshop_7_t87_v0
953769899,vem_horn_hween1_t10_v35
953793731,m_cl_clo_bim_b_0_4_t1_v1
953957314,packed_mp_veh_mod_idx_s_7_v398
953996828,vem_supermod_3_45_t44_v7
954039753,vem_bikew_11_t19_v3
954054634,packed_mp_veh_mod_idx_s_8_v262
954074504,m_cl_clo_s1m_u_0_0_t100_v0
954197172,f_cl_clo_bhf_u_4_15_t11_v1
954247956,ve_dukes_t0_v1
954287238,f_cl_u_fmf_1_1_t11_v0
954295032,packed_mp_veh_mod_idx_s_10_v80
954534982,packed_ng_vehicle_insurance_v271
954562786,wp_ps_bag_21_t1_v33
954594314,packed_mp_veh_mod_idx_s_17_v111
954597581,f_ha_cc_f_hs_10_t0_v2
954674845,packed_mp_veh_mod_idx_14_v389
954709970,f_cl_clo_vwf_pey_1_7_t14_v1
954788545,packed_mp_veh_colour_extra1_0_v163
954858974,packed_mp_veh_mod_idx_s_12_v246
954871203,vem_supermod_20_1_n1_t61_v3
954911274,vem_insurance_patriot2
954915110,ve_zhaba_t1_v3
954930993,m_cl_outfit_clo_h3m_o_sh_12_t12_v0
954943307,packed_mp_veh_mod_idx_s_15_v413
955127346,m_ta_tat_x2_024_t0_v0
955128748,packed_mp_veh_mod_idx_s_19_v185
955136238,packed_mp_veh_mod_idx_10_v17
955137955,vem_supermod_23_0_t64_v27
955176017,vem_armour_3_t1_v4
955217177,packed_mp_veh_mod_idx_9_v235
955421539,f_cl_clo_suf_u_4_5_t11_v1
955456073,vem_smod3_whlv118_t66_v3
955510275,vem_smod_whlv57_t66_v3
955541045,bhub_index_3_t0_v0
955559429,vem_offr_06_t19_v12
955635331,factory_index_32_t0_v0
955636990,f_cl_clo_indf_d_11_t11_v1
955638297,m_cl_clo_hp_o_6_t3_v12
955697691,mp_stat_mpsv_model_193
955742530,vem_colour_1_mct_classic_sandy_brown_t24_v1
955830746,packed_mp_veh_mod_idx_s_23_v83
955888086,packed_ng_vehicle_neon_kit_v183
955891536,wp_wm_tint6_t2_v67
956084742,packed_mp_veh_mod_idx_1_v400
956105011,f_cl_clo_hp_f_d_9_t11_v1
956107982,mp_stat_missionforwhouse1_v0
956139855,f_cl_clo_hp_f_u_2_1_t11_v1
956164928,packed_mp_veh_mod_idx_s_4_v83
956219373,f_cl_clo_indf_ht_3_0_t14_v0
956251059,packed_ng_vehicle_insurance_v133
956271701,wp_wct_shell_inc_t1_v22
956338019,vem_supermod_18_5_t59_v3
956427992,vem_horn_hween2_t10_v35
956429032,packed_mp_veh_mod_idx_4_v141
956429612,f_cl_clo_h4f_pey_2_1_t14_v1
956571596,m_cl_clo_h4m_ph_0_16_t14_v1
956662558,vem_roof_0_t12_v10
956697253,vem_supermod_8_9_t49_v3
956711391,packed_mp_veh_mod_idx_13_v378
956754927,packed_ng_vehicle_neon_kit_v79
956779919,veu_dominator4_t0_v0
956798026,packed_mp_veh_mod_idx_s_11_v233
956883221,f_cl_clo_scf_l_13_1_t4_v1
956889922,packed_mp_veh_window_tint_0_v139
956922459,vem_fender_l_8_t36_v4
956922620,vem_grill_13_t8_v38
956923605,vem_roof_0_t12_v38
956925410,wp_wct_tint_11_t2_v1_n2
956939972,wp_wct_tint_20_t2_v47_n2
957011425,vem_smod4_whlv50_t66_v3
957031794,m_cl_clo_busm_s_1_7_t8_v1
957102223,packed_mp_veh_mod_idx_18_v339
957128269,m_ta_tat_sm_004_t0_v0
957225745,vem_cmod_neonlay_1_t21_v27
957292693,f_cl_clo_bif_decl_9_t100_v0
957350657,packed_mp_veh_mod_idx_s_1_v55
957361624,m_cl_clo_indm_d_7_t8_v1
957370502,f_cl_clo_awf_decl_40_t100_v0
957401495,m_cl_clo_fxm_u_0_6_t11_v1
957499987,f_cl_clo_vwf_u_8_24_t11_v1
957527212,packed_mp_veh_mod_idx_18_v364
957646497,vem_smod4_whlv196_t66_v3
957695070,packed_mp_veh_livery_0_v165
957768151,packed_lr_vehicle_colour_5_v29
957803611,vem_horn_xm15_2_t10_v38
957906997,m_cl_clo_smm_ph_2_4_t14_v1
958010888,m_cl_clo_lxm_u_2_3_t11_v1
958021262,packed_mp_veh_mod_idx_s_7_v376
958038578,packed_mp_veh_mod_idx_s_22_v52
958080965,vem_chassis_0_t4_v33
958127637,f_cl_clo_sbf_u_22_1_t11_v1
958179554,m_cl_clo_awm_b_2_7_t1_v1
958237302,packed_mp_veh_mod_idx_8_v218
958329733,packed_mp_veh_primary_colour_group_v227
958371784,packed_mp_veh_wheel_type_0_v408
958462516,vem_supermod_5_4_t46_v6
958517181,m_cl_clo_vwm_l_2_5_t4_v1
958568839,packed_mp_veh_mod_var_0_v239
958591374,m_cl_clo_bim_ph_1_8_t14_v1
958595629,packed_lr_vehicle_colour_5_v384
958615831,packed_mp_veh_mod_idx_13_v111
958663712,m_cl_clo_trm_u_15_8_t11_v1
958758872,vem_supermod_55_3_t55_v7
958823679,m_ta_tat_h4_030_t0_v0
958926900,f_cl_u_fmf_5_0_t11_v0
959055025,packed_mp_veh_mod_idx_16_v154
959087553,vem_bumper_f_2_t34_v6
959114406,vem_armour_0_t1_v30
959168067,packed_mp_veh_mod_idx_8_v120
959241151,vem_colour_2_mct_classic_moss_brown_t25_v1
959307096,f_cl_outfit_clo_awf_o_e_10_t12_v0
959393700,m_cl_clo_exm_g_12_8_t14_v0
959461627,ve_kuruma_t0_v3
959484744,packed_mp_veh_mod_idx_s_3_v100
959489237,packed_mp_veh_mod_idx_0_v318
959526478,f_cl_clo_indf_b_4_0_t1_v1
959607771,packed_mp_veh_mod_idx_3_v163
959750506,packed_mp_veh_livery2_0_v123
959797437,f_cl_clo_stf_o_e_3_t3_v12
959799780,vem_supermod_23_2_t64_v33
959800836,packed_mp_veh_mod_var_0_v83
959859772,ie_wh_index_4_t0_v0
959965938,f_ta_tat_x6_041_t0_v0
959995460,packed_ng_vehicle_smoke_v19
960101560,packed_mp_veh_colour_extra2_0_v42
960113521,m_cl_clo_iem_u_17_24_t11_v1
960223836,packed_mp_veh_mod_idx_s_23_v71
960223913,f_cl_ht_fmf_2_1_t14_v0
960240519,f_cl_l_fmf_1_13_t4_v0
960291665,f_cl_clo_hstf_u_3_2_t100_v0
960331815,f_ha_clo_bif_h_5_0_t0_v2
960391065,packed_mp_veh_mod_idx_9_v16
960437378,packed_mp_char_yacht_fixture_v0
960447091,vem_supermod_14_2_t55_v7
960483548,wp_wct_camo_10_t1_v70_n2
960497337,packed_mp_veh_mod_idx_5_v190
960532130,m_cl_clo_h4m_t_13_13_t7_v1
960567823,ve_squaddie_t1_v3
960632918,vem_smod3_whlv96_t66_v3
960723433,wp_wct_muzz1_t1_v13_n2
960754358,f_cl_clo_indf_d_1_t100_v0
960770698,wp_wct_c_tint_8_t2_v13_n2
960775715,vem_smod2_whlv126_t66_v3
960837445,f_ta_tat_h3_012_t0_v0
960843186,packed_mp_veh_mod_idx_23_v400
960859524,f_cl_clo_ief_b_2_2_t1_v1
961111996,vem_cmod_col5_24_t29_v2
961132842,packed_mp_veh_mod_idx_11_v187
961187884,vem_smod5_whlv14_t66_v3
961191901,m_cl_clo_grm_g_0_5_t3_v1
961296150,f_cl_clo_fxf_ph_1_23_t14_v1
961340770,f_cl_clo_grf_f_3_5_t6_v1
961387887,packed_mp_veh_colour2_0_v48
961406000,vem_colour_1_mct_matte_green_t24_v4
961458235,f_cl_clo_hstfb_19_5_t1_v1
961660894,f_cl_clo_h2f_b_7_3_t1_v1
961661091,packed_mp_veh_mod_idx_s_15_v346
961743034,packed_mp_veh_mod_idx_s_18_v115
961774966,m_cl_clo_bim_decl_52_t100_v0
961791832,ve_tampa3_t0_v30
961807114,vem_hiend_16_t19_v3
961810943,f_cl_clo_sbf_u_13_3_t11_v1
961973051,m_cl_clo_vwm_u_8_10_t11_v1
962061513,packed_mp_veh_mod_idx_s_10_v99
962079136,m_ha_clo_bim_h_5_0_t0_v2
962100142,packed_mp_veh_mod_idx_s_16_v284
962210853,packed_ng_vehicle_bpt_v236
962260330,vem_colour_1_mct_classic_bright_orange_t24_v33
962280114,packed_mp_veh_mod_idx_10_v142
962389723,m_cl_clo_awm_u_4_7_t11_v1
962411552,f_ha_cc_eyebrw_30_t2_v0
962519563,wp_wct_camo_7_t1_v70_n2
962552661,f_cl_clo_s2f_f_1_5_t6_v1
962616103,packed_mp_veh_mod_idx_s_22_v160
962621406,packed_mp_veh_mod_idx_15_v40
962650106,vem_loride_07_t19_v3
962683440,m_cl_clo_hp_g_0_3_t14_v1
962745099,packed_mp_veh_mod_idx_4_v401
962778172,m_cl_clo_h4m_s_1_10_t8_v1
962816623,packed_mp_veh_mod_idx_s_9_v263
962869306,vem_smod_whlv184_t66_v3
962907560,m_ha_cc_eyebrw_33_t2_v1
962922154,packed_mp_veh_colour1_0_v107
962931802,wp_wm_tint7_t2_v11
962985693,m_cl_clo_awm_u_7_10_t11_v1
962987170,vem_chassis_3_t4_v5
962990112,f_cl_clo_scf_u_25_1_t11_v1
963019834,wh_index_2_t0_v0
963033562,f_cl_clo_bif_ph_11_3_t14_v1
963150971,packed_mp_veh_colour2_0_v348
963154601,vem_horn_clas2_t10_v32
963158939,packed_mp_veh_livery2_0_v365
963197801,f_cl_clo_stf_u_7_1_t11_v1
963234307,packed_mp_veh_colour1_0_v399
963286123,packed_mp_veh_colour2_0_v180
963292673,mp_casino_1_t0_v0
963328741,packed_ng_vehicle_smoke_v215
963341166,packed_mp_veh_mod_idx_13_v261
963351344,m_cl_clo_h2m_b_4_14_t1_v1
963443530,packed_mp_veh_mod_idx_15_v218
963486519,m_cl_clo_bus_m_o_3_t3_v12
963488166,f_cl_clo_h2f_b_3_12_t1_v1
963553940,m_cl_clo_s1m_u_2_7_t11_v1
963592527,vem_colour_2_mct_classic_rolled_steel_t25_v33
963647020,m_ta_tat_sm_007_t0_v0
963676855,f_cl_u_fmf_7_1_t11_v0
963721604,packed_mp_veh_mod_idx_s_16_v117
963778156,packed_mp_veh_livery_0_v72
963830062,vem_supermod_23_7_t64_v3
963840716,vem_supermod_14_0_t55_v5
963849595,vem_grill_18_t8_v38
963948813,f_cl_clo_bif_ph_6_2_t14_v1
963987758,f_cl_clo_bif_s_16_14_t8_v1
963991446,vem_skirt_1_n1_t13_v3
964081408,f_cl_clo_s1f_dec_13_t11_v1
964099568,packed_mp_veh_wheel_type_0_v312
964113637,vem_horn_clas5_t10_v38
964141780,f_cl_clo_hstf_u_9_0_t11_v1
964144337,vem_colour_1_mct_classic_midnight_silver_t24_v1
964259620,f_cl_clo_fxf_ph_2_8_t14_v1
964279283,f_cl_clo_x6f_rw_2_4_t14_v1
964294958,m_cl_clo_hstmb_19_4_t1_v1
964300454,vem_cmod_exp_1_t20_v30
964572657,f_cl_outfit_clo_awf_o_d_1_t12_v0
964623615,m_cl_clo_h4m_pey_2_2_t14_v1
964684238,packed_mp_veh_mod_idx_s_20_v232
964763982,m_cl_clo_stm_o_17_t3_v12
964812309,vem_drft_07_t19_v3
964879271,vem_roof_2_t12_v3
964918226,ve_marshall_t1_v21
964936710,packed_mp_veh_colour_extra1_0_v262
964946890,m_cl_clo_l2m_e_19_0_t14_v1
964992214,f_cl_clo_sbf_ph_5_1_t14_v1
965106290,packed_mp_veh_mod_idx_s_8_v60
965107789,m_cl_clo_iem_ph_0_1_t14_v1
965132279,f_cl_clo_x4f_u_11_5_t11_v1
965156446,packed_lr_vehicle_colour_6_v298
965230016,f_cl_clo_x5f_u_16_8_t11_v1
965394199,f_cl_clo_x6f_l_1_13_t4_v1
965456819,m_cl_clo_smm_ph_1_2_t14_v1
965489517,packed_mp_veh_mod_idx_s_18_v364
965511162,packed_mp_veh_mod_idx_s_6_v239
965747058,packed_mp_veh_mod_idx_s_23_v208
965793166,f_cl_outfit_clo_ief_o_10_t12_v0_cesp
965858211,f_cl_clo_fxf_l_4_16_t4_v1
965943824,packed_mp_veh_mod_idx_s_11_v355
965987048,packed_mp_veh_mod_idx_22_v167
965998015,packed_mp_veh_mod_idx_s_2_v66
966031130,vem_colour_extra_1_mct_metallic_bronze_t24_v2
966032502,vem_colour_2_mct_metallic_lime_green_t25_v2
966033436,packed_ng_vehicle_smoke_v382
966036086,packed_mp_veh_mod_idx_s_6_v219
966072476,packed_mp_veh_mod_idx_1_v299
966128450,packed_mp_veh_mod_idx_3_v175
966144849,m_ta_tat_h4_008_t0_v0
966192489,packed_mp_veh_mod_idx_s_10_v244
966417205,m_cl_clo_awm_u_1_16_t11_v1
966519098,packed_ng_vehicle_neon_v356
966522503,m_cl_clo_iem_u_4_6_t11_v1_cesp
966556781,m_cl_clo_bim_u_10_7_t11_v1
966565143,m_ha_cc_m_hs_8_t0_v0
966580835,f_cl_clo_suf_u_4_1_t11_v1
966603267,vem_horn_hips1_t10_v11
966616113,f_cl_f_fmf_7_6_t6_v0
966747294,m_cl_clo_awm_decl_47_t100_v0
966773663,vem_cmod_airhorn_03_t10_v39
966873785,packed_mp_veh_mod_idx_2_v356
966890065,f_cl_clo_x17f_b_10_0_t1_v1
966902199,m_cl_clo_smm_u_2_13_t11_v1
966905470,f_cl_clo_grf_u_12_11_t11_v1
966936466,vem_insurance_baller
967139002,f_cl_clo_arf_o_28_t7_v12
967139247,m_ta_tat_lx_007_t0_v0
967209178,packed_mp_veh_colour2_0_v406
967349084,f_cl_clo_indf_d_18_t8_v1
967401491,m_cl_clo_exm_au_22_3_t11_v1
967404270,f_cl_outfit_clo_ief_o_3_t12_v0_cesp
967504041,f_cl_clo_bif_u_15_2_t11_v1
967568717,vem_insurance_cargobob2
967820166,vem_cmod_neonlay_4_t21_v5
967844938,packed_mp_veh_mod_idx_s_3_v326
967866550,vem_colour_2_mct_matte_midnight_blue_t25_v1
967901556,f_cl_clo_sbf_ph_6_12_t14_v1
967952346,vem_rwd_loride_04_t19_v0
968057079,m_cl_clo_x6m_ph_1_25_t14_v1
968073639,service_earn_ambient_job_penned_in
968078836,f_cl_clo_h2f_f_5_5_t6_v1
968209185,m_cl_clo_trm_u_19_4_t11_v1
968217441,m_cl_clo_iem_l_3_0_t4_v1
968224040,packed_mp_veh_mod_idx_s_6_v313
968237928,f_cl_clo_vwf_ph_1_2_t14_v1
968441089,vem_supermod_51_0_t51_v7
968484203,m_cl_clo_lxm_u_7_2_t11_v1
968489150,m_cl_clo_vwm_u_6_6_t11_v1
968560205,m_cl_clo_exm_g_4_9_t14_v0
968613100,m_cl_clo_h4m_pey_0_6_t14_v1
968664342,f_cl_clo_smf_b_4_20_t1_v1
968875236,vem_colour_1_mct_metallic_black_steel_t24_v2
968947837,m_cl_outfit_clo_h3m_o_sl_32_t12_v0
969013008,packed_mp_veh_window_tint_0_v160
969041100,vem_colour_1_mct_matte_dark_red_t24_v1
969137526,f_cl_clo_arf_ph_0_13_t14_v1
969138668,f_cl_clo_scf_ey_0_19_t14_v1
969139924,f_cl_clo_h3f_u_3_2_t11_v1
969199862,wp_wct_clip2_t1_v13_n2
969203339,m_cl_clo_s1m_f_1_13_t6_v1
969238564,m_cl_clo_awm_b_8_1_t1_v1
969293488,packed_mp_veh_window_tint_0_v219
969325518,m_cl_clo_trm_u_12_4_t11_v1
969400550,m_cl_clo_sbm_lw_3_0_t14_v1
969400746,ve_dinghy3_n1_t1_v0
969503078,packed_mp_veh_primary_colour_group_v271
969506577,packed_mp_veh_mod_idx_s_3_v228
969569113,f_cl_clo_suf_u_0_8_t11_v1
969580071,packed_mp_veh_colour2_0_v105
969634153,vem_colour_2_mct_classic_shadow_silver_t25_v0
969663985,packed_mp_veh_mod_idx_s_14_v287
969672200,m_cl_clo_scm_u_0_5_t11_v1
970021828,pr_mp_prop_90_t0_v0
970187416,packed_mp_veh_wheel_type_0_v4
970306929,packed_mp_veh_mod_idx_s_16_v156
970385132,vem_smod5_whlv152_t66_v3
970410540,vem_insurance_oppressor2
970479452,f_cl_clo_scf_l_13_8_t4_v1
970553051,packed_mp_veh_mod_idx_4_v166
970555829,packed_mp_veh_mod_idx_23_v327
970576151,packed_mp_veh_mod_idx_10_v258
970643955,packed_mp_veh_mod_idx_s_8_v56
970701070,m_cl_clo_sbm_l_3_0_t4_v1
970723926,vem_insurance_sentinel3
970733192,vem_smod4_whlv131_t66_v2
970791177,m_cl_clo_bhm_u_9_3_t11_v1
970874775,packed_mp_veh_wheel_type_0_v351
970899492,m_cl_clo_iem_b_1_0_t1_v1
971000573,packed_mp_veh_mod_idx_13_v163
971042558,packed_mp_veh_colour1_0_v123
971058122,packed_mp_veh_mod_idx_6_v127
971169720,packed_mp_veh_mod_idx_s_15_v3
971258470,packed_mp_veh_window_tint_0_v401
971350893,vem_smod5_whlv200_t66_v3
971368621,packed_ng_vehicle_bpt_v338
971373481,vem_supermod_18_1_t59_v38
971434573,m_cl_clo_awm_ph_2_15_t14_v1
971620090,m_cl_clo_h4m_u_3_16_t11_v1
971655292,m_cl_clo_grm_g_1_4_t3_v1
971675211,dec_vw_aw_ls_24
971729711,m_cl_clo_l2m_t_8_0_t7_v1
971900129,f_cl_clo_vwf_u_17_11_t11_v1
971902150,f_cl_clo_h4f_b_0_2_t1_v1
971937554,f_cl_clo_grf_u_21_4_t11_v1
972151083,vem_supermod_48_23_t48_v7
972252800,packed_mp_veh_mod_idx_7_v48
972296507,vem_bikew_17_t19_v3
972301393,vem_livery2_5_t39_v3
972313247,f_cl_clo_scf_ey_0_23_t14_v1
972313962,wp_wm_tint2_t2_v61
972389067,vem_colour_2_mct_classic_ultra_blue_t25_v0
972404353,packed_mp_veh_mod_idx_10_v53
972437244,packed_mp_veh_colour1_0_v375
972620436,f_cl_clo_vwf_u_2_7_t11_v1
972685943,m_cl_clo_bhm_u_0_14_t11_v1
972836610,packed_mp_veh_mod_var_0_v72
972868143,vem_colour_2_mct_classic_surf_blue_t25_v2
973006391,vem_mwt_bike_t6_v0
973199907,packed_mp_veh_livery_0_v399
973262846,vem_truck_slot_9_mod_0_t0_v0
973283374,packed_mp_veh_mod_idx_3_v319
973290462,wp_wct_tint_10_t2_v8_n2
973321356,f_cl_clo_bhf_u_17_11_t11_v1
973349309,packed_mp_veh_mod_idx_s_14_v409
973380474,vem_colour_extra_1_mct_metallic_yellow_t24_v33
973447041,m_cl_clo_indm_d_25_t11_v1
973518960,f_cl_outfit_clo_h3f_o_sh_16_t12_v0
973603301,vem_insurance_draugur
973646081,vem_supermod_15_14_t56_v38
973858252,packed_mp_veh_mod_idx_s_22_v388
973984447,wp_wm_tint3_t2_v8
974248195,f_cl_clo_h4f_s_1_4_t8_v1
974274940,packed_mp_veh_mod_idx_12_v308
974363008,vem_smod_whlv104_t66_v0
974391786,packed_mp_veh_mod_idx_23_v338
974533042,m_cl_clo_sbm_f_6_10_t6_v1
974666715,m_cl_clo_bim_decl_46_t100_v0
974696330,packed_mp_veh_mod_var_0_v151
974702938,f_cl_clo_x5f_o_a_3_b_t3_v12
974735933,f_cl_clo_x17f_o_m_5_t3_v12
974802639,vem_colour_extra_1_mct_classic_olive_green_t24_v33
974848601,mba_mechanic_3_0_t0_v0
974873855,packed_ng_vehicle_neon_v207
974920921,f_cl_clo_busf_l_0_1_t4_v1
974930480,packed_mp_veh_colour1_0_v317
974954541,packed_mp_veh_mod_var_1_v192
974972219,packed_lr_vehicle_colour_6_v128
974994804,packed_mp_veh_mod_idx_7_v148
975024127,packed_mp_veh_mod_idx_s_9_v327
975057165,vem_fender_r_2_t37_v1
975058289,vem_horn_cnote_b0_t10_v1
975086602,f_ta_tat_fm_224_t0_v0
975098000,m_cl_clo_bhm_b_0_4_t1_v1
975131378,m_cl_clo_x4m_ph_2_0_t14_v1
975167380,packed_mp_veh_mod_idx_14_v166
975269134,wp_wct_tint_30_t2_v47_n2
975270730,wp_wct_clip_ap_t1_v48_n2
975353001,wp_wct_muzz1_t1_v9_n2
975411955,packed_mp_veh_mod_idx_s_0_v189
975469092,ve_patrolboat_t1_v0
975492785,m_cl_clo_h2m_u_3_2_t11_v1
975512141,packed_mp_veh_mod_idx_s_22_v8
975575444,packed_mp_veh_secondary_colour_group_v134
975619258,m_cl_clo_x6m_f_4_11_t6_v1
975789072,m_cl_clo_h4m_plw_0_1_t14_v1
975822103,vem_colour_1_mct_metallic_dark_blue_t24_v4
975885772,packed_mp_veh_mod_idx_2_v169
975886070,packed_mp_veh_mod_idx_s_23_v152
975939317,m_cl_u_fmm_11_7_t11_v0
975944893,m_cl_clo_lxm_w_5_1_t14_v1
975980363,packed_mp_veh_mod_idx_s_11_v56
976010219,f_cl_outfit_clo_bus_f_o_9_t12_v0
976018423,vem_truck_slot_4_mod_0_t0_v0
976027790,packed_mp_veh_mod_idx_5_v269
976057583,f_cl_outfit_clo_h3f_o_dl_36_t12_v0
976129466,f_cl_clo_s2f_o_2_t8_v12
976225126,m_cl_clo_fxm_ph_0_14_t14_v1
976365569,vem_supermod_9_6_t50_v27
976447953,m_cl_clo_hstmb_22_14_t1_v1
976470873,vem_rwd_hiend_05_t19_v12
976543266,vem_supermod_8_6_t49_v7
976658775,vem_supermod_4_9_t45_v3
976672347,f_cl_clo_h4f_b_3_6_t1_v1
976845067,packed_mp_veh_mod_var_1_v17
976917658,vem_cmod_tyr_0_t31_v37
976945659,vem_cmod_col5_11_t29_v3
977018937,m_cl_clo_grm_f_3_3_t6_v1
977024435,fcbase_lng3_t0_v0
977197694,f_cl_clo_suf_decl_10_t100_v0
977215937,wp_wct_c_tint_11_t2_v1_n2
977259072,f_cl_clo_exf_g_7_10_t14_v0
977274760,packed_mp_veh_mod_idx_s_2_v332
977511055,vem_horn_cnote_a0_t10_v1
977551230,wp_wct_flash_t1_v23
977639534,vem_supermod_63_16_t63_v7
977735903,m_cl_clo_xmas_h_1_0_t14_v1
977761615,f_ha_cc_eyebrw_15_t2_v1
977766339,packed_mp_veh_plate_id_v81
977960315,m_cl_clo_hp_f_1_1_t6_v1
977980970,packed_mp_veh_mod_idx_s_17_v20
978009321,m_cl_clo_stm_o_19_t11_v12_cesp
978090695,packed_mp_veh_mod_idx_s_5_v364
978268304,vem_supermod_63_5_t63_v7
978415490,packed_mp_veh_mod_idx_24_v303
978455588,f_cl_clo_busf_u_2_10_t8_v2
978499943,wp_ps_bag_8_t1_v33
978602189,packed_mp_veh_mod_idx_22_v289
978634100,packed_mp_veh_secondary_colour_group_v255
978832937,packed_mp_veh_mod_idx_s_7_v95
979080046,packed_mp_veh_colour2_0_v249
979211091,f_cl_clo_h2f_o_s_21_t3_v12
979235547,vem_suv_08_t19_v1
979242800,m_cl_clo_exm_au_8_1_t11_v1
979265435,packed_mp_veh_mod_idx_s_2_v183
979321664,m_cl_clo_grm_b_3_25_t1_v1
979332452,vem_supermod_56_4_t56_v7
979386022,vem_colour_2_mct_classic_midnight_silver_t25_v0
979402629,fa_upgrade_coke_setup_0_t0_v0
979448780,m_ta_tat_st_030_t0_v0
979527452,vem_roof_2_n2_t12_v3
979568803,f_cl_clo_x6f_l_1_9_t4_v1
979843294,f_cl_g_fmf_0_4_t14_v0
979896355,packed_mp_veh_colour2_0_v6
979953148,vem_smod5_whlv143_t66_v3
979982661,f_ha_clo_s1f_h_0_0_t0_v0
980013764,f_cl_clo_stf_o_16_t11_v12_cesp
980015391,packed_mp_veh_mod_idx_10_v237
980040489,m_cl_clo_vwm_decl_4_t100_v0
980042680,m_cl_clo_s2m_d_2_t100_v0
980079773,vem_hlight_0_t11_v0
980133477,m_cl_clo_grm_ph_1_21_t14_v1
980134885,vem_loride_13_t19_v0
980221840,vem_supermod_21_1_t62_v38
980222002,packed_ng_vehicle_insurance_v222
980267003,f_cl_he_fmf_17_6_t14_v0
980286113,vem_colour_extra_1_mct_classic_shadow_silver_t24_v0
980469988,vem_yacht_flag_12_v0
980510165,f_cl_outfit_clo_vwf_o_0_0_t12_v0
980526551,packed_mp_veh_colour2_0_v97
980591463,packed_mp_veh_mod_idx_23_v373
980603703,vem_supermod_12_5_t53_v26
980623936,service_spend_ba_enforcer_armour
980671971,m_cl_l_fmm_5_9_t4_v0
980731005,m_cl_clo_grm_u_13_17_t11_v1
980795479,cf_mission_passed_v1
980864251,m_cl_clo_grm_decl_5_t100_v0
980902760,vem_insurance_bifta
980946888,packed_mp_veh_mod_idx_0_v19
981039124,vem_supermod_3_6_t44_v6
981132694,vem_livery_4_t26_v4
981143207,packed_mp_veh_mod_idx_0_v171
981223410,vem_colour_2_mct_metallic_woodbeech_brown_t25_v1
981274913,m_cl_clo_h2m_f_3_21_t6_v1
981291193,packed_mp_veh_secondary_colour_group_v267
981373969,f_cl_clo_x6f_o_o_16_t3_v12
981438447,dec_vw_aw_mt_14d
981527074,vem_spt_14_t19_v0
981547510,vem_supermod_9_14_t50_v26
981607571,f_cl_outfit_o_fmf_p5_t12_v0
981675323,vem_colour_1_mct_metallic_race_yellow_t24_v0
981709425,fcbase_wea0_t0_v0
981832240,f_cl_clo_h3f_ph_10_2_t14_v1
981909213,m_cl_outfit_clo_indm_o_0_t12_v0
982065425,m_cl_clo_smm_u_2_10_t11_v1
982115735,packed_mp_veh_mod_idx_24_v351
982144110,vem_supermod_21_8_t62_v28
982194408,packed_mp_veh_mod_idx_6_v237
982217295,packed_mp_veh_mod_idx_9_v94
982262098,vem_supermod_0_12_t41_v10
982454110,f_cl_clo_bbf_u_1_3_t11_v1
982461409,f_cl_u_fmf_15_10_t8_v0
982476838,packed_mp_veh_mod_idx_24_v333
982498354,packed_mp_veh_mod_idx_15_v380
982550811,wp_wct_tint_7_t2_v47_n2
982588980,pr_mp_prop_35_t0_v0
982676404,vem_supermod_17_1_t58_v3
982751631,f_cl_outfit_clo_hstf_o_h_2_t12_v0
982899276,vem_colour_extra_1_mct_classic_blue_silver_t24_v2
982901348,vem_loride_07_t19_v2
982902864,packed_mp_veh_mod_idx_23_v235
983044039,vem_brake_3_t2_v2
983081733,f_cl_clo_x4f_u_13_1_t11_v1
983108861,f_cl_clo_h4f_u_5_0_t11_v1
983317434,packed_mp_veh_mod_idx_22_v74
983493851,m_cl_clo_h2m_u_3_21_t11_v1
983498565,packed_lr_vehicle_colour_5_v350
983519138,vem_yacht_name_2_v0
983597463,m_cl_clo_scm_o_8_t3_v12
983696797,vem_cmod_neoncol_3_t21_v2
983707392,packed_mp_veh_plate_id_v310
983709886,packed_mp_veh_colour_extra2_0_v100
983774812,m_ha_clo_grm_h_1_0_t0_v2
983828220,packed_mp_veh_mod_idx_s_13_v385
983834494,vem_cmod_neonlay_7_t21_v1
983842762,vem_suspension_0_t15_v11
983870052,m_cl_clo_bim_pw_7_1_t14_v1
983878639,m_cl_outfit_clo_iem_o_12_t12_v0_cesp
983897783,packed_mp_veh_mod_idx_s_7_v4
984024843,vem_rwd_spt_04_t19_v12
984042611,f_cl_clo_x5f_u_16_7_t11_v1
984125175,vem_colour_1_mct_metallic_nautical_blue_t24_v2
984192993,packed_mp_veh_mod_idx_0_v410
984232264,pm_weapon_discount_gun_van_0_5
984333864,vem_colour_extra_1_mct_pearlescent_light_blue_t24_v1
984355567,vem_cmod_col5_32_t29_v2
984379726,vem_supermod_18_3_t59_v3
984394171,vem_colour_5_sandy_brown_t38_v3
984473605,f_cl_clo_x6f_b_2_16_t1_v1
984483213,mp_stat_mpsv_model_86
984488376,packed_mp_veh_mod_idx_3_v383
984575743,packed_mp_veh_livery2_0_v116
984592154,packed_mp_veh_colour_extra2_0_v240
984651676,m_cl_clo_awm_b_12_8_t1_v1
984749442,m_cl_clo_hstmb_16_9_t1_v1
984868791,m_cl_clo_halm_d_5_t100_v0
984880845,packed_mp_veh_mod_idx_s_23_v118
984931937,m_cl_clo_x17m_o_m_8_t3_v12
984937838,f_cl_clo_s2f_u_3_2_t11_v1
984942539,packed_lr_vehicle_colour_5_v167
984988282,vem_supermod_14_4_t55_v3
985026392,fa_upgrade_coke_setup_1_t0_v0
985054987,packed_mp_veh_mod_idx_s_0_v210
985129610,packed_mp_veh_mod_idx_s_13_v175
985136167,vem_colour_1_mct_metallic_racing_blue_t24_v0
985194519,packed_mp_veh_mod_idx_11_v56
985253704,m_cl_outfit_clo_stm_o_9_t12_v0_cesp
985271249,packed_mp_veh_mod_var_1_v373
985276584,f_cl_clo_h4f_u_2_21_t11_v1
985276700,packed_mp_veh_secondary_colour_group_v115
985313076,packed_mp_veh_colour_extra2_0_v246
985334535,packed_mp_veh_mod_idx_s_9_v161
985428946,vem_supermod_5_12_t46_v28
985491641,m_ta_tat_x2_015_t0_v0
985505440,packed_mp_veh_mod_idx_14_v143
985537449,packed_mp_veh_mod_idx_s_9_v148
985658316,m_ha_cc_m_hs_17_t0_v0
985898040,m_ta_tat_l2_017_t0_v0
985980555,packed_mp_veh_mod_idx_7_v171
986098600,f_cl_clo_awf_o_h_1_t8_v12
986135074,f_cl_clo_x6f_u_24_10_t11_v1
986201826,packed_mp_veh_livery2_0_v308
986327841,m_cl_clo_bus_m_0_4_t1_v1
986418117,packed_mp_veh_mod_idx_15_v104
986453368,vem_bumper_f_9_t34_v3
986544580,m_cl_clo_smm_u_2_0_t11_v1
986552556,vem_colour_1_mct_metallic_lime_green_t24_v2
986632058,m_cl_clo_ltsmt_0_1_t3_v1
986719547,packed_mp_veh_mod_idx_14_v345
986750658,packed_mp_veh_mod_idx_12_v172
986780443,vem_supermod_8_5_t49_v28
986786488,packed_mp_veh_mod_idx_1_v132
986806200,f_cl_outfit_clo_hstf_o_15_t12_v0
986964050,wp_wct_c_tint_16_t2_v5_n2
987043060,m_cl_clo_h2m_b_9_3_t1_v1
987088190,vem_supermod_47_14_t47_v7
987117081,packed_mp_veh_mod_idx_s_22_v295
987165079,m_cl_outfit_clo_awm_o_f_14_t12_v0
987321125,wp_wct_c_tint_3_t2_v1_n2
987463053,f_ha_cc_f_hs_8_t0_v2
987575491,vem_smod_whlv169_t66_v0
987696966,vem_colour_2_mct_metallic_rolled_steel_t25_v3
987752212,vem_smod4_whlv55_t66_v3
987790667,packed_mp_veh_mod_idx_s_12_v283
987912130,f_cl_clo_indf_d_21_t11_v1
987920322,m_ta_tat_fm_215_t0_v0
987962503,vem_colour_2_mct_metallic_saxon_blue_t25_v4
988144470,mp_stat_mpsv_model_295
988145795,m_cl_clo_fxm_l_3_18_t4_v1
988175112,packed_mp_veh_mod_idx_s_3_v55
988175218,vem_supermod_10_10_t51_v27
988213846,m_ta_tat_h4_032_t0_v0
988214441,tun_mission_passed
988218927,f_cl_clo_ief_b_10_14_t1_v1
988219513,vem_colour_2_mct_classic_pink_t25_v0
988223207,packed_mp_veh_mod_idx_10_v357
988244054,m_cl_clo_smm_b_0_6_t1_v1
988304785,vem_colour_extra_1_mct_classic_anthr_black_t24_v0
988328015,vem_supermod_20_17_t61_v3
988441914,vem_colour_extra_1_mct_classic_umber_brown_t24_v1
988513977,vem_smod_whlv143_t66_v0
988534258,m_cl_clo_s2m_o_2_t3_v12
988544689,packed_mp_veh_mod_idx_7_v89
988578961,f_cl_clo_h3f_u_11_14_t11_v1
988590853,vem_exhaust_9_t6_v3
988683386,packed_mp_veh_mod_idx_s_19_v355
988693651,vem_grill_6_t8_v29
988703944,packed_mp_veh_mod_idx_s_10_v277
988798296,packed_mp_veh_mod_idx_s_13_v365
988951390,m_cl_clo_sum_u_14_7_t11_v1
988967489,vem_colour_1_mct_matte_white_t24_v1
988975912,vem_cmod_tyr_7_t18_v37
988981429,packed_mp_veh_colour2_0_v76
988991144,m_cl_clo_s1m_u_0_2_t100_v0
988996794,f_cl_clo_l2f_o_2_t3_v12
989003485,vem_colour_extra_1_mct_pearlescent_cast_iron_sil_t24_v4
989047656,f_cl_clo_sbf_u_18_19_t11_v1
989070418,f_cl_clo_x6f_u_26_11_t11_v1
989152089,packed_mp_veh_colour_extra1_0_v275
989247435,vem_brake_0_t2_v4
989290445,packed_ng_vehicle_neon_v345
989328487,f_cl_clo_exf_eu_5_6_t11_v1
989379007,m_cl_clo_iem_u_5_24_t11_v1
989399724,f_cl_clo_bhf_u_9_12_t11_v1
989402450,m_cl_clo_scm_b_9_3_t1_v1
989407639,f_cl_clo_arf_o_8_t3_v12
989443853,packed_mp_veh_colour_extra2_0_v162
989533507,packed_mp_veh_mod_idx_s_5_v126
989832280,m_cl_clo_trm_ph_2_7_t14_v1
989877488,f_cl_clo_fxf_ph_2_13_t14_v1
989878342,vem_sub_heli_c_19
989937726,vem_insurance_brickade
990079892,m_cl_clo_fxm_u_6_21_t11_v1
990116646,f_cl_clo_val_decl_t_t11_v1
990144244,f_cl_clo_fxf_ph_0_16_t14_v1
990317122,m_cl_clo_ltsm_o_11_t8_v12
990369050,m_cl_clo_awm_o_b_9_t3_v12
990396791,f_cl_clo_x6f_f_3_25_t6_v1
990442859,vem_supermod_6_17_t47_v3
990642098,packed_mp_veh_mod_idx_s_13_v159
990788695,packed_mp_veh_mod_idx_15_v396
990832961,m_ta_tat_h4_029_t0_v0
990915894,m_cl_clo_h3m_ph_3_0_t14_v1
990995638,packed_mp_veh_mod_idx_5_v345
991007251,vem_smod4_whlv96_t66_v1
991007364,vem_hood_0_t9_v28
991184187,m_cl_outfit_clo_hstm_o_14_t12_v0
991224006,m_ta_tat_fm_009_t0_v0
991262978,packed_mp_veh_colour_extra1_0_v208
991275701,packed_mp_veh_livery2_0_v341
991321717,vem_colour_1_mct_classic_lava_red_t24_v33
991380589,vem_cmod_hrn_mus2_t10_v7
991440640,packed_mp_veh_mod_idx_s_10_v6
991471011,m_cl_clo_smm_b_3_2_t1_v1
991740789,m_cl_clo_h3m_ph_9_4_t14_v1
991907946,f_cl_clo_grf_b_0_23_t1_v1
991938370,packed_mp_veh_mod_idx_s_20_v191
991976109,packed_mp_veh_secondary_colour_group_v49
992032024,f_cl_clo_exf_au_4_2_t11_v1
992152545,f_cl_clo_vwf_b_11_1_t1_v1
992226433,packed_ng_vehicle_bpt_v208
992266573,m_ta_tat_bi_046_t0_v0_cesp
992268645,vem_colour_2_mct_classic_creek_brown_t25_v4
992314441,f_cl_clo_ief_u_5_6_t11_v1
992316102,vem_smod_whlv150_t66_v3
992335572,packed_mp_veh_mod_idx_s_14_v213
992466030,wp_wct_c_tint_25_t2_v21_n2
992476237,vem_colour_extra_1_mct_classic_shadow_silver_t24_v4
992541589,packed_mp_veh_mod_idx_0_v383
992635326,vem_supermod_6_11_t47_v3
992800535,packed_mp_veh_mod_idx_s_1_v145
992821511,vem_horn_cnote_f0_t10_v10
992917269,f_cl_clo_h2f_o_g_4_t8_v12
993033253,packed_mp_veh_colour_extra2_0_v85
993045177,f_cl_clo_grf_u_7_4_t11_v1
993076900,m_cl_clo_x6m_l_7_13_t4_v1
993086902,packed_mp_veh_plate_id_v329
993157387,packed_mp_veh_mod_idx_s_20_v285
993205227,vem_colour_extra_1_mct_metallic_lime_green_t24_v0
993295720,packed_mp_veh_mod_idx_s_7_v185
993309392,packed_ng_vehicle_neon_kit_v158
993326575,packed_mp_veh_mod_idx_s_21_v22
993336552,f_cl_clo_vwf_ph_0_0_t14_v1
993360522,f_cl_clo_h4f_b_4_3_t1_v1
993697514,vem_cmod_neoncol_6_t21_v0
993713545,packed_mp_veh_mod_idx_2_v281
993733946,m_cl_outfit_clo_awm_o_b_11_t12_v0
993766736,packed_mp_veh_mod_idx_6_v309
993768278,packed_mp_veh_mod_idx_s_5_v262
993804202,f_cl_clo_x6f_f_5_2_t6_v1
993810940,packed_mp_veh_mod_idx_s_12_v156
993844392,packed_mp_veh_mod_idx_s_13_v253
993933723,packed_ng_vehicle_neon_kit_v171
993941381,packed_mp_veh_secondary_colour_group_v19
993984993,vem_grill_1_t8_v3
994167655,f_cl_clo_h4f_decl_49_t100_v0
994201715,vem_spoiler_8_t14_v4
994249803,m_ta_tat_h3_037_t0_v0
994372428,packed_mp_veh_primary_colour_group_v116
994428993,m_cl_clo_awm_u_3_1_t11_v1
994549268,mp_stat_arcade_mac_3
994554337,f_cl_clo_scf_l_13_4_t4_v1
994652128,vem_supermod_0_3_t41_v3
994770613,m_cl_clo_x6m_ey_013_t14_v1
994800401,f_cl_l_fmf_9_3_t4_v0
994847688,vem_rwd_spt_02_t19_v1
994867262,f_cl_clo_grf_ph_5_6_t14_v1
994955983,f_cl_clo_s2f_f_1_7_t6_v1
994991740,m_cl_clo_x6m_ph_9_1_t14_v1
995009613,wp_wm_tint1_t2_v22
995087751,packed_mp_veh_mod_idx_8_v47
995092787,m_cl_clo_grm_u_6_11_t11_v1
995211518,f_cl_clo_grf_u_20_23_t11_v1
995248607,packed_mp_veh_mod_idx_s_8_v284
995337153,vem_colour_2_mct_metallic_bronze_t25_v2
995367987,m_cl_clo_scm_f_0_25_t6_v1
995374659,m_cl_clo_trm_b_0_3_t1_v1
995464460,vem_colour_2_mct_metallic_shadow_silver_t25_v3
995527449,packed_mp_veh_mod_idx_s_6_v397
995598134,packed_ng_vehicle_neon_v128
995746957,vem_colour_extra_1_mct_pearlescent_flur_yellow_t24_v3
995786277,m_ta_tat_sb_044_t0_v0
995826298,vem_fender_r_7_t37_v33
995832919,f_cl_clo_suf_u_0_20_t11_v1
995886239,m_cl_clo_awm_decl_103_t100_v0
995942300,m_cl_g_fmm_7_5_t14_v0
996089024,pr_pm_bemblem_14_t0_v0
996171448,packed_mp_veh_mod_idx_10_v278
996227827,m_cl_clo_grm_u_18_4_t11_v1
996292614,packed_mp_veh_mod_idx_s_17_v312
996328695,packed_mp_veh_mod_idx_10_v30
996342961,vem_chassis_6_t4_v0
996345351,packed_mp_veh_mod_idx_3_v407
996435782,vem_supermod_7_9_t48_v27
996519174,f_cl_clo_ltsfb_1_2_t1_v1
996635814,m_cl_clo_sum_l_1_3_t4_v1
996734067,packed_mp_veh_mod_idx_s_21_v45
996797168,f_cl_clo_grf_b_2_22_t1_v1
996852619,packed_mp_veh_mod_idx_7_v156
996888180,packed_mp_veh_mod_idx_s_23_v326
996936664,packed_mp_veh_mod_idx_s_9_v209
996948294,packed_ng_vehicle_neon_kit_v384
997005070,packed_mp_veh_mod_idx_s_19_v152
997029071,m_cl_clo_trm_ph_2_1_t14_v1
997053603,packed_mp_veh_mod_idx_8_v35
997063922,m_cl_clo_hp_f_1_4_t6_v1
997119832,vem_smod3_whlv101_t66_v3
997124763,m_cl_l_fmm_3_10_t4_v0
997190351,packed_mp_veh_mod_idx_24_v363
997219298,f_cl_clo_vwf_u_7_23_t11_v1
997302444,packed_mp_veh_mod_idx_s_1_v109
997318907,m_ha_cc_eyebrw_4_t2_v1
997362980,m_cl_clo_h4m_decl_35_t100_v0
997442715,packed_mp_veh_mod_idx_s_20_v404
997557282,packed_mp_veh_mod_idx_13_v211
997753333,vem_colour_extra_1_mct_matte_matte_foil_t24_v33
997772095,packed_mp_veh_mod_idx_s_0_v276
997817596,vem_supermod_53_18_t53_v7
997920631,packed_mp_veh_mod_var_1_v352
997922211,f_cl_clo_scf_rw_0_4_t14_v1
998097367,packed_mp_veh_mod_idx_8_v135
998198761,vem_horn_cnote_c1_t10_v6
998369203,vem_colour_extra_1_mct_matte_matte_od_t24_v33
998410705,packed_mp_veh_mod_idx_4_v253
998425549,packed_mp_veh_livery_0_v197
998454564,packed_mp_veh_mod_idx_10_v90
998455042,packed_mp_veh_mod_idx_6_v194
998493169,f_cl_clo_grf_b_0_22_t1_v1
998506909,wp_wct_supp_t1_v1
998562752,vem_spoiler_6_t14_v3
998581523,f_cl_clo_awf_b_12_14_t1_v1
998645460,vem_bumper_r_10_t35_v36
998670574,f_cl_clo_ief_u_1_1_t11_v1
998742637,packed_mp_veh_colour2_0_v174
998754320,packed_mp_veh_mod_idx_18_v261
998772034,vem_colour_2_mct_metallic_racing_blue_t25_v4
998792269,packed_mp_veh_mod_idx_11_v402
998821726,m_cl_clo_sum_u_14_9_t11_v1
998832193,m_cl_clo_lxm_dec_31_t11_v1
998849187,packed_mp_veh_mod_idx_18_v225
998917475,pm_weapon_discount_fixer_armory
999018866,f_cl_clo_val_decl_s_t8_v1
999039742,vem_supermod_12_7_t53_v28
999245587,f_cl_clo_scf_l_0_19_t4_v1
999295133,vem_supermod_3_34_t44_v11
999310839,wp_wct_c_tint_27_t2_v70_n2
999318954,m_cl_clo_vwm_pw_3_4_t14_v1
999358955,m_cl_clo_h3m_b_16_3_t1_v1
999487112,vem_colour_2_mct_classic_sienna_brown_t25_v33
999629730,vem_supermod_3_18_t44_v10
999647388,packed_mp_veh_mod_idx_s_14_v290
999864930,vem_rwd_hiend_08_t19_v1
999878723,vem_colour_extra_1_mct_pearlescent_saddle_brown_t24_v2
999905136,vem_supermod_52_10_t52_v7
999963011,vem_cmod_hrn_mus4_t10_v37
1000165831,vem_colour_extra_1_mct_classic_dark_green_t24_v33
1000171286,vem_smod4_whlv142_t66_v1
1000255605,packed_mp_veh_mod_idx_6_v135
1000280417,mp_stat_ie_wh_owned_vehicle_15_v0
1000358779,packed_mp_veh_mod_idx_s_11_v75
1000386577,packed_mp_veh_mod_idx_11_v330
1000477839,packed_mp_veh_colour2_0_v274
1000488593,vem_insurance_gt500
1000556180,m_cl_clo_x6m_f_5_23_t6_v1
1000760986,packed_mp_veh_mod_var_1_v233
1000813037,packed_lr_vehicle_colour_6_v236
1000890152,vem_colour_1_mct_metallic_umber_brown_t24_v2
1000898054,f_cl_clo_s1f_ph_1_0_t14_v1
1000899290,packed_ng_vehicle_bpt_v68
1000933258,vem_hiend_05_t19_v2
1000957393,f_cl_clo_sbf_u_0_7_t11_v1
1000997510,packed_mp_veh_mod_idx_s_3_v220
1001033312,packed_mp_veh_mod_idx_1_v341
1001074319,f_cl_clo_awf_b_3_2_t1_v1
1001084038,f_ha_clo_x6f_h_0_0_t0_v0
1001088661,packed_mp_veh_primary_colour_group_v154
1001194927,vem_smod5_whlv147_t66_v3
1001210454,packed_mp_veh_mod_idx_12_v368
1001223381,vem_colour_1_mct_matte_lime_green_t24_v33
1001248255,packed_mp_veh_mod_idx_1_v316
1001265748,packed_mp_veh_secondary_colour_group_v192
1001318255,packed_mp_veh_wheel_type_0_v95
1001322330,m_cl_clo_bim_pe_0_4_t14_v1
1001369890,f_cl_clo_busf_u_3_5_t8_v1
1001484249,packed_mp_veh_mod_idx_s_5_v329
1001504099,packed_mp_veh_mod_idx_3_v369
1001537149,vem_supermod_5_14_t46_v11
1001557835,m_cl_clo_smm_u_7_13_t11_v1
1001565556,packed_mp_int_hackertruck_interior_decal_v0
1001594095,f_cl_clo_grf_u_3_11_t11_v1
1001610825,packed_mp_veh_mod_idx_s_21_v174
1001718464,mp_stat_mpsv_model_234
1001722437,f_cl_clo_val_decl_f_t11_v1
1001724061,f_cl_u_fmf_14_8_t11_v0
1001817542,vem_hood_6_t9_v38
1001927033,f_cl_clo_x6f_l_0_14_t4_v1
1001993513,m_cl_clo_x6m_f_3_15_t6_v1
1002096197,m_cl_clo_bhm_decl_32_t100_v0
1002240739,f_cl_clo_x6f_f_13_1_t6_v1
1002263107,packed_mp_veh_mod_idx_22_v262
1002345873,packed_mp_veh_mod_idx_16_v283
1002350860,m_cl_clo_awm_l_0_9_t4_v1
1002360874,m_cl_clo_h4m_decl_25_t100_v0
1002404861,m_cl_ht_fmm_0_3_t14_v0
1002421577,vem_cmod_hrn_trk_t10_v30
1002486386,packed_ng_vehicle_smoke_v102
1002525624,wp_wct_scope_sml2_t1_v13_n2
1002554441,pr_pm_glight_4_t0_v0
1002735860,vem_horn_luxe3_t10_v1
1002736078,vem_cmod_neonlay_6_t21_v10
1002875069,f_cl_clo_h2f_b_9_8_t1_v1
1002912684,packed_mp_veh_mod_idx_s_0_v269
1003040986,packed_mp_veh_mod_idx_7_v371
1003086844,packed_mp_veh_mod_idx_s_0_v2
1003142507,f_ha_cc_blush_25_t5_v0
1003159032,packed_mp_veh_mod_idx_s_12_v279
1003179671,packed_mp_veh_mod_idx_s_21_v254
1003204565,vem_supermod_10_0_t51_v5
1003243195,m_cl_clo_vwm_u_15_3_t11_v1
1003257415,m_ha_cc_mkup_39_t7_v1
1003348225,vem_colour_2_mct_classic_moss_brown_t25_v0
1003517793,packed_mp_veh_mod_idx_s_23_v405
1003559306,f_cl_clo_half_3_1_t1_v1
1003829266,f_cl_outfit_clo_h4f_o_sm_f4_t12_v0
1003857202,packed_mp_veh_colour_extra1_0_v104
1003915712,f_cl_l_fmf_15_3_t4_v0
1003955514,m_ha_cc_m_hs_11_t0_v0
1004010842,f_ta_tat_x6_024_t0_v0
1004027754,packed_mp_veh_mod_idx_s_16_v124
1004050743,packed_mp_veh_mod_idx_s_0_v392
1004096851,packed_mp_veh_mod_idx_7_v216
1004172017,packed_mp_veh_colour1_0_v124
1004189957,m_cl_clo_vwm_u_9_14_t11_v1
1004234984,m_cl_clo_sum_u_7_17_t11_v1
1004263052,vem_mwt_supermod3_t9_v0
1004471459,ie_wh_index_1_t0_v0
1004480359,wp_wct_c_tint_31_t2_v5_n2
1004529287,f_cl_clo_trf_u_5_3_t11_v1
1004567987,f_cl_clo_suf_u_17_23_t11_v1
1004611352,packed_mp_veh_mod_idx_1_v209
1004616558,packed_mp_veh_mod_idx_3_v341
1004698854,service_spend_orbital_manual
1004740708,packed_mp_veh_mod_idx_s_3_v393
1004764057,packed_mp_veh_mod_idx_s_19_v302
1004769360,vem_colour_1_mct_metallic_black_t24_v33
1004831600,packed_ng_vehicle_smoke_v390
1004853446,m_cl_clo_h3m_u_3_4_t11_v1
1004882434,packed_mp_veh_window_tint_0_v258
1004909566,vem_supermod_10_6_t51_v10
1004963870,f_cl_clo_bus_p_1_10_t14_v1
1005003890,vem_supermod_15_0_t56_v10
1005054998,vem_chassis_3_t4_v38
1005110792,vem_supermod_9_9_t50_v28
1005267048,packed_mp_veh_mod_idx_s_19_v382
1005343081,packed_mp_veh_mod_idx_s_4_v374
1005376984,f_cl_clo_fxf_u_4_13_t11_v1
1005383549,f_cl_clo_fxf_u_0_0_t11_v1
1005389212,m_cl_clo_h2m_b_8_7_t1_v1
1005412942,packed_mp_veh_mod_idx_2_v275
1005413314,f_cl_clo_h3f_u_4_4_t11_v1
1005419271,packed_mp_veh_colour1_0_v112
1005462042,packed_mp_veh_mod_var_0_v257
1005662932,packed_mp_veh_mod_idx_1_v100
1005674637,packed_ng_vehicle_neon_v310
1005686105,packed_mp_veh_colour_extra1_0_v378
1005691972,f_cl_clo_exf_el_0_9_t4_v1
1005714019,packed_mp_veh_mod_idx_s_7_v142
1005770582,vem_supermod_3_5_t44_v7
1005796234,packed_mp_veh_mod_idx_3_v345
1005817163,packed_mp_veh_secondary_colour_group_v74
1005825193,vem_cmod_tyr_5_t18_v6
1006034787,vem_smod3_whlv23_t66_v3
1006048354,packed_mp_veh_colour1_0_v213
1006080917,f_cl_clo_ief_l_7_0_t4_v1
1006109155,m_cl_clo_x6m_ph_1_13_t14_v1
1006235642,m_cl_clo_scm_ey_0_13_t14_v1
1006299523,f_ta_tat_hp_034_t0_v0
1006361839,f_cl_clo_ief_u_4_4_t11_v1
1006365811,f_cl_clo_awf_u_4_0_t11_v1
1006431226,vem_bikew_02_t19_v3
1006509898,packed_mp_veh_mod_idx_s_7_v253
1006530442,vem_cmod_pla_3_t23_v5
1006616411,f_cl_clo_bif_u_14_5_t11_v1
1006676578,ve_coquette4_t0_v3
1006845561,packed_mp_veh_mod_idx_18_v333
1006878582,m_cl_clo_hst_a_2_t100_v0
1007066788,m_cl_clo_s1m_u_9_2_t100_v0
1007187050,vem_livery_0_t26_v0
1007324552,m_cl_clo_valm_l_0_0_t4_v1
1007369213,packed_mp_veh_mod_idx_18_v351
1007408695,f_cl_outfit_clo_x6f_o_o_1_t12_v0
1007462121,packed_mp_veh_mod_idx_s_19_v44
1007486668,packed_mp_veh_mod_idx_s_15_v174
1007511306,packed_mp_veh_livery_0_v310
1007546637,vem_supermod_10_0_t51_v28
1007615164,packed_mp_veh_mod_idx_9_v339
1007621735,m_cl_clo_bus_m_2_4_t1_v1
1007777812,vem_horn_hips4_t10_v5
1007779556,packed_mp_veh_mod_idx_s_10_v32
1007785828,vem_fender_l_20_t36_v3
1007833856,packed_mp_veh_mod_idx_16_v81
1007870224,vem_rwd_drft_24_t19_v3
1007874090,f_cl_clo_grf_b_3_8_t1_v1
1007908222,vem_hood_0_t9_v5
1007910845,m_cl_clo_fxm_b_0_2_t1_v1
1007920959,packed_ng_vehicle_neon_v17
1008075672,vem_supermod_47_20_t47_v7
1008100057,vem_supermod_6_1_t47_v27
1008262208,packed_mp_veh_mod_idx_24_v214
1008320569,vem_supermod_22_0_t63_v34
1008486505,f_cl_clo_busf_u_2_7_t8_v2
1008562355,f_cl_clo_stf_h_9_17_t14_v1
1008597005,packed_mp_veh_mod_idx_s_2_v275
1008707969,m_cl_f_fmm_2_6_t6_v0
1008721996,packed_mp_veh_mod_idx_s_11_v162
1008774808,vem_fender_r_6_t37_v34
1008859893,packed_mp_veh_mod_idx_24_v154
1009033347,packed_mp_veh_mod_idx_s_11_v375
1009069077,f_cl_clo_exf_decl_1_t11_v1
1009083807,wp_wct_tint_27_t2_v48_n2
1009093491,packed_mp_veh_mod_idx_s_15_v388
1009101920,f_cl_outfit_clo_h2f_o_g_21_t12_v0
1009123617,packed_mp_veh_mod_idx_7_v84
1009125532,f_cl_clo_s1f_dec_20_t100_v0
1009133772,packed_mp_veh_colour1_0_v272
1009197598,vem_smod4_whlv91_t66_v1
1009218907,vem_spoiler_16_t14_v27
1009315489,vem_smod_whlv87_t66_v3
1009381563,f_cl_clo_vwf_pw_0_1_t14_v1
1009441516,m_cl_clo_lxm_u_0_4_t11_v1
1009446883,packed_mp_veh_mod_idx_s_21_v94
1009560079,vem_turbo_1_t17_v31
1009576883,f_cl_clo_x6f_ph_1_5_t14_v1
1009601279,vem_truck_slot_4_mod_1_t0_v0
1009653645,packed_mp_veh_mod_idx_s_23_v134
1009716564,m_cl_clo_hp_d_11_t11_v1
1009737983,packed_mp_veh_window_tint_0_v188
1009739647,m_cl_clo_hp_d_20_t100_v0
1009882127,vem_colour_2_mct_metallic_red_t25_v33
1009941678,vem_supermod_5_9_t46_v11
1009950562,vem_engine_2_t5_v38
1010297939,wp_wct_camo_7_t1_v56_n2
1010387670,vem_colour_2_mct_metallic_grace_red_t25_v33
1010444581,f_cl_clo_x6f_f_4_24_t6_v1
1010456542,f_cl_clo_suf_u_2_10_t11_v1
1010475552,vem_musc_13_t19_v12
1010659148,m_cl_clo_stm_u_5_8_t11_v1
1010689930,packed_mp_veh_secondary_colour_group_v300
1010745518,f_cl_clo_ief_b_9_2_t1_v1
1010860251,packed_mp_veh_mod_idx_s_11_v5
1010866726,m_ta_tat_h27_019_t0_v0
1011017078,packed_mp_veh_mod_idx_3_v27
1011103091,packed_lr_vehicle_colour_6_v252
1011127677,packed_mp_veh_mod_idx_16_v274
1011150104,m_cl_clo_h3m_l_5_4_t4_v1
1011157063,packed_mp_veh_mod_idx_3_v224
1011160401,f_cl_clo_x6f_lw_1_1_t14_v1
1011298963,vem_supermod_7_11_t48_v11
1011383225,packed_mp_veh_colour1_0_v114
1011415483,ve_kamacho_t0_v3
1011471771,f_cl_clo_awf_decl_30_t100_v0
1011558507,m_cl_clo_bhm_u_4_14_t11_v1
1011566436,packed_mp_veh_mod_idx_12_v93
1011574376,vem_supermod_18_20_t59_v3
1011586579,packed_mp_veh_mod_idx_s_14_v385
1011673199,f_cl_clo_smf_b_9_23_t1_v1
1011697205,packed_mp_veh_mod_idx_13_v394
1011708382,m_cl_clo_awm_u_9_16_t11_v1
1011739097,packed_mp_veh_mod_idx_23_v52
1011793649,vem_cmod_neoncol_1_t21_v30
1011798846,vem_supermod_16_1_t57_v39
1011846400,m_ha_cc_mkup_49_t5_v0
1011870825,vem_engine_4_t5_v5
1011947199,m_ha_cc_eyebrw_10_t2_v0
1011995390,f_cl_clo_smf_ph_3_1_t14_v1
1012075346,packed_mp_veh_mod_idx_s_18_v142
1012102082,packed_mp_veh_colour_extra1_0_v215
1012108515,f_cl_clo_sbf_u_22_7_t11_v1
1012161260,packed_mp_veh_mod_idx_10_v401
1012199761,packed_ng_vehicle_bpt_v183
1012208592,vem_smod3_whlv53_t66_v3
1012214901,m_cl_clo_fxm_decl_0_t100_v0
1012237735,m_cl_clo_stm_ht8_8_t14_v1
1012339755,m_cl_outfit_clo_x5m_o_a_3_t12_v0
1012406190,vem_supermod_23_27_n1_t64_v33
1012413017,packed_mp_veh_colour1_0_v8
1012482685,vem_cmod_tyr_3_t18_v33
1012518385,m_cl_clo_bim_decl_11_t100_v0
1012532761,f_cl_clo_ief_u_14_11_t11_v1
1012539754,f_cl_clo_x6f_l_0_2_t4_v1
1012572498,vem_colour_extra_1_mct_metallic_racing_blue_t24_v1
1012582950,packed_mp_veh_mod_idx_22_v211
1012607557,f_cl_clo_suf_u_22_0_t11_v1
1012686759,vem_smod_whlv194_t66_v3
1012860576,f_cl_clo_bhf_u_17_8_t11_v1
1012893294,packed_mp_veh_primary_colour_group_v217
1012899736,packed_mp_veh_livery2_0_v414
1012928613,f_cl_clo_x6f_f_5_11_t6_v1
1012942441,vem_smod_whlv89_t66_v3
1012995341,packed_ng_vehicle_neon_v199
1012999774,m_cl_clo_stm_o_2_t3_v12_cesp
1013041620,f_cl_clo_fxf_l_0_9_t4_v1
1013041757,vem_supermod_19_0_t60_v3
1013076310,f_cl_clo_grf_ph_4_23_t14_v1
1013118042,packed_mp_veh_mod_idx_s_4_v65
1013158534,m_cl_clo_x6m_u_26_6_t11_v1
1013265144,packed_mp_veh_mod_idx_22_v316
1013387172,packed_lr_vehicle_colour_5_v271
1013454260,f_cl_outfit_clo_smf_o_8_t12_v0
1013508505,f_cl_clo_ief_ph_0_15_t14_v1
1013665074,packed_mp_veh_mod_idx_s_1_v205
1013734031,packed_mp_veh_mod_idx_s_20_v28
1013759855,packed_mp_veh_colour_extra2_0_v138
1013777968,packed_mp_veh_mod_idx_s_15_v160
1013785650,packed_mp_veh_mod_idx_s_9_v47
1013785973,m_cl_clo_l2m_u_6_14_t11_v1
1013842443,packed_mp_veh_primary_colour_group_v252
1013893061,packed_mp_veh_mod_idx_10_v163
1013897980,packed_mp_veh_mod_idx_s_21_v133
1013973747,pr_mp_prop_67_t0_v0
1014193951,m_cl_clo_bim_l_5_7_t4_v1
1014216930,packed_mp_veh_mod_idx_s_17_v7
1014342023,packed_mp_veh_mod_var_1_v186
1014349708,m_cl_clo_smm_b_6_7_t1_v1
1014412408,packed_lr_vehicle_colour_6_v263
1014555055,m_cl_clo_exm_al_5_0_t4_v1
1014603192,ve_pbus2_t1_v0
1014605282,packed_mp_veh_mod_idx_23_v110
1014628138,f_cl_outfit_clo_x3f_u_0_0_t12_v0
1014646418,vem_chassis_2_t4_v35
1014649474,vem_supermod_12_0_t53_v7
1014774662,casweb_dealer_1_t0_v0
1014785406,vem_trans_3_t16_v1
1014800381,packed_mp_veh_wheel_type_0_v410
1014833873,factory_index_1_t0_v0
1014954300,m_cl_clo_x6m_u_10_15_t11_v1
1014966285,m_cl_clo_bim_s_10_10_t8_v1
1014972738,packed_mp_veh_window_tint_0_v247
1015097524,m_cl_clo_h2m_o_s_4_t3_v12
1015286387,vem_musc_09_t19_v0
1015302217,vem_racecar_whl10_t19_v3
1015303140,m_cl_u_fmm_14_4_t8_v2
1015303914,vem_colour_5_racing_green_t38_v0
1015339753,vem_insurance_slamvan3
1015412226,m_ta_tat_bi_018_t0_v0
1015424903,vem_musc_12_t19_v1
1015500540,m_cl_outfit_clo_awm_o_f_1_t12_v0
1015515254,m_cl_clo_lxm_e_3_0_t14_v1
1015545675,ve_firetruk_t1_v0
1015554540,vem_insurance_technical2
1015570860,vem_cmod_hrn_sad_t10_v38
1015645552,vem_supermod_12_4_t53_v27
1015651329,f_cl_clo_hp_f_g_1_0_t14_v1
1015674475,packed_mp_veh_mod_idx_s_5_v214
1015718128,packed_mp_veh_mod_idx_23_v168
1015802644,m_cl_clo_bim_u_3_0_t11_v1
1015834052,f_cl_clo_h2f_f_3_12_t6_v1
1015843651,m_cl_clo_grm_u_13_6_t11_v1
1015900353,f_cl_clo_bhf_l_3_1_t4_v1
1016035204,f_cl_clo_x6f_ey_4_3_t14_v1
1016049241,vem_fender_l_1_t36_v2
1016077440,vem_suv_10_t19_v0
1016080232,packed_mp_veh_mod_idx_5_v311
1016145065,packed_mp_veh_mod_idx_23_v122
1016165914,m_cl_clo_smm_b_7_3_t1_v1
1016169691,vem_trans_0_t16_v10
1016344556,m_cl_clo_x5m_u_16_4_t11_v1
1016368389,packed_mp_veh_colour1_0_v105
1016369671,f_cl_clo_x6f_ph_2_16_t14_v1
1016388530,ve_esskey_t0_v3
1016439372,packed_mp_veh_mod_idx_12_v173
1016472163,m_cl_clo_smm_b_9_6_t1_v1
1016485866,packed_mp_veh_mod_var_0_v40
1016516544,packed_mp_veh_mod_idx_s_21_v195
1016563349,f_cl_clo_fxf_ph_7_7_t14_v1
1016570797,packed_ng_vehicle_smoke_v253
1016640936,m_cl_clo_sum_u_2_7_t11_v1
1016695916,vem_mwt_muscle_t1_v0
1016708859,packed_mp_veh_mod_idx_7_v325
1016824078,m_cl_clo_ltsmt_1_4_t3_v1
1016839158,hangar_mod_lighting_17_t0_v0
1016849635,f_cl_clo_bif_b_0_3_t1_v1
1016889977,m_cl_clo_h4m_u_0_6_t11_v1
1016895490,packed_mp_veh_mod_idx_10_v334
1016912414,ve_pbus2_n1_t1_v1
1016931801,packed_mp_veh_mod_idx_s_19_v211
1017025913,packed_mp_veh_primary_colour_group_v17
1017045376,m_cl_clo_v2m_l_1_10_t4_v1
1017164345,vem_colour_1_mct_matte_red_t24_v4
1017227045,vem_engine_0_t5_v6
1017299203,m_ta_tat_sb_030_t0_v0
1017390453,vem_supermod_22_12_t63_v27
1017600229,packed_mp_veh_mod_idx_s_20_v89
1017648912,f_cl_clo_trf_ph_2_11_t14_v1
1017677510,packed_mp_veh_mod_idx_s_10_v176
1017687052,m_cl_f_fmm_4_4_t6_v0
1017749907,m_cl_clo_lxm_u_7_3_t11_v1
1017863050,ve_marshall_n1_t1_v3
1017906848,packed_mp_veh_mod_idx_s_2_v369
1017919810,vem_colour_extra_1_mct_classic_frost_white_t24_v3
1017924294,vem_smod4_whl_14_t19_v3
1017968731,packed_mp_veh_wheel_type_0_v221
1017974074,vem_horn_luxe3_t10_v35
1017999225,m_cl_clo_valm_s_1_4_t8_v1
1018060392,pr_pm_modshop_3_t88_v0
1018097161,m_cl_clo_vwm_u_20_10_t11_v1
1018111400,packed_mp_veh_mod_idx_s_3_v366
1018142059,packed_mp_veh_mod_idx_s_19_v191
1018232332,m_cl_clo_awm_decl_67_t100_v0
1018441924,m_cl_clo_smm_b_6_13_t1_v1
1018574748,packed_ng_vehicle_insurance_v43
1018643211,pr_mp_prop_offg3_t0_v0
1018722242,f_cl_u_fmf_0_6_t11_v0
1018832075,packed_mp_veh_mod_idx_14_v317
1018846540,m_cl_outfit_clo_hilf_o_7_t12_v0
1018896503,packed_mp_veh_mod_idx_s_16_v3
1018983130,f_cl_clo_trf_decl_13_t11_v1
1019061551,f_cl_outfit_clo_hstf_o_17_t12_v0
1019179695,vem_roof_1_t12_v1
1019210121,packed_mp_veh_mod_idx_s_4_v400
1019222767,vem_rwd_bikew_22_t19_v3
1019440581,packed_mp_veh_mod_idx_s_2_v194
1019458531,f_cl_clo_suf_u_13_5_t11_v1
1019475057,f_cl_clo_indf_d_1_t8_v1
1019578605,packed_mp_veh_mod_idx_23_v318
1019581627,packed_mp_veh_mod_idx_14_v218
1019725578,packed_mp_veh_mod_idx_s_11_v88
1019736848,m_cl_clo_vwm_ph_1_6_t14_v1
1019793688,packed_mp_veh_colour_extra1_0_v244
1019848210,m_cl_clo_h3m_u_10_4_t11_v1
1019878769,m_cl_clo_busm_u_3_1_t11_v1
1019913707,packed_mp_veh_plate_id_v117
1019958207,vem_cmod_neonlay_7_t21_v29
1019967029,f_cl_clo_suf_u_5_2_t11_v1
1019972114,vem_cmod_neonlay_2_t21_v0
1020107834,vem_smod5_whlv93_t66_v3
1020343026,vem_supermod_2_22_t43_v3
1020354693,packed_mp_veh_mod_idx_s_21_v171
1020354972,m_cl_clo_bhm_u_6_5_t11_v1
1020592594,packed_mp_veh_mod_idx_23_v206
1020697510,vem_smod_whlv114_t66_v0
1020779653,packed_mp_veh_mod_idx_s_23_v307
1020856937,wp_wct_clip_ap_t0_v13_n2
1020926296,m_cl_clo_h2m_o_g_13_t3_v12
1020937764,vem_rwd_offr_05_t19_v0
1020939285,m_cl_clo_awm_u_10_6_t11_v1
1021107904,m_cl_clo_vwm_ph_1_1_t14_v1
1021173701,vem_insurance_autarch
1021227547,f_cl_clo_h3f_ph_9_8_t14_v1
1021290176,packed_mp_veh_mod_idx_s_21_v387
1021314077,packed_ng_vehicle_bpt_v386
1021372707,m_cl_clo_val_decl_q_t11_v1
1021481118,packed_mp_veh_mod_idx_0_v140
1021585572,packed_mp_veh_mod_idx_9_v157
1021594750,m_cl_outfit_clo_arm_o_14_t12_v0
1021611769,vem_rwd_drft_23_t19_v0
1021767899,packed_mp_veh_mod_idx_14_v45
1021829526,fcclub_garg_0_t0_v0
1021889579,vem_bumper_f_3_t34_v2
1021896330,packed_mp_veh_plate_id_v205
1021922855,packed_mp_veh_mod_idx_s_15_v403
1022038303,m_cl_clo_arm_o_20_t3_v12
1022069523,packed_mp_veh_mod_idx_23_v298
1022155644,packed_mp_veh_mod_idx_s_22_v103
1022213189,m_cl_clo_bbm_w_1_3_t14_v1
1022352356,f_cl_clo_stf_u_5_3_t11_v1
1022355471,packed_mp_veh_mod_idx_s_11_v247
1022400740,service_spend_cash_drop_holdup
1022409064,f_cl_outfit_clo_bif_o_7_t12_v0
1022446851,packed_mp_veh_mod_idx_s_23_v178
1022483255,packed_mp_veh_mod_idx_s_12_v132
1022499398,packed_mp_veh_mod_idx_s_18_v268
1022537615,vem_insurance_miljet
1022548153,m_ha_cc_eyebrw_22_t2_v1
1022578010,m_cl_clo_h4m_t_8_1_t7_v1
1022727755,vem_smod5_whlv11_t66_v0
1022822163,f_cl_clo_h2f_u_6_2_t11_v1
1022839449,m_cl_clo_hstm_o_d_0_t8_v12
1022988827,m_cl_clo_vwm_u_10_13_t11_v1
1023094123,packed_mp_veh_mod_idx_s_16_v14
1023147808,m_cl_clo_grm_u_10_1_t11_v1
1023159219,packed_mp_veh_mod_idx_s_1_v275
1023346033,vem_colour_2_mct_classic_wine_red_t25_v33
1023388618,packed_mp_veh_colour_extra2_0_v273
1023415469,f_cl_clo_grf_u_15_11_t11_v1
1023457475,m_cl_clo_iem_l_4_7_t4_v1
1023567807,m_cl_clo_hstmb_23_1_t1_v1
1023569793,m_cl_clo_iem_u_5_12_t11_v1
1023677109,packed_mp_veh_mod_idx_s_11_v413
1023687223,packed_mp_veh_mod_idx_s_16_v396
1023703385,vem_colour_2_mct_metallic_lava_red_t25_v4
1023806779,vem_smod4_whlv58_t66_v0
1023989012,m_cl_clo_busm_g1_3_t14_v1
1024007894,m_cl_clo_exm_au_18_0_t11_v1
1024018735,f_cl_clo_h2f_s_9_3_t8_v1
1024051384,vem_truck_slot_5_mod_4_t0_v0
1024162661,m_cl_clo_s2m_d_16_t11_v1
1024205177,f_cl_f_fmf_7_11_t6_v0
1024366923,dec_vw_aw_ls_3b
1024378600,m_cl_clo_bhm_decl_28_t100_v0
1024431076,f_cl_clo_h4f_decl_5_t11_v1
1024442102,vem_supermod_42_9_t42_v7
1024531535,vem_rwd_hiend_04_t19_v2
1024591187,f_cl_clo_suf_u_0_10_t11_v1
1024672600,vem_smod2_whl19_t19_v12
1024774541,candc_hacker_tnt_4_t0_v0
1024840067,m_cl_clo_hp_d_10_t8_v1
1024958437,m_cl_clo_exm_au_16_3_t11_v1
1024982234,packed_mp_veh_mod_idx_3_v193
1025156258,packed_mp_veh_livery2_0_v166
1025167423,ve_issi5_t0_v38
1025313254,vem_engine_0_t5_v38
1025400780,packed_ng_vehicle_smoke_v75
1025418669,f_cl_clo_h3f_b_14_22_t1_v1
1025483603,packed_lr_vehicle_colour_6_v274
1025523805,packed_mp_veh_secondary_colour_group_v5
1025611963,packed_mp_veh_plate_id_v20
1025707565,mp_stat_mpsv_model_375
1025927065,f_cl_clo_val_decl_f_t8_v1
1025940552,packed_mp_veh_mod_idx_s_13_v283
1025944984,m_cl_clo_vwm_l_2_8_t4_v1
1025981147,m_cl_clo_fxm_l_4_8_t4_v1
1026130913,m_cl_clo_x4m_u_8_0_t11_v1
1026137249,dec_vw_aw_ls_21
1026148280,m_cl_outfit_clo_h2m_o_g_4_t12_v0
1026164448,packed_mp_veh_mod_idx_16_v214
1026243199,vem_supermod_23_8_t64_v26
1026256731,vem_colour_extra_1_mct_metallic_sandy_brown_t24_v3
1026269368,packed_mp_veh_mod_idx_s_1_v117
1026311764,packed_mp_veh_livery2_0_v20
1026331253,ve_coquette3_t0_v0
1026450866,packed_ng_vehicle_neon_kit_v295
1026565645,packed_lr_vehicle_colour_5_v104
1026620243,vem_insurance_minitank
1026916468,vem_smod4_whlv150_t66_v1
1026949023,packed_mp_veh_mod_idx_13_v299
1026965813,wp_wct_c_tint_27_t2_v13_n2
1027051908,packed_mp_veh_mod_idx_s_22_v89
1027224824,f_cl_clo_awf_o_b_8_t8_v12
1027274596,f_ha_cc_blush_29_t5_v0
1027319718,f_cl_clo_sbf_u_0_0_t11_v1
1027418063,vem_supermod_3_21_t44_v27
1027520222,f_cl_clo_grf_u_19_8_t11_v1
1027617735,packed_lr_vehicle_colour_6_v248
1027632854,m_cl_l_fmm_7_10_t4_v0
1027664051,vem_supermod_15_18_t56_v3
1027761376,m_cl_clo_h3m_b_18_5_t1_v1
1027866987,vem_spt_12_t19_v2
1028208841,vem_drft_23_t19_v3
1028342258,packed_mp_veh_mod_var_1_v110
1028370101,wp_wct_flash_t1_v64
1028547276,packed_mp_veh_livery_0_v219
1028632802,packed_mp_veh_mod_idx_s_4_v180
1028655177,packed_ng_vehicle_bpt_v396
1028794815,wp_wct_holo_t1_v9_n2
1028880138,packed_mp_veh_colour_extra1_0_v137
1028880822,packed_mp_veh_mod_idx_s_13_v42
1028908526,fcarcade_c_up3_c_24
1029008774,vem_colour_1_mct_metallic_graphite_t24_v2
1029014023,m_cl_clo_vwm_u_6_17_t11_v1
1029017089,m_ta_tat_bb_020_t0_v0
1029116639,m_cl_f_fmm_3_11_t6_v0
1029205295,vem_hiend_04_t19_v12
1029354684,f_cl_clo_indf_d_4_t11_v1
1029431523,f_cl_clo_h3f_decl_11_t100_v0
1029435336,packed_mp_veh_mod_idx_s_12_v122
1029443515,packed_mp_veh_mod_idx_s_20_v330
1029479307,m_cl_clo_x6m_l_0_0_t4_v1
1029527231,packed_mp_veh_mod_idx_22_v238
1029557146,packed_mp_veh_mod_idx_s_4_v139
1029591945,f_cl_clo_fxf_ph_0_11_t14_v1
1029654180,packed_mp_veh_mod_idx_s_7_v367
1029679637,packed_mp_veh_mod_idx_1_v155
1029695948,m_cl_clo_scm_f_0_0_t6_v1
1029755732,vem_spoiler_22_t14_v3
1029910546,m_cl_clo_fxm_pe_2_1_t14_v1
1030099042,packed_mp_veh_window_tint_0_v16
1030100377,packed_mp_veh_mod_idx_s_5_v168
1030108586,packed_mp_veh_mod_idx_s_0_v384
1030182371,packed_mp_veh_mod_idx_s_17_v77
1030253671,vem_supermod_3_0_t44_v31
1030413015,f_cl_clo_fxf_ph_0_23_t14_v1
1030507655,packed_mp_veh_mod_idx_16_v384
1030531606,wp_wct_camo_1_t1_v46_n2
1030586559,packed_mp_veh_mod_idx_5_v286
1030708439,packed_mp_veh_mod_idx_s_23_v164
1030807678,hangar_mod_lighting_9_t0_v0
1030914132,f_ta_tat_h3_029_t0_v0
1030921480,packed_mp_veh_colour2_0_v237
1031065164,f_cl_clo_sbf_pe_1_19_t14_v1
1031090750,f_cl_clo_scf_f_0_1_t6_v1
1031107158,packed_mp_veh_mod_idx_13_v254
1031109248,f_cl_he_fmf_18_4_t14_v1
1031123810,m_cl_clo_busm_t_0_5_t7_v1
1031208676,m_cl_clo_indm_d_24_t100_v0
1031265438,packed_mp_veh_mod_idx_24_v249
1031297690,f_cl_clo_awf_decl_101_t100_v0
1031412777,packed_mp_veh_mod_idx_16_v161
1031502755,packed_mp_veh_mod_idx_s_12_v107
1031710507,m_cl_clo_grm_ph_5_11_t14_v1
1031778247,vem_cmod_hrn_cop_t10_v38
1031891478,f_cl_clo_vwf_u_8_25_t11_v1
1031900588,vem_supermod_17_0_t58_v11
1032092758,f_cl_clo_half_d_12_t11_v1
1032145830,packed_mp_veh_mod_idx_12_v335
1032170532,mp_stat_prop_office_modshop_v0
1032255455,vem_insurance_annihlator2
1032331212,m_cl_ht_fmm_13_2_t14_v0
1032378414,vem_colour_extra_1_mct_classic_woodbeech_brown_t24_v4
1032391436,vem_offr_08_t19_v1
1032426299,packed_mp_veh_colour1_0_v412
1032429586,m_cl_clo_fxm_l_1_24_t4_v1
1032457818,m_cl_u_fmm_14_13_t8_v2
1032463596,packed_mp_veh_mod_var_1_v172
1032518265,m_cl_sp_fmm_10_5_t8_v0
1032518353,packed_mp_veh_mod_idx_15_v379
1032553619,dec_vw_aw_wh_44
1032557313,vem_colour_extra_1_mct_classic_galaxy_blue_t24_v1
1032628457,f_cl_clo_smf_decl_15_t100_v0
1032689404,vem_smod5_whlv34_t66_v3
1032718954,m_cl_clo_h3m_l_4_14_t4_v1
1033158987,packed_mp_veh_colour_extra2_0_v413
1033179561,wp_wm_tint7_t2_v70
1033185219,m_cl_clo_exm_au_9_3_t11_v1
1033276589,vem_offr_20_t19_v1
1033344726,f_cl_clo_suf_u_18_3_t11_v1
1033365889,f_cl_clo_h2f_b_7_1_t1_v1
1033437837,vem_colour_6_rolled_steel_t65_v3
1033509489,pm_weapon_discount_gun_van_2_1
1033528715,f_cl_clo_grf_l_4_1_t4_v1
1033604075,packed_mp_veh_mod_idx_s_2_v355
1033731249,m_cl_clo_hstm_u_8_0_t11_v1
1033786268,f_cl_outfit_clo_h3f_o_fib_2_t12_v0
1033883248,m_cl_clo_ltsmu_0_2_t11_v1
1033893660,vem_cmod_neoncol_8_t21_v31
1033972662,vem_truck_type_3_t0_v0
1034140114,packed_mp_veh_mod_idx_s_13_v65
1034204810,vem_horn_clas1_t10_v38
1034205683,f_cl_clo_suf_u_7_9_t11_v1
1034346193,m_cl_clo_x3m_b_12_1_t1_v1
1034455615,vem_colour_1_mct_classic_gold_t24_v33
1034476188,m_cl_clo_busm_u_3_5_t8_v1
1034512566,packed_mp_veh_mod_idx_s_9_v351
1034542265,vem_cmod_neoncol_13_t21_v38
1034593687,packed_mp_veh_mod_idx_s_11_v310
1034594710,vem_smod_whlv151_t66_v0
1034740380,f_cl_clo_busf_u_0_6_t11_v1
1034744546,packed_mp_veh_mod_idx_s_4_v323
1034767459,packed_mp_veh_mod_idx_18_v266
1034800656,m_cl_clo_h4m_u_3_23_t11_v1
1034979038,vem_smod5_whl_16_t19_v3
1035069302,packed_lr_vehicle_colour_6_v206
1035100246,f_cl_clo_fxf_ph_7_8_t14_v1
1035135753,f_cl_clo_awf_o_h_4_t3_v12
1035188524,m_cl_clo_fxm_ph_4_21_t14_v1
1035199343,packed_mp_veh_livery_0_v116
1035234550,wp_wm_tint6_t2_v20
1035276689,vem_turbo_1_t17_v4
1035322964,service_spend_pa_service_heli
1035380640,f_cl_clo_exf_au_10_2_t11_v1
1035506687,wp_wct_c_tint_22_t2_v1_n2
1035551023,vem_supermod_23_3_n1_t64_v38
1035555176,vem_supermod_9_3_t50_v26
1035569884,vem_cmod_neoncol_0_t21_v3
1035606150,m_cl_clo_sum_u_17_19_t11_v2
1035722812,packed_mp_veh_mod_idx_s_4_v390
1035764460,packed_mp_veh_mod_idx_13_v274
1035805544,vem_smod4_whlv136_t66_v1
1035812604,arc_mac_n_drive_b_t0_v0
1035890096,f_cl_clo_exf_eu_6_2_t11_v1
1036072522,m_cl_clo_h2m_f_3_16_t6_v1
1036156456,f_cl_clo_ief_u_5_25_t11_v1
1036233249,dec_vw_aw_ls_6h
1036243604,packed_mp_veh_mod_idx_s_0_v53
1036311890,f_cl_clo_v2f_f_1_11_t6_v1
1036326950,vem_colour_2_mct_matte_light_grey_t25_v3
1036401344,m_cl_clo_x6m_u_22_6_t11_v1
1036455748,service_spend_other_player_healthcare
1036479694,m_cl_clo_vwm_u_2_21_t11_v1
1036486432,packed_mp_veh_mod_idx_22_v394
1036511790,packed_mp_veh_mod_idx_s_16_v200
1036539246,m_cl_ht_fmm_14_2_t14_v0
1036557173,vem_cmod_tyr_12_t18_v11
1036673101,f_cl_clo_exf_g_9_9_t14_v0
1036718362,vem_supermod_23_4_t64_v33
1036762110,packed_mp_veh_colour_extra2_0_v3
1036772696,service_earn_ambient_job_crime_scene
1036792829,f_cl_u_fmf_1_5_t11_v0
1036834150,packed_mp_veh_mod_idx_s_17_v88
1036949548,f_cl_clo_awf_l_3_3_t4_v1
1036953052,f_cl_clo_ief_b_10_4_t1_v1
1036997250,vem_smod4_whlv201_t66_v0
1037000394,m_cl_clo_arm_o_15_t7_v12
1037008323,vem_colour_1_mct_metallic_bronze_t24_v2
1037151278,m_cl_clo_hp_u_3_5_t11_v1
1037233218,packed_mp_veh_mod_idx_22_v257
1037356531,f_cl_clo_grf_b_0_10_t1_v1
1037449991,m_cl_clo_vwm_f_1_6_t6_v1
1037488817,vem_cmod_smoke_12_t18_v33
1037596669,packed_ng_vehicle_bpt_v0
1037612629,packed_mp_veh_mod_idx_s_9_v335
1037614843,vem_smod4_whlv114_t66_v1
1037709153,packed_lr_vehicle_colour_5_v116
1037738674,vem_engine_2_t5_v37
1037764833,vem_colour_extra_1_mct_metallic_sea_green_t24_v3
1037781201,f_cl_clo_h3f_u_10_20_t11_v1
1037819843,m_cl_clo_hstm_o_21_t4_v12
1037870452,f_cl_outfit_clo_stf_o_4_t12_v0
1037892675,packed_mp_veh_mod_idx_s_8_v320
1037954773,f_cl_clo_stf_o_3_t3_v12_cesp
1037962543,packed_mp_veh_colour_extra1_0_v185
1038090918,m_cl_clo_h3m_b_19_7_t1_v1
1038145781,m_cl_clo_fxm_ph_2_3_t14_v1
1038179632,m_cl_clo_fxm_pe_0_9_t14_v1
1038196057,packed_mp_veh_mod_idx_6_v216
1038239984,vem_horn_clas7_t10_v0
1038343129,f_cl_clo_grf_ph_5_8_t14_v1
1038369323,ve_winky_t1_v3
1038375932,packed_mp_veh_mod_idx_s_12_v142
1038390097,vem_trans_2_t16_v5
1038428854,vem_fender_l_7_t36_v3
1038477864,multistorey_garage_tint_4_v0
1038545338,m_cl_clo_grm_ph_0_6_t14_v1
1038580909,vem_cmod_tyr_4_t18_v3
1038685023,packed_mp_veh_mod_idx_s_11_v401
1038695063,m_ta_tat_s1_010_t0_v0
1038719913,packed_mp_veh_mod_idx_3_v137
1038914539,packed_mp_veh_mod_idx_15_v164
1038933621,f_cl_clo_suf_l_2_7_t4_v1
1039017345,m_cl_clo_grm_decl_17_t100_v0
1039042618,m_cl_clo_h2m_b_4_19_t1_v1
1039057869,f_cl_clo_sbf_u_17_2_t11_v1
1039214060,f_cl_clo_h3f_o_jan_2_t3_v12
1039243071,vem_brake_2_t2_v37
1039258475,packed_mp_veh_mod_idx_5_v34
1039363920,m_cl_clo_s1m_ph_1_5_t14_v1
1039383893,vem_smod5_whlv57_t66_v3
1039455949,m_cl_clo_s2m_d_6_t100_v0
1039477348,packed_mp_veh_mod_idx_1_v149
1039487089,f_cl_clo_ief_f_0_7_t6_v1
1039553797,f_cl_clo_h4f_t_13_1_t7_v1
1039558572,vem_horn_clas6_t10_v1
1039576629,vem_supermod_8_5_t49_v3
1039605706,f_cl_clo_bif_pe_1_0_t14_v1
1039615127,m_ta_tat_ar_004_t0_v0
1039650477,vem_hlight_0_t11_v37
1039669319,m_cl_clo_x17m_b_6_1_t1_v1
1039721904,packed_mp_veh_mod_idx_s_20_v166
1039828097,vem_colour_mct_none_77
1040064452,vem_fender_r_7_t37_v35
1040122994,packed_mp_veh_mod_idx_15_v213
1040139088,packed_mp_veh_mod_idx_s_8_v333
1040144108,m_cl_clo_h2m_f_3_11_t6_v1
1040285020,packed_mp_veh_mod_idx_0_v116
1040511789,vem_supermod_15_4_t56_v27
1040516920,packed_mp_veh_mod_idx_s_17_v191
1040545414,m_cl_clo_h4m_b_4_7_t1_v1
1040575194,vem_bumper_f_11_t34_v26
1040629637,packed_mp_veh_mod_idx_7_v301
1040667343,packed_mp_veh_mod_idx_7_v225
1040702274,packed_mp_veh_mod_idx_2_v147
1040712299,packed_mp_veh_mod_idx_s_5_v296
1040902629,f_cl_clo_smf_f_0_0_t6_v1
1040979797,packed_mp_veh_mod_idx_0_v187
1041059241,f_cl_clo_sbf_decl_1_t100_v0
1041070984,vem_grill_17_t8_v38
1041085377,f_ha_cc_eyebrw_22_t2_v1
1041220715,packed_mp_veh_colour1_0_v363
1041310324,packed_mp_veh_mod_idx_1_v289
1041319453,vem_supermod_2_12_t43_v28
1041437018,f_cl_clo_awf_o_b_1_t3_v12
1041605233,vem_supermod_12_0_t53_v33
1041647860,packed_mp_veh_window_tint_0_v288
1041653443,f_cl_o_fmf_b5_t8_v12
1041731639,packed_mp_veh_mod_idx_s_2_v384
1041759401,m_cl_clo_l2m_e_18_3_t14_v1
1042174067,f_cl_clo_grf_u_0_14_t11_v1
1042249419,f_cl_clo_trf_u_8_11_t11_v1
1042342742,m_cl_clo_bbm_w_1_4_t14_v1
1042355711,packed_mp_veh_mod_var_1_v342
1042454367,m_cl_clo_stm_u_6_0_t11_v1
1042538640,f_cl_clo_stf_o_17_t11_v12
1042613563,mba_colour_8_t0_v0
1042696358,packed_mp_veh_mod_idx_s_7_v29
1042736436,vem_smod_whlv132_t66_v3
1042780697,m_cl_clo_smm_ph_0_14_t14_v1
1042840715,f_cl_clo_h3f_o_sl_24_t3_v12
1042841033,vem_supermod_9_4_t50_v28
1042939656,vem_cmod_hrn_mus5_t10_v30
1043000524,packed_mp_veh_mod_idx_s_17_v407
1043030298,vem_supermod_10_16_t51_v27
1043221850,vem_bumper_f_1_t34_v1
1043229674,m_cl_clo_vwm_pw_2_6_t14_v1
1043300189,f_cl_clo_grf_l_2_2_t4_v1
1043444951,packed_mp_veh_plate_id_v300
1043445620,packed_mp_veh_mod_idx_s_22_v284
1043560847,f_cl_clo_bhf_decl_23_t100_v0
1043742580,packed_mp_veh_plate_id_v397
1043828915,packed_mp_veh_secondary_colour_group_v61
1043830498,f_cl_clo_bbf_u_3_11_t11_v1
1043833365,vem_colour_1_mct_classic_bronze_t24_v33
1043986607,packed_mp_veh_colour_extra1_0_v223
1044001812,packed_mp_veh_mod_idx_0_v61
1044036929,packed_mp_veh_mod_idx_s_18_v299
1044138587,m_cl_clo_grm_b_4_0_t1_v1
1044139968,vem_insurance_frogger
1044141493,vem_smod_whlv173_t66_v3
1044166855,vem_colour_extra_1_mct_classic_purple_t24_v0
1044286638,f_cl_outfit_clo_h4f_o_sm_f1_t12_v0
1044429778,packed_mp_veh_mod_idx_22_v145
1044433964,m_cl_clo_grm_l_3_7_t4_v1
1044436757,packed_mp_veh_mod_idx_12_v147
1044458938,multistorey_garage_tint_3_v0
1044462758,packed_mp_veh_mod_idx_s_19_v71
1044663872,packed_mp_veh_livery2_0_v35
1044741274,packed_mp_veh_mod_idx_s_13_v71
1044799600,dec_vw_aw_wh_32a
1044834492,packed_ng_vehicle_neon_v320
1044843096,m_cl_clo_awm_l_3_2_t4_v1
1044866607,packed_mp_veh_mod_idx_s_5_v58
1044924588,packed_mp_veh_mod_idx_12_v379
1045016777,packed_mp_veh_mod_idx_1_v122
1045083567,packed_mp_veh_mod_idx_s_6_v102
1045130123,packed_mp_veh_wheel_type_0_v2
1045133847,f_cl_clo_indf_d_6_t11_v1
1045240318,packed_mp_veh_mod_idx_s_14_v389
1045304341,packed_mp_veh_colour_extra2_0_v359
1045362864,m_cl_clo_exm_au_10_1_t11_v1
1045403768,f_cl_clo_vwf_ph_1_15_t14_v1
1045586946,f_cl_clo_x6f_f_6_5_t6_v1
1045723041,packed_mp_veh_mod_idx_s_9_v286
1045756733,packed_mp_veh_colour_extra1_0_v190
1045760980,m_cl_clo_h4m_decl_13_t100_v0
1045799240,wp_wct_var_gold_t1_v5
1045809344,m_cl_clo_arm_o_1_t3_v12
1045833046,m_cl_clo_s1m_f_1_6_t6_v1
1045866115,packed_mp_veh_mod_idx_1_v255
1045907957,wp_wct_camo_5_t1_v9_n2
1046021950,wp_wct_c_tint_15_t2_v8_n2
1046061460,dec_cpm_3cardp_5
1046071930,f_cl_clo_suf_u_8_4_t11_v1
1046091674,packed_lr_vehicle_colour_5_v207
1046099175,m_cl_clo_vwm_ph_0_16_t14_v1
1046142760,m_cl_clo_s2m_u_1_2_t11_v1
1046263029,m_cl_u_fmm_14_2_t11_v0
1046294654,packed_mp_veh_mod_idx_11_v364
1046417633,packed_mp_veh_mod_idx_s_20_v321
1046456136,f_cl_clo_x6f_u_12_16_t11_v1
1046552667,vem_supermod_3_21_t44_v3
1046574440,packed_mp_veh_wheel_type_0_v280
1046593435,f_cl_clo_bif_decl_53_t100_v0
1046606609,m_cl_clo_grm_u_7_11_t11_v1
1046772557,packed_mp_veh_mod_idx_s_9_v247
1046786106,f_cl_clo_trf_u_16_2_t11_v1
1046862518,packed_mp_veh_secondary_colour_group_v287
1046888489,vem_colour_extra_1_mct_pearlescent_gold_t24_v2
1046966922,vem_grill_8_t8_v3
1047059691,f_cl_clo_busf_l_0_3_t4_v1
1047199128,f_cl_t_fmf_3_3_t7_v0
1047204862,vem_colour_1_mct_classic_grace_red_t24_v2
1047210447,f_cl_clo_vwf_decl_31_t100_v0
1047235642,f_cl_clo_stf_o_13_t8_v12_cesp
1047279678,vem_colour_2_mct_metallic_dark_green_t25_v0
1047333556,packed_mp_veh_colour2_0_v397
1047378015,packed_ng_vehicle_smoke_v5
1047395187,packed_mp_veh_colour_extra1_0_v192
1047494763,packed_mp_veh_window_tint_0_v165
1047562942,m_cl_clo_apm_u_23_6_t11_v1
1047616780,f_cl_clo_scf_d_25_9_t10_v1
1047801605,vem_supermod_5_14_t46_v3
1047844504,wp_wm_tint3_t2_v50
1047860632,packed_mp_veh_mod_idx_s_7_v267
1047931456,vem_rwd_spt_04_t19_v1
1048003527,f_cl_clo_vwf_u_7_21_t11_v1
1048198319,m_cl_clo_h4m_b_3_10_t1_v1
1048226110,service_earn_boss
1048250262,vem_colour_extra_1_mct_metallic_bright_orange_t24_v0
1048286654,f_cl_clo_x4f_u_10_9_t11_v1
1048355432,vem_smod4_whlv37_t66_v3
1048393455,packed_ng_vehicle_smoke_v182
1048467882,packed_mp_veh_mod_idx_8_v320
1048489195,packed_mp_veh_mod_idx_23_v385
1048497083,m_cl_clo_vwm_s_2_10_t8_v2
1048604540,f_cl_clo_sbf_pe_1_17_t14_v1
1048632674,f_cl_t_fmf_3_0_t7_v0
1048643741,packed_ng_vehicle_smoke_v395
1048661492,vem_bumper_f_1_t34_v7
1048747349,m_cl_clo_smm_u_0_9_t11_v1
1048748247,packed_mp_veh_mod_idx_s_7_v247
1048838192,packed_mp_veh_mod_idx_4_v169
1048867253,packed_lr_vehicle_colour_6_v317
1048946563,packed_mp_veh_secondary_colour_group_v108
1049117689,packed_mp_veh_mod_idx_13_v140
1049231957,m_cl_clo_sum_decl_26_t100_v0
1049281989,packed_mp_veh_colour_extra1_0_v64
1049301380,vem_colour_extra_1_mct_metallic_anthr_black_t24_v0
1049304222,f_cl_clo_awf_u_4_2_t11_v1
1049440929,vem_cmod_tyr_8_t18_v6
1049442825,vem_suv_05_t19_v1
1049458219,m_cl_u_fmm_9_4_t11_v0
1049550752,vem_cmod_tyr_0_t31_v2
1049774557,packed_mp_veh_mod_idx_7_v299
1049798257,dec_vw_aw_mt_18c
1049807443,packed_mp_veh_mod_idx_7_v150
1049826208,f_cl_clo_h3f_u_17_0_t11_v1
1049840603,f_cl_outfit_clo_indf_o_0_t12_v0
1049899198,f_cl_clo_s1f_u_2_2_t11_v1
1049916544,m_cl_clo_s1m_o_0_t3_v12
1049921675,packed_mp_veh_mod_idx_s_3_v224
1049927108,packed_mp_veh_mod_var_0_v320
1049976559,m_ta_tat_h27_029_t0_v0
1049999445,m_ta_tat_vw_001_t0_v0
1050068455,vem_colour_extra_1_mct_metallic_bright_green_t24_v1
1050208929,f_cl_clo_x6f_ph_1_1_t14_v1
1050232731,packed_mp_veh_mod_idx_7_v275
1050269926,vem_smod5_whlv37_t66_v3
1050398422,vem_supermod_23_1_t64_v3
1050413788,packed_mp_veh_mod_idx_5_v228
1050456918,packed_mp_veh_mod_idx_s_18_v354
1050463444,f_cl_clo_grf_ph_1_6_t14_v1
1050536808,packed_ng_vehicle_insurance_v107
1050537221,vem_colour_2_mct_classic_bright_green_t25_v0
1050560678,packed_ng_vehicle_neon_kit_v225
1050600398,packed_mp_veh_mod_idx_s_11_v175
1050610039,f_cl_clo_bhf_u_16_15_t11_v1
1050627907,m_cl_clo_indm_d_6_t100_v0
1050651377,packed_mp_veh_mod_idx_23_v368
1050752857,m_cl_clo_s2m_u_5_4_t11_v1
1050763491,packed_mp_veh_mod_idx_2_v16
1050953928,vem_colour_2_mct_metallic_galaxy_blue_t25_v4
1051096665,vem_roof_1_t12_v7
1051139168,packed_lr_vehicle_colour_5_v240
1051148186,packed_mp_veh_mod_idx_s_19_v53
1051167732,packed_mp_veh_mod_idx_s_22_v44
1051223878,packed_mp_veh_mod_idx_7_v183
1051417554,f_cl_f_fmf_9_3_t6_v0
1051419158,vem_bumper_f_0_t34_v7
1051485116,f_ha_cc_f_hs_7_t0_v0
1051545113,m_cl_clo_bim_decl_47_t11_v1
1051549502,f_cl_clo_hp_f_d_23_t11_v1
1051618405,vem_drft_01_t19_v2
1051619186,packed_mp_veh_mod_idx_s_10_v93
1051671711,m_cl_clo_exm_eu_11_4_t11_v1
1051807882,vem_insurance_gargoyle
1051836385,wp_wct_flash_t1_v8_n2
1051883823,service_spend_interaction_menu_ability
1051913063,wp_wct_tint_12_t2_v13_n2
1051977457,vem_smod_whlv40_t66_v3
1052008307,f_cl_clo_grf_b_1_17_t1_v1
1052018401,dec_vw_aw_wh_42
1052042156,packed_mp_veh_mod_idx_s_8_v217
1052079222,vem_colour_5_diamond_blue_t38_v0
1052090948,m_cl_clo_fxm_pe_5_10_t14_v1
1052125316,f_cl_clo_apf_l_10_2_t4_v1
1052164867,packed_ng_vehicle_neon_kit_v392
1052171598,packed_mp_veh_mod_idx_12_v264
1052232643,vem_cmod_pla_3_t23_v36
1052354999,f_cl_clo_bif_decl_57_t100_v0
1052361923,f_ta_tat_sb_032_t0_v0
1052428899,packed_mp_veh_mod_idx_10_v20
1052436187,packed_mp_veh_colour2_0_v316
1052472386,service_earn_job_bonus_criminal_mastermind
1052492501,packed_mp_veh_mod_idx_13_v302
1052558801,packed_mp_veh_colour1_0_v369
1052572722,f_cl_clo_vwf_u_7_18_t11_v1
1052689763,packed_mp_veh_mod_idx_12_v411
1052713982,packed_mp_veh_secondary_colour_group_v144
1052744587,ve_mixer_t1_v0
1052826672,vem_colour_extra_1_mct_matte_orange_t24_v0
1052924587,packed_ng_vehicle_neon_kit_v353
1052986763,packed_mp_veh_mod_idx_10_v390
1052987573,vem_horn_luxe1_t10_v3
1053023327,vem_loride_11_t19_v1
1053106049,packed_mp_veh_mod_var_0_v318
1053115404,packed_mp_veh_mod_idx_22_v73
1053220828,f_cl_clo_h4f_b_4_18_t1_v1
1053224078,iewh_interior_branded_t0_v0
1053246124,packed_mp_veh_mod_idx_s_0_v253
1053246943,ve_hauler2_t1_v32
1053320876,vem_colour_extra_1_mct_matte_matte_dirt_t24_v33
1053330606,vem_suv_12_t19_v0
1053351294,vem_supermod_18_13_t59_v3
1053365425,m_cl_clo_bhm_u_0_8_t11_v1
1053417308,packed_mp_veh_mod_idx_3_v81
1053429267,vem_colour_2_mct_classic_gold_t25_v4
1053533432,vem_horn_indi_3_t10_v4
1053707279,packed_mp_veh_mod_idx_s_18_v8
1053781613,m_cl_clo_arm_b_0_6_t1_v1
1053786734,f_cl_outfit_o_fmf_s5_t12_v0
1053919800,vem_horn_hips3_t10_v28
1054024082,wp_wct_camo_4_t1_v13_n2
1054094483,packed_mp_veh_mod_idx_s_16_v318
1054129461,wp_wct_clip_ap_t0_v9_n2
1054152549,f_cl_clo_bif_s_16_13_t8_v1
1054259503,m_cl_clo_grm_u_9_1_t11_v1
1054446732,f_cl_clo_smf_b_1_22_t1_v1
1054472448,vem_colour_mct_none_20
1054650445,packed_mp_veh_mod_idx_s_0_v122
1054689643,m_cl_clo_sbm_f_2_9_t6_v1
1054929496,packed_mp_veh_mod_idx_s_13_v404
1054976993,m_cl_clo_vwm_s_2_7_t8_v2
1055000540,vem_armour_5_t1_v10
1055060691,packed_mp_veh_mod_idx_11_v272
1055079876,vem_supermod_3_38_t44_v10
1055134248,packed_mp_veh_plate_id_v95
1055171941,vem_colour_2_mct_classic_orange_t25_v4
1055187245,m_cl_clo_sbm_f_5_7_t6_v1
1055252547,m_cl_clo_smm_b_0_18_t1_v1
1055308795,wp_wct_c_tint_3_t2_v22_n2
1055315997,hangar_mod_lighting_5_t0_v0
1055319972,packed_mp_veh_secondary_colour_group_v340
1055334758,m_cl_clo_grm_l_0_2_t4_v1
1055367357,f_cl_clo_hp_f_g_1_0_t14_v0
1055375283,dec_vw_aw_ls_14b
1055387489,m_cl_clo_trm_b_0_1_t1_v1
1055429530,f_ta_tat_st_037_t0_v0
1055478408,f_cl_ht_fmf_7_2_t14_v0
1055517847,f_cl_clo_awf_o_c_9_t8_v12
1055562443,vem_smod4_whlv135_t66_v0
1055615708,f_cl_clo_ief_l_0_0_t4_v1
1055621438,m_cl_clo_v2m_l_0_11_t4_v1
1055686817,vem_cmod_hrn_mus5_t10_v32
1055694994,pr_mp_prop_83_t0_v0
1055783795,f_cl_clo_grf_b_3_7_t1_v1
1055872202,vem_supermod_4_0_t45_v36
1055897388,vem_colour_2_mct_matte_grey_t25_v1
1056028567,packed_mp_veh_colour2_0_v19
1056043355,m_cl_clo_grm_ph_1_23_t14_v1
1056070777,packed_mp_veh_mod_idx_22_v181
1056096729,vem_drft_17_t19_v3
1056174481,f_ha_cc_blush_0_t6_v1
1056206750,packed_ng_vehicle_bpt_v326
1056241038,f_cl_clo_lxf_u_6_10_t11_v1
1056245530,packed_mp_veh_colour_extra2_0_v78
1056261185,packed_mp_veh_mod_idx_s_12_v19
1056336507,vem_colour_2_mct_metallic_cabernet_red_t25_v0
1056338314,packed_mp_veh_mod_idx_6_v14
1056343751,m_cl_clo_iem_u_7_16_t11_v1
1056354592,vem_insurance_vestra
1056384961,vem_horn_lowrder2_t10_v11
1056403455,m_cl_clo_s2m_d_13_t100_v0
1056444649,packed_mp_veh_colour_extra2_0_v311
1056445687,f_cl_clo_hstf_o_15_t8_v12
1056530063,packed_mp_veh_mod_idx_s_14_v219
1056556169,packed_mp_veh_colour_extra2_0_v139
1056600309,packed_mp_veh_mod_idx_s_9_v277
1056612894,vem_colour_extra_1_mct_pearlescent_midnight_silver_t24_v1
1056641206,packed_mp_veh_mod_idx_4_v203
1056644674,m_cl_clo_x5m_o_a_1_b_t3_v12
1056817223,packed_mp_veh_mod_idx_s_19_v55
1057042786,packed_mp_veh_plate_id_v243
1057054710,vem_smod4_whlv51_t66_v2
1057119951,f_cl_clo_s2f_f_0_0_t6_v1
1057144362,m_cl_clo_fxm_d_9_0_t10_v1
1057149051,m_cl_clo_halm_9_1_t1_v1
1057215180,m_cl_clo_s2m_o_5_t100_v0
1057227880,ve_ruiner4_t0_v3
1057391490,m_cl_clo_halm_5_1_t1_v1
1057466648,m_cl_clo_indm_d_15_t11_v1
1057618493,packed_mp_veh_wheel_type_0_v260
1057645580,packed_mp_veh_mod_idx_s_12_v174
1057653594,service_earn_casino_award_mission_one_first_time
1057679226,vem_colour_1_mct_metallic_black_steel_t24_v1
1057848237,packed_mp_veh_mod_idx_16_v313
1058000866,wp_wm_tint5_t2_v54
1058008545,vem_colour_2_mct_classic_bright_green_t25_v4
1058024754,vem_supermod_5_1_t46_v10
1058054906,vem_colour_extra_1_mct_metallic_gold_t24_v2
1058055395,service_earn_tuner_award_iaa_raid
1058090826,m_cl_clo_grm_decl_21_t10_v1
1058221704,packed_mp_veh_mod_idx_s_8_v124
1058435754,packed_mp_veh_mod_idx_4_v312
1058463595,m_cl_clo_bhm_u_16_15_t11_v1
1058496294,packed_mp_veh_mod_idx_1_v338
1058531185,packed_mp_veh_wheel_type_0_v35
1058533231,vem_smod_whlv53_t66_v3
1058569002,hangar_mod_lighting_13_t0_v0
1058585826,packed_mp_veh_mod_idx_18_v14
1058586383,wp_wct_clip_hp_t1_v1_n2
1058613253,vem_musc_08_t19_v0
1058665282,f_cl_clo_exf_al_8_3_t4_v1
1058829606,packed_ng_vehicle_neon_kit_v19
1059011135,packed_ng_vehicle_smoke_v162
1059097765,m_cl_clo_bbm_u_2_5_t8_v1
1059104086,packed_mp_veh_mod_idx_14_v128
1059587617,packed_mp_veh_mod_idx_24_v107
1059677226,f_cl_clo_s2f_u_2_0_t11_v1
1059678835,f_cl_clo_grf_f_0_6_t6_v1
1059723922,wp_wct_c_tint_15_t2_v48_n2
1059725665,pr_mp_prop_71_t0_v0
1059741212,vem_supermod_57_8_t57_v7
1059776223,f_cl_clo_bbf_p4_2_t14_v1
1059793827,vem_hood_3_t9_v7
1059817566,packed_lr_vehicle_colour_5_v355
1059870907,f_cl_clo_hstf_b_6_1_t1_v1
1059922296,fcclub_lght_5_t0_v0
1059931226,packed_mp_veh_mod_idx_3_v367
1059941837,m_cl_clo_fxm_pe_0_8_t14_v1
1059947791,vem_colour_2_mct_metallic_frost_white_t25_v1
1059971056,packed_mp_veh_mod_idx_s_4_v9
1060119235,packed_mp_veh_colour2_0_v219
1060164622,packed_mp_veh_mod_idx_7_v210
1060323998,packed_mp_veh_livery2_0_v211
1060402870,m_cl_clo_vwm_ph_0_3_t14_v1
1060565562,packed_mp_veh_mod_idx_s_12_v118
1060566936,packed_mp_veh_mod_var_0_v4
1060673562,vem_colour_1_mct_classic_salmon_pink_t24_v3
1060731649,m_cl_clo_scm_u_8_0_t11_v1
1060758040,f_cl_clo_grf_ph_3_3_t14_v1
1060848198,f_cl_clo_stf_h_9_20_t14_v1
1060880437,packed_mp_veh_colour_extra2_0_v194
1061017149,f_cl_clo_x6f_u_12_7_t11_v1
1061039724,f_cl_clo_h3f_o_grp_5_t3_v12
1061062350,packed_mp_veh_mod_idx_s_10_v59
1061065428,vem_smod_whlv101_t66_v3
1061078266,packed_lr_vehicle_colour_5_v185
1061180374,packed_mp_veh_wheel_type_0_v18
1061188694,m_cl_clo_indm_ht_1_0_t14_v1
1061320024,packed_mp_veh_mod_idx_2_v266
1061383658,m_cl_clo_arm_o_30_t11_v12
1061401982,f_cl_l_fmf_4_13_t4_v0
1061414112,wp_wct_camo_3_t1_v13_n2
1061586586,f_cl_clo_vwf_decl_6_t100_v0
1061626840,f_cl_clo_bhf_f_1_18_t6_v1
1061677606,packed_mp_veh_primary_colour_group_v162
1061733176,vem_rwd_hiend_06_t19_v2
1061734980,f_cl_clo_sbf_b_9_2_t1_v1
1061766220,packed_mp_veh_colour_extra2_0_v121
1061859889,vem_colour_1_mct_metallic_surf_blue_t24_v0
1061868588,vem_exhaust_5_t6_v28
1061911061,m_cl_clo_iem_l_2_1_t4_v1
1061914745,packed_mp_veh_mod_idx_s_7_v278
1061915381,vem_colour_6_light_blue_t65_v3
1061952664,packed_mp_veh_primary_colour_group_v318
1061983908,vem_smod4_whlv44_t66_v3
1062028047,dec_vw_aw_wh_17
1062037375,f_cl_clo_bhf_decl_10_t11_v1
1062043068,wp_wm_tint2_t2_v94
1062088617,f_cl_clo_h4f_b_0_25_t1_v1
1062133612,f_cl_clo_bif_f_5_1_t6_v1
1062209410,m_cl_l_fmm_1_11_t4_v0
1062257453,f_cl_t_fmf_1_3_t7_v0
1062266858,f_cl_clo_x6f_f_3_12_t6_v1
1062327686,wp_ps_bag_37_t1_v33
1062338219,f_cl_clo_ief_u_3_0_t11_v1
1062464118,vem_horn_hips4_t10_v34
1062510433,packed_mp_veh_plate_id_v42
1062519744,ve_issi2_t0_v0
1062742648,f_cl_outfit_clo_lxf_o_1_t12_v0
1062789260,m_cl_clo_iem_b_9_0_t1_v1
1062832876,packed_mp_veh_mod_idx_s_16_v219
1062860504,packed_mp_veh_mod_idx_s_4_v77
1062943725,packed_mp_veh_mod_idx_15_v318
1062953114,packed_mp_veh_mod_idx_10_v410
1062962453,packed_mp_veh_secondary_colour_group_v249
1062967332,m_cl_clo_smm_b_9_15_t1_v1
1063070765,packed_mp_veh_colour_extra2_0_v236
1063077386,vem_cmod_hrn_trk_t10_v6
1063152571,packed_mp_veh_primary_colour_group_v179
1063354387,m_cl_clo_awm_b_3_3_t1_v1
1063401360,vem_colour_extra_1_mct_classic_nautical_blue_t24_v3
1063479626,f_cl_clo_awf_ph_1_13_t14_v1
1063747918,packed_mp_veh_mod_idx_s_7_v140
1063984000,f_cl_clo_h4f_u_2_24_t11_v1
1064036892,m_cl_clo_bhm_u_0_19_t11_v1
1064087878,m_cl_l_fmm_1_0_t4_v0
1064155679,m_cl_clo_grm_ph_3_8_t14_v1
1064204821,packed_mp_veh_colour1_0_v122
1064219941,vem_smod_whlv22_t66_v3
1064221710,packed_mp_veh_mod_var_0_v103
1064238383,mp_stat_prop_office_gar1_v0
1064291290,m_cl_clo_bhm_u_3_2_t11_v1
1064414979,f_cl_clo_bhf_l_4_15_t4_v1
1064461055,f_cl_clo_ief_u_7_17_t11_v1
1064549935,f_cl_clo_grf_ph_1_5_t14_v1
1064656370,m_cl_clo_grm_u_11_0_t11_v1
1064736345,packed_mp_veh_mod_idx_s_2_v374
1064915197,f_cl_clo_hp_f_d_17_t8_v1
1064928451,packed_mp_veh_window_tint_0_v147
1064954035,service_spend_locate_vehicle
1064961100,vem_trans_0_t16_v35
1064961245,m_cl_clo_arm_o_28_t3_v12
1065066417,f_cl_clo_fxf_pe_1_3_t14_v1
1065093415,f_cl_clo_lxf_o_5_t3_v12
1065109213,vem_bumper_f_2_t34_v33
1065132276,wp_wct_c_tint_10_t2_v56_n2
1065227404,vem_supermod_23_4_t64_v39
1065333431,m_cl_clo_bim_o_16_t3_v12
1065404862,ve_nightblade_t0_v3
1065528979,f_cl_clo_h2f_o_g_25_t8_v12
1065606906,m_cl_clo_sum_u_16_15_t11_v1
1065677215,packed_ng_vehicle_bpt_v311
1065697939,vem_supermod_6_0_t47_v10
1065794780,m_ta_tat_sm_013_t0_v0
1065862948,f_cl_clo_suf_l_1_1_t4_v1
1065934550,vem_horn_cnote_d0_t10_v3
1066131287,m_cl_clo_h3m_o_grp_1_t3_v12
1066138311,vem_smod2_whlv140_t66_v3
1066228128,f_cl_clo_sbf_e_0_3_t14_v1
1066242827,packed_mp_veh_mod_idx_4_v267
1066289688,packed_mp_veh_mod_idx_4_v107
1066295970,m_cl_clo_x6m_ey_4_0_t14_v1
1066325085,m_cl_clo_bim_decl_68_t11_v1
1066359310,m_cl_clo_vwm_u_8_16_t11_v1
1066379749,packed_mp_veh_mod_idx_s_0_v319
1066399001,vem_colour_1_mct_classic_bison_brown_t24_v1
1066449447,vem_insurance_growler
1066485184,packed_mp_veh_window_tint_0_v400
1066530072,f_ta_tat_bi_000_t0_v0_cesp
1066603292,vem_exhaust_1_t6_v10
1066626649,m_cl_clo_l2m_w_10_2_t14_v1
1066725059,vem_cmod_neonlay_7_t21_v31
1066737853,packed_ng_vehicle_insurance_v319
1066767176,packed_mp_veh_mod_var_1_v390
1066857914,packed_mp_veh_colour1_0_v163
1066873176,packed_mp_veh_livery2_0_v376
1066889241,m_cl_clo_exm_eu_7_2_t11_v1
1066891986,vem_smod_whlv106_t66_v0
1066906356,packed_mp_veh_mod_idx_s_14_v175
1066948879,vem_armour_2_t1_v3
1067091089,vem_colour_1_mct_classic_formula_red_t24_v0
1067146893,packed_mp_veh_mod_idx_16_v342
1067182356,packed_mp_veh_mod_idx_s_22_v378
1067231019,m_cl_clo_x6m_u_4_0_t11_v1
1067233053,packed_mp_veh_mod_idx_s_0_v105
1067233093,packed_mp_veh_mod_idx_s_9_v84
1067298858,m_cl_clo_busm_t_2_1_t7_v1
1067350743,mp_stat_hub_prod_total_4_v0
1067432823,vem_rwd_loride_12_t19_v1
1067446712,packed_lr_vehicle_colour_6_v339
1067567101,packed_mp_veh_mod_idx_s_8_v340
1067664465,vem_supermod_14_4_t55_v7
1067858452,pr_pm_glight_7_t0_v0
1067902304,vem_supermod_10_12_t51_v3
1067942433,packed_mp_veh_mod_idx_s_13_v132
1068110434,m_cl_clo_x6m_u_1_1_t11_v1
1068113657,m_cl_clo_x6m_ey_3_3_t14_v1
1068203516,vem_horn_clas4_t10_v37
1068205302,m_cl_clo_x4m_ph_1_1_t14_v1
1068292033,vem_supermod_15_23_t56_v3
1068293043,vem_rwd_loride_08_t19_v3
1068298749,f_cl_clo_indf_d_15_t11_v1
1068311157,vem_colour_1_mct_metallic_midnight_blue_t24_v33
1068327074,f_cl_clo_grf_g_0_11_t3_v1
1068351937,m_cl_outfit_clo_stm_o_5_t12_v0
1068432010,vem_chassis_2_n0_t4_v38
1068432853,packed_mp_veh_mod_idx_s_5_v222
1068514709,packed_mp_veh_mod_idx_s_1_v351
1068593504,m_cl_clo_hstm_o_h_0_t8_v12
1068598740,m_cl_clo_x6m_l_7_0_t4_v1
1068819456,vem_smod_whlv83_t66_v3
1068863648,f_cl_clo_h3f_u_11_18_t11_v1
1068997757,vem_engine_1_t5_v30
1069122480,vem_yacht_flag_34_v0
1069126152,f_cl_clo_sbf_f_3_23_t6_v1
1069165145,vem_truck_tint_2_t0_v0
1069192773,vem_cmod_win_3_t33_v11
1069259128,vem_colour_1_mct_classic_silver_t24_v0
1069312701,packed_mp_veh_mod_idx_12_v285
1069342382,vem_skirt_5_t13_v27
1069343067,packed_mp_veh_mod_idx_s_8_v196
1069372332,f_cl_outfit_clo_v2f_o_1_t12_v0
1069407212,packed_mp_veh_mod_idx_s_11_v143
1069499520,m_ta_tat_lx_008_t0_v0
1069519839,f_cl_clo_sbf_f_6_7_t6_v1
1069609987,packed_mp_veh_mod_idx_8_v351
1069611014,f_cl_clo_suf_u_2_7_t11_v1
1069642658,packed_mp_veh_mod_idx_s_12_v5
1069664149,packed_mp_veh_mod_idx_s_16_v108
1069755694,vem_smod2_whl13_t19_v12
1069755766,m_cl_clo_indm_d_8_t8_v1
1069809653,packed_mp_veh_mod_var_0_v193
1069843664,packed_mp_veh_mod_idx_0_v389
1069865945,f_cl_clo_hp_f_b_1_0_t1_v1
1069949802,vem_supermod_2_13_t43_v27
1069972321,f_cl_clo_awf_o_e_8_t8_v12
1070142867,m_cl_clo_x6m_rw_213_t14_v1
1070198834,packed_lr_vehicle_colour_5_v17
1070227472,m_cl_clo_fxm_l_3_17_t4_v1
1070300321,f_cl_clo_bif_u_15_5_t11_v1
1070318916,m_cl_clo_indm_b_1_1_t1_v1
1070426599,packed_mp_veh_mod_idx_5_v54
1070427189,vem_insurance_omnisegt
1070440283,packed_mp_veh_colour1_0_v268
1070539246,f_cl_clo_sbf_b_10_5_t1_v1
1070551288,vem_insurance_broadway
1070659786,m_cl_outfit_clo_jam_o_1_t12_v0
1070705406,vem_smod5_whlv129_t66_v3
1070747707,packed_mp_veh_mod_idx_16_v398
1070919275,vem_smod5_whlv35_t66_v3
1070971086,vem_chassis_0_t4_v28
1070977233,vem_insurance_surfer
1071012332,packed_ng_vehicle_bpt_v119
1071090167,wp_wct_c_tint_24_t2_v48_n2
1071121926,packed_mp_veh_mod_idx_s_3_v267
1071210127,packed_mp_veh_mod_idx_s_1_v365
1071436035,vem_hlight_0_t11_v26
1071517102,ve_jubilee_t1_v38
1071532790,m_cl_clo_grm_f_0_7_t6_v1
1071655904,packed_mp_veh_colour2_0_v55
1071659800,vem_smod2_whlv216_t66_v3
1071662102,vem_cmod_neoncol_0_t21_v11
1071799277,f_cl_clo_grf_ph_3_13_t14_v1
1071799500,kosatk_fla_1_t0_v1
1071918482,m_cl_clo_grf_decl_32_t100_v0
1071976923,ve_sanchez02_t0_v4
1072076624,packed_mp_veh_mod_idx_s_3_v188
1072140437,m_cl_clo_bus_p_0_4_t14_v0
1072151835,m_cl_clo_bim_u_28_3_t11_v1
1072163954,vem_supermod_19_6_t60_v28
1072205433,m_cl_clo_h3m_b_16_2_t1_v1
1072220527,packed_ng_vehicle_neon_kit_v276
1072416366,packed_mp_veh_mod_idx_11_v188
1072461029,f_cl_u_fmf_5_9_t8_v0
1072467636,m_cl_clo_grm_u_7_19_t11_v1
1072470854,mp_stat_multi_property_2_v0
1072496950,f_cl_clo_suf_l_1_3_t4_v1
1072522794,m_cl_clo_x6m_ph_8_1_t14_v1
1072667936,m_cl_clo_arm_o_14_t3_v12
1072684519,packed_mp_veh_livery_0_v347
1072882447,f_cl_clo_jaf_o_2_t8_v12
1072886711,vem_chassis_2_t4_v1
1072943498,vem_chassis_5_t4_v39
1072955504,vem_drft_08_t19_v2
1073028955,m_cl_clo_arm_o_18_t3_v12
1073384254,vem_rwd_spt_09_t19_v0
1073423531,f_cl_clo_h3f_u_10_0_t11_v1
1073467234,f_cl_clo_smf_ph_4_14_t14_v1
1073528197,packed_mp_veh_mod_idx_s_4_v253
1073651442,m_cl_clo_trm_u_11_14_t11_v1
1073681285,f_cl_f_fmf_2_3_t6_v0
1073693702,m_cl_clo_trm_u_14_1_t11_v1
1073694150,packed_mp_veh_mod_idx_7_v327
1073740248,packed_mp_veh_colour1_0_v184
1073783839,vem_supermod_45_17_t45_v7
1073857868,vem_smod4_whlv164_t66_v1
1073927364,vem_colour_2_mct_matte_dark_red_t25_v2
1073976861,packed_mp_veh_mod_idx_s_7_v281
1074054205,f_cl_clo_bhf_l_4_12_t4_v1
1074077630,f_cl_clo_trf_f_1_1_t6_v1
1074334948,f_cl_clo_x6f_t_2_3_t7_v1
1074343677,f_cl_clo_busf_u_3_3_t11_v1
1074350372,vem_smod4_whlv71_t66_v0
1074353324,m_cl_outfit_o_fmm_b1_t12_v0
1074437301,packed_mp_veh_mod_idx_14_v227
1074438368,packed_mp_veh_mod_idx_s_11_v227
1074549388,packed_mp_veh_mod_idx_18_v186
1074566198,packed_mp_veh_colour_extra2_0_v321
1074733646,f_cl_clo_grf_u_0_1_t11_v1
1074895771,ve_pbus2_t0_v0
1074929812,packed_mp_veh_secondary_colour_group_v184
1075061507,vem_suspension_3_t15_v38
1075121392,vem_roof_0_t12_v37
1075126714,wp_wct_clip2_t1_v55
1075134261,m_cl_clo_sbm_u_9_3_t11_v1
1075151113,f_cl_u_fmf_0_10_t11_v0
1075224826,m_cl_clo_lxm_o_4_t3_v12
1075296212,m_ta_tat_s1_033_t0_v0
1075315562,packed_mp_veh_mod_idx_9_v232
1075327047,vem_insurance_stretch
1075342245,f_cl_clo_suf_l_2_10_t4_v1
1075367085,packed_mp_veh_colour1_0_v32
1075378089,f_cl_clo_awf_b_4_11_t1_v1
1075478404,f_cl_clo_fxf_b_1_2_t1_v1
1075484290,packed_mp_veh_mod_idx_3_v241
1075496524,packed_mp_veh_mod_idx_s_10_v358
1075515623,packed_mp_veh_mod_idx_7_v31
1075560053,packed_mp_veh_mod_idx_s_23_v226
1075564849,vem_horn_luxe2_t10_v31
1075586582,packed_mp_veh_plate_id_v135
1075622147,f_cl_clo_h2f_f_3_2_t6_v1
1075857583,f_ta_tat_sm_025_t0_v0
1075875691,m_cl_clo_l2m_dec_19_t100_v0
1075914615,mt_snk_item6_t0_v1
1076062411,packed_mp_veh_mod_idx_s_13_v350
1076114634,vem_supermod_23_6_t64_v7
1076136554,packed_ng_vehicle_bpt_v380
1076167448,packed_mp_veh_mod_idx_s_17_v142
1076256929,m_cl_clo_smm_ph_6_10_t14_v1
1076273586,packed_mp_veh_mod_idx_s_5_v181
1076408746,packed_mp_veh_mod_idx_s_14_v110
1076443022,m_cl_clo_smm_b_3_3_t1_v1
1076443555,wp_wm_tint5_t2_v8
1076527152,m_cl_clo_awm_decl_23_t100_v0
1076568657,m_ha_cc_eyebrw_32_t2_v1
1076635486,packed_mp_veh_mod_idx_s_18_v206
1076708808,packed_mp_veh_mod_idx_s_16_v146
1076788090,f_ha_cc_lipstick_0_t8_v1
1076796299,f_cl_clo_scf_ey_0_1_t14_v1
1076821119,f_cl_clo_suf_l_1_22_t4_v1
1076912974,f_cl_clo_awf_b_4_5_t1_v1
1076915157,packed_mp_veh_mod_idx_s_4_v40
1076972817,f_cl_clo_grf_g_1_8_t3_v1
1076981240,m_cl_clo_hstm_o_g_3_t8_v12
1077050377,f_cl_clo_grf_u_10_10_t11_v1
1077266173,pr_pm_font_7_t0_v0
1077317334,vem_horn_clas4_t10_v4
1077356862,packed_mp_veh_secondary_colour_group_v408
1077363568,packed_mp_veh_mod_idx_22_v28
1077414229,f_ta_tat_s1_017_t0_v0
1077448771,m_cl_clo_grm_u_4_13_t11_v1
1077587207,vem_colour_6_petrol_green_t65_v3
1077744384,vem_colour_2_mct_matte_might_purple_t25_v4
1077753241,packed_mp_veh_colour_extra2_0_v206
1077770797,packed_mp_veh_mod_idx_s_5_v317
1077806188,packed_mp_veh_mod_idx_0_v248
1077890061,vem_supermod_2_8_t43_v3
1077898282,f_cl_clo_h3f_b_17_0_t1_v1
1077970747,f_cl_clo_x4f_u_11_11_t11_v1
1077977156,packed_mp_veh_mod_idx_8_v208
1078025310,m_cl_clo_hilf_o_16_t3_v12
1078072130,packed_mp_veh_mod_idx_s_23_v276
1078150952,packed_mp_veh_mod_idx_s_16_v110
1078189658,packed_mp_veh_mod_idx_2_v134
1078236810,packed_mp_veh_mod_idx_5_v136
1078289332,f_cl_clo_vwf_l_1_3_t4_v1
1078382081,vem_smod_whlv11_t66_v3
1078394215,m_cl_clo_iem_l_4_1_t4_v1
1078407216,packed_mp_veh_mod_var_0_v220
1078474081,m_cl_clo_h4m_decl_4_t11_v1
1078639454,f_cl_clo_hstf_o_14_t3_v12
1078701803,f_ha_cc_f_hs_0_t0_v1
1078801752,vem_brake_3_t2_v30
1078823095,packed_mp_veh_mod_var_1_v48
1078878223,m_cl_clo_v2m_o_0_t3_v12
1079087071,vem_cmod_col5_26_t29_v1
1079170944,vem_cmod_tyr_4_t18_v30
1079173833,packed_mp_veh_mod_idx_10_v287
1079226636,m_cl_clo_smm_ph_1_14_t14_v1
1079273536,mp_stat_prop_office_gar2_numbering_v0
1079302058,packed_mp_veh_mod_idx_s_0_v55
1079320188,m_cl_outfit_clo_v2m_o_0_t12_v0
1079338283,vem_smod2_whlv145_t66_v3
1079402496,m_cl_clo_scm_u_1_2_t11_v1
1079478681,f_cl_clo_exf_ob_1_t3_v12
1079631017,vem_horn_hips1_t10_v32
1079673056,m_cl_clo_vwm_u_9_13_t11_v1
1079746877,vem_supermod_5_1_t46_v28
1079782491,m_cl_clo_x6m_ph_2_9_t14_v1
1079813477,packed_mp_veh_livery_0_v68
1079815560,f_cl_clo_h3f_ph_9_1_t14_v1
1079909967,f_cl_clo_bhf_u_5_8_t11_v1
1080021781,packed_mp_veh_mod_idx_12_v40
1080025895,wp_wct_camo_8_t1_v8_n2
1080126862,vem_rwd_suv_19_t19_v1
1080148232,f_cl_clo_h2f_b_3_23_t1_v1
1080162712,packed_mp_veh_mod_idx_23_v225
1080208339,ve_taxi_t0_v1
1080215036,packed_mp_veh_mod_idx_18_v343
1080225730,f_cl_clo_grf_ph_4_22_t14_v1
1080343724,m_cl_outfit_clo_x17m_o_m_5_t12_v0
1080354333,arc_mac_camhedz_t0_v0
1080395082,f_cl_outfit_clo_stf_o_16_t12_v0_cesp
1080424020,m_cl_clo_x6m_ph_1_11_t14_v1
1080477233,vem_insurance_impaler2
1080509474,m_cl_f_fmm_8_7_t6_v0
1080535739,packed_mp_veh_mod_var_1_v170
1080565874,vem_colour_2_mct_metallic_surf_blue_t25_v33
1080590364,vem_supermod_0_0_t41_v27
1080608606,vem_supermod_10_4_t51_v38
1080665890,f_cl_clo_hp_f_u_5_1_t8_v1
1080687414,vem_supermod_7_14_t48_v7
1080710779,vem_drft_15_t19_v0
1080756520,vem_colour_extra_1_mct_metallic_spin_purple_t24_v3
1080844684,vem_colour_extra_1_mct_matte_green_t24_v2
1080849731,f_cl_clo_h4f_b_0_7_t1_v1
1080909097,f_cl_clo_h3f_u_3_5_t11_v1
1080915213,f_cl_clo_ief_l_7_14_t4_v1
1080926818,packed_mp_veh_mod_idx_14_v9
1080968616,f_cl_clo_grf_u_11_4_t11_v1
1081057211,packed_mp_veh_mod_idx_7_v3
1081103748,f_cl_clo_awf_u_1_10_t11_v1
1081206786,m_cl_clo_iem_u_6_8_t11_v1
1081268685,packed_mp_veh_mod_idx_10_v215
1081338945,packed_mp_veh_mod_var_1_v264
1081352657,m_cl_clo_fxm_pe_4_4_t14_v1
1081374230,vem_colour_extra_1_mct_pearlescent_sunset_red_t24_v1
1081376597,kosatk_col_3_t0_v0
1081393345,vem_supermod_1_9_t42_v26
1081541677,m_cl_clo_x6m_f_1_2_t6_v1
1081542949,vem_smod5_whlv82_t66_v3
1081604830,packed_mp_veh_mod_idx_s_15_v245
1081630571,packed_mp_veh_mod_idx_16_v357
1081676549,m_cl_clo_fxm_l_1_20_t4_v1
1081719215,packed_mp_veh_mod_idx_18_v32
1081759469,packed_mp_veh_mod_idx_s_0_v45
1081824232,vem_roof_13_t12_v38
1081902292,vem_colour_2_mct_classic_candy_red_t25_v4
1081905768,packed_mp_veh_mod_idx_16_v184
1081995411,wp_ps_can_6_t3_v33
1082251218,f_cl_u_fmf_11_2_t11_v0
1082315374,vem_colour_2_mct_metallic_pink_t25_v0
1082329884,m_cl_clo_ltsmt_0_4_t3_v1
1082375148,vem_supermod_23_32_n1_t64_v34
1082401790,f_ta_tat_fm_219_t0_v0
1082451402,packed_mp_veh_mod_idx_3_v18
1082500064,vem_smod_whlv181_t66_v0
1082512146,vem_bikew_30_t19_v3
1082710996,vem_cmod_smoke_11_t18_v33
1082749520,packed_lr_vehicle_colour_6_v127
1082767032,m_cl_outfit_clo_hilf_o_23_t12_v0
1082846532,f_cl_clo_grf_ph_1_11_t14_v1
1082883710,packed_mp_veh_mod_idx_s_10_v215
1082908388,packed_mp_veh_mod_idx_s_0_v71
1082910893,m_cl_clo_iem_u_6_7_t11_v1
1083248843,packed_mp_veh_mod_idx_s_9_v189
1083254151,vem_cmod_neoncol_4_t21_v6
1083264190,packed_mp_veh_window_tint_0_v232
1083528220,vem_hood_17_t9_v38
1083546509,ve_carbon_t0_v3
1083604186,packed_mp_veh_mod_idx_14_v80
1083660094,packed_mp_veh_mod_idx_12_v108
1083737529,m_cl_clo_bim_ph_5_0_t14_v1
1083745239,wp_wct_clip_ap_t1_v46_n2
1083857924,f_cl_clo_ief_l_0_0_t4_v1_cesp
1083896501,packed_mp_veh_mod_idx_16_v44
1083903404,packed_mp_veh_mod_idx_s_15_v152
1083934345,packed_mp_veh_mod_idx_s_17_v167
1083940019,m_cl_clo_vwm_u_17_17_t11_v1
1084083314,m_cl_clo_h3m_b_9_17_t1_v1
1084093982,packed_mp_veh_mod_idx_s_20_v210
1084132018,m_cl_clo_sum_decl_3_t100_v0
1084244680,ve_volatol_t1_v33
1084260789,packed_mp_veh_plate_id_v71
1084261595,packed_mp_veh_mod_idx_s_5_v382
1084497528,vem_spoiler_8_t14_v26
1084499151,f_cl_clo_l2f_o_6_t8_v12
1084517818,packed_mp_veh_mod_idx_s_23_v283
1084660598,m_cl_o_fmm_s1_t3_v12
1084716898,f_cl_clo_x6f_ph_2_8_t14_v1
1084769631,m_cl_clo_hp_u_3_0_t11_v1
1084896488,wp_gsa_type_r_t0_v2
1084918616,vem_supermod_17_13_t58_v26
1085058608,vem_colour_1_mct_classic_cast_iron_sil_t24_v4
1085086821,ve_suntrap_t1_v0
1085223452,vem_chassis_1_t4_v6
1085298164,f_cl_clo_val_decl_e_t100_v0
1085307449,packed_mp_veh_mod_idx_s_9_v250
1085342433,vem_cmod_neoncol_12_t21_v10
1085393609,m_cl_clo_lxm_dec_29_t11_v1
1085420886,packed_mp_veh_mod_idx_1_v197
1085432905,packed_mp_veh_mod_idx_s_12_v310
1085483023,packed_mp_veh_livery2_0_v196
1085602270,dec_vw_aw_wv_19d
1085670332,vem_brake_1_t2_v2
1085723915,packed_mp_veh_mod_idx_s_7_v43
1085738042,vem_colour_mct_none_53
1085816928,packed_mp_veh_mod_idx_6_v189
1085925596,packed_mp_veh_mod_idx_s_12_v354
1085933764,wp_wct_c_tint_17_t2_v56_n2
1085946080,f_ha_cc_eyebrw_0_t2_v1
1085970192,f_cl_clo_grf_u_9_11_t11_v1
1086023642,packed_mp_veh_mod_idx_s_3_v61
1086111220,m_cl_clo_grm_u_2_16_t11_v1
1086256921,vem_smod5_whlv29_t66_v3
1086461660,pr_pm_gunlock_0_t0_v0
1086525219,m_cl_clo_l2m_w_15_2_t14_v1
1086544126,packed_mp_veh_mod_idx_12_v396
1086559906,vem_yacht_flag_23_v0
1086609649,f_cl_clo_suf_u_17_4_t11_v1
1086703303,f_cl_clo_lxf_o_9_t3_v12
1086730313,m_cl_clo_busm_s_1_0_t8_v1
1086951389,m_cl_clo_exm_af_4_2_t6_v1
1087169287,m_cl_clo_busm_u_1_1_t11_v1
1087265731,vem_cmod_tyr_13_t18_v0
1087460142,packed_mp_veh_mod_idx_s_14_v338
1087540552,m_cl_clo_grm_ph_5_0_t14_v1
1087543435,mp_stat_mpsv_model_258
1087613128,f_cl_clo_h4f_b_0_17_t1_v1
1087644153,packed_mp_veh_mod_idx_s_23_v147
1087694924,vem_colour_2_mct_metallic_chocolate_brown_t25_v0
1087788223,packed_mp_veh_mod_idx_s_4_v112
1087811950,packed_lr_vehicle_colour_5_v149
1087834257,f_cl_clo_bhf_u_9_8_t11_v1
1088105200,f_cl_clo_x3f_b_0_0_t1_v1
1088153108,f_cl_clo_smf_ph_3_3_t14_v1
1088184686,m_cl_clo_busm_s_0_12_t8_v1
1088193519,m_ta_tat_fm_201_t0_v0
1088201824,vem_supermod_46_7_t46_v7
1088208894,packed_mp_veh_mod_idx_s_22_v276
1088233017,vem_drft_03_t19_v2
1088239779,f_cl_clo_bif_prw_7_3_t14_v1
1088295883,packed_mp_veh_mod_idx_s_3_v194
1088393021,f_ta_tat_x2_009_t0_v0
1088404292,packed_mp_veh_mod_idx_8_v401
1088425424,vem_colour_mct_none_47
1088519783,f_cl_clo_grf_u_15_14_t11_v1
1088526528,mp_stat_mpsv_model_21
1088570612,m_ha_clo_s1m_h_0_0_t0_v2
1088574807,vem_smod4_whlv185_t66_v3
1088576578,packed_mp_veh_mod_idx_s_7_v337
1088609702,vem_supermod_15_13_t56_v28
1088615824,f_cl_clo_s1f_o_5_t8_v12
1088636940,packed_mp_veh_mod_idx_s_0_v245
1088854798,m_cl_clo_bim_decl_24_t11_v1
1088923891,packed_ng_vehicle_neon_v66
1089036059,vem_colour_2_mct_metallic_sunset_red_t25_v4
1089097978,packed_mp_veh_mod_idx_12_v98
1089208057,vem_insurance_gauntlet
1089437330,packed_mp_veh_primary_colour_group_v263
1089451113,vem_supermod_23_13_n1_t64_v33
1089485186,packed_mp_veh_mod_idx_6_v265
1089531978,packed_mp_veh_mod_idx_0_v200
1089562091,service_spend_jugallo_boss_vehicle_request
1089613905,f_cl_clo_valf_u_1_1_t8_v1
1089617053,packed_ng_vehicle_bpt_v244
1089635566,f_cl_clo_sbf_b_10_24_t1_v1
1089693601,packed_mp_veh_window_tint_0_v395
1089795914,m_cl_outfit_clo_exm_oa_3_t12_v0
1089805256,m_cl_l_fmm_15_6_t4_v0
1089812937,vem_rwd_musc_11_t19_v1
1089825859,vem_armour_3_t1_v31
1089865143,m_cl_clo_grm_b_0_3_t1_v1
1089869583,m_cl_clo_fxm_l_1_19_t4_v1
1089944979,vem_colour_5_bright_orange_t38_v0
1089994996,vem_cmod_whe_0_t19_v1
1090109953,packed_mp_veh_colour_extra2_0_v151
1090125832,dec_vw_aw_wv_10d
1090157848,packed_mp_veh_colour_extra1_0_v212
1090177575,dec_vw_aw_wv_5
1090307959,packed_mp_veh_mod_idx_s_0_v256
1090319358,packed_mp_veh_mod_idx_23_v245
1090471881,wp_wct_c_tint_30_t2_v22_n2
1090497729,f_cl_clo_scf_o_5_t3_v12
1090651727,packed_mp_veh_primary_colour_group_v293
1090682503,m_cl_clo_x6m_o_o_4_t3_v12
1090774242,vem_colour_extra_1_mct_pearlescent_diamond_blue_t24_v4
1090826587,packed_mp_veh_mod_idx_1_v158
1090841056,m_cl_clo_s2m_u_6_4_t11_v1
1090905786,ve_penumbra2_t0_v3
1090911253,fchub_mod5_1_t0_v0
1090977112,m_cl_clo_x2m_ht_1_0_t14_v1
1091142265,m_cl_clo_vwm_u_9_23_t11_v1
1091200100,vem_colour_extra_1_mct_classic_spin_purple_t24_v2
1091217082,vem_colour_extra_1_mct_classic_red_t24_v0
1091270961,packed_mp_veh_mod_idx_s_5_v334
1091277934,m_cl_outfit_clo_x17m_o_m_11_t12_v0
1091324267,packed_mp_veh_colour1_0_v52
1091342150,f_cl_clo_smf_ph_6_25_t14_v1
1091403284,packed_mp_veh_wheel_type_0_v239
1091470186,packed_mp_veh_mod_idx_0_v115
1091470830,packed_mp_veh_mod_idx_24_v163
1091495134,vem_supermod_3_32_t44_v7
1091517361,hangar_contraband_mission_2_t0_v0
1091521726,packed_mp_veh_mod_idx_s_4_v299
1091532322,f_cl_clo_val_decl_o_t100_v0
1091568433,vem_suv_14_t19_v0
1091603451,packed_mp_veh_mod_idx_s_12_v229
1091723341,f_cl_clo_bbf_u_3_10_t8_v1
1091764365,packed_mp_veh_colour1_0_v46
1091784570,m_cl_clo_trm_u_12_6_t11_v1
1091839830,f_cl_clo_bhf_b_0_0_t1_v1
1091891317,packed_mp_veh_mod_idx_18_v130
1091924186,m_cl_clo_vwm_decl_30_t100_v0
1091932344,packed_mp_veh_mod_idx_s_9_v151
1092036307,vem_colour_extra_1_mct_metallic_gold_t24_v3
1092065754,vem_colour_1_mct_metallic_dark_silver_t24_v3
1092141135,vem_supermod_48_15_t48_v7
1092156237,packed_mp_veh_mod_idx_s_10_v251
1092176237,packed_ng_vehicle_smoke_v200
1092178387,m_cl_clo_grm_b_3_5_t1_v1
1092217853,vem_colour_2_mct_metallic_blaze_red_t25_v4
1092259546,mp_stat_mpsv_model_78
1092272802,vem_supermod_7_4_t48_v6
1092332376,vem_horn_hips2_t10_v1
1092431233,packed_mp_veh_mod_idx_s_19_v222
1092512991,packed_mp_veh_mod_idx_s_20_v130
1092517045,vem_rwd_drft_09_t19_v0
1092649556,packed_mp_veh_mod_idx_s_13_v78
1092695226,f_cl_clo_scf_l_13_6_t4_v1
1092716037,f_cl_clo_x6f_u_30_0_t11_v1
1092738022,wp_wm_tint3_t2_v53
1092740850,packed_mp_veh_mod_idx_s_21_v3
1092795099,f_cl_g_fmf_1_6_t14_v0
1092819888,f_cl_outfit_clo_hstf_o_18_t12_v0
1092850076,ve_cavcade_t0_v2
1092851551,m_cl_u_fmm_7_2_t11_v0
1092864318,packed_mp_veh_plate_id_v186
1092865417,m_cl_clo_stm_h_9_12_t14_v1
1092871785,packed_mp_veh_mod_idx_s_8_v173
1092877948,vem_colour_extra_1_mct_metallic_sunset_red_t24_v2
1092983310,m_cl_clo_grm_b_1_3_t1_v1
1093006972,vem_cmod_neonlay_5_t21_v2
1093067348,vem_grill_0_t8_v7
1093129389,mp_stat_mpsv_model_100
1093135201,f_cl_clo_lxf_u_6_0_t8_v2
1093254727,dec_vw_aw_mf_1d
1093274758,packed_mp_veh_mod_idx_s_15_v131
1093291788,f_cl_clo_suf_u_7_12_t11_v1
1093333302,packed_mp_veh_plate_id_v225
1093335904,packed_mp_veh_mod_idx_s_20_v258
1093454983,m_cl_clo_x4m_u_10_13_t11_v1
1093469252,vem_supermod_23_23_n1_t64_v34
1093503419,m_cl_clo_vwm_u_17_16_t11_v1
1093545468,vem_colour_extra_1_mct_pearlescent_midnight_blue_t24_v3
1093563755,vem_colour_2_mct_metallic_sandy_brown_t25_v3
1093591897,vem_bumper_r_10_t35_v0
1093765925,packed_mp_veh_mod_idx_9_v264
1093911757,f_cl_clo_exf_oa_0_t8_v12
1093986060,packed_mp_veh_mod_idx_s_21_v159
1094134882,packed_mp_veh_mod_idx_s_7_v403
1094168785,vem_supermod_15_3_t56_v10
1094176770,packed_mp_veh_mod_idx_13_v399
1094221218,vem_supermod_23_7_t64_v34
1094459556,packed_mp_veh_mod_idx_16_v288
1094466863,vem_colour_2_mct_metallic_race_yellow_t25_v4
1094505811,f_cl_clo_grf_u_20_19_t11_v1
1094548129,packed_mp_veh_mod_idx_s_20_v240
1094555619,m_cl_clo_h2m_b_3_16_t1_v1
1094565799,wp_ps_can_9_t3_v33
1094608759,f_ta_tat_bi_028_t0_v0_cesp
1094665675,f_cl_clo_grf_u_4_6_t11_v1
1094725535,vem_rwd_bikew_13_t19_v4
1094743685,f_cl_clo_sbf_b_6_1_t1_v1
1094804004,vem_rwd_suv_15_t19_v12
1094854418,m_cl_clo_arm_ph_0_24_t14_v1
1094871827,m_cl_clo_exm_el_0_4_t4_v1
1094881158,multistorey_garage_tint_6_v0
1094953467,vem_bumper_r_12_t35_v35
1095010722,packed_mp_veh_wheel_type_0_v298
1095066874,vem_colour_2_mct_classic_lime_green_t25_v4
1095090984,wp_wt_hammer_t1_v0
1095207568,f_cl_clo_sbf_u_0_17_t11_v1
1095324469,vem_suv_15_t19_v2
1095386343,vem_smod4_whlv33_t66_v2
1095527058,m_cl_clo_bhm_u_10_15_t11_v1
1095550575,vem_offr_14_t19_v1
1095645719,m_cl_l_fmm_12_4_t4_v0
1095672390,f_cl_clo_h2f_o_g_23_t8_v12
1095684803,packed_mp_veh_mod_idx_23_v1
1095722638,packed_ng_vehicle_neon_v268
1095774251,m_cl_f_fmm_14_12_t6_v0
1095805241,f_cl_clo_h2f_f_5_10_t6_v1
1095831438,f_cl_clo_bbf_f_005_t6_v1
1095837327,packed_mp_veh_mod_idx_s_9_v121
1095862011,f_cl_clo_grf_u_15_0_t11_v1
1095900915,f_cl_clo_fxf_l_5_6_t4_v1
1095908451,packed_lr_vehicle_colour_6_v244
1096029226,m_cl_clo_x6m_f_0_7_t6_v1
1096072931,m_cl_clo_sum_u_16_0_t11_v1
1096131344,f_cl_clo_fxf_u_4_5_t11_v1
1096150943,packed_mp_veh_mod_idx_0_v2
1096230290,f_cl_clo_h4f_prw_0_3_t14_v1
1096240312,m_cl_clo_sbm_b_10_22_t1_v1
1096536165,packed_mp_veh_mod_idx_s_7_v34
1096565447,wp_wct_c_tint_9_t2_v56_n2
1096640123,vem_colour_extra_1_mct_pearlescent_graphite_t24_v2
1096699108,f_ha_cc_f_hs_9_t0_v2
1096764843,m_cl_clo_vwm_pw_5_3_t14_v1
1096765301,m_cl_clo_grm_u_2_7_t8_v1
1096862148,wp_wct_muzz3_t1_v8_n2
1096863009,ve_voodoo2_t0_v0
1096907021,vem_horn_clas5_t10_v3
1096908116,packed_mp_veh_mod_var_1_v290
1096917921,wp_ps_bag_26_t1_v33
1096949543,packed_mp_veh_mod_idx_s_3_v144
1097002858,m_cl_clo_exm_eu_1114_t11_v1
1097025941,m_cl_clo_smm_b_9_17_t1_v1
1097082014,packed_lr_vehicle_colour_5_v220
1097100740,m_cl_clo_s2m_l_0_0_t4_v1
1097155265,m_cl_clo_grm_f_0_21_t6_v1
1097158942,packed_mp_veh_mod_idx_s_9_v13
1097278534,packed_mp_veh_mod_idx_18_v80
1097306549,packed_mp_veh_mod_idx_s_6_v157
1097507971,packed_mp_veh_mod_idx_0_v400
1097548312,f_cl_clo_exf_g_6_9_t14_v0
1097565247,m_cl_clo_indm_ht_6_4_t14_v1
1097632795,vem_supermod_2_18_t43_v3
1097644438,vem_colour_2_mct_metallic_anthr_black_t25_v2
1097670109,m_cl_clo_busm_s_0_0_t8_v2
1097802255,vem_horn_cnote_e0_t10_v1
1097864007,wp_gsa_type_r_t0_v56
1097911617,packed_mp_veh_livery_0_v175
1097917808,packed_mp_veh_mod_idx_24_v239
1098073987,packed_mp_veh_mod_idx_18_v219
1098082271,f_cl_clo_h4f_ph_0_20_t14_v1
1098097979,wp_wm_tint2_t2_v6
1098101729,packed_mp_veh_mod_idx_1_v271
1098189908,wp_wct_c_tint_22_t2_v47_n2
1098298194,packed_mp_veh_mod_idx_s_14_v160
1098337033,m_cl_clo_halm_11_1_t1_v1
1098399748,f_cl_clo_awf_o_h_9_t8_v12
1098434826,packed_mp_veh_secondary_colour_group_v3
1098768851,vem_loride_11_t19_v0
1098833515,vem_horn_xm15_3_t10_v2
1098859389,f_cl_clo_h3f_b_6_0_t1_v1
1099023599,vem_supermod_55_15_t55_v7
1099070390,vem_supermod_18_0_t59_v37
1099116267,packed_mp_veh_mod_idx_s_21_v396
1099208194,vem_colour_2_mct_classic_cabernet_red_t25_v1
1099266599,f_cl_clo_trf_b_2_3_t1_v1
1099312458,vem_cmod_neonlay_7_t21_v3
1099326254,f_cl_clo_bhf_u_2_18_t11_v1
1099396174,m_cl_l_fmm_15_13_t4_v0
1099489773,packed_ng_vehicle_bpt_v151
1099611563,packed_mp_veh_mod_idx_s_23_v239
1099661663,packed_mp_veh_mod_idx_s_16_v46
1099825748,packed_mp_veh_mod_idx_23_v288
1100022166,vem_cmod_neoncol_8_t21_v10
1100052688,f_cl_clo_lxf_l_0_2_t4_v1
1100083584,vem_roof_20_n2_t12_v3
1100121282,wp_wct_tint_10_t2_v22_n2
1100128987,vem_rwd_spt_25_t19_v3
1100174081,packed_mp_veh_mod_idx_13_v374
1100189155,m_cl_clo_iem_u_3_3_t11_v1
1100466659,m_cl_clo_exm_eu_7_1_t11_v1
1100488019,packed_mp_veh_mod_idx_s_3_v121
1100608100,vem_supermod_61_12_t61_v7
1100658749,packed_mp_veh_mod_idx_s_9_v300
1100664952,packed_mp_veh_mod_idx_11_v167
1100890075,vem_smod5_whlv145_t66_v3
1100906394,m_cl_clo_h3m_s_13_0_t8_v1
1100943956,vem_cmod_tyr_11_t18_v30
1101006471,f_cl_clo_x6f_f_0_11_t6_v1
1101059753,packed_mp_veh_mod_idx_10_v129
1101183279,packed_ng_vehicle_smoke_v236
1101220530,packed_mp_veh_mod_var_1_v117
1101234958,f_cl_clo_hstf_o_k_3_t3_v12
1101270617,packed_mp_veh_mod_idx_s_16_v225
1101361193,f_cl_clo_s2f_u_7_0_t11_v1
1101379210,packed_mp_veh_mod_idx_s_19_v230
1101669323,f_cl_clo_ief_l_2_0_t4_v1
1101803266,packed_ng_vehicle_smoke_v244
1101830198,f_cl_f_fmf_7_12_t6_v0
1101920923,vem_colour_2_mct_classic_graphite_t25_v33
1101931771,f_cl_clo_hp_f_d_19_t8_v1
1101945919,pr_pm_modshop_1_t88_v0
1102006851,m_cl_clo_h4m_t_6_2_t7_v1
1102010022,vem_supermod_8_11_t49_v26
1102024264,packed_ng_vehicle_bpt_v378
1102044972,f_cl_clo_h3f_l_4_10_t4_v1
1102059461,vem_skirt_3_t13_v7
1102088062,vem_smod4_whlv38_t66_v2
1102134499,packed_mp_veh_mod_idx_8_v403
1102136961,packed_ng_vehicle_neon_kit_v174
1102175116,f_cl_clo_h4f_t_13_14_t7_v1
1102184577,ve_peyote_t0_v0
1102263514,packed_mp_veh_mod_idx_s_0_v114
1102278893,vem_colour_extra_1_mct_metallic_saddle_brown_t24_v2
1102375969,m_cl_clo_smm_ph_4_21_t14_v1
1102430482,vem_supermod_15_1_t56_v6
1102492014,packed_mp_veh_mod_var_1_v329
1102506154,packed_mp_veh_mod_idx_11_v409
1102506769,vem_colour_2_mct_metallic_sunrise_orange_t25_v33
1102588789,bhub_index_5_t0_v0
1102589386,packed_mp_veh_window_tint_0_v412
1102693981,vem_suv_04_t19_v0
1102708928,vem_drft_17_t19_v12
1103006039,m_cl_clo_busm_l_1_8_t4_v1
1103086046,ve_pbus_t1_v0
1103123813,m_cl_clo_exm_g_18_9_t14_v1
1103227055,vem_supermod_45_19_t45_v7
1103251250,vem_rwd_drft_16_t19_v2
1103297434,f_cl_clo_busf_g1_2_t14_v0
1103307817,packed_mp_veh_mod_idx_s_13_v278
1103309633,f_cl_clo_apf_u_1_5_t11_v1
1103382901,vem_colour_2_mct_classic_galaxy_blue_t25_v1
1103407567,wp_ps_bag_47_t1_v33
1103424071,m_cl_clo_sum_decl_11_t100_v0
1103444233,packed_mp_veh_mod_idx_14_v392
1103496494,vem_insurance_manchez2
1103501324,packed_mp_veh_primary_colour_group_v44
1103533548,m_cl_ht_fmm_2_1_t14_v0
1103552949,mp_stat_ie_wh_owned_vehicle_8_v0
1103654737,packed_mp_veh_mod_idx_s_22_v393
1103705065,m_cl_clo_h4m_u_7_0_t11_v1
1103790561,packed_mp_veh_mod_idx_s_16_v44
1103807703,packed_mp_veh_mod_idx_s_17_v319
1103809529,m_cl_clo_s2m_u_5_5_t11_v1
1104019076,vem_supermod_9_7_t50_v27
1104049147,m_cl_outfit_clo_awm_o_f_9_t12_v0
1104052782,f_cl_outfit_clo_h3f_o_sl_11_t12_v0
1104062758,packed_mp_veh_wheel_type_0_v407
1104077933,packed_mp_veh_mod_idx_s_3_v93
1104078184,packed_mp_veh_window_tint_0_v302
1104148910,f_cl_clo_awf_f_0_14_t6_v1
1104168236,ve_remus_t1_v3
1104201254,packed_mp_veh_mod_idx_s_18_v382
1104233902,f_cl_clo_grf_u_3_10_t11_v1
1104237627,wp_wct_c_tint_1_t2_v46_n2
1104240020,m_cl_clo_exm_eu_1513_t11_v1
1104287030,vem_engine_1_t5_v28
1104304950,vem_colour_1_mct_metallic_maple_brown_t24_v3
1104347980,m_cl_clo_awm_o_b_12_t3_v12
1104591422,f_ta_tat_x6_006_t0_v0
1104668581,f_ha_face_e_c_29_t4_v0
1104765799,packed_mp_veh_mod_idx_22_v174
1104841007,packed_mp_veh_wheel_type_0_v305
1104847875,f_cl_clo_sbf_b_10_17_t1_v1
1104884391,f_cl_clo_vwf_b_8_1_t1_v1
1104893358,vem_colour_extra_1_mct_pearlescent_bright_orange_t24_v0
1104977521,m_cl_clo_h2m_f_5_2_t6_v1
1105026771,vem_musc_01_t19_v12
1105253198,packed_mp_veh_mod_idx_18_v279
1105283689,vem_cmod_pla_0_t23_v37
1105308048,f_ta_tat_bi_038_t0_v0
1105366930,dec_vw_aw_wv_60c
1105528565,f_cl_clo_ief_l_7_12_t4_v1
1105542474,m_cl_clo_busm_s_0_5_t8_v2
1105570608,pr_pm_off_var_8_t0_v0
1105707654,f_cl_clo_suf_u_11_2_t11_v1
1105737270,packed_mp_veh_wheel_type_0_v158
1105770647,m_cl_clo_x6m_ey_0_7_t14_v1
1105812743,m_cl_clo_grm_b_3_2_t1_v1
1105830265,vem_bumper_f_15_t34_v27
1105870018,m_cl_clo_h4m_pey_3_9_t14_v1
1105974211,fa_upgrade_fakeid_sec_1_t0_v0
1106014077,vem_colour_2_mct_classic_might_purple_t25_v33
1106102306,packed_mp_veh_plate_id_v160
1106131313,m_cl_u_fmm_0_0_t11_v0
1106186422,packed_mp_veh_mod_idx_15_v251
1106404898,m_cl_clo_hstm_g_5_0_t3_v1
1106457240,packed_mp_veh_mod_idx_1_v211
1106496484,m_cl_clo_h2m_u_3_4_t11_v1
1106537129,packed_lr_vehicle_colour_6_v19
1106596734,vem_supermod_3_3_t44_v38
1106599856,packed_mp_veh_mod_idx_s_12_v309
1106748206,vem_supermod_17_9_t58_v28
1106774438,m_cl_clo_smm_ph_6_19_t14_v1
1107070767,packed_mp_veh_secondary_colour_group_v203
1107078186,packed_mp_veh_mod_idx_14_v131
1107105387,packed_mp_veh_mod_idx_15_v76
1107198062,packed_mp_veh_mod_idx_s_21_v56
1107306193,vem_roof_8_t12_v4
1107453644,vem_spoiler_20_t14_v1
1107462712,m_cl_clo_grm_u_0_3_t11_v1
1107483749,m_cl_clo_busm_l_0_6_t4_v1
1107518133,vem_colour_2_mct_metallic_might_purple_t25_v1
1107586245,f_cl_clo_hstf_o_a_1_t3_v12
1107674367,vem_supermod_6_4_t47_v26
1107678618,packed_mp_veh_mod_idx_2_v322
1107703708,vem_insurance_deluxo
1107708520,packed_mp_veh_mod_idx_s_14_v43
1107799160,f_cl_clo_x3f_u_1_9_t11_v1
1107883347,packed_mp_veh_mod_var_0_v61
1107935738,wp_wct_c_tint_30_t2_v56_n2
1107963721,fchub_sta_3_t0_v0
1107974486,vem_supermod_50_15_t50_v7
1108085762,vem_yacht_flag_21_v0
1108098084,f_cl_clo_vwf_u_15_12_t11_v1
1108488249,ve_toro_t0_v0
1108532430,f_cl_clo_hp_f_u_2_4_t8_v1
1108628223,service_spend_reveal_players
1108648895,m_cl_clo_hstmb_14_23_t1_v1
1108759061,f_cl_clo_v2f_l_1_1_t4_v1
1108787306,f_cl_clo_grf_g_0_10_t3_v1
1108814775,vem_supermod_7_10_t48_v7
1108848498,f_cl_outfit_clo_hstf_o_h_1_t12_v0
1108928431,wp_wct_camo_ind_t1_v70_n2
1108928997,m_cl_clo_sum_u_0_14_t11_v1
1109054185,f_cl_clo_h4f_b_2_22_t1_v1
1109104804,m_cl_clo_val_decl_f_t8_v1
1109147671,packed_mp_veh_mod_idx_s_8_v374
1109258812,m_cl_clo_vwm_ph_1_10_t14_v1
1109300394,packed_mp_veh_mod_idx_5_v147
1109364627,m_cl_l_fmm_4_2_t4_v0
1109566564,m_cl_clo_awm_decl_16_t100_v0
1109734622,vem_smod3_whlv140_t66_v3
1109774407,packed_mp_veh_colour1_0_v22
1109787368,wp_vu_trkarm_t0_v0
1109810333,vem_cmod_neoncol_4_t21_v26
1109812970,fa_upgrade_weapons_range_1_t0_v0
1109895707,packed_mp_veh_mod_idx_s_19_v143
1109916031,packed_mp_veh_mod_idx_4_v94
1109971773,vem_smod5_whlv123_t66_v3
1110056252,packed_mp_veh_mod_idx_0_v297
1110062813,m_cl_clo_busm_s_1_5_t8_v2
1110123489,packed_mp_veh_colour2_0_v253
1110130057,m_cl_outfit_clo_bim_o_8_t12_v0
1110183933,f_cl_clo_bhf_u_4_2_t11_v1
1110300688,ie_wh_index_9_t0_v0
1110311196,m_cl_outfit_clo_h2m_o_s_5_t12_v0
1110329642,packed_mp_veh_mod_idx_s_17_v342
1110359615,packed_mp_veh_mod_idx_6_v281
1110396313,m_cl_clo_grm_ph_2_15_t14_v1
1110407496,packed_mp_veh_mod_var_0_v58
1110475028,packed_mp_veh_primary_colour_group_v262
1110501621,m_cl_g_fmm_4_5_t14_v0
1110586368,packed_mp_veh_mod_idx_0_v32
1110655952,packed_mp_veh_mod_idx_s_17_v374
1110666021,packed_ng_vehicle_neon_v331
1110667787,packed_mp_veh_mod_idx_5_v68
1110690095,vem_supermod_51_16_t51_v7
1110798149,f_cl_clo_fxf_u_6_8_t11_v1
1110866240,packed_mp_veh_mod_idx_16_v16
1110925885,f_cl_clo_stf_ht1513_t14_v1
1111038745,f_cl_clo_h4f_pey_3_0_t14_v1
1111046688,packed_mp_veh_mod_idx_s_18_v214
1111134814,packed_mp_veh_colour_extra1_0_v327
1111149734,packed_mp_veh_mod_idx_13_v158
1111271688,f_cl_clo_vwf_u_4_19_t11_v1
1111285354,packed_lr_vehicle_colour_6_v55
1111359380,vem_supermod_23_31_n1_t64_v3
1111382402,vem_insurance_dloader
1111531506,f_cl_clo_s2f_d_1_t100_v0
1111554234,vem_cmod_neonlay_5_t21_v5
1111637328,m_cl_clo_bim_decl_33_t100_v0
1111662225,wp_wct_clip_ap_t1_v13_n2
1111758586,vem_colour_2_mct_classic_sunset_red_t25_v33
1111819357,packed_mp_veh_mod_idx_2_v119
1111897398,m_ha_cc_eyebrw_7_t2_v1
1111925716,packed_ng_vehicle_insurance_v336
1111951635,packed_mp_veh_mod_idx_s_18_v14
1111959540,packed_mp_veh_mod_idx_1_v232
1112115792,packed_mp_veh_mod_idx_s_10_v104
1112245299,vem_cmod_pla_1_t23_v10
1112280988,packed_mp_veh_mod_idx_s_2_v308
1112355618,f_cl_clo_vwf_d_1_14_t10_v1
1112400698,m_cl_clo_grm_ph_6_5_t14_v1
1112435804,f_cl_t_fmf_1_1_t7_v0
1112453871,vem_offr_07_t19_v2
1112545891,m_cl_clo_iem_u_4_17_t11_v1
1112651489,vem_smod_whlv95_t66_v0
1112652801,packed_mp_veh_mod_idx_s_2_v161
1112656443,packed_mp_veh_mod_idx_s_19_v88
1112664589,packed_mp_veh_mod_idx_6_v40
1112668234,packed_ng_vehicle_neon_v379
1112738165,vem_smod_whlv1_t66_v0
1112756887,fcclub_lght_1_t0_v0
1112802840,wp_wt_prxmine_t2_v2
1112803344,vem_supermod_50_7_t50_v7
1112862672,m_cl_clo_bim_u_17_1_t11_v1
1112901841,packed_mp_veh_mod_idx_s_8_v13
1113035093,vem_supermod_20_7_t61_v3
1113094854,m_cl_clo_bhm_decl_22_t11_v1
1113186180,packed_mp_veh_mod_idx_s_4_v303
1113194752,packed_ng_vehicle_bpt_v7
1113233551,m_cl_clo_bim_u_10_6_t11_v1
1113267710,packed_mp_veh_colour1_0_v404
1113295605,vem_bumper_f_4_t34_v0
1113350761,packed_mp_veh_mod_idx_13_v103
1113393999,f_cl_ht_fmf_8_4_t14_v0
1113412214,vem_supermod_14_0_t55_v36
1113542326,m_cl_clo_grm_decl_0_t11_v1
1113667192,vem_colour_extra_1_mct_metallic_chocolate_brown_t24_v1
1113780120,m_cl_clo_vwm_u_17_12_t11_v1
1113787126,packed_mp_veh_mod_idx_14_v260
1113832108,packed_mp_veh_mod_idx_s_18_v350
1113912708,m_cl_clo_hst_a_2_t11_v1
1113963253,packed_mp_veh_mod_idx_22_v5
1113970673,f_ta_tat_bi_030_t0_v0_cesp
1113986443,packed_mp_veh_mod_idx_8_v89
1114172222,f_cl_clo_smf_ph_0_6_t14_v1
1114182415,packed_mp_veh_mod_idx_3_v413
1114234841,f_cl_clo_indf_d_26_t100_v0
1114262346,m_cl_clo_x6m_u_0_18_t11_v1
1114288269,m_cl_clo_h3m_o_sl_25_t3_v12
1114565686,vem_supermod_14_12_t55_v26
1114608690,vem_colour_extra_1_mct_pearlescent_white_t24_v0
1114654193,packed_mp_veh_mod_idx_s_14_v137
1114675738,packed_mp_veh_mod_var_1_v388
1114711595,vem_supermod_7_4_t48_v11
1114739792,vem_supermod_15_7_t56_v28
1114766542,vem_colour_extra_1_mct_matte_matte_dirt_t24_v4
1114820433,f_cl_clo_x6f_ph_2_5_t14_v1
1114884413,vem_supermod_10_12_t51_v26
1114911926,dec_vw_aw_ls_7c
1114919212,packed_mp_veh_window_tint_0_v229
1114953752,packed_mp_veh_colour_extra1_0_v289
1114967188,f_cl_clo_h2f_o_c_5_t3_v12
1114970499,m_cl_outfit_clo_h2m_o_s_20_t12_v0
1114984620,vem_grill_2_t8_v11
1115080530,vem_chassis_4_t4_v35
1115099774,vem_loride_02_t19_v1
1115136907,packed_mp_veh_mod_idx_s_14_v399
1115200484,m_cl_clo_iem_u_7_23_t11_v1
1115207385,wp_wct_clip2_t1_v5
1115230352,packed_lr_vehicle_colour_5_v91
1115300054,wp_wct_c_tint_4_t2_v1_n2
1115338126,f_cl_clo_h4f_o_h1_f2_t3_v12
1115382327,m_cl_clo_h3m_b_14_23_t1_v1
1115384894,packed_mp_veh_livery_0_v284
1115404910,packed_mp_veh_mod_idx_14_v393
1115538125,f_cl_clo_h2f_b_11_2_t1_v1
1115554527,f_cl_clo_suf_u_18_21_t11_v1
1115564581,f_cl_clo_grf_u_8_18_t11_v1
1115640991,f_cl_clo_h3f_b_18_23_t1_v1
1115667326,vem_chassis_0_t4_v34
1115684290,f_cl_clo_bus_p_1_7_t14_v1
1115693008,packed_ng_vehicle_insurance_v243
1115706081,packed_mp_veh_mod_idx_s_18_v84
1115784081,f_cl_clo_hp_f_f_1_3_t6_v1
1115839324,packed_mp_veh_plate_id_v330
1115868006,f_cl_clo_h3f_u_11_15_t11_v1
1115868930,wp_wm_tint6_t2_v97
1115901256,vem_suspension_0_t15_v34
1116030018,packed_ng_vehicle_insurance_v52
1116048663,packed_mp_veh_mod_idx_s_4_v94
1116085152,packed_mp_veh_primary_colour_group_v21
1116102869,packed_mp_veh_mod_idx_s_4_v311
1116141165,vem_colour_2_mct_classic_moss_brown_t25_v33
1116148786,vem_colour_2_mct_metallic_bronze_t25_v33
1116278515,vem_smod4_whlv5_t66_v1
1116283450,wp_wt_minismg_t0_v0
1116386455,m_cl_clo_h2m_o_g_11_t3_v12
1116391667,vem_smod4_whlv191_t66_v0
1116408788,m_ta_tat_fx_006_t0_v0
1116576956,packed_mp_veh_mod_idx_s_1_v74
1116581636,f_cl_clo_l2f_dec_8_t11_v1
1116603367,f_cl_clo_stf_o_13_t11_v12_cesp
1116629278,packed_mp_veh_mod_idx_s_8_v77
1116651487,packed_mp_veh_mod_idx_6_v279
1116735306,packed_mp_veh_mod_idx_9_v301
1116757222,fcclub_ice_1_t0_v0
1116828553,vem_supermod_9_13_t50_v10
1116976215,packed_mp_veh_mod_idx_s_5_v200
1116976461,f_cl_clo_v2f_l_1_2_t4_v1
1117043966,packed_mp_veh_wheel_type_0_v203
1117058134,f_cl_clo_hstfb_19_4_t1_v1
1117131653,vem_chassis_1_t4_v35
1117148277,vem_supermod_3_14_t44_v6
1117156194,f_cl_u_fmf_0_8_t11_v0
1117163074,packed_mp_veh_mod_idx_5_v172
1117195822,packed_mp_veh_mod_idx_s_2_v324
1117274812,packed_mp_veh_mod_idx_s_4_v259
1117333238,f_cl_u_fmf_0_15_t11_v0
1117334902,packed_ng_vehicle_neon_v78
1117339771,f_cl_clo_trf_u_18_7_t11_v1
1117438230,f_cl_clo_suf_u_4_2_t11_v1
1117494233,vem_supermod_16_5_t57_v7
1117542840,vem_smod4_whlv32_t66_v3
1117568535,vem_colour_extra_1_mct_pearlescent_blue_t24_v2
1117836294,packed_mp_veh_mod_idx_7_v232
1117855388,f_cl_clo_smf_u_2_6_t11_v1
1117862311,ve_cargobob_t1_v0
1118027467,packed_mp_veh_mod_idx_s_9_v343
1118032878,wp_wm_tint5_t2_v23
1118056976,packed_mp_veh_secondary_colour_group_v122
1118081432,packed_mp_veh_primary_colour_group_v209
1118360962,m_ha_clo_grm_h_0_0_t0_v1
1118390638,packed_mp_veh_mod_idx_8_v115
1118433982,packed_lr_vehicle_colour_6_v224
1118475305,m_cl_clo_grm_u_17_10_t11_v1
1118491076,m_cl_outfit_clo_hstm_o_a_0_t12_v0
1118501541,m_cl_clo_awm_u_7_7_t11_v1
1118552088,vem_engine_1_t5_v4
1118554022,vem_cmod_hrn_mus4_t10_v31
1118643451,vem_supermod_23_13_t64_v34
1118697595,packed_mp_veh_mod_idx_s_11_v282
1118973328,dec_vw_aw_mt_19c
1118980886,packed_mp_veh_mod_idx_22_v89
1118994211,packed_mp_veh_mod_idx_11_v106
1119010716,f_cl_clo_x6f_f_1_9_t6_v1
1119017580,wp_wm_tint3_t2_v10
1119133444,pr_pm_bemblem_5_t0_v0
1119158598,vem_cmod_neoncol_8_t21_v35
1119256452,packed_mp_veh_colour_extra1_0_v155
1119262839,vem_cmod_tyr_lg_t30_v33
1119497443,f_cl_outfit_clo_h3f_o_sh_32_t12_v0
1119583343,fcncl_light_8_t0_v0
1119646915,f_cl_clo_bhf_decl_38_t100_v0
1119659055,mp_stat_mpsv_model_265
1119753634,vem_supermod_7_7_t48_v3
1119846460,m_cl_clo_grm_b_2_2_t1_v1
1119876031,packed_mp_veh_mod_idx_18_v136
1119897239,packed_mp_veh_mod_idx_13_v369
1119915858,vem_supermod_17_1_n1_t58_v38
1120010704,m_cl_clo_fxm_ph_4_6_t14_v1
1120011276,packed_mp_veh_mod_idx_s_9_v249
1120104035,packed_mp_veh_mod_idx_s_11_v197
1120124183,packed_mp_veh_mod_idx_24_v403
1120183436,f_cl_clo_grf_u_8_14_t11_v1
1120220242,vem_spoiler_12_t14_v1
1120265407,f_cl_clo_x6f_b_2_24_t1_v1
1120391830,mba_graphics_2_t0_v0
1120428058,vem_supermod_3_13_t44_v10
1120518875,vem_supermod_12_9_t53_v3
1120519996,f_cl_clo_ief_b_1_2_t1_v1
1120589676,vem_supermod_16_7_t57_v3
1120591391,m_cl_clo_smm_b_4_5_t1_v1
1120703790,packed_mp_veh_mod_idx_7_v29
1120755871,m_cl_clo_s1m_dec_17_t11_v1
1120757503,packed_mp_veh_mod_idx_s_22_v322
1120766216,m_cl_clo_smm_b_6_11_t1_v1
1120832394,packed_ng_vehicle_bpt_v31
1120997122,m_cl_clo_x6m_f_6_11_t6_v1
1121027315,mt_snk_item1_t0_v1
1121037925,vem_spoiler_18_t14_v38
1121055699,packed_mp_veh_mod_idx_s_20_v380
1121116991,f_cl_clo_stf_u_6_1_t11_v1
1121146377,vem_colour_extra_1_mct_classic_bleeched_brown_t24_v2
1121173463,m_cl_clo_scm_ph_5_0_t14_v1
1121204872,f_ha_face_e_c_7_t4_v0
1121252955,packed_mp_veh_mod_var_1_v203
1121270912,m_cl_clo_lxm_u_5_1_t8_v1
1121459593,vem_colour_extra_1_mct_metallic_midnight_blue_t24_v33
1121469669,vem_supermod_51_2_t51_v7
1121520599,vem_colour_extra_1_mct_metallic_creek_brown_t24_v2
1121532360,vem_colour_extra_1_mct_classic_graphite_t24_v0
1121570445,m_cl_clo_h2m_b_3_21_t1_v1
1121778147,m_cl_clo_scm_f_0_23_t6_v1
1121844710,packed_ng_vehicle_insurance_v369
1121845285,vem_insurance_minivan
1121870787,packed_ng_vehicle_neon_kit_v343
1121934995,packed_mp_veh_mod_idx_s_17_v93
1121992611,vem_smod4_whlv16_t66_v1
1122066011,packed_mp_veh_mod_idx_s_14_v222
1122121478,packed_mp_veh_mod_idx_s_8_v112
1122123332,vem_supermod_14_10_t55_v3
1122174126,m_cl_clo_x6m_ph_10_3_t14_v1
1122183761,vem_cmod_neoncol_5_t21_v10
1122245918,packed_mp_veh_mod_idx_11_v249
1122302813,packed_mp_veh_colour_extra1_0_v113
1122318280,packed_mp_veh_mod_idx_s_2_v111
1122403358,wp_wct_c_tint_14_t2_v13_n2
1122473528,packed_mp_veh_mod_idx_5_v145
1122482835,m_cl_clo_awm_ph_1_16_t14_v1
1122498783,packed_mp_veh_mod_idx_5_v387
1122621780,m_cl_t_fmm_10_2_t7_v1
1122784823,packed_ng_vehicle_neon_kit_v408
1122849513,m_cl_clo_bhm_u_0_5_t11_v1
1122885355,f_cl_clo_ief_f_0_9_t6_v1
1123011069,packed_mp_veh_mod_idx_s_0_v266
1123128204,dec_vw_aw_wv_30
1123221391,vem_insurance_buccanee2
1123348688,f_cl_clo_smf_b_3_8_t1_v1
1123413014,vem_supermod_18_7_t59_v28
1123427167,m_cl_clo_h2m_b_11_7_t1_v1
1123468699,vem_racecar_whl11_t19_v3
1123490443,packed_mp_veh_mod_idx_16_v137
1123539981,vem_colour_2_mct_metallic_midnight_blue_t25_v2
1123544950,m_cl_clo_stm_h_9_6_t14_v1
1123566069,packed_mp_veh_mod_idx_s_22_v258
1123640455,packed_mp_veh_mod_idx_22_v182
1123716767,f_cl_clo_h2f_o_c_9_t8_v12
1123717957,vem_colour_1_mct_matte_grey_t24_v3
1123885258,packed_ng_vehicle_insurance_v246
1124199428,vem_colour_extra_1_mct_classic_diamond_blue_t24_v33
1124243226,vem_supermod_4_5_t45_v6
1124253956,f_ta_tat_hp_047_t0_v0
1124366742,f_ta_tat_sb_059_t0_v0
1124375287,f_cl_clo_s2f_u_7_1_t11_v1
1124421503,m_cl_u_fmm_4_3_t11_v0
1124424588,vem_smod4_whlv49_t66_v1
1124425078,packed_ng_vehicle_neon_v219
1124509955,packed_mp_veh_colour2_0_v190
1124513644,vem_fender_l_3_t36_v4
1124568592,vem_armour_0_t1_v5
1124636604,packed_mp_veh_mod_idx_8_v59
1124654123,vem_roof_17_t12_v1
1124656206,vem_smod_whlv161_t66_v3
1124662376,f_cl_g_fmf_1_2_t14_v0
1124702024,packed_ng_vehicle_insurance_v4
1124736933,m_cl_clo_bim_u_5_0_t11_v1
1124782789,packed_mp_veh_mod_idx_10_v105
1124792463,m_cl_clo_bbm_f_0_6_t6_v1
1124933181,f_cl_clo_smf_b_9_6_t1_v1
1124974151,mp_stat_arcade_contraband_mission_v0
1125027595,packed_mp_veh_mod_idx_s_12_v294
1125043506,f_cl_clo_grf_u_20_5_t11_v1
1125075799,f_ha_cc_eyebrw_14_t2_v1
1125078985,m_cl_clo_h3m_b_14_1_t1_v1
1125116219,packed_ng_vehicle_smoke_v97
1125132374,packed_mp_veh_mod_idx_3_v153
1125196162,vem_cmod_airhorn_02_t10_v1
1125214862,f_cl_clo_sbf_l_3_12_t4_v1
1125219170,packed_ng_vehicle_bpt_v193
1125222923,packed_mp_veh_mod_idx_9_v73
1125262089,vem_bumper_f_10_t34_v28
1125283071,vem_bumper_f_16_t34_v3
1125372454,f_cl_clo_hstf_t_0_0_t7_v1
1125567922,packed_mp_veh_mod_var_0_v182
1125590560,m_cl_clo_exm_eu_16_9_t11_v1
1125648682,m_cl_clo_indm_d_16_t11_v1
1125722212,packed_mp_veh_mod_idx_3_v151
1125835856,packed_mp_veh_mod_idx_s_20_v96
1125850449,m_cl_clo_val_decl_g_t8_v1
1125885396,wp_pm_tint1_t3_v33
1125914675,vem_roof_1_t12_v34
1126004367,vem_smod5_whlv102_t66_v3
1126072226,f_cl_m_fmf_1_3_t1_v0
1126209269,packed_mp_veh_mod_idx_s_21_v323
1126231604,m_cl_clo_hp_g_0_2_t14_v0
1126234470,vem_spt_20_t19_v0
1126268074,f_ta_tat_bb_001_t0_v0
1126289168,packed_lr_vehicle_colour_6_v400
1126316649,f_cl_clo_hp_f_g_1_1_t14_v1
1126330197,f_cl_clo_h3f_o_bs_3_t11_v12
1126344124,f_cl_clo_v2f_u_0_0_t11_v1
1126402945,m_cl_f_fmm_5_0_t6_v0
1126407762,m_cl_clo_x2m_o_3_t8_v12
1126427116,packed_mp_veh_mod_idx_s_4_v381
1126451117,packed_mp_veh_mod_idx_s_18_v376
1126533066,m_cl_clo_hp_o_1_t3_v12
1126599247,f_cl_clo_smf_u_3_9_t11_v1
1126622852,vem_rwd_spt_08_t19_v2
1126673825,vem_colour_1_mct_classic_wine_red_t24_v3
1126709325,vem_smod_whlv82_t66_v0
1126742429,wp_wct_tint_6_t2_v1_n2
1126990696,m_cl_clo_vwm_u_23_10_t11_v1
1126994846,packed_mp_veh_mod_idx_22_v410
1127028443,m_cl_clo_fxm_pe_3_1_t14_v1
1127056306,vem_hood_0_t9_v3
1127248926,packed_lr_vehicle_colour_6_v150
1127248977,f_cl_clo_l2f_u_7_13_t11_v1
1127379740,m_cl_clo_grm_b_3_0_t1_v1
1127630939,m_cl_outfit_clo_h3m_o_dh_31_t12_v0
1127649297,packed_mp_veh_mod_idx_s_16_v65
1127814624,f_cl_clo_hstf_b_15_0_t1_v1
1127855599,m_ta_tat_bi_051_t0_v0
1127857319,m_ha_cc_eyebrw_26_t2_v1
1127874612,packed_mp_veh_livery2_0_v114
1127875105,packed_mp_veh_mod_idx_14_v84
1127940016,f_cl_clo_vwf_ph_1_1_t14_v1
1127952580,f_cl_clo_x2f_o_5_t8_v12
1127954470,packed_mp_veh_colour2_0_v63
1127976402,m_cl_clo_hp_h_0_0_t14_v1
1127991647,packed_mp_veh_mod_idx_s_14_v95
1127997512,packed_mp_veh_mod_idx_22_v299
1128025593,m_cl_clo_l2m_t_1_1_t7_v1
1128112042,vem_cmod_hrn_0_t10_v32
1128227037,vem_offr_15_t19_v0
1128360848,f_cl_clo_hstf_o_11_t11_v12
1128429562,vem_colour_2_mct_metallic_bison_brown_t25_v0
1128445147,packed_mp_veh_mod_idx_15_v199
1128464498,wp_wct_tint_14_t2_v9_n2
1128495351,vem_colour_1_mct_classic_sunrise_orange_t24_v3
1128551819,vem_supermod_1_3_t42_v3
1128559505,packed_mp_veh_mod_idx_s_19_v9
1128604036,f_cl_clo_grf_u_17_1_t11_v1
1128669100,m_cl_clo_grm_l_3_17_t4_v1
1128769573,m_cl_l_fmm_7_9_t4_v0
1128877883,vem_insurance_zr3803
1128882910,m_cl_clo_h2m_b_1112_t1_v1
1128904662,f_cl_clo_sbf_u_13_11_t11_v1
1128924415,packed_mp_veh_colour1_0_v44
1128940985,dec_vw_aw_wv_79
1128946855,vem_supermod_0_7_t41_v28
1128964265,ve_massacro_t0_v3
1128979761,vem_livery_3_t26_v2
1129033302,vem_rwd_loride_07_t19_v12
1129049081,packed_mp_veh_mod_idx_s_8_v84
1129050007,vem_horn_indi_2_t10_v35
1129050036,f_cl_clo_h4f_decl_7_t100_v0
1129093051,packed_mp_veh_mod_idx_s_6_v137
1129226252,vem_suspension_5_t15_v29
1129237352,m_ta_tat_x6_046_t0_v0
1129272184,vem_smod4_whlv138_t66_v3
1129294203,f_cl_clo_lxf_o_3_t3_v12
1129429648,packed_mp_veh_mod_idx_s_18_v334
1129518428,packed_mp_veh_mod_idx_s_15_v176
1129538930,m_cl_clo_grm_u_17_9_t11_v1
1129547148,m_cl_clo_hstm_t_2_11_t7_v1
1129589209,f_cl_clo_x3f_b_11_1_t1_v1
1129632634,m_cl_clo_scm_b_2_0_t1_v1
1129720371,hangar_mod_floor_decal_5_t0_v0
1129735775,vem_supermod_16_2_t57_v26
1129742108,wp_wct_tint_12_t2_v21_n2
1129786935,f_cl_clo_grf_ph_5_23_t14_v1
1129831039,vem_rwd_drft_20_t19_v3
1130017849,ve_volatol_t0_v34
1130030805,vem_supermod_21_0_t62_v33
1130093522,wp_wm_tint3_t2_v12
1130129836,m_cl_o_fmm_p5_t3_v12
1130188525,m_cl_clo_lxm_f_1_2_t6_v1
1130221791,vem_roof_19_n2_t12_v3
1130264326,vem_supermod_23_2_t64_v21
1130319975,vem_supermod_9_0_t50_v31
1130325328,f_cl_clo_bhf_u_7_7_t11_v1
1130341873,f_cl_clo_hstfb_16_2_t1_v1
1130677588,packed_mp_veh_mod_idx_s_13_v66
1130790746,packed_mp_veh_mod_idx_s_1_v140
1130841370,vem_fender_l_12_t36_v3
1130841569,packed_mp_veh_mod_idx_s_5_v282
1130885823,f_cl_clo_hp_f_d_11_t8_v1
1130915728,packed_mp_veh_mod_idx_23_v410
1131025760,vem_engine_0_t5_v26
1131118112,vem_colour_extra_1_mct_pearlescent_sienna_brown_t24_v4
1131267805,vem_grill_19_t8_v3
1131295204,f_cl_clo_exf_al_4_0_t4_v1
1131322240,packed_ng_vehicle_smoke_v316
1131328942,f_cl_l_fmf_11_8_t4_v0
1131382879,ve_rhino_t0_v0
1131387351,m_cl_clo_sbm_u_11_5_t11_v1
1131453805,packed_mp_veh_secondary_colour_group_v81
1131508126,ve_barracks_t0_v3
1131661416,f_cl_clo_bhf_u_2_7_t11_v1
1131740867,m_cl_clo_fxm_ph_6_0_t14_v1
1131833939,packed_mp_veh_mod_idx_s_21_v122
1132028749,f_cl_clo_bbf_p0_0_t14_v1
1132169362,f_cl_clo_ief_u_5_24_t11_v1
1132236993,packed_mp_veh_mod_idx_15_v202
1132294414,vem_horn_cnote_a0_t10_v30
1132295769,vem_supermod_5_0_t46_v27
1132342272,m_cl_clo_sum_u_10_2_t11_v1
1132380771,m_cl_u_fmm_0_3_t8_v0
1132480692,ve_voltic2_t0_v3
1132497297,m_cl_clo_smm_b_1_4_t1_v1
1132506422,m_cl_clo_exm_eu_7_3_t11_v1
1132592276,packed_mp_veh_mod_idx_s_15_v72
1132648001,fcarcade_b_up3_c_3
1132656877,vem_bumper_r_17_t35_v27
1132689851,f_cl_clo_h4f_decl_6_t100_v0
1132754912,vem_colour_1_mct_classic_creek_brown_t24_v2
1132811766,packed_mp_veh_window_tint_0_v269
1133003909,f_cl_clo_fxf_u_7_1_t11_v1
1133016052,m_cl_outfit_clo_grm_o_6_t12_v0
1133048615,m_cl_clo_stm_o_3_t11_v12
1133140792,m_cl_clo_vwm_l_1_6_t4_v1
1133184745,m_cl_clo_exm_au_16_1_t11_v1
1133236898,f_cl_clo_sbf_f_0_2_t6_v1
1133274995,packed_mp_veh_mod_idx_s_20_v33
1133369079,packed_mp_veh_mod_idx_s_1_v243
1133446202,vem_cmod_tyr_12_t18_v6
1133665117,packed_mp_veh_mod_idx_22_v287
1133745189,f_cl_clo_suf_u_20_5_t11_v1
1133842261,f_cl_clo_awf_decl_49_t100_v0
1133891724,m_cl_clo_arm_o_4_t11_v12
1133895040,m_ta_tat_bi_021_t0_v0_cesp
1133896085,vem_rwd_drft_06_t19_v12
1133975126,m_cl_clo_bim_prw_5_0_t14_v1
1134143269,m_cl_clo_vwm_b_9_1_t1_v1
1134161841,m_cl_clo_grm_g_0_12_t3_v1
1134170888,vem_colour_1_mct_classic_candy_red_t24_v4
1134201942,packed_mp_veh_mod_idx_15_v33
1134226309,mt_car_meet_private_ticket
1134278370,packed_mp_veh_colour_extra2_0_v291
1134315769,packed_ng_vehicle_smoke_v413
1134340202,m_cl_clo_fxm_u_7_2_t11_v1
1134349472,vem_smod_whlv158_t66_v0
1134399131,packed_mp_veh_mod_idx_16_v243
1134416284,vem_colour_2_mct_metallic_torino_red_t25_v1
1134550695,vem_smod_whlv28_t66_v3
1134577738,mba_floor0_9_t0_v0
1134602356,wp_wct_c_tint_7_t2_v13_n2
1134648203,packed_mp_veh_mod_idx_6_v376
1134860337,packed_mp_veh_primary_colour_group_v81
1134981969,packed_mp_veh_mod_idx_8_v161
1134984545,m_cl_clo_grm_u_17_7_t11_v1
1135036300,vem_hood_4_t9_v2
1135058983,packed_mp_veh_colour1_0_v245
1135109386,m_cl_u_fmm_7_12_t11_v0
1135132380,m_cl_clo_s1m_dec_3_t100_v0
1135234196,packed_mp_veh_livery2_0_v204
1135360201,m_cl_clo_h4m_plw_0_7_t14_v1
1135387925,packed_mp_veh_mod_idx_24_v29
1135398390,packed_mp_veh_mod_idx_s_0_v400
1135468152,service_earn_from_fmbb_phonecall_mission
1135556920,wp_wct_c_tint_6_t2_v56_n2
1135581405,f_cl_clo_vwf_ph_1_12_t14_v1
1135604660,f_cl_clo_l2f_t_13_1_t7_v1
1135664699,m_cl_clo_s1m_u_2_15_t11_v1
1135728066,f_cl_clo_sbf_f_4_4_t6_v1
1135742341,vem_colour_1_mct_classic_garnet_red_t24_v2
1135744031,dec_vw_aw_mt_25d
1135802037,packed_mp_veh_mod_idx_s_11_v259
1135823272,wp_wct_c_tint_3_t2_v5_n2
1135839621,f_cl_clo_suf_l_1_4_t4_v1
1135846838,packed_mp_veh_mod_var_0_v307
1135850569,m_cl_clo_hst_a_6_t8_v1
1135929853,packed_mp_veh_livery_0_v380
1135992286,wp_wct_knuck_vg_t1_v62
1136001999,packed_mp_veh_colour_extra1_0_v134
1136014127,packed_mp_veh_mod_idx_8_v8
1136030137,m_cl_clo_hp_l_0_6_t4_v1
1136041991,vem_cmod_hrn_mus3_t10_v7
1136065850,packed_lr_vehicle_colour_6_v322
1136210626,packed_lr_vehicle_colour_6_v299
1136252211,f_cl_clo_hp_f_f_0_6_t6_v1
1136252335,m_cl_clo_vwm_pw_1_5_t14_v1
1136287226,f_cl_clo_x6f_f_12_1_t6_v1
1136385126,vem_colour_2_mct_classic_cast_iron_sil_t25_v4
1136405841,packed_mp_veh_mod_idx_6_v317
1136420345,f_cl_u_fmf_3_12_t11_v0
1136437227,f_cl_clo_h3f_decl_10_t100_v0
1136527825,vem_supermod_1_20_t42_v3
1136534008,packed_ng_vehicle_insurance_v272
1136618576,ve_velum2_t1_v0
1136707589,m_cl_clo_exm_eu_12_6_t11_v1
1136752284,m_cl_clo_hstm_l_0_0_t4_v1
1136776875,m_cl_clo_l2m_w_12_2_t14_v1
1136823197,vem_rwd_loride_13_t19_v3
1137069499,m_cl_clo_smm_b_2_18_t1_v1
1137105053,packed_mp_veh_mod_idx_5_v97
1137173767,f_cl_clo_h4f_pey_1_5_t14_v1
1137182672,f_cl_clo_arf_o_28_t11_v12
1137190504,packed_mp_veh_mod_idx_14_v247
1137309655,vem_fender_l_9_t36_v38
1137325446,m_cl_clo_h4m_b_0_12_t1_v1
1137356925,f_cl_l_fmf_4_0_t4_v0
1137376749,f_ha_clo_sbf_h_0_0_t0_v2
1137420321,packed_mp_veh_mod_idx_6_v229
1137423068,f_cl_clo_fxf_u_2_8_t11_v1
1137616287,f_cl_clo_bhf_decl_57_t11_v1
1137629035,f_cl_clo_bhf_decl_31_t11_v1
1137853228,packed_mp_veh_mod_idx_7_v393
1137925398,packed_mp_veh_mod_idx_s_10_v400
1138028122,packed_mp_veh_mod_idx_s_5_v46
1138073710,vem_colour_2_mct_metallic_beechwood_brown_t25_v0
1138089938,service_earn_arena_career_tier_progression_4
1138125845,packed_mp_veh_secondary_colour_group_v47
1138273031,packed_mp_veh_colour2_0_v178
1138305103,vem_hood_7_t9_v35
1138419944,vem_rwd_drft_15_t19_v0
1138440602,packed_ng_vehicle_insurance_v13
1138602285,m_cl_clo_fxm_pe_3_0_t14_v1
1138697270,packed_mp_veh_colour1_0_v215
1138716536,f_cl_clo_x2f_ht_5_1_t14_v1
1138750676,m_cl_clo_awm_f_7_5_t6_v1
1138782717,m_cl_clo_sum_u_4_0_t11_v1
1138784734,packed_lr_vehicle_colour_6_v119
1138851024,ccur_mission_reward
1138881698,packed_mp_veh_mod_idx_s_12_v203
1138889988,vem_insurance_fq2
1138916064,m_cl_clo_grm_f_0_18_t6_v1
1138916066,packed_mp_veh_mod_idx_23_v76
1138967656,m_cl_clo_awm_decl_124_t100_v0
1139103171,wp_wct_c_tint_15_t2_v70_n2
1139103722,packed_mp_veh_livery_0_v145
1139159180,vem_roof_11_n2_t12_v3
1139225130,f_cl_outfit_clo_x17f_o_m_3_t12_v0
1139229873,vem_colour_1_mct_classic_might_purple_t24_v2
1139236370,f_cl_clo_vwf_f_3_3_t6_v1
1139339579,f_cl_clo_hp_f_d_10_t8_v1
1139409568,packed_mp_veh_mod_idx_9_v220
1139520354,packed_mp_veh_mod_var_0_v390
1139564273,packed_mp_veh_mod_idx_s_21_v258
1139595381,vem_roof_22_n2_t12_v3
1139646982,f_cl_l_fmf_3_9_t4_v0
1139647108,f_cl_clo_h4f_decl_49_t11_v1
1139680327,m_cl_clo_l2m_e_28_2_t14_v1
1139690011,packed_ng_vehicle_neon_kit_v162
1139694529,m_cl_clo_scm_ph_1_0_t14_v1
1139789656,packed_ng_vehicle_smoke_v146
1139818269,f_cl_clo_busf_l_0_4_t4_v1
1139829332,packed_ng_vehicle_neon_v282
1139838839,packed_mp_veh_mod_idx_9_v351
1139847197,packed_mp_veh_secondary_colour_group_v175
1139875408,packed_mp_veh_mod_idx_11_v210
1139878642,m_cl_clo_indm_d_3_t8_v1
1140165824,f_cl_u_fmf_0_1_t11_v0
1140175856,packed_mp_veh_mod_idx_s_9_v107
1140192523,m_cl_clo_indm_s_0_6_t8_v2
1140258015,m_cl_clo_halm_d_0_t100_v0
1140264630,packed_mp_veh_livery_0_v55
1140274880,f_cl_clo_smf_ph_1_7_t14_v1
1140408856,f_cl_g_fmf_14_2_t14_v0
1140427866,packed_mp_veh_mod_idx_0_v391
1140751426,packed_mp_veh_mod_idx_4_v337
1140811079,vem_colour_2_mct_metallic_sunset_red_t25_v1
1140908438,packed_mp_veh_mod_idx_s_17_v21
1140914684,f_cl_clo_vef_dec_41_t100_v0
1140925701,packed_mp_veh_mod_idx_s_3_v132
1141124220,fcclub_stor_3_t0_v0
1141162664,packed_mp_veh_mod_idx_14_v366
1141193623,vem_rwd_offr_03_t19_v12
1141212830,packed_mp_veh_mod_idx_s_10_v200
1141217134,packed_mp_veh_mod_idx_8_v70
1141221198,packed_ng_vehicle_insurance_v330
1141225520,vem_bumper_r_18_t35_v35
1141322752,packed_mp_veh_colour2_0_v114
1141324365,vem_supermod_3_23_t44_v7
1141326238,wp_wm_tint7_t2_v10
1141326998,f_cl_clo_exf_ob_4_t3_v12
1141370595,m_cl_clo_v2m_f_0_10_t6_v1
1141389297,packed_mp_veh_mod_idx_12_v191
1141402545,f_cl_clo_h2f_b_8_6_t1_v1
1141432166,packed_mp_veh_mod_var_0_v402
1141491334,packed_ng_vehicle_insurance_v406
1141696698,packed_lr_vehicle_colour_6_v77
1141834099,m_cl_clo_grm_ph_0_3_t14_v1
1141851837,m_cl_clo_arm_u_2_5_t11_v1
1141885807,packed_mp_veh_mod_idx_24_v68
1141907150,m_cl_clo_x6m_u_10_16_t11_v1
1141939635,f_cl_clo_h4f_decl_51_t11_v1
1141951268,vem_insurance_flashgt
1141987325,mp_stat_mpsv_model_333
1142123714,packed_ng_vehicle_bpt_v168
1142187783,f_cl_clo_trf_u_12_2_t11_v1
1142205439,vem_supermod_10_11_t51_v27
1142324947,m_cl_clo_vwm_pey_1_5_t14_v1
1142359773,vem_supermod_61_22_t61_v7
1142599149,packed_mp_veh_mod_idx_s_19_v145
1142707005,f_cl_clo_grf_ph_0_17_t14_v1
1142722069,packed_mp_veh_mod_var_1_v69
1142751114,f_cl_clo_suf_l_1_15_t4_v1
1142848084,m_ha_hair_beard10_t1_v0
1142858558,f_cl_clo_x6f_ph_0_0_t14_v1
1142961308,vem_colour_extra_1_mct_pearlescent_black_graphite_t24_v4
1142980830,wp_wct_muzz2_t1_v8_n2
1143001303,packed_mp_veh_mod_idx_10_v66
1143064460,m_cl_clo_grm_u_7_6_t11_v1
1143125587,m_cl_clo_h3m_u_10_17_t11_v1
1143135967,m_cl_clo_s1m_ph_1_9_t14_v1
1143146722,vem_colour_6_gold_t65_v3
1143158630,packed_mp_veh_mod_idx_s_5_v207
1143290383,m_ha_cc_m_hs_15_t0_v2
1143374899,f_cl_outfit_clo_pif_o_0_t12_v0
1143387202,m_cl_clo_trm_u_12_14_t11_v1
1143428470,packed_mp_veh_mod_idx_16_v57
1143455898,packed_mp_veh_mod_idx_s_16_v300
1143463560,packed_mp_veh_mod_idx_s_17_v56
1143489326,m_cl_clo_apm_l_10_0_t4_v1
1143498283,packed_mp_veh_mod_idx_2_v382
1143509913,packed_mp_veh_mod_idx_1_v3
1143729892,vem_cmod_neoncol_9_t21_v29
1143841960,m_cl_clo_h2m_b_8_5_t1_v1
1143850400,f_cl_clo_h2f_b_9_10_t1_v1
1143892983,vem_suspension_1_t15_v29
1143972357,vem_colour_1_mct_metallic_nautical_blue_t24_v3
1143994743,packed_mp_veh_mod_idx_s_1_v413
1144093830,packed_mp_veh_mod_idx_13_v35
1144119754,f_cl_clo_ltsfu_1_0_t11_v1
1144130885,vem_horn_indi_1_t10_v11
1144140270,fchub_mod7_3_t0_v0
1144246191,vem_cmod_hrn_trk_t10_v2
1144254442,f_cl_clo_bhf_u_7_4_t11_v1
1144263447,vem_smod4_whlv208_t66_v0
1144286684,packed_mp_veh_mod_idx_10_v221
1144286960,packed_mp_veh_mod_idx_s_9_v374
1144327276,packed_mp_veh_mod_idx_s_12_v47
1144366624,f_cl_clo_trf_o_bs_0_t8_v12
1144379488,f_cl_g_fmf_2_6_t14_v0
1144447209,packed_mp_veh_plate_id_v358
1144632166,packed_ng_vehicle_neon_v152
1144649809,m_cl_clo_awm_o_h_1_t3_v12
1144770643,f_cl_clo_h3f_o_prp_1_t4_v12
1144773540,m_cl_clo_s2m_o_0_t3_v12
1144787266,m_cl_clo_bim_ph_11_1_t14_v1
1144834331,f_cl_clo_indf_d_6_t8_v1
1144944362,packed_mp_veh_mod_var_1_v225
1144945824,packed_mp_veh_mod_idx_s_11_v298
1144997747,m_cl_clo_bhm_l_0_9_t4_v1
1145023221,dec_vw_aw_ls_23
1145173877,packed_mp_veh_mod_var_1_v257
1145177883,packed_mp_veh_colour_extra1_0_v191
1145213701,vem_rwd_hiend_15_t19_v0
1145232985,f_cl_clo_xmasf_u_0_3_t11_v1
1145291989,packed_mp_veh_mod_idx_s_8_v138
1145332125,f_ha_cc_eyebrw_9_t2_v0
1145351092,packed_mp_veh_mod_idx_s_13_v299
1145389223,m_cl_clo_bhm_u_5_1_t11_v1
1145411960,packed_ng_vehicle_bpt_v58
1145526692,f_cl_clo_x6f_u_30_5_t11_v1
1145551911,wp_gsa_type_r_t0_v8
1145572508,packed_mp_veh_primary_colour_group_v5
1145732229,packed_mp_veh_mod_idx_s_12_v112
1145745402,wp_wct_camo_6_t1_v56_n2
1145830026,m_cl_clo_trm_decl_3_t100_v0
1145856928,vem_colour_extra_1_mct_classic_harbor_blue_t24_v3
1145906211,m_cl_clo_indm_s_0_4_t8_v2
1146111348,m_cl_g_fmm_15_5_t14_v0
1146155521,vem_horn_cnote_e0_t10_v35
1146198563,f_cl_clo_h4f_pey_2_2_t14_v1
1146261595,packed_mp_veh_mod_idx_s_15_v286
1146279852,m_cl_clo_iem_o_8_t3_v12_cesp
1146419059,packed_mp_veh_mod_idx_23_v32
1146474314,vem_cmod_pla_0_t23_v32
1146474715,m_cl_clo_stm_ht8_15_t14_v1
1146649651,packed_mp_veh_mod_idx_s_20_v202
1146689007,vem_supermod_13_0_t54_v36
1146718290,vem_supermod_8_4_t49_v27
1146789899,f_ta_tat_bi_031_t0_v0
1146808142,vem_colour_1_mct_metallic_creek_brown_t24_v2
1146960470,packed_mp_veh_mod_idx_s_0_v118
1147004800,wp_wct_camo_7_t1_v47_n2
1147167575,vem_colour_extra_1_mct_metallic_purple_t24_v33
1147172275,vem_colour_2_mct_metallic_cabernet_red_t25_v3
1147241148,packed_mp_veh_mod_idx_s_21_v70
1147283644,vem_colour_extra_1_mct_metallic_diamond_blue_t24_v2
1147326617,f_cl_d_fmm_1_0_t10_v0
1147404167,m_cl_clo_s1m_f_1_5_t6_v1
1147433852,m_cl_outfit_clo_iem_o_11_t12_v0
1147449887,ve_marshall_n1_t1_v24
1147451888,f_cl_clo_grf_decl_35_t11_v1
1147453884,wp_wt_mg_cbt2_t1_v13
1147520832,pr_pm_modshop_19_t90_v0
1147745957,vem_smod_whlv164_t66_v0
1147875652,packed_mp_veh_plate_id_v152
1147883704,packed_mp_veh_mod_idx_22_v61
1147885686,f_cl_clo_x6f_u_1_14_t11_v1
1147944817,m_cl_u_fmm_1_6_t8_v1
1147994240,m_cl_clo_sbm_pe_1_17_t14_v1
1148030175,packed_mp_veh_livery_0_v32
1148167444,wp_wct_supp_t1_v95
1148174057,vem_rwd_loride_09_t19_v1
1148240544,packed_mp_veh_colour_extra2_0_v245
1148307886,packed_ng_vehicle_neon_kit_v194
1148330074,packed_mp_veh_mod_idx_11_v240
1148366180,f_cl_ht_fmf_9_5_t14_v0
1148430414,m_cl_clo_lxm_u_0_10_t11_v1
1148563027,vem_colour_extra_1_mct_metallic_yellow_t24_v1
1148579531,m_cl_clo_scm_u_48_25_t11_v1
1148648837,vem_colour_2_mct_classic_racing_blue_t25_v0
1148669077,vem_supermod_14_13_t55_v3
1148703373,packed_mp_veh_mod_idx_s_0_v211
1148724761,f_cl_clo_sbf_l_2_5_t4_v1
1148742616,vem_smod4_whlv6_t66_v1
1148797893,kosatk_fla_43_t0_v0
1148803622,wp_wct_c_tint_5_t2_v8_n2
1148846473,f_cl_outfit_clo_bif_o_0_t12_v0
1148955689,packed_lr_vehicle_colour_5_v252
1148958256,vem_colour_extra_1_mct_metallic_flur_yellow_t24_v2
1149080509,packed_mp_veh_colour_extra1_0_v305
1149088499,vem_fender_l_6_t36_v4
1149168874,m_cl_m_fmm_4_3_t1_v0
1149233908,m_cl_clo_val_decl_j_t11_v1
1149346078,m_cl_outfit_o_fmm_p5_t12_v0
1149439640,vem_rwd_musc_06_t19_v12
1149504327,vem_colour_extra_1_mct_matte_red_t24_v2
1149508096,m_cl_clo_s2m_f_2_4_t6_v1
1149545021,vem_yacht_flag_10_v0
1149628548,packed_mp_veh_mod_idx_s_13_v364
1149662767,packed_mp_veh_secondary_colour_group_v329
1149669867,packed_mp_veh_mod_idx_9_v269
1149685598,packed_ng_vehicle_smoke_v159
1149706382,f_cl_clo_busf_u_2_10_t8_v1
1149762802,packed_mp_veh_primary_colour_group_v107
1149767261,packed_ng_vehicle_neon_kit_v48
1149784122,kosatk_avi_0_t0_v0
1149797052,packed_mp_veh_mod_idx_13_v235
1149826000,packed_mp_veh_primary_colour_group_v193
1149828620,packed_mp_veh_mod_idx_s_20_v215
1149855901,f_cl_clo_fxf_pe_2_5_t14_v1
1149919183,f_cl_clo_grf_ph_4_10_t14_v1
1149964519,m_cl_outfit_clo_h3m_o_sl_12_t12_v0
1149967572,m_cl_clo_og_decl_0_t8_v1
1150174012,m_cl_clo_vwm_pw_8_1_t14_v1
1150223169,vem_cmod_neoncol_7_t21_v27
1150302990,f_cl_clo_lxf_dec_13_t11_v1
1150404330,packed_mp_veh_mod_idx_s_16_v376
1150446141,m_cl_clo_apm_u_17_6_t11_v1
1150519211,packed_mp_veh_mod_idx_s_9_v248
1150622421,m_cl_u_fmm_6_3_t11_v0
1150676624,packed_mp_veh_window_tint_0_v194
1150693636,vem_colour_extra_1_mct_pearlescent_surf_blue_t24_v0
1150733657,packed_lr_vehicle_colour_5_v1
1150734246,f_ta_tat_bi_048_t0_v0_cesp
1150857483,m_cl_clo_bim_u_5_1_t11_v1
1150919095,packed_ng_vehicle_insurance_v269
1150920822,vem_supermod_48_17_t48_v7
1150940305,vem_cmod_col5_1_t29_v3
1150952397,vem_insurance_bruiser
1150963462,vem_cmod_hrn_trk_t10_v39
1151038200,f_cl_clo_h4f_t_13_15_t7_v1
1151142976,vem_insurance_rapidgt3
1151189764,m_ta_tat_h27_016_t0_v0
1151217942,vem_fender_r_1_t37_v27
1151265749,m_cl_outfit_clo_trm_o_bs_1_t12_v0
1151280729,wp_wm_tint7_t2_v94
1151291151,packed_mp_veh_mod_idx_18_v205
1151323430,packed_mp_veh_mod_idx_18_v356
1151353043,m_cl_clo_h3m_decl_13_t11_v1
1151368694,vem_colour_extra_1_mct_metallic_pink_t24_v2
1151369820,packed_mp_veh_mod_idx_s_10_v253
1151450788,f_cl_clo_lxf_u_6_3_t11_v1
1151646128,vem_colour_extra_1_mct_metallic_stone_silver_t24_v2
1151665852,vem_hood_21_t9_v1
1151737460,vem_colour_extra_1_mct_pearlescent_nautical_blue_t24_v3
1151748267,packed_mp_veh_mod_idx_18_v414
1151857028,m_cl_clo_iem_l_0_4_t4_v1_cesp
1151879490,f_cl_clo_hstfb_19_9_t1_v1
1151891123,packed_lr_vehicle_colour_6_v227
1151938639,packed_mp_veh_mod_idx_s_2_v251
1152101478,ve_tulip_t0_v3
1152205907,f_cl_outfit_clo_ltsf_o_12_t12_v0
1152305902,vem_chassis_6_n0_t4_v38
1152314700,packed_mp_veh_mod_idx_s_13_v237
1152454356,packed_mp_veh_mod_idx_s_3_v239
1152454508,packed_mp_veh_mod_idx_s_13_v103
1152526158,vem_colour_extra_1_mct_metallic_mariner_blue_t24_v1
1152571783,m_cl_clo_vwm_u_14_4_t11_v1
1152574541,packed_mp_veh_mod_idx_16_v80
1152689464,m_cl_clo_awm_b_3_4_t1_v1
1152775852,m_cl_clo_s1m_f_1_1_t6_v1
1152893075,packed_mp_veh_mod_idx_11_v357
1152955994,packed_mp_veh_mod_idx_s_7_v313
1153034368,packed_ng_vehicle_neon_v107
1153154024,packed_mp_veh_mod_idx_s_16_v27
1153200559,vem_cmod_win_2_t33_v10
1153336683,vem_rwd_suv_01_t19_v1
1153410931,m_cl_clo_h4m_s_1_14_t8_v1
1153418611,pm_weapon_discount_gun_van_0_8
1153481408,vem_insurance_furia
1153655006,f_cl_outfit_clo_ltsf_o_4_t12_v0
1153685058,vem_insurance_fugitive
1153783620,m_ta_tat_bi_005_t0_v0
1153807017,packed_ng_vehicle_smoke_v262
1153851274,mp_stat_mpsv_model_134
1153939244,candc_hacker_dec_0_t0_v0
1153977104,packed_mp_veh_mod_idx_3_v328
1154177586,ve_panthere_t0_v3
1154194232,packed_mp_veh_colour_extra2_0_v308
1154265989,f_cl_clo_vwf_d_1_3_t10_v1
1154272107,m_cl_clo_awm_decl_112_t100_v0
1154339339,packed_mp_veh_mod_idx_s_4_v238
1154341804,m_cl_outfit_clo_h2m_o_s_6_t12_v0
1154359161,m_cl_sp_fmm_10_9_t8_v0
1154360440,packed_mp_veh_mod_idx_4_v285
1154408607,vem_fender_r_8_t37_v1
1154425817,vem_horn_xm15_3_t10_v33
1154466027,vem_smod5_whl_29_t19_v3
1154468874,vem_roof_4_t12_v3
1154470909,vem_grill_2_t8_v6
1154534513,vem_smod4_whlv131_t66_v0
1154555156,m_ta_tat_x6_003_t0_v0
1154587220,f_cl_u_fmf_9_8_t11_v0
1154603649,packed_ng_vehicle_neon_kit_v214
1154715998,vem_supermod_0_8_t41_v11
1154896103,packed_mp_veh_mod_idx_18_v404
1154997537,packed_mp_veh_mod_idx_s_0_v289
1155007401,f_cl_clo_lxf_e_7_2_t14_v1
1155019881,vem_cmod_neonlay_0_t21_v29
1155039930,packed_mp_veh_mod_idx_14_v22
1155054970,m_cl_clo_x6m_u_20_21_t11_v1
1155090310,f_cl_clo_grf_decl_29_t10_v1
1155112821,f_cl_clo_fxf_l_3_11_t4_v1
1155322634,ve_entity3_t0_v3
1155327283,packed_mp_veh_mod_idx_8_v338
1155366454,packed_mp_veh_colour_extra1_0_v129
1155374243,vem_rwd_drft_13_t19_v2
1155395658,f_ta_tat_s2_030_t0_v0
1155404346,m_cl_clo_vwm_u_14_5_t11_v1
1155414563,vem_supermod_10_3_t51_v28
1155691614,packed_mp_veh_mod_idx_s_14_v276
1155729865,vem_horn_indi_1_t10_v7
1155765296,packed_ng_vehicle_bpt_v76
1155768947,f_cl_clo_h4f_ph_2_0_t14_v1
1155782756,vem_colour_5_ultra_blue_t38_v0
1156011447,f_cl_clo_h2f_f_3_5_t6_v1
1156043721,packed_mp_veh_mod_idx_10_v74
1156083818,m_cl_clo_exm_eu_6_5_t11_v1
1156100696,packed_ng_vehicle_neon_v129
1156104450,vem_skirt_9_t13_v4
1156175327,packed_mp_veh_mod_idx_16_v61
1156193202,packed_mp_veh_colour_extra1_0_v369
1156202789,packed_ng_vehicle_bpt_v219
1156358717,m_cl_clo_trm_u_6_5_t11_v1
1156505281,vem_offr_25_t19_v3
1156508222,m_cl_clo_v2m_u_0_11_t11_v1
1156558580,packed_mp_veh_mod_idx_s_9_v116
1156585642,mp_stat_mpsv_model_202
1156806431,m_cl_clo_vwm_l_3_17_t4_v1
1156831979,packed_mp_veh_mod_idx_5_v95
1156858824,packed_mp_veh_mod_idx_18_v69
1156933459,f_cl_clo_arf_ph_0_8_t14_v1
1157042842,kosatk_col_9_t0_v0
1157059695,f_cl_clo_awf_decl_90_t100_v0
1157076593,vem_colour_2_mct_classic_white_t25_v1
1157078414,vem_smod4_whlv68_t66_v2
1157137742,vem_colour_2_mct_metallic_spin_purple_t25_v4
1157176522,f_cl_u_fmf_13_9_t11_v0
1157184637,f_cl_clo_bif_decl_36_t11_v1
1157203018,wp_wt_flashlight_t1_v0
1157265232,pr_pm_modshop_7_t88_v0
1157290183,fcncl_djcho_1_t0_v0
1157300273,vem_spoiler_1_t14_v31
1157343720,f_cl_clo_trf_ph_2_4_t14_v1
1157381995,vem_fender_r_6_t37_v27
1157388584,packed_mp_veh_livery2_0_v275
1157487431,m_cl_clo_h3m_u_3_1_t11_v1
1157513161,vem_spt_19_t19_v3
1157600221,m_cl_clo_x6m_rw_212_t14_v1
1157699867,hangar_mod_colour_3_t0_v0
1157768791,vem_colour_extra_1_mct_classic_chocolate_brown_t24_v1
1157819466,packed_mp_veh_mod_idx_12_v208
1157861981,vem_colour_extra_1_mct_metallic_spin_purple_t24_v1
1157929435,packed_mp_veh_window_tint_0_v44
1157936106,dec_vw_aw_mt_34
1157988699,f_cl_clo_hst_f_a_3_t11_v1
1158133580,packed_mp_veh_mod_idx_s_21_v385
1158167091,f_cl_clo_smf_decl_7_t100_v0
1158180427,m_cl_clo_h4m_decl_22_t11_v1
1158232986,packed_mp_veh_mod_idx_s_9_v97
1158380713,packed_mp_veh_wheel_type_0_v373
1158391749,vem_colour_2_mct_classic_sunset_red_t25_v1
1158406445,vem_supermod_23_2_n1_t64_v16
1158472204,packed_mp_veh_mod_idx_s_21_v185
1158525606,m_cl_clo_bim_decl_48_t100_v0
1158575224,m_ta_tat_sb_047_t0_v0
1158627984,f_ta_tat_gr_011_t0_v0
1158644092,f_cl_clo_exf_ef_0_5_t6_v1
1158654080,vem_colour_2_mct_metallic_shadow_silver_t25_v2
1158883287,m_cl_clo_sbm_f_3_7_t6_v1
1158926667,packed_mp_veh_mod_idx_s_3_v29
1158934025,m_cl_clo_h4m_pey_3_0_t14_v1
1158970864,f_cl_l_fmf_0_13_t4_v0
1159009060,vem_supermod_14_6_t55_v3
1159047654,vem_colour_2_mct_matte_midnight_blue_t25_v33
1159050122,m_cl_clo_x6m_l_7_23_t4_v1
1159281153,vem_colour_extra_1_mct_metallic_gold_t24_v33
1159376824,f_cl_clo_sbf_l_0_0_t4_v1
1159471339,vem_colour_2_mct_classic_bleeched_brown_t25_v4
1159496913,packed_mp_veh_mod_idx_s_4_v57
1159504219,m_cl_f_fmm_7_10_t6_v0
1159506839,vem_chassis_15_t4_v3
1159634375,f_cl_outfit_clo_stf_o_13_t12_v0
1159798734,packed_mp_veh_colour1_0_v301
1159833393,m_cl_clo_h2m_o_g_12_t3_v12
1159848395,vem_supermod_22_8_t63_v3
1159849948,wp_wct_clip1_t1_v9_n2
1159897326,wp_wct_supp_t1_v86
1159937632,packed_mp_veh_wheel_type_0_v130
1159959423,m_cl_clo_grm_b_1_14_t1_v1
1159981209,vem_supermod_12_5_t53_v27
1160015118,f_cl_clo_grf_ph_3_12_t14_v1
1160321491,packed_mp_veh_mod_idx_s_6_v32
1160348298,vem_cmod_neoncol_11_t21_v27
1160349223,vem_colour_mct_none_30
1160400088,packed_mp_veh_mod_idx_3_v356
1160424464,f_cl_clo_s1f_o_3_t3_v12
1160469798,m_cl_clo_sbm_b_10_17_t1_v1
1160521062,vem_supermod_47_8_t47_v7
1160661159,f_cl_clo_h2f_f_5_16_t6_v1
1160709072,packed_mp_veh_mod_idx_s_20_v251
1160752272,f_cl_o_fmf_b9_t8_v12
1160868998,f_ta_tat_fx_002_t0_v0
1161020499,f_cl_clo_grf_u_10_0_t11_v1
1161109926,m_cl_f_fmm_3_6_t6_v0
1161225960,packed_mp_veh_window_tint_0_v314
1161413999,packed_mp_veh_mod_idx_18_v55
1161459726,packed_mp_veh_mod_var_1_v246
1161516035,f_cl_clo_x6f_rw_0_1_t14_v1
1161643098,packed_mp_veh_mod_idx_11_v329
1161739696,f_cl_ht_fmf_4_4_t14_v0
1161774518,m_cl_clo_vwm_u_14_7_t11_v1
1161818232,packed_mp_veh_mod_idx_3_v43
1161850912,f_cl_clo_h2f_o_s_3_t3_v12
1161881285,packed_mp_veh_mod_idx_12_v128
1162055070,packed_mp_veh_livery_0_v294
1162074384,vem_rwd_hiend_01_t19_v3
1162149309,vem_colour_extra_1_mct_classic_cabernet_red_t24_v3
1162238059,packed_mp_veh_mod_idx_s_8_v235
1162358254,m_cl_clo_stm_ht6_12_t14_v1_cesp
1162427583,m_cl_clo_grm_l_0_17_t4_v1
1162447403,vem_hiend_09_t19_v12
1162560994,pr_pm_colour_6_t0_v0
1162562798,vem_supermod_3_31_t44_v11
1162696594,m_cl_clo_h3m_ph_8_1_t14_v1
1162735833,packed_mp_veh_mod_idx_s_8_v55
1162880040,vem_colour_2_mct_metallic_rolled_steel_t25_v2
1162880837,packed_mp_veh_mod_idx_16_v124
1162905720,packed_mp_veh_mod_idx_s_7_v106
1162930085,m_cl_clo_s1m_ph_0_10_t14_v1
1162986502,f_cl_clo_h2f_f_5_9_t6_v1
1163050352,vem_supermod_8_10_t49_v27
1163066566,service_earn_ambient_job_shop_robbery
1163128048,packed_mp_veh_mod_idx_12_v202
1163183193,f_cl_clo_h3f_u_9_5_t11_v1
1163283761,packed_mp_veh_mod_idx_22_v194
1163292293,m_cl_clo_vwm_u_18_3_t11_v1
1163304883,packed_mp_veh_mod_idx_11_v224
1163343391,m_ha_clo_scm_h_1_0_t0_v0
1163450109,vem_supermod_19_1_n1_t60_v3
1163572936,vem_spoiler_0_t14_v6
1163621160,vem_supermod_4_8_t45_v28
1163696557,wp_wct_tint_17_t2_v21_n2
1163708349,vem_rwd_drft_21_t19_v12
1163727800,packed_mp_veh_mod_idx_s_17_v171
1163740588,packed_mp_veh_mod_idx_1_v102
1163741983,m_cl_clo_fxm_l_3_23_t4_v1
1163745902,m_cl_clo_exm_eu_1610_t11_v1
1163766484,m_cl_clo_awm_b_4_8_t1_v1
1163803715,m_cl_clo_h3m_o_jan_6_t4_v12
1163825731,vem_smod4_whl_22_t19_v3
1163881254,packed_ng_vehicle_neon_v298
1163955259,packed_mp_veh_mod_idx_3_v160
1164125361,m_cl_clo_trm_d_30_0_t10_v1
1164229069,m_cl_clo_hp_d_12_t8_v2
1164286222,m_cl_clo_x6m_l_0_1_t4_v1
1164320574,m_cl_clo_hp_d_6_t8_v1
1164341971,vem_rwd_spt_23_t19_v2
1164508995,packed_mp_veh_mod_idx_11_v261
1164519592,packed_mp_veh_mod_idx_s_18_v282
1164657802,packed_mp_veh_colour_extra1_0_v70
1164659030,m_cl_clo_grm_b_3_14_t1_v1
1164664306,m_ta_tat_fx_005_t0_v0
1164825398,packed_mp_veh_mod_idx_s_8_v208
1164833956,f_cl_clo_ltsft_1_1_t3_v1
1164880457,dec_vw_aw_mt_10c
1164887613,vem_sub_heli_w_0
1164955463,m_cl_outfit_clo_h4m_o_s1_m2_t12_v0
1165005715,vem_supermod_10_9_t51_v11
1165031283,packed_mp_veh_mod_idx_s_23_v371
1165042038,vem_spoiler_2_t14_v5
1165062057,packed_mp_veh_mod_idx_s_13_v243
1165073056,f_cl_clo_h3f_ph_5_11_t14_v1
1165098969,m_cl_clo_h2m_s_9_14_t8_v1
1165171421,vem_loride_12_t19_v2
1165189904,f_cl_clo_smf_o_9_t3_v12
1165219979,packed_mp_veh_mod_idx_10_v195
1165226840,dec_vw_aw_ss_37
1165319972,fa_upgrade_weed_staff_1_t0_v0
1165375039,f_cl_clo_exf_ob_5_t3_v12
1165441156,vem_brake_3_t2_v10
1165490198,packed_mp_veh_wheel_type_0_v368
1165508226,f_ha_cc_eyebrw_10_t2_v0
1165544521,m_ta_tat_h4_023_t0_v0
1165560696,f_ha_cc_f_hs_4_t0_v1
1165610164,packed_mp_veh_mod_idx_s_22_v268
1165646006,vem_cmod_col5_21_t29_v0
1165815534,f_cl_clo_hst_f_a_0_t8_v1
1165920948,packed_mp_veh_mod_idx_s_5_v279
1165923004,wp_ps_bag_25_t1_v33
1165983480,packed_mp_veh_mod_idx_7_v58
1166062029,packed_mp_veh_mod_idx_16_v207
1166126336,vem_drft_03_t19_v12
1166209078,vem_rwd_drft_22_t19_v0
1166239194,vem_spoiler_8_t14_v38
1166315566,packed_mp_veh_mod_idx_2_v204
1166337887,f_cl_ht_fmf_13_4_t14_v0
1166416073,packed_mp_veh_mod_idx_s_22_v31
1166435274,f_ta_tat_bi_026_t0_v0
1166439723,vem_rwd_drft_03_t19_v3
1166545232,m_cl_clo_vwm_u_2_9_t11_v1
1166617839,m_cl_clo_h3m_o_sl_24_t3_v12
1166637507,m_cl_clo_hstm_f_2_0_t6_v1
1166684770,ve_tailgate_t0_v0
1166716391,f_cl_clo_sbf_u_0_8_t11_v1
1166774285,vem_colour_1_mct_metallic_cast_iron_sil_t24_v3
1166783961,f_cl_clo_hp_f_o_9_t3_v12
1166855952,vem_colour_2_mct_classic_rolled_steel_t25_v4
1166888631,m_cl_clo_exm_eu_15_0_t11_v1
1167011263,packed_mp_veh_mod_idx_s_23_v127
1167166652,vem_horn_clas6_t10_v26
1167281581,packed_mp_veh_mod_idx_18_v366
1167361041,m_cl_clo_s1m_dec_25_t100_v0
1167403469,vem_colour_2_mct_metallic_light_blue_t25_v33
1167420691,wp_wct_c_tint_19_t2_v56_n2
1167583995,vem_cmod_pla_4_t23_v28
1167657800,m_cl_clo_vwm_pe_2_3_t14_v1
1167660950,packed_ng_vehicle_insurance_v233
1167700382,f_cl_clo_awf_o_g_7_t8_v12
1167857516,vem_rwd_hiend_17_t19_v0
1168023099,vem_cmod_hrn_cop_t10_v0
1168308571,pr_pm_bname_2_t0_v0
1168392800,m_cl_outfit_clo_h3m_o_sl_36_t12_v0
1168450142,m_cl_clo_awm_u_4_0_t11_v1
1168601954,f_cl_clo_bhf_u_11_13_t11_v1
1168660750,f_cl_clo_apf_u_23_7_t11_v1
1168700957,vem_supermod_5_7_t46_v3
1168752999,packed_mp_veh_mod_idx_11_v342
1168842808,vem_cmod_tyr_11_t18_v27
1168992962,m_cl_clo_h4m_b_0_22_t1_v1
1169091685,f_cl_clo_exf_ef_0_8_t6_v1
1169259059,vem_cmod_neoncol_255_t21_v31
1169361014,wp_wct_c_tint_24_t2_v47_n2
1169545428,m_cl_clo_vwm_u_2_15_t11_v1
1169677127,packed_mp_veh_livery2_0_v42
1169736826,f_cl_clo_h3f_decl_1_t100_v0
1169835194,vem_supermod_60_8_t60_v7
1169887672,packed_mp_veh_mod_idx_s_12_v61
1170008075,m_cl_clo_s2m_o_6_t3_v12
1170108827,f_cl_clo_grf_f_1_6_t6_v1
1170111761,vem_horn_cnote_c0_t10_v6
1170118841,packed_mp_veh_mod_idx_4_v247
1170285949,vem_smod4_whlv97_t66_v2
1170359239,packed_mp_veh_mod_idx_s_3_v412
1170393624,packed_ng_vehicle_neon_kit_v134
1170397308,packed_mp_veh_mod_idx_s_8_v245
1170536789,packed_mp_veh_livery_0_v329
1170599128,ve_slamvan6_t0_v38
1170736211,m_cl_clo_ltsm_d_1_t8_v1
1170746809,packed_mp_veh_mod_idx_10_v329
1170772076,packed_mp_veh_mod_idx_8_v282
1170798310,f_cl_clo_vwf_u_4_11_t11_v1
1170863421,m_cl_l_fmm_3_15_t4_v0
1170890694,f_cl_g_fmf_0_1_t14_v0
1171012709,vem_supermod_11_0_t52_v35
1171023532,m_cl_clo_exm_eu_9_0_t11_v1
1171241727,f_cl_clo_bif_s_17_0_t8_v1
1171262951,m_cl_clo_x6m_f_12_23_t6_v1
1171407988,packed_mp_veh_mod_idx_s_10_v7
1171445521,f_cl_clo_ltsfl_0_1_t4_v1
1171514071,packed_mp_veh_colour1_0_v392
1171552063,m_cl_clo_fxm_ph_2_12_t14_v1
1171558986,f_cl_clo_h3f_o_jan_4_t4_v12
1171599034,f_cl_clo_jaf_o_0_t100_v0
1171612055,packed_mp_veh_mod_idx_s_0_v42
1171680784,packed_mp_veh_mod_idx_s_12_v165
1171706756,packed_mp_veh_plate_id_v174
1171799763,f_cl_clo_x6f_u_26_17_t11_v1
1171806438,m_cl_clo_x3m_b_11_0_t1_v1
1171869436,vem_smod4_whlv114_t66_v0
1171897316,f_cl_clo_grf_u_11_8_t11_v1
1171932407,m_cl_clo_lxm_e_26_3_t14_v1
1171963220,m_cl_clo_bus_m_2_8_t1_v1
1172072079,wp_wct_c_tint_27_t2_v1_n2
1172098654,f_cl_he_fmf_18_2_t14_v0
1172123295,f_cl_clo_v2f_u_5_2_t11_v1
1172135909,wp_wct_tint_7_t2_v9_n2
1172144184,packed_mp_veh_mod_idx_4_v316
1172240246,vem_supermod_3_17_t44_v6
1172430045,packed_mp_veh_mod_idx_12_v74
1172480980,vem_smod4_whlv44_t66_v1
1172562484,m_cl_clo_vwm_decl_42_t100_v0
1172628705,f_cl_clo_grf_f_3_3_t6_v1
1172647432,vem_brake_0_t2_v11
1172777810,m_cl_clo_hstm_o_0_t7_v12
1172789303,vem_colour_2_mct_metallic_maple_brown_t25_v1
1172845231,wp_wct_tint_31_t2_v22_n2
1172871705,packed_mp_veh_mod_idx_4_v297
1172931336,m_cl_clo_awm_decl_10_t100_v0
1172980314,f_cl_clo_h2f_u_7_2_t11_v1
1173095734,f_cl_clo_smf_b_0_2_t1_v1
1173238570,packed_mp_veh_mod_idx_s_7_v256
1173305313,vem_horn_lowrder2_t10_v35
1173311269,m_cl_clo_bbm_l_2_7_t4_v1
1173362250,m_cl_clo_x3m_b_0_0_t1_v1
1173371731,vem_cmod_col5_33_t29_v2
1173376542,f_cl_clo_h3f_u_4_5_t11_v1
1173407738,vem_livery_1_n1_t26_v3
1173434300,vem_cmod_tyr_13_t18_v27
1173511027,packed_mp_veh_colour_extra1_0_v294
1173546722,packed_lr_vehicle_colour_6_v380
1173654533,service_spend_ammo_drop
1173775338,m_cl_clo_sum_b_4_1_t1_v1
1173862054,vem_spt_16_t19_v2
1174037935,f_cl_clo_stf_u_3_11_t11_v1
1174090155,f_cl_clo_bhf_decl_15_t11_v1
1174135774,f_cl_clo_grf_u_6_15_t11_v1
1174303585,packed_mp_veh_mod_idx_s_12_v352
1174356909,packed_mp_veh_mod_idx_s_4_v195
1174369402,m_cl_clo_x4m_u_11_11_t11_v1
1174444185,m_cl_clo_bhm_u_1_9_t11_v1
1174596938,vem_insurance_sparrow
1174625446,vem_rwd_hiend_01_t19_v12
1174894616,vem_musc_03_t19_v2
1174995275,m_cl_clo_l2m_dec_20_t11_v1
1175061961,packed_mp_veh_mod_idx_s_6_v18
1175063400,m_cl_clo_grm_u_13_11_t11_v1
1175280063,packed_mp_veh_mod_idx_s_12_v402
1175599639,f_cl_clo_scf_d_25_10_t10_v1
1175644931,vem_colour_1_mct_metallic_blaze_red_t24_v2
1175653228,m_cl_clo_ltsmh_0_1_t14_v0
1175690076,f_ha_cc_f_hs_10_t0_v0
1175706465,vem_colour_extra_1_mct_metallic_saxon_blue_t24_v0
1175714408,packed_mp_veh_mod_idx_s_5_v90
1175716034,packed_mp_veh_mod_idx_s_13_v408
1175766492,f_cl_clo_h4f_decl_46_t11_v1
1175779866,packed_mp_veh_mod_idx_s_21_v210
1175864812,packed_mp_veh_plate_id_v317
1175928076,packed_mp_veh_mod_idx_15_v179
1176051674,f_cl_clo_trf_ph_2_6_t14_v1
1176090411,m_cl_clo_bbm_l_0_3_t4_v1
1176147538,packed_mp_veh_mod_idx_s_16_v279
1176158133,wp_pm_tint5_t3_v33
1176164164,packed_mp_veh_mod_idx_15_v113
1176180291,packed_mp_veh_mod_idx_s_16_v270
1176200650,packed_mp_veh_plate_id_v343
1176421067,packed_mp_veh_mod_idx_s_18_v226
1176535057,packed_mp_veh_mod_idx_s_12_v115
1176634170,f_cl_clo_h3f_o_ff_8_t8_v12
1176681726,m_cl_clo_hp_d_28_t11_v1
1176698661,packed_mp_veh_mod_idx_4_v73
1176708410,packed_mp_veh_primary_colour_group_v344
1176730497,f_cl_outfit_clo_h3f_o_dh_34_t12_v0
1176755547,packed_mp_veh_livery_0_v156
1176779913,dec_vw_aw_wv_44
1176781362,packed_ng_vehicle_smoke_v238
1176796091,packed_mp_veh_secondary_colour_group_v302
1176885834,vem_cmod_tyr_stt_t30_v6
1176965855,packed_mp_veh_colour_extra2_0_v368
1177107289,vem_supermod_17_11_t58_v3
1177331767,vem_cmod_tyr_6_t18_v2
1177367366,packed_mp_veh_livery_0_v87
1177389564,m_cl_clo_indm_d_8_t11_v1
1177509695,vem_cmod_neonlay_1_t21_v2
1177510463,m_ha_cc_mkup_62_t5_v0
1177677553,f_cl_clo_bif_s_17_10_t8_v1
1177706372,f_cl_clo_grf_f_0_25_t6_v1
1177716438,f_cl_clo_grf_u_23_3_t11_v1
1177798531,m_cl_clo_busm_f_1_8_t6_v1
1177899326,packed_mp_veh_mod_idx_18_v142
1177929112,m_cl_f_fmm_1_2_t6_v0
1177990940,m_cl_clo_stm_l_3_10_t4_v1
1178096287,packed_mp_veh_mod_idx_s_8_v263
1178108478,vem_colour_extra_1_mct_classic_saddle_brown_t24_v2
1178112051,ve_landstlkr2_t0_v3
1178241051,f_cl_outfit_clo_suf_o_2_t12_v0
1178284520,packed_mp_veh_mod_idx_4_v0
1178312800,vem_skirt_3_t13_v3
1178372283,f_cl_clo_smf_o_6_t8_v12
1178373174,f_cl_clo_bbf_107_t4_v1
1178377948,packed_mp_veh_mod_idx_s_2_v35
1178482846,packed_mp_veh_mod_idx_s_0_v322
1178483676,m_cl_clo_hp_f_1_11_t6_v1
1178769031,vem_bumper_r_18_t35_v3
1178771096,ve_gauntlet4_t0_v3
1178824859,vem_supermod_22_6_t63_v27
1178845917,m_cl_clo_h3m_o_ff_2_t3_v12
1178922042,packed_mp_veh_mod_idx_s_12_v340
1178999402,packed_lr_vehicle_colour_6_v198
1179017773,packed_mp_veh_mod_idx_7_v215
1179041449,packed_mp_veh_mod_idx_9_v181
1179076543,vem_drft_19_t19_v1
1179117826,wp_wt_petrol_t5_v1
1179179873,vem_spoiler_9_t14_v27
1179195163,packed_mp_veh_colour_extra1_0_v338
1179235102,vem_spt_01_t19_v1
1179301293,packed_mp_veh_mod_idx_s_9_v60
1179321140,packed_mp_veh_primary_colour_group_v145
1179374294,vem_supermod_23_0_t64_v33
1179414454,packed_mp_veh_mod_idx_6_v79
1179428857,ve_baller7_t1_v3
1179470753,packed_mp_veh_mod_idx_s_16_v368
1179478669,f_cl_clo_awf_ph_1_4_t14_v1
1179489302,vem_cmod_pla_2_t23_v2
1179621140,mp_stat_mpsv_model_96
1179713098,packed_mp_veh_mod_idx_8_v198
1179750903,vem_colour_1_mct_classic_formula_red_t24_v4
1179783540,service_earn_gangops_finale
1179784804,vem_colour_mct_none_65
1179803872,vem_supermod_12_5_t53_v3
1179833500,vem_engine_4_t5_v30
1179965082,f_cl_clo_smf_ph_3_17_t14_v1
1179982571,packed_mp_veh_mod_idx_s_16_v236
1180041371,packed_mp_veh_mod_idx_24_v364
1180047478,packed_mp_veh_mod_idx_s_12_v53
1180063138,f_cl_clo_hp_f_u_2_2_t11_v1
1180088317,vem_hlight_14_t11_v38
1180193494,f_cl_clo_stf_u_4_1_t11_v1
1180205571,vem_exhaust_6_t6_v4
1180260746,packed_mp_veh_colour1_0_v327
1180375150,dec_vw_aw_wh_23
1180390990,f_cl_clo_bif_decl_32_t100_v0
1180397655,service_earn_casino_award_high_roller_bronze
1180427401,f_cl_outfit_clo_h3f_o_val_1_t12_v0
1180445163,wp_wct_tint_20_t2_v70_n2
1180470780,m_cl_clo_s2m_d_9_t100_v0
1180489751,vem_supermod_11_6_t52_v27
1180501509,f_cl_rstar_dev_0_t11_v1
1180560841,f_cl_clo_h3f_b_18_18_t1_v1
1180581278,f_cl_clo_scf_d_11_1_t10_v1
1180601765,packed_mp_veh_mod_idx_4_v143
1180615407,ve_oppressor2_t1_v31
1180685436,packed_mp_veh_mod_idx_s_0_v410
1180702334,m_cl_clo_s2m_t_0_0_t7_v1
1180729034,f_cl_clo_sbf_f_0_4_t6_v1
1180791378,packed_ng_vehicle_smoke_v72
1180810366,vem_supermod_58_5_t58_v7
1180908704,f_ha_clo_bbf_h_05_t0_v1
1180946955,packed_mp_veh_mod_idx_s_4_v201
1181042068,packed_mp_veh_mod_idx_11_v97
1181046513,packed_mp_veh_plate_id_v198
1181054631,vem_smod_whlv205_t66_v3
1181075762,packed_ng_vehicle_neon_kit_v155
1181219216,m_cl_clo_fxm_l_3_0_t4_v1
1181390007,vem_smod_whl2_t19_v3
1181468330,vem_supermod_2_7_n1_t43_v3
1181620225,packed_mp_veh_mod_idx_s_10_v197
1181670958,m_cl_clo_halm_10_2_t1_v1
1181783537,packed_mp_veh_mod_idx_s_21_v319
1181947754,dec_vw_aw_wh_39
1182017677,vem_cmod_tyr_lg_t30_v29
1182111698,m_cl_clo_grm_u_15_14_t11_v1
1182146579,f_cl_clo_stf_o_4_t3_v12
1182172508,arc_mac_wizzard_t0_v0
1182200966,f_cl_clo_apf_u_23_5_t11_v1
1182267816,vem_colour_2_mct_metallic_graphite_t25_v3
1182303735,f_cl_clo_x6f_u_25_2_t11_v1
1182311622,packed_mp_veh_mod_idx_0_v151
1182340924,mp_stat_mpsv_model_243
1182372963,packed_mp_veh_livery_0_v42
1182541760,packed_mp_veh_mod_idx_12_v9
1182555100,m_cl_ht_fmm_7_3_t14_v0
1182591704,packed_mp_veh_mod_idx_2_v384
1182673174,service_spend_carwash
1182755312,vem_supermod_0_0_t41_v3
1182821377,packed_mp_veh_mod_idx_s_4_v342
1182944989,packed_ng_vehicle_smoke_v110
1182990705,vem_smod4_whlv203_t66_v3
1183018854,packed_mp_veh_mod_idx_s_12_v163
1183075580,vem_cmod_col5_18_t29_v4
1183085815,packed_mp_veh_window_tint_0_v376
1183097018,vem_colour_2_mct_classic_black_graphite_t25_v2
1183243785,packed_mp_veh_livery2_0_v253
1183258965,packed_lr_vehicle_colour_5_v376
1183272152,f_cl_clo_h3f_b_14_13_t1_v1
1183410770,f_cl_clo_x6f_ph_2_23_t14_v1
1183439789,m_cl_clo_s1m_dec_10_t11_v1
1183445426,vem_supermod_20_1_t61_v26
1183506549,f_cl_clo_sbf_pe_1_7_t14_v1
1183555164,f_cl_clo_hstf_s_8_7_t8_v1
1183619445,f_cl_clo_fxf_pe_5_11_t14_v1
1183627612,vem_colour_extra_1_mct_classic_umber_brown_t24_v33
1183705546,f_cl_f_fmf_14_11_t6_v0
1183777399,packed_mp_veh_mod_idx_4_v320
1183787046,f_ta_tat_hp_002_t0_v0
1183803397,packed_mp_veh_mod_idx_s_20_v43
1183830034,packed_mp_veh_mod_idx_s_20_v186
1183844261,m_cl_clo_fxm_ph_4_13_t14_v1
1183863971,vem_supermod_10_8_t51_v11
1183936575,m_cl_clo_h2m_u_7_14_t11_v1
1183963354,vem_colour_1_mct_classic_orange_t24_v2
1184063292,packed_mp_veh_mod_idx_s_0_v296
1184138986,ve_cerberus3_t1_v38
1184152033,pr_pm_modshop_7_t89_v0
1184170909,packed_mp_veh_mod_idx_13_v57
1184177806,m_ta_tat_lx_001_t0_v0
1184228361,mp_stat_mpsv_model_144
1184234276,vem_horn_hween1_t10_v34
1184247183,vem_supermod_14_3_t55_v6
1184256927,packed_mp_veh_mod_idx_18_v336
1184284684,m_cl_clo_sum_b_2_0_t1_v1
1184303002,vem_cmod_hrn_mus3_t10_v30
1184362153,m_cl_sp_fmm_10_12_t8_v1
1184389242,vem_smod4_whlv3_t66_v1
1184550950,packed_ng_vehicle_smoke_v103
1184701723,cb_buy_1_t1_v4
1184711215,m_cl_clo_fxm_l_5_25_t4_v1
1184733297,vem_suspension_2_t15_v27
1184744338,vem_fender_r_6_t37_v35
1184746510,packed_mp_veh_mod_idx_s_6_v400
1184802888,packed_mp_veh_mod_idx_s_3_v110
1184848187,vem_hood_6_t9_v0
1184853490,f_cl_clo_smf_b_9_19_t1_v1
1184870194,packed_mp_veh_mod_var_0_v315
1184886801,f_cl_clo_l2f_t_2_1_t7_v1
1184916997,wp_wct_tint_19_t2_v21_n2
1184923322,packed_mp_veh_mod_idx_8_v368
1184939309,m_cl_clo_h3m_u_3_0_t11_v1
1185009451,packed_mp_veh_plate_id_v381
1185181760,vem_colour_1_mct_metallic_cast_iron_sil_t24_v33
1185252745,m_cl_f_fmm_10_7_t6_v0
1185265725,vem_supermod_0_12_t41_v26
1185269498,vem_cmod_col5_22_t29_v0
1185302524,f_cl_clo_suf_u_3_3_t11_v1
1185328739,m_cl_f_fmm_8_0_t6_v0
1185362344,packed_mp_veh_mod_idx_1_v223
1185371546,packed_mp_veh_mod_idx_18_v158
1185484085,vem_supermod_13_9_t54_v26
1185499912,m_cl_clo_fxm_ph_1_15_t14_v1
1185552415,f_cl_clo_grf_u_22_12_t11_v1
1185571587,vem_drft_15_t19_v2
1185616185,vem_supermod_48_9_t48_v7
1185656590,packed_mp_veh_mod_idx_s_22_v414
1185661460,m_cl_clo_x6m_f_4_1_t6_v1
1185701619,packed_mp_veh_mod_idx_s_11_v48
1185717717,m_cl_outfit_clo_arm_o_7_t12_v0
1185736607,m_cl_clo_exm_g_19_8_t14_v1
1185747483,m_cl_clo_indm_b_0_0_t1_v1
1185763952,fa_upgrade_coke_sec_0_t0_v0
1185834394,vem_colour_extra_1_mct_matte_dark_red_t24_v0
1185958246,vem_bumper_f_3_t34_v26
1185973133,kosatk_fla_40_t0_v0
1185984936,f_cl_clo_smf_u_4_5_t11_v1
1186025900,vem_supermod_10_12_t51_v28
1186053340,m_cl_clo_sbm_pe_1_4_t14_v1
1186214960,f_cl_clo_h4f_ph_0_16_t14_v1
1186222728,f_cl_clo_exf_eu_8_1_t11_v1
1186258434,f_cl_clo_bhf_u_10_14_t11_v1
1186287694,vem_supermod_23_21_n1_t64_v33
1186412342,f_cl_clo_exf_decl_4_t11_v1
1186520324,f_ta_tat_vw_015_t0_v0
1186726895,packed_mp_veh_mod_idx_13_v55
1186855966,packed_ng_vehicle_neon_v303
1187014203,f_cl_clo_sbf_ph_5_25_t14_v1
1187058560,packed_mp_veh_mod_idx_9_v343
1187084971,packed_mp_veh_mod_idx_8_v159
1187158116,vem_yacht_col_3_v0
1187222476,packed_ng_vehicle_neon_kit_v31
1187379052,f_cl_clo_bhf_u_5_11_t11_v1
1187567291,packed_mp_veh_mod_idx_s_7_v389
1187615606,vem_supermod_41_0_t41_v7
1187698613,packed_mp_veh_colour_extra1_0_v45
1187707277,vem_rwd_musc_20_t19_v0
1187803290,m_cl_clo_x4m_u_10_4_t11_v1
1187862723,vem_chassis_8_t4_v39
1187914800,packed_mp_veh_primary_colour_group_v20
1188122279,packed_mp_veh_mod_idx_s_14_v131
1188129961,f_cl_clo_bif_u_9_5_t11_v1
1188271482,f_cl_clo_suf_u_17_1_t11_v1
1188378586,f_cl_clo_suf_l_3_4_t4_v1
1188389745,m_cl_clo_vwm_u_15_18_t11_v1
1188435315,packed_lr_vehicle_colour_5_v333
1188558611,vem_horn_cnote_e0_t10_v37
1188574787,vem_horn_cnote_c1_t10_v38
1188584596,packed_mp_veh_mod_idx_s_20_v411
1188671980,f_cl_clo_smf_b_5_21_t1_v1
1188676333,vem_fender_l_1_t36_v3
1188692310,packed_mp_veh_mod_idx_s_20_v208
1188746245,f_cl_clo_sbf_f_2_2_t6_v1
1188747054,vem_colour_1_mct_classic_blaze_red_t24_v4
1188750549,vem_supermod_19_15_t60_v3
1188775674,f_cl_clo_vwf_u_16_1_t11_v1
1188783853,factory_index_27_t0_v0
1188860579,vem_colour_extra_1_mct_matte_matte_foil_t24_v2
1188901111,vem_chassis_25_t4_v35
1188933622,packed_mp_veh_mod_idx_s_11_v234
1189058669,f_cl_clo_bif_b_0_5_t1_v1
1189081657,packed_mp_veh_mod_idx_4_v395
1189086574,m_cl_sp_fmm_10_11_t8_v1
1189197283,packed_mp_veh_mod_idx_s_19_v29
1189213523,packed_mp_veh_mod_idx_s_3_v77
1189313777,packed_mp_veh_mod_idx_s_17_v411
1189328187,vem_horn_xm15_1_t10_v27
1189344377,vem_insurance_greenwood
1189370639,packed_mp_veh_mod_idx_11_v169
1189397824,m_cl_clo_grm_ph_2_4_t14_v1
1189492786,vem_supermod_1_5_t42_v27
1189503326,packed_mp_veh_mod_idx_s_7_v48
1189613072,vem_colour_2_mct_metallic_moss_brown_t25_v2
1189656970,packed_mp_veh_livery2_0_v150
1189669261,packed_mp_veh_mod_idx_12_v110
1189671022,f_cl_clo_vwf_pw_3_3_t14_v1
1189699854,packed_mp_veh_mod_var_1_v409
1189801434,packed_mp_veh_mod_idx_s_11_v119
1189830700,packed_mp_veh_mod_idx_12_v48
1189831480,m_cl_outfit_clo_h3m_o_sh_15_t12_v0
1189851299,f_cl_clo_hstfb_17_1_t1_v1
1189909277,packed_mp_veh_mod_idx_4_v218
1190010013,vem_insurance_bullet
1190035061,packed_mp_veh_mod_idx_22_v252
1190049131,f_cl_clo_grf_decl_3_t100_v0
1190202356,vem_smod4_whlv127_t66_v2
1190364855,f_cl_clo_fxf_l_0_8_t4_v1
1190373897,packed_mp_veh_mod_idx_11_v0
1190400447,vem_supermod_17_5_t58_v38
1190465184,packed_mp_veh_mod_idx_1_v53
1190479539,hangar_mod_lighting_10_t0_v0
1190480000,packed_mp_veh_mod_idx_s_23_v237
1190652181,arc_mac_pen_t0_v0
1190668176,vem_engine_3_t5_v2
1190673565,f_cl_clo_grf_g_0_17_t3_v1
1190725659,m_cl_clo_l2m_e_32_1_t14_v1
1190739054,m_cl_clo_x4m_b_7_0_t1_v1
1190810492,vem_colour_extra_1_mct_metallic_flur_yellow_t24_v33
1190820102,vem_drft_07_t19_v2
1190855562,packed_mp_veh_mod_idx_s_15_v79
1190899801,m_cl_clo_scm_u_48_17_t11_v1
1190934505,f_cl_clo_h3f_u_14_2_t11_v1
1190934666,packed_mp_veh_colour2_0_v104
1191063147,vem_cmod_win_3_t33_v2
1191222969,vem_livery_5_t26_v2
1191272489,m_cl_clo_awm_u_17_0_t11_v1
1191276154,m_cl_clo_h2m_o_s_16_t3_v12
1191336173,packed_mp_veh_mod_idx_s_6_v193
1191359964,vem_supermod_3_1_t44_v6
1191384292,m_cl_clo_awm_decl_91_t100_v0
1191405310,f_cl_clo_vwf_l_1_9_t4_v1
1191416921,packed_mp_veh_mod_idx_9_v240
1191450368,packed_mp_veh_window_tint_0_v135
1191507604,vem_hood_9_t9_v0
1191537732,m_cl_clo_h3m_o_sl_22_t3_v12
1191542922,vem_colour_extra_1_mct_metallic_ultra_blue_t24_v1
1191684618,m_cl_clo_hstmb_16_3_t1_v1
1191806941,packed_mp_veh_mod_idx_s_15_v249
1191958500,packed_mp_veh_mod_idx_s_5_v145
1191995048,vem_colour_extra_1_mct_classic_bison_brown_t24_v1
1192099985,f_cl_clo_bhf_u_2_13_t11_v1
1192135096,m_cl_clo_grm_l_4_4_t4_v1
1192224929,m_cl_clo_sbm_u_12_1_t11_v1
1192231932,f_cl_clo_s2f_u_9_1_t100_v0
1192250945,m_cl_outfit_clo_hilf_o_27_t12_v0
1192296936,packed_lr_vehicle_colour_5_v69
1192324515,f_cl_outfit_clo_hstf_o_m_0_t12_v0
1192339286,vem_spoiler_2_t14_v35
1192466464,packed_mp_veh_colour_extra2_0_v395
1192500488,m_ta_tat_x6_041_t0_v0
1192507239,packed_mp_veh_mod_idx_23_v159
1192575968,f_cl_clo_vwf_pe_2_2_t14_v1
1192616069,vem_bumper_f_3_t34_v3
1192658584,f_cl_u_fmf_15_3_t8_v0
1192697013,packed_lr_vehicle_colour_5_v392
1192736547,m_cl_clo_hstm_o_n_2_t8_v12
1192746460,m_cl_clo_s2m_o_11_t3_v12
1192858413,vem_cmod_tyr_pat_t18_v1
1192889877,m_cl_clo_vwm_pw_4_3_t14_v1
1192982071,vem_supermod_19_4_t60_v27
1192993371,f_cl_clo_grf_u_7_16_t11_v1
1193020255,m_cl_clo_x6m_ph_1011_t14_v1
1193114149,vem_spt_22_t19_v3
1193150173,m_cl_clo_x6m_f_6_0_t6_v1
1193205426,wp_wct_scope_med_t1_v9
1193234820,packed_ng_vehicle_neon_kit_v378
1193251169,packed_mp_veh_mod_idx_s_12_v74
1193345577,f_cl_clo_exf_ef_0_6_t6_v1
1193380155,packed_mp_veh_mod_idx_s_9_v281
1193436779,m_cl_clo_vwm_decl_0_t100_v0
1193636225,f_cl_clo_sbf_f_4_5_t6_v1
1193678487,m_cl_clo_bhm_u_13_0_t11_v1
1193820362,m_cl_clo_h2m_f_3_24_t6_v1
1193915468,vem_drft_05_t19_v0
1193960059,wp_wm_tint3_t2_v21
1194006417,m_cl_outfit_clo_hstm_o_k_0_t12_v0
1194061432,packed_mp_veh_mod_idx_s_4_v353
1194106927,vem_chassis_3_t4_v6
1194160101,vem_insurance_marshall
1194176258,packed_ng_vehicle_insurance_v345
1194204925,packed_mp_veh_mod_idx_s_6_v44
1194397153,m_cl_clo_vwm_u_20_2_t11_v1
1194432201,m_cl_outfit_clo_assm_o_4_t12_v0
1194477832,packed_mp_veh_mod_idx_s_9_v337
1194523304,f_ta_tat_hp_015_t0_v0
1194624098,vem_colour_1_mct_classic_bison_brown_t24_v4
1194659016,vem_smod5_whlv184_t66_v3
1194736321,packed_ng_vehicle_bpt_v271
1194803940,packed_mp_veh_mod_idx_s_8_v162
1194914291,f_ta_tat_vw_032_t0_v0
1194936404,vem_colour_1_mct_classic_midnight_silver_t24_v2
1194952052,packed_mp_veh_mod_idx_s_1_v166
1195121114,f_cl_clo_awf_decl_120_t100_v0
1195127811,vem_smod2_whlv52_t66_v3
1195128764,vem_grill_4_t8_v4
1195200738,f_cl_clo_bif_u_11_0_t11_v1
1195214720,packed_mp_veh_mod_idx_14_v28
1195248039,vem_supermod_3_11_t44_v27
1195254692,vem_colour_extra_1_mct_pearlescent_nautical_blue_t24_v2
1195260676,vem_skirt_0_t13_v32
1195312460,packed_ng_vehicle_insurance_v396
1195314333,vem_suv_08_t19_v2
1195359138,f_ta_tat_h4_000_t0_v0
1195366496,vem_supermod_18_4_n1_t59_v38
1195430710,f_cl_clo_bhf_l_0_8_t4_v1
1195434998,packed_mp_veh_mod_idx_s_15_v414
1195504202,vem_smod2_whlv158_t66_v3
1195516994,m_cl_clo_hilf_o_18_t3_v12
1195635190,vem_colour_1_mct_metallic_saddle_brown_t24_v0
1195635270,packed_mp_veh_window_tint_0_v334
1195653906,packed_mp_veh_mod_idx_6_v297
1195701683,f_cl_clo_sbf_l_3_17_t4_v1
1195794726,vem_colour_extra_1_mct_classic_saxon_blue_t24_v3
1195811551,f_cl_clo_grf_b_0_12_t1_v1
1195853003,m_cl_clo_grm_b_0_13_t1_v1
1195939059,packed_mp_veh_mod_idx_s_12_v277
1195961115,vem_supermod_22_20_t63_v3
1195961574,f_cl_clo_hp_f_d_13_t11_v1
1196023201,f_cl_u_fmf_0_9_t8_v0
1196060463,vem_skirt_16_t13_v3
1196127719,vem_colour_2_mct_metals_gold_p_t25_v3
1196234222,packed_mp_veh_mod_idx_16_v245
1196234371,m_ta_tat_ar_003_t0_v0
1196265759,wp_wct_clip_tr_t0_v48_n2
1196277379,f_cl_clo_grf_g_0_14_t3_v1
1196301501,ccur_payout
1196351001,packed_mp_veh_mod_idx_12_v329
1196385518,m_ta_tat_bi_057_t0_v0
1196486634,ve_vectre_t0_v3
1196542242,kosatk_fla_13_t0_v0
1196571744,packed_mp_veh_mod_idx_9_v148
1196633686,vem_musc_17_t19_v12
1196646229,packed_mp_veh_mod_idx_s_11_v35
1196655352,vem_drft_02_t19_v0
1196748216,packed_mp_veh_mod_idx_4_v411
1196856332,vem_colour_1_mct_classic_light_blue_t24_v3
1196864005,f_cl_clo_h3f_u_10_23_t11_v1
1196924222,ve_bati_t0_v4
1196967354,ve_boxville_n1_t1_v0
1197000959,f_cl_clo_sbf_pe_1_3_t14_v1
1197005571,packed_ng_vehicle_neon_kit_v258
1197076535,vem_supermod_23_37_t64_v33
1197289433,m_cl_clo_grm_l_4_6_t4_v1
1197289929,packed_mp_veh_colour2_0_v200
1197318837,f_cl_clo_indf_d_16_t11_v1
1197340828,f_cl_clo_x4f_u_13_6_t11_v1
1197344797,vem_colour_5_spin_purple_t38_v0
1197473455,m_cl_clo_bus_p_0_2_t14_v1
1197497299,vem_rwd_drft_02_t19_v0
1197540682,packed_mp_veh_mod_idx_s_9_v231
1197552314,pr_pm_bfont_2_t0_v0
1197576770,f_cl_clo_l2f_h_0_2_t14_v1
1197647135,m_cl_clo_sum_u_8_1_t11_v1
1197780406,vem_colour_extra_1_mct_pearlescent_mariner_blue_t24_v4
1197826881,vem_rwd_loride_04_t19_v1
1197856063,packed_mp_veh_mod_idx_s_14_v310
1197909346,m_cl_clo_bim_pw_7_2_t14_v1
1197940418,vem_colour_1_mct_metallic_anthr_black_t24_v33
1197964428,m_cl_clo_scm_f_0_2_t6_v1
1197973975,packed_mp_veh_mod_idx_s_2_v335
1198049659,f_cl_clo_x6f_t_4_0_t7_v1
1198052417,vem_insurance_impaler4
1198063027,pr_pm_modshop_15_t90_v0
1198096428,m_cl_outfit_clo_s1m_o_0_t12_v0
1198135588,f_cl_clo_s2f_d_0_t100_v0
1198194517,packed_mp_veh_mod_idx_s_11_v265
1198352944,packed_mp_veh_mod_idx_s_10_v137
1198437675,packed_mp_veh_mod_idx_s_3_v370
1198511787,vem_colour_1_mct_classic_beechwood_brown_t24_v2
1198636667,packed_mp_veh_mod_idx_5_v328
1198715040,packed_mp_veh_mod_idx_s_13_v219
1198736718,vem_colour_extra_1_mct_classic_beechwood_brown_t24_v33
1198739184,m_cl_clo_trm_o_r8_t3_v12
1198740276,f_cl_clo_bhf_decl_22_t11_v1
1198843573,vem_smod4_whlv155_t66_v3
1198846064,packed_mp_veh_mod_idx_16_v367
1198894588,packed_mp_veh_mod_idx_16_v107
1198933980,vem_suspension_4_t15_v27
1199002879,f_cl_u_fmf_3_0_t11_v0
1199026964,vem_colour_2_mct_classic_sandy_brown_t25_v33
1199035637,m_cl_clo_hstm_h_4_t14_v1
1199109195,packed_mp_veh_mod_idx_4_v385
1199174423,packed_mp_veh_mod_idx_s_3_v47
1199230762,f_ta_tat_bi_058_t0_v0_cesp
1199284083,packed_mp_veh_mod_idx_s_18_v126
1199445478,vem_colour_2_mct_matte_matte_od_t25_v0
1199512174,vem_supermod_13_0_t54_v3
1199518420,vem_insurance_dubsta3
1199551039,vem_hood_8_t9_v6
1199840114,m_cl_clo_fxm_ph_0_15_t14_v1
1199905975,vem_horn_hips3_t10_v36
1199935651,m_cl_clo_fxm_ph_1_0_t14_v1
1199956336,m_cl_clo_grm_b_0_16_t1_v1
1199960581,packed_mp_veh_mod_idx_s_8_v188
1200038844,m_cl_clo_vwm_u_4_3_t11_v1
1200045238,vem_drft_06_t19_v2
1200074917,packed_mp_veh_mod_idx_6_v215
1200129065,m_cl_clo_fxm_l_4_12_t4_v1
1200204202,vem_brake_3_t2_v1
1200308928,packed_mp_veh_livery2_0_v332
1200339277,vem_cmod_neonlay_7_t21_v0
1200451441,packed_mp_veh_mod_idx_s_13_v202
1200491297,vem_rwd_loride_06_t19_v1
1200754558,m_cl_l_fmm_14_12_t4_v0
1200781357,vem_colour_1_mct_metallic_olive_green_t24_v4
1200832467,dec_vw_aw_wv_48
1200916833,fcclub_dj2_0_t0_v0
1200987671,packed_mp_veh_mod_idx_5_v212
1200995679,vem_colour_extra_1_mct_pearlescent_dark_blue_t24_v0
1201147282,packed_mp_veh_mod_idx_s_19_v317
1201153348,packed_mp_veh_mod_idx_s_18_v114
1201196250,packed_mp_veh_mod_idx_s_14_v129
1201211845,f_cl_clo_exf_oa_0_t100_v0
1201249550,packed_ng_vehicle_smoke_v376
1201285796,packed_mp_veh_mod_idx_s_0_v160
1201300019,packed_mp_veh_mod_idx_s_11_v52
1201322042,packed_mp_veh_mod_idx_6_v345
1201344192,packed_mp_veh_mod_idx_s_20_v120
1201366502,m_cl_clo_sbm_f_4_6_t6_v1
1201368887,m_cl_clo_awm_l_0_12_t4_v1
1201377406,packed_mp_veh_primary_colour_group_v228
1201389566,f_cl_clo_smf_ph_6_18_t14_v1
1201390832,vem_supermod_6_4_t47_v7
1201424362,f_cl_clo_h2f_b_3_2_t1_v1
1201524606,packed_mp_veh_mod_idx_15_v363
1201528917,packed_mp_veh_mod_idx_12_v73
1201555896,vem_insurance_issi8
1201557153,packed_mp_veh_mod_var_0_v125
1201564353,m_ta_tat_hp_010_t0_v0
1201658021,f_ha_cc_eyebrw_30_t2_v1
1201677559,f_cl_clo_fxf_l_4_11_t4_v1
1201826481,f_cl_clo_h3f_u_12_5_t11_v1
1201942283,m_cl_clo_h3m_l_4_5_t4_v1
1201976017,packed_mp_veh_livery_0_v71
1202101121,packed_mp_veh_mod_idx_s_2_v313
1202216026,vem_cmod_hrn_clo_t10_v27
1202257030,f_cl_clo_half_6_2_t1_v1
1202277890,m_ta_tat_x2_014_t0_v0
1202323392,f_cl_outfit_clo_h2f_o_s_18_t12_v0
1202400070,packed_ng_vehicle_insurance_v256
1202468644,m_cl_clo_stm_l_3_11_t4_v1
1202492165,ve_nightshark_t0_v3
1202510912,vem_smod_whlv78_t66_v3
1202694338,packed_mp_veh_mod_idx_8_v238
1202732438,f_cl_clo_indf_d_9_t100_v0
1202818987,packed_mp_veh_mod_idx_23_v277
1202835271,vem_colour_2_mct_classic_bronze_t25_v3
1202986051,m_ta_tat_vw_013_t0_v0
1203018977,m_cl_clo_smm_b_0_4_t1_v1
1203053615,vem_smod4_whlv117_t66_v1
1203211625,m_ha_cc_body_1_7_t3_v0
1203348319,packed_mp_veh_mod_idx_4_v265
1203466129,vem_colour_extra_1_mct_pearlescent_ultra_blue_t24_v3
1203533366,m_cl_clo_iem_b_6_0_t1_v1
1203548390,packed_mp_veh_mod_idx_s_7_v7
1203567124,vem_colour_6_formula_red_t65_v3
1203584466,vem_supermod_2_9_n1_t43_v3
1203668238,m_cl_clo_trm_d_13_0_t10_v1
1203752954,m_cl_clo_grm_ph_4_8_t14_v1
1203766662,packed_ng_vehicle_neon_v354
1203773694,m_cl_clo_indm_ht_3_0_t14_v1
1203923789,vem_supermod_1_7_t42_v3
1203966996,m_cl_clo_h2m_u_6_16_t11_v1
1204060374,f_cl_clo_awf_o_h_3_t3_v12
1204064130,packed_mp_veh_colour2_0_v412
1204070425,packed_ng_vehicle_insurance_v266
1204126556,vem_chassis_2_t4_v6
1204134136,vem_supermod_0_5_t41_v26
1204146562,vem_horn_clas5_t10_v39
1204160438,packed_mp_veh_mod_idx_s_20_v248
1204224090,packed_ng_vehicle_neon_v206
1204240137,vem_supermod_20_13_t61_v26
1204281795,packed_mp_veh_livery_0_v166
1204350620,packed_ng_vehicle_neon_kit_v335
1204367968,f_cl_u_fmf_9_0_t11_v0
1204377647,packed_ng_vehicle_insurance_v126
1204406957,packed_mp_veh_mod_idx_s_11_v13
1204508696,vem_cmod_neonlay_4_t21_v26
1204560912,vem_smod4_whlv196_t66_v0
1204592685,m_cl_clo_iem_b_1_4_t1_v1
1204644983,vem_grill_19_t8_v38
1204656854,vem_rwd_hiend_13_t19_v3
1204679544,f_cl_clo_bif_u_10_7_t11_v1
1204704109,packed_mp_veh_mod_idx_22_v105
1204707483,packed_mp_veh_colour_extra1_0_v263
1204708422,vem_smod_whlv80_t66_v0
1204752281,vem_colour_1_mct_classic_rolled_steel_t24_v4
1204796908,vem_supermod_22_2_t63_v26
1204893281,f_cl_clo_ief_f_0_4_t6_v1
1204902209,packed_mp_veh_mod_idx_18_v382
1204944929,vem_supermod_7_9_t48_v28
1205002659,ve_rt3000_t0_v3
1205041258,vem_colour_1_mct_metallic_dark_blue_t24_v3
1205073970,vem_smod_whlv10_t66_v0
1205128316,packed_mp_veh_mod_idx_s_5_v265
1205163233,f_cl_clo_smf_u_6_0_t11_v1
1205180664,vem_colour_2_mct_metallic_lime_green_t25_v0
1205303930,vem_horn_hips2_t10_v38
1205326327,vem_supermod_1_0_t42_v33
1205350191,m_cl_clo_x6m_u_0_3_t11_v1
1205351585,packed_mp_veh_mod_idx_s_23_v100
1205356979,vem_roof_7_t12_v1
1205366156,vem_supermod_21_0_t62_v10
1205369046,f_cl_clo_ief_l_4_5_t4_v1
1205512046,m_cl_clo_h3m_o_bs_1_t3_v12
1205549337,m_cl_clo_x3m_u_1_11_t11_v1
1205550220,m_cl_clo_stm_o_9_t11_v12
1205559902,f_cl_clo_grf_u_20_8_t11_v1
1205565382,packed_mp_veh_window_tint_0_v202
1205621939,f_cl_clo_v2f_u_3_0_t11_v1
1205653104,m_cl_clo_x6m_u_2_13_t11_v1
1205746074,m_ha_cc_m_hs_8_t0_v1
1205755584,m_cl_clo_hp_u_3_4_t8_v1
1205787556,vem_colour_1_mct_classic_straw_brown_t24_v4
1206100677,vem_cmod_hrn_cop_t10_v1
1206106922,packed_mp_veh_colour_extra1_0_v404
1206122255,f_cl_clo_h3f_l_2_0_t4_v1
1206128751,vem_supermod_23_30_n1_t64_v34
1206368393,packed_mp_veh_mod_var_0_v247
1206382503,packed_ng_vehicle_bpt_v127
1206390416,f_cl_clo_bhf_decl_19_t100_v0
1206532085,packed_mp_veh_livery2_0_v141
1206572084,packed_mp_veh_plate_id_v164
1206574678,f_cl_clo_h4f_d_0_0_t10_v1
1206678137,packed_mp_veh_mod_idx_s_23_v151
1206681997,wp_wct_c_tint_2_t2_v48_n2
1206753241,packed_mp_veh_mod_idx_9_v277
1206760013,pr_pm_modshop_13_t88_v0
1206894281,packed_mp_veh_livery2_0_v386
1206960742,packed_mp_veh_mod_idx_s_18_v327
1207027966,f_cl_clo_h2f_s_9_11_t8_v1
1207054630,packed_mp_veh_mod_idx_s_18_v230
1207127577,packed_mp_veh_mod_idx_s_5_v258
1207184696,m_cl_clo_smm_b_6_18_t1_v1
1207281793,f_cl_clo_hp_f_o_7_t3_v12
1207343773,vem_smod5_whlv111_t66_v3
1207408424,packed_mp_veh_mod_idx_s_10_v41
1207420317,packed_mp_veh_mod_idx_s_18_v216
1207464630,wp_wm_tint6_t2_v57
1207493075,f_cl_clo_sbf_ph_1_0_t14_v1
1207540230,packed_mp_veh_mod_idx_13_v78
1207615711,packed_mp_veh_mod_idx_s_3_v325
1207695492,packed_mp_veh_mod_idx_s_22_v301
1207703202,ve_coach_t0_v0
1207715564,packed_mp_veh_mod_idx_0_v358
1207726223,m_cl_clo_grm_decl_3_t100_v0
1207766608,f_cl_clo_vwf_d_1_17_t10_v1
1207801843,packed_mp_veh_colour_extra2_0_v67
1207914948,packed_mp_veh_mod_idx_s_16_v157
1207973587,vem_spt_06_t19_v2
1208069325,vem_colour_2_mct_metallic_midnight_silver_t25_v2
1208096366,vem_colour_6_flur_yellow_t65_v3
1208096994,packed_mp_veh_mod_idx_s_3_v243
1208112636,candc_hacker_dec_4_t0_v0
1208136737,m_cl_clo_sbm_e_0_10_t14_v1
1208161904,vem_colour_2_mct_metallic_cast_iron_sil_t25_v3
1208251429,m_cl_clo_arm_ph_0_11_t14_v1
1208269087,vem_bumper_r_22_t35_v3
1208360314,packed_mp_veh_mod_idx_s_12_v251
1208478515,packed_mp_veh_mod_idx_23_v405
1208497490,f_cl_clo_jaf_o_3_t8_v12
1208510541,m_cl_clo_grm_ph_3_7_t14_v1
1208540432,packed_mp_veh_mod_idx_s_8_v241
1208553146,service_spend_boat_pickup
1208602299,packed_mp_veh_mod_idx_s_4_v268
1208637858,packed_mp_veh_mod_idx_s_17_v396
1208716986,m_cl_clo_grm_l_2_17_t4_v1
1208766012,packed_ng_vehicle_insurance_v46
1208775055,packed_mp_veh_mod_idx_2_v168
1208788585,m_cl_clo_arm_o_0_t11_v12
1208829220,m_cl_clo_busm_t_1_4_t7_v1
1208908646,m_cl_clo_smm_b_2_21_t1_v1
1208910583,m_cl_outfit_clo_hstm_o_d_0_t12_v0
1208912815,m_cl_clo_x6m_f_6_18_t6_v1
1209045773,m_cl_clo_hstm_b_6_1_t1_v1
1209124111,vem_cmod_hrn_cop_t10_v33
1209188478,f_cl_clo_hp_f_f_1_13_t6_v1
1209223252,m_cl_clo_vwm_u_21_19_t11_v1
1209271783,f_cl_clo_h4f_decl_12_t100_v0
1209280954,vem_supermod_55_20_t55_v7
1209357446,packed_mp_veh_mod_idx_10_v118
1209357899,f_cl_clo_stf_o_4_t3_v12_cesp
1209584034,packed_ng_vehicle_bpt_v237
1209643072,f_cl_clo_smf_ph_0_20_t14_v1
1209669400,packed_mp_veh_window_tint_0_v153
1209675224,vem_cmod_tyr_12_t18_v30
1209675529,packed_mp_veh_mod_idx_10_v337
1209715475,packed_mp_veh_mod_idx_s_0_v386
1209730620,packed_mp_veh_mod_idx_s_2_v176
1209732450,packed_mp_veh_mod_idx_9_v92
1209739299,f_cl_clo_vwf_f_1_7_t6_v1
1209791304,f_cl_clo_l2f_u_7_3_t11_v1
1209822874,ve_svolito2_t0_v0
1209955215,packed_ng_vehicle_neon_kit_v105
1210018603,packed_mp_veh_mod_idx_s_13_v317
1210148735,packed_mp_veh_mod_idx_13_v166
1210227604,wp_wct_tint_8_t2_v46_n2
1210272821,packed_mp_veh_colour_extra2_0_v228
1210343545,packed_mp_veh_mod_idx_7_v245
1210397261,f_cl_clo_busf_g0_1_t14_v1
1210399337,m_cl_clo_s1m_dec_7_t100_v0
1210547017,f_cl_clo_exf_eu_3_0_t11_v1
1210568227,f_cl_g_fmf_2_1_t14_v0
1210638099,vem_colour_extra_1_mct_classic_olive_green_t24_v3
1210795708,packed_mp_veh_mod_idx_s_2_v142
1210804637,m_cl_clo_x6m_u_2_11_t11_v1
1210832110,vem_cmod_hrn_mus4_t10_v10
1210835307,packed_mp_veh_livery_0_v155
1210856932,vem_exhaust_7_t6_v35
1210870633,packed_lr_vehicle_colour_6_v48
1210879709,vem_brake_2_t2_v6
1210974981,f_cl_outfit_clo_h2f_o_c_11_t12_v0
1211253461,packed_mp_veh_mod_idx_s_16_v29
1211263013,packed_mp_veh_mod_idx_22_v168
1211272020,ve_issi3_t0_v3
1211275653,wp_wm_tint1_t2_v3
1211392683,f_ta_tat_h27_014_t0_v0
1211609589,f_cl_clo_awf_decl_77_t100_v0
1211772015,wp_wm_tint7_t2_v68
1211898586,f_cl_clo_s2f_l_0_1_t4_v1
1211907806,vem_horn_clas7_t10_v34
1211929926,vem_rwd_spt_12_t19_v0
1211931301,vem_supermod_41_12_t41_v7
1211946739,packed_mp_veh_mod_idx_s_8_v369
1211995774,wp_wct_barr2_t1_v5_n2
1212080226,packed_mp_veh_mod_idx_7_v241
1212139770,m_cl_clo_h4m_b_1_7_t1_v1
1212157684,m_cl_clo_hstm_u_15_5_t11_v1
1212318266,packed_ng_vehicle_bpt_v327
1212383318,vem_colour_1_mct_metallic_diamond_blue_t24_v2
1212388921,vem_colour_1_mct_metallic_purple_t24_v2
1212452089,vem_armour_0_t1_v11
1212458544,packed_mp_veh_mod_idx_s_3_v169
1212600888,packed_mp_veh_mod_idx_s_10_v394
1212744660,f_cl_clo_bhf_l_2_2_t4_v1
1212788554,packed_mp_veh_mod_idx_4_v42
1212880625,m_cl_clo_scm_f_0_20_t6_v1
1212991257,packed_mp_veh_mod_idx_0_v94
1213006581,vem_horn_cnote_a0_t10_v29
1213129829,ve_banshee_t0_v3
1213175503,vem_colour_mct_none_139
1213199584,packed_mp_veh_mod_idx_14_v105
1213200839,packed_mp_veh_livery_0_v126
1213211622,m_cl_u_fmm_14_13_t8_v1
1213306947,packed_mp_veh_mod_idx_9_v402
1213309279,f_cl_outfit_clo_hp_f_o_7_t12_v0
1213310970,vem_colour_extra_1_mct_metallic_garnet_red_t24_v1
1213402863,packed_mp_veh_mod_idx_10_v6
1213440695,m_cl_clo_sum_b_1_2_t1_v1
1213490379,packed_mp_veh_mod_idx_s_16_v331
1213501890,packed_mp_veh_mod_idx_s_2_v281
1213542271,m_cl_clo_grm_ph_2_25_t14_v1
1213563782,packed_mp_veh_mod_idx_4_v77
1213586207,vem_bikew_01_t19_v3
1213611902,m_cl_f_fmm_7_8_t6_v0
1213736421,packed_ng_vehicle_bpt_v98
1213828782,vem_cmod_hrn_0_t10_v2
1213915576,f_cl_clo_h3f_s_1_9_t8_v1
1213924051,packed_lr_vehicle_colour_6_v117
1214191242,m_cl_clo_awm_b_8_5_t1_v1
1214268549,packed_mp_veh_mod_idx_s_14_v172
1214274116,f_cl_clo_suf_l_2_4_t4_v1
1214314806,m_cl_clo_hstm_t_0_0_t7_v1
1214323206,f_cl_outfit_clo_trf_o_front_t12_v0
1214335011,packed_mp_veh_mod_idx_s_22_v210
1214342200,vem_supermod_9_1_t50_v26
1214467268,packed_mp_veh_mod_idx_s_23_v247
1214502877,m_cl_clo_bbm_h_1_6_t14_v1
1214601015,packed_mp_veh_mod_var_0_v178
1214601124,f_cl_clo_suf_o_2_t3_v12
1214630274,m_cl_clo_hstm_g_1_0_t3_v1
1214638637,packed_mp_veh_mod_idx_s_7_v329
1214667710,packed_mp_veh_mod_idx_s_0_v208
1214746853,packed_mp_veh_mod_idx_3_v174
1214812400,vem_colour_extra_1_mct_metallic_orange_t24_v4
1214924391,vem_smod5_whlv179_t66_v3
1214953322,f_cl_clo_x17f_o_m_4_t8_v12
1215056251,m_cl_clo_iem_u_16_4_t11_v1_cesp
1215110793,f_cl_clo_fxf_u_4_17_t11_v1
1215285282,f_cl_clo_hstf_o_i_2_t3_v12
1215512075,m_ta_tat_lx_003_t0_v0
1215532625,f_cl_clo_grf_u_6_18_t11_v1
1215534009,f_cl_clo_suf_u_2_3_t11_v1
1215740539,m_cl_clo_smm_ph_8_10_t14_v1
1215790561,f_cl_clo_grf_ph_5_18_t14_v1
1215809277,f_cl_clo_x6f_ph_0_7_t14_v1
1215855208,f_cl_clo_x6f_u_3_11_t11_v1
1215913530,packed_mp_veh_mod_idx_s_14_v66
1215947624,wp_wct_camo_9_t1_v48_n2
1216161252,packed_lr_vehicle_colour_5_v298
1216187735,vem_colour_1_mct_matte_white_t24_v2
1216223036,packed_mp_veh_mod_idx_16_v233
1216248867,pr_mp_prop_30_t0_v0
1216266477,packed_mp_veh_mod_idx_9_v160
1216297565,packed_mp_veh_mod_var_0_v371
1216385789,m_cl_clo_hstmb_18_1_t1_v1
1216397967,vem_horn_clas7_t10_v26
1216420663,f_cl_clo_fxf_ph_2_10_t14_v1
1216451637,m_cl_outfit_clo_exm_ob_2_t12_v0
1216541829,packed_mp_veh_mod_idx_s_12_v153
1216586080,vem_cmod_neoncol_3_t21_v1
1216613727,m_cl_outfit_clo_l2m_o_6_t12_v0
1216695588,m_cl_clo_x6m_f_12_10_t6_v1
1216697730,packed_mp_veh_colour_extra1_0_v55
1216710733,wp_wct_tint_7_t2_v56_n2
1216719771,packed_mp_veh_mod_idx_s_0_v150
1216869013,vem_supermod_3_9_t44_v27
1216915243,vem_smod_whlv8_t66_v0
1216950957,vem_supermod_10_1_t51_v26
1216979963,vem_rwd_drft_13_t19_v3
1217022811,ve_minivan_t0_v0
1217199960,packed_mp_veh_mod_idx_s_12_v216
1217222126,m_cl_clo_fxm_ph_0_13_t14_v1
1217498938,m_ta_tat_h27_021_t0_v0
1217547969,packed_mp_veh_mod_idx_18_v20
1217548365,ve_annihlator2_t0_v34
1217550748,vem_fender_l_15_t36_v38
1217551635,f_cl_clo_s1f_u_8_11_t11_v1
1217600662,packed_mp_veh_colour_extra2_0_v54
1217603901,packed_mp_veh_mod_idx_1_v351
1217612499,vem_colour_2_mct_metallic_orange_t25_v33
1217686178,packed_mp_veh_mod_idx_s_7_v94
1217689532,packed_mp_veh_mod_idx_s_9_v371
1217782533,f_cl_l_fmf_0_5_t4_v0
1217787895,vem_smod4_whlv99_t66_v2
1217789084,vem_smod4_whlv19_t66_v1
1217881449,wp_wm_tint3_t2_v23
1217974686,packed_mp_veh_mod_idx_s_22_v296
1218004397,vem_fender_l_16_t36_v3
1218041421,pr_mp_prop_10_t0_v0
1218053497,packed_mp_veh_mod_idx_4_v333
1218102563,m_cl_f_fmm_7_12_t6_v0
1218104475,vem_colour_2_mct_metallic_dark_green_t25_v1
1218110998,vem_supermod_12_3_t53_v27
1218118102,packed_mp_veh_mod_idx_22_v256
1218138628,m_cl_clo_hp_o_3_t3_v12
1218150148,packed_mp_veh_mod_idx_s_23_v363
1218173544,vem_supermod_23_28_n1_t64_v3
1218189264,ve_impaler4_t0_v38
1218205249,f_cl_clo_bhf_l_3_11_t4_v1
1218228894,packed_mp_veh_mod_idx_s_23_v119
1218270094,packed_mp_veh_mod_idx_s_19_v52
1218326849,f_cl_clo_grf_u_8_5_t11_v1
1218417919,vem_colour_mct_none_154
1218435735,mp_stat_hangar_floor_decal_v0
1218536573,packed_mp_veh_mod_idx_s_8_v285
1218570420,packed_mp_veh_mod_idx_s_0_v22
1218573221,f_cl_clo_exf_eu_1512_t11_v1
1218583257,m_cl_clo_stm_u_6_17_t11_v1
1218635924,f_cl_clo_hp_f_u_3_0_t11_v1
1218774647,vem_smod3_whlv32_t66_v3
1218786508,vem_supermod_3_30_t44_v7
1218801515,vem_cmod_win_2_t33_v7
1218858564,packed_ng_vehicle_insurance_v74
1218894666,m_cl_clo_sbm_ph_5_5_t14_v1
1218918119,packed_mp_veh_livery2_0_v184
1218967856,packed_mp_veh_mod_idx_12_v296
1218968964,f_ta_tat_sb_020_t0_v0
1219071136,m_cl_clo_x3m_u_1_12_t11_v1
1219161364,f_cl_clo_vwf_u_21_9_t11_v1
1219356561,vem_colour_2_mct_classic_surf_blue_t25_v3
1219451685,f_cl_clo_vwf_u_15_9_t11_v1
1219509244,f_cl_clo_stf_h_102_t14_v1
1219625990,m_cl_clo_fxm_ph_2_16_t14_v1
1219643934,packed_mp_veh_mod_idx_s_23_v252
1219673280,m_cl_clo_vwm_pw_1_2_t14_v1
1219675194,vem_cmod_tyr_8_t18_v31
1219708762,vem_colour_6_bright_purple_t65_v3
1219760625,packed_mp_veh_mod_idx_s_8_v321
1219863358,f_cl_clo_hstfb_22_13_t1_v1
1219884445,vem_insurance_seashark
1219967495,vem_colour_extra_1_mct_metallic_racing_blue_t24_v3
1220002743,m_cl_clo_awm_ph_1_12_t14_v1
1220054546,f_cl_outfit_clo_arf_o_26_t12_v0
1220057658,packed_mp_veh_mod_idx_3_v282
1220095570,service_earn_casino_heist_elite_stealth
1220115813,packed_mp_veh_mod_idx_s_15_v4
1220173680,packed_mp_veh_livery2_0_v281
1220339279,vem_grill_7_t8_v38
1220354338,packed_mp_veh_colour_extra2_0_v25
1220479278,vem_hiend_08_t19_v3
1220507366,packed_mp_veh_mod_idx_s_9_v387
1220712976,m_cl_clo_sum_decl_6_t11_v1
1220747055,vem_insurance_nero
1220813152,packed_mp_veh_primary_colour_group_v95
1220836685,packed_mp_veh_mod_idx_s_22_v391
1220918387,f_cl_clo_awf_l_1_13_t4_v1
1220984405,f_cl_clo_x4f_ph_2_0_t14_v1
1220996491,f_cl_clo_vwf_u_8_9_t11_v1
1221034728,f_cl_clo_grf_b_0_8_t1_v1
1221067333,vem_horn_indi_2_t10_v0
1221126121,packed_mp_veh_mod_idx_12_v385
1221130161,packed_mp_veh_livery_0_v396
1221142511,packed_mp_veh_colour_extra2_0_v340
1221319707,m_cl_clo_smm_u_2_4_t11_v1
1221433643,vem_colour_mct_none_81
1221483434,packed_mp_veh_mod_idx_s_7_v394
1221540308,m_cl_clo_fxm_ph_2_14_t14_v1
1221604593,vem_smod_whlv215_t66_v0
1221634885,f_cl_clo_vwf_b_1_0_t1_v1
1221668164,vem_smod4_whlv176_t66_v2
1221670300,m_cl_clo_x6m_b_2_5_t1_v1
1221673216,m_cl_clo_bim_l_2_5_t4_v1
1221819643,packed_mp_veh_mod_idx_14_v165
1221829839,packed_mp_veh_mod_idx_s_15_v389
1221941181,f_cl_clo_smf_b_6_17_t1_v1
1222001214,packed_mp_veh_mod_idx_s_19_v385
1222006803,m_cl_clo_h3m_u_5_7_t11_v1
1222148548,packed_mp_veh_livery_0_v203
1222192294,packed_mp_veh_mod_idx_s_19_v115
1222231747,f_cl_clo_smf_u_4_3_t11_v1
1222271825,dec_vw_aw_ss_4
1222398560,dec_vw_aw_mf_5c
1222493654,f_cl_clo_bif_decl_8_t100_v0
1222673626,packed_mp_veh_mod_idx_23_v71
1222728339,vem_colour_extra_1_mct_pearlescent_light_blue_t24_v0
1222748236,f_cl_clo_bus_p_1_5_t14_v1
1222811684,m_cl_clo_h4m_pey_2_7_t14_v1
1222943152,packed_lr_vehicle_colour_5_v383
1222959447,vem_colour_1_mct_matte_purple_t24_v33
1222984891,f_cl_clo_h3f_u_9_23_t11_v1
1222991835,packed_mp_veh_mod_idx_22_v222
1223018500,packed_ng_vehicle_bpt_v209
1223101334,vem_colour_1_mct_classic_stone_silver_t24_v33
1223332926,f_cl_clo_bhf_u_2_14_t11_v1
1223387063,f_cl_f_fmf_0_2_t6_v0
1223388676,m_cl_clo_vwm_u_9_1_t11_v1
1223400600,packed_mp_veh_mod_idx_2_v211
1223455134,f_cl_clo_ief_f_0_8_t6_v1
1223506163,m_cl_clo_fxm_pe_2_2_t14_v1
1223757657,packed_mp_veh_mod_idx_s_10_v216
1223918852,packed_mp_veh_mod_idx_23_v77
1224049633,packed_lr_vehicle_colour_5_v45
1224153159,vem_cmod_win_0_t33_v30
1224203853,packed_ng_vehicle_neon_kit_v252
1224217775,m_cl_clo_trm_o_r1_t3_v12
1224313232,vem_cmod_neoncol_7_t21_v2
1224402723,f_cl_clo_bbf_t_1_1_t7_v1
1224510069,f_cl_clo_half_d_0_t11_v1
1224537262,m_cl_clo_hstm_u_7_3_t11_v1
1224541620,f_cl_clo_hp_f_b_0_0_t1_v1
1224608928,vem_cmod_neoncol_8_t21_v27
1224662235,m_cl_clo_bim_decl_60_t10_v1
1224710091,packed_mp_veh_window_tint_0_v141
1224782714,vem_supermod_3_26_t44_v6
1224793757,f_cl_clo_sbf_u_17_4_t11_v1
1224802027,m_cl_clo_arm_o_5_t11_v12
1224881360,vem_horn_cnote_b0_t10_v10
1224882022,packed_lr_vehicle_colour_5_v234
1224962862,packed_ng_vehicle_bpt_v175
1224974146,vem_horn_lowrder1_t10_v5
1224987722,packed_mp_veh_mod_idx_s_13_v8
1225009372,ve_dodo_n1_t1_v0
1225037144,packed_mp_veh_primary_colour_group_v289
1225081503,m_cl_clo_hstm_b_15_0_t1_v1
1225099941,vem_insurance_hustler
1225209137,m_cl_clo_halm_6_1_t1_v1
1225258379,vem_supermod_18_5_t59_v26
1225276309,vem_cmod_neonlay_0_t21_v39
1225280589,m_cl_clo_x2m_b_3_2_t1_v1
1225373798,packed_ng_vehicle_neon_v142
1225387675,packed_ng_vehicle_bpt_v137
1225419795,f_cl_outfit_clo_hp_f_o_10_t12_v0
1225572364,f_cl_clo_assf_o_4_t8_v12
1225598155,packed_mp_veh_mod_idx_s_6_v257
1225613560,f_cl_clo_grf_decl_22_t10_v1
1225652534,f_cl_clo_exf_eu_9_5_t11_v1
1225660446,vem_colour_2_mct_metallic_nautical_blue_t25_v1
1225680144,packed_mp_veh_mod_idx_24_v41
1225686600,packed_mp_veh_mod_idx_24_v397
1225717483,m_cl_clo_x6m_l_7_4_t4_v1
1225761025,f_cl_clo_indf_d_25_t100_v0
1225820419,f_cl_clo_sbf_ph_5_16_t14_v1
1225878726,m_cl_clo_s1m_u_9_1_t11_v1
1225904193,packed_mp_veh_mod_idx_10_v91
1226006174,f_cl_clo_h2f_ph_2_4_t14_v1
1226011209,m_cl_sp_fmm_6_8_t8_v1
1226014109,packed_mp_veh_window_tint_0_v381
1226315462,vem_yacht_flag_47_v0
1226413059,f_cl_clo_assf_o_3_t3_v12
1226465560,packed_mp_veh_mod_idx_s_20_v412
1226486509,packed_mp_veh_plate_id_v43
1226504395,packed_mp_veh_livery2_0_v0
1226522317,vem_supermod_10_14_t51_v28
1226547768,dec_vw_aw_wv_15
1226547836,f_cl_clo_trf_u_8_7_t11_v1
1226640607,packed_mp_veh_mod_idx_5_v103
1226647656,packed_mp_veh_mod_idx_15_v105
1226772214,vem_smod3_whlv69_t66_v3
1226793705,f_cl_clo_grf_ph_3_24_t14_v1
1226839461,f_cl_clo_h3f_o_sl_21_t8_v12
1226883548,packed_mp_veh_mod_idx_14_v346
1226908143,m_cl_clo_scm_ey_1_14_t14_v1
1226955669,packed_mp_veh_livery2_0_v307
1227046966,vem_skirt_0_t13_v28
1227235835,m_cl_clo_h4m_plw_0_6_t14_v1
1227281153,vem_roof_14_t12_v4
1227331275,vem_smod_whlv76_t66_v0
1227421858,packed_mp_veh_mod_idx_s_13_v370
1227483900,f_cl_clo_vef_dec_46_t100_v0
1227507717,f_cl_clo_sbf_e_0_5_t14_v1
1227545370,m_cl_clo_sbm_ph_6_9_t14_v1
1227570908,vem_offr_18_t19_v1
1227709499,f_cl_clo_sbf_u_17_24_t11_v1
1227716836,f_cl_clo_exf_g_9_10_t14_v0
1227730412,fa_upgrade_weapons_sec_1_t0_v0
1227948978,vem_supermod_23_18_n1_t64_v33
1228019670,m_cl_clo_l2m_u_3_0_t11_v1
1228060931,packed_mp_veh_mod_idx_s_19_v352
1228120067,wp_wct_clip_fmj_t0_v47_n2
1228219047,mp_stat_mpsv_model_80
1228329254,packed_mp_veh_mod_idx_18_v13
1228332745,m_ha_cc_eyebrw_6_t2_v0
1228348187,m_ta_tat_bi_022_t0_v0
1228379754,packed_mp_veh_mod_idx_s_2_v74
1228428366,vem_brake_0_t2_v5
1228436416,packed_mp_veh_mod_idx_s_12_v130
1228453134,m_cl_clo_hilf_u_3_1_t11_v1
1228509779,f_cl_outfit_clo_arf_o_27_t12_v0
1228574644,packed_mp_veh_colour1_0_v68
1228577323,packed_mp_veh_mod_idx_s_17_v185
1228591030,vem_colour_1_mct_metallic_might_purple_t24_v0
1228666344,f_cl_clo_h2f_ph_2_2_t14_v1
1228826895,packed_mp_veh_mod_idx_s_21_v194
1228883240,m_cl_outfit_clo_grm_o_5_t12_v0
1228907759,packed_mp_veh_primary_colour_group_v67
1228935298,f_ta_tat_bi_003_t0_v0_cesp
1228938824,f_cl_clo_h3f_b_14_2_t1_v1
1228961402,f_cl_clo_fxf_ph_4_0_t14_v1
1229119355,vem_spoiler_1_t14_v6
1229125578,vem_smod_whlv51_t66_v0
1229236793,f_cl_clo_ief_ph_0_1_t14_v1
1229352290,f_cl_clo_trf_u_14_19_t11_v1
1229453873,vem_yacht_name_1_v0
1229543818,vem_cmod_whe_b_0_t19_v4
1229563268,packed_mp_veh_mod_idx_7_v19
1229647596,vem_insurance_torero
1229726549,m_cl_clo_bim_l_5_5_t4_v1
1229771651,packed_mp_veh_mod_idx_s_16_v186
1229868426,packed_mp_veh_mod_idx_s_0_v378
1229883501,packed_lr_vehicle_colour_6_v321
1229923753,m_cl_clo_smm_u_2_18_t11_v1
1229970141,f_ta_tat_bb_014_t0_v0
1230011911,f_cl_clo_h4f_b_3_1_t1_v1
1230061101,packed_mp_veh_mod_idx_23_v125
1230138595,vem_grill_11_t8_v38
1230182041,f_cl_clo_valf_l_1_0_t4_v1
1230237510,vem_smod4_whlv46_t66_v3
1230348035,vem_armour_5_t1_v33
1230399049,packed_ng_vehicle_insurance_v192
1230608801,m_cl_clo_sum_u_14_6_t11_v1
1230664124,m_cl_clo_bhm_u_14_1_t11_v1
1230680095,m_cl_clo_val_decl_s_t8_v1
1230709060,f_cl_clo_h3f_b_3_0_t1_v1
1230731124,vem_horn_cnote_f0_t10_v4
1230731579,f_cl_clo_x6f_u_1_21_t11_v1
1230762435,vem_cmod_neoncol_5_t21_v2
1230818100,m_cl_clo_stm_o_0_t11_v12
1230914808,candc_hacker_dec_6_t0_v0
1230985697,packed_mp_veh_mod_idx_18_v407
1231010232,packed_mp_veh_mod_idx_s_2_v257
1231135079,f_cl_clo_l2f_u_7_9_t11_v1
1231285563,vem_fender_l_10_t36_v3
1231286118,m_cl_clo_fxm_b_0_0_t1_v1
1231378030,packed_mp_veh_mod_idx_3_v346
1231387211,packed_mp_veh_window_tint_0_v175
1231614970,m_cl_clo_x6m_f_6_19_t6_v1
1231645568,vem_hood_5_t9_v3
1231679326,packed_mp_veh_secondary_colour_group_v277
1231902842,f_cl_clo_ltsf_o_14_t3_v12
1231918814,packed_mp_veh_mod_idx_s_5_v232
1232038848,m_cl_clo_smm_u_2_20_t11_v1
1232073982,packed_mp_veh_mod_idx_s_21_v136
1232109578,f_cl_clo_vwf_b_7_1_t1_v1
1232148714,m_cl_clo_grm_u_14_24_t11_v1
1232221417,wp_wct_c_tint_20_t2_v70_n2
1232379359,f_cl_clo_lxf_u_6_11_t11_v1
1232454918,f_cl_clo_x6f_u_24_4_t11_v1
1232456871,packed_mp_veh_plate_id_v311
1232469182,m_cl_l_fmm_1_15_t4_v0
1232540837,packed_mp_veh_mod_idx_s_2_v55
1232598447,m_cl_clo_sum_u_11_6_t11_v1
1232632654,packed_mp_veh_mod_idx_s_8_v35
1232711131,vem_supermod_11_22_t52_v3
1232726756,f_cl_clo_grf_u_17_12_t11_v1
1232800029,packed_mp_veh_mod_idx_s_5_v402
1232824780,vem_musc_15_t19_v3
1233020606,m_cl_clo_grm_g_1_14_t3_v1
1233040875,f_cl_clo_awf_ph_1_11_t14_v1
1233081451,m_cl_clo_x6m_u_3_13_t11_v1
1233225341,f_cl_clo_h2f_b_3_16_t1_v1
1233312993,f_cl_clo_vwf_u_7_20_t11_v1
1233348485,packed_mp_veh_mod_idx_s_20_v67
1233381900,m_cl_clo_grm_l_2_2_t4_v1
1233652152,m_cl_clo_grm_l_2_0_t4_v1
1233673650,packed_mp_veh_mod_idx_10_v43
1233782582,f_cl_clo_suf_u_8_2_t11_v1
1233809055,vem_supermod_21_15_t62_v3
1233820569,packed_mp_veh_mod_idx_s_16_v55
1233847655,packed_mp_veh_mod_idx_8_v373
1233869554,f_ta_tat_sb_048_t0_v0
1234015866,packed_mp_veh_mod_idx_s_7_v150
1234048590,packed_mp_veh_secondary_colour_group_v232
1234049416,vem_supermod_23_11_t64_v27
1234063727,f_cl_clo_l2f_u_2_2_t11_v1
1234117001,pr_pm_glight_6_t0_v0
1234117624,f_cl_clo_scf_o_3_t3_v12
1234130634,packed_mp_veh_mod_idx_3_v342
1234134943,packed_mp_veh_mod_idx_7_v205
1234147075,vem_bumper_f_0_t34_v34_n0
1234203255,packed_mp_veh_mod_idx_16_v343
1234288817,f_cl_clo_x6f_t_2_5_t7_v1
1234360828,vem_smod_whlv123_t66_v3
1234380324,m_cl_clo_smm_b_4_2_t1_v1
1234492207,f_cl_clo_suf_l_2_13_t4_v1
1234540084,vem_rwd_spt_14_t19_v3
1234652953,m_cl_clo_bim_ph_6_6_t14_v1
1234708710,f_cl_clo_busf_u_0_8_t11_v1
1234760123,wp_ps_can_1_t3_v33
1234791227,m_cl_clo_sum_u_15_6_t11_v1
1234819821,packed_mp_veh_mod_idx_s_16_v125
1234839951,m_cl_clo_h3m_b_9_2_t1_v1
1234861760,packed_mp_veh_livery_0_v309
1234887172,m_ta_tat_fm_221_t0_v0
1234897785,vem_drft_10_t19_v3
1234907000,vem_horn_lowrder2_t10_v6
1234932869,f_cl_clo_smf_ph_8_13_t14_v1
1234998020,vem_colour_1_mct_classic_umber_brown_t24_v33
1235011326,m_cl_clo_bim_l_5_6_t4_v1
1235023989,packed_mp_veh_mod_idx_s_3_v56
1235183451,f_cl_clo_l2f_lw_7_0_t14_v1
1235268210,packed_mp_veh_mod_idx_s_23_v133
1235286986,vem_grill_1_t8_v27
1235392191,f_cl_clo_h3f_ph_1_1_t14_v1
1235400330,m_cl_clo_vwm_u_15_11_t11_v1
1235541173,m_cl_clo_trm_d_9_0_t10_v1
1235610345,packed_mp_veh_mod_idx_s_23_v325
1235717575,f_cl_clo_bhf_u_16_12_t11_v1
1235743458,vem_supermod_2_4_n1_t43_v3
1235790398,wp_wct_c_tint_5_t2_v70_n2
1235816199,packed_mp_veh_mod_idx_s_2_v232
1235958913,m_cl_clo_busm_u_3_8_t8_v1
1235960685,f_cl_clo_sbf_f_0_6_t6_v1
1235971785,f_cl_clo_bus_p_1_6_t14_v1
1235978421,packed_lr_vehicle_colour_5_v82
1235999702,wp_wct_clip1_t1_v24
1236104717,m_cl_clo_bim_u_1_1_t11_v1
1236115378,packed_mp_veh_mod_idx_13_v92
1236127326,packed_ng_vehicle_neon_kit_v140
1236270011,m_cl_clo_scm_ph_5_1_t14_v1
1236275812,f_cl_clo_bif_ph_6_6_t14_v1
1236365379,packed_mp_veh_mod_idx_13_v139
1236409689,packed_mp_veh_mod_idx_7_v94
1236593258,packed_mp_veh_mod_idx_s_21_v255
1236697159,packed_mp_veh_mod_idx_s_12_v202
1236702463,m_cl_clo_x6m_o_o_16_t3_v12
1236742530,packed_mp_veh_mod_idx_16_v284
1236979220,packed_lr_vehicle_colour_6_v238
1237074017,packed_mp_veh_mod_idx_s_7_v316
1237220638,packed_mp_veh_mod_idx_s_8_v41
1237238929,f_cl_clo_x6f_ph_1_12_t14_v1
1237358714,vem_cmod_win_0_t33_v29
1237385067,f_cl_outfit_clo_awf_o_d_11_t12_v0
1237503091,m_cl_clo_h4m_b_2_6_t1_v1
1237647651,packed_mp_veh_mod_var_1_v244
1237696125,vem_rwd_musc_16_t19_v1
1237828230,m_cl_clo_sum_u_4_2_t11_v1
1237847147,f_cl_clo_scf_f_0_14_t6_v1
1237903578,packed_mp_veh_mod_idx_s_8_v9
1237978341,packed_mp_veh_mod_idx_5_v119
1238088510,packed_mp_veh_mod_idx_s_11_v200
1238202553,f_cl_clo_fxf_l_1_21_t4_v1
1238207721,vem_supermod_5_10_t46_v10
1238310872,f_cl_clo_h4f_pey_1_6_t14_v1
1238320272,vem_smod_whlv113_t66_v0
1238361453,fcclub_stor_0_t0_v0
1238376284,dec_vw_aw_wh_25
1238444114,packed_mp_veh_primary_colour_group_v387
1238543513,m_ha_cc_m_hs_4_t0_v0
1238574677,m_cl_sp_fmm_6_13_t8_v0
1238644838,m_cl_clo_hstmb_18_5_t1_v1
1238743634,vem_cmod_hrn_clo_t10_v2
1238782025,wp_pm_tint12_t4_v33
1238822475,m_cl_clo_h4m_s_1_0_t8_v1
1238853177,vem_supermod_16_2_t57_v38
1238992517,packed_mp_veh_mod_idx_s_2_v410
1238995122,packed_mp_veh_mod_idx_8_v294
1239022994,packed_ng_vehicle_neon_v342
1239023801,vem_skirt_8_t13_v38
1239079621,f_cl_clo_x6f_l_8_17_t4_v1
1239108736,m_cl_clo_x6m_f_1_12_t6_v1
1239193711,packed_mp_veh_mod_idx_1_v90
1239221685,vem_smod5_whlv26_t66_v3
1239265045,vem_colour_1_mct_metallic_yellow_t24_v4
1239275748,vem_colour_2_mct_matte_matte_desert_t25_v2
1239287025,packed_mp_veh_mod_idx_s_10_v83
1239312616,packed_ng_vehicle_neon_v230
1239390429,packed_mp_veh_mod_idx_s_13_v192
1239432710,packed_mp_veh_window_tint_0_v410
1239464527,wp_wct_clip_inc_t1_v70_n2
1239570119,vem_hood_3_t9_v27
1239597409,vem_rwd_suv_08_t19_v1
1239677797,vem_supermod_23_1_t64_v32
1239883734,vem_cmod_neoncol_1_t21_v0
1239895427,vem_smod_whlv4_t66_v0
1239967038,f_ha_cc_blush_10_t5_v0
1240026549,f_ta_tat_bi_043_t0_v0
1240086552,packed_mp_veh_mod_idx_3_v387
1240100640,f_cl_clo_bbf_p1_4_t14_v1
1240102642,vem_cmod_col5_10_t29_v3
1240356954,packed_mp_veh_mod_idx_13_v319
1240361578,f_cl_clo_bif_decl_5_t11_v1
1240445459,m_cl_clo_bim_ph_10_3_t14_v1
1240481966,m_cl_clo_iem_u_4_22_t11_v1
1240495636,ve_marshall_n1_t1_v2
1240526878,f_cl_clo_hstfb_14_2_t1_v1
1240683675,service_earn_assassinate_target_killed
1240693318,f_cl_clo_exf_decl_10_t100_v0
1240707846,f_ha_cc_blush_20_t5_v0
1240871136,packed_mp_veh_mod_idx_16_v273
1240906480,f_cl_clo_scf_o_10_t3_v12
1240935354,f_cl_clo_arf_o_2_t3_v12
1240940431,f_cl_f_fmf_15_12_t6_v0
1241008608,f_cl_clo_grf_u_12_1_t11_v1
1241016728,vem_roof_1_n1_t12_v31
1241029376,vem_supermod_23_14_t64_v27
1241177455,packed_mp_veh_secondary_colour_group_v397
1241213641,vem_horn_cnote_c1_t10_v2
1241234530,packed_mp_veh_mod_var_0_v384
1241292206,f_cl_clo_h4f_s_1_8_t8_v1
1241364871,m_cl_clo_iem_l_0_2_t4_v1_cesp
1241389330,vem_supermod_23_2_t64_v15
1241418949,vem_colour_1_mct_metallic_shadow_silver_t24_v0
1241454476,packed_mp_veh_wheel_type_0_v104
1241488228,packed_ng_vehicle_neon_kit_v21
1241525307,packed_mp_veh_mod_idx_8_v219
1241562364,f_cl_clo_bif_decl_39_t11_v1
1241609879,m_cl_clo_scm_l_10_24_t4_v1
1241627394,f_cl_clo_vwf_pe_1_1_t14_v1
1241645886,packed_mp_veh_primary_colour_group_v157
1241721031,f_cl_clo_awf_b_2_9_t1_v1
1241763262,vem_supermod_16_3_t57_v28
1241869766,vem_supermod_8_2_t49_v26
1241904665,service_earn_arena_war
1242010171,f_cl_clo_hp_f_u_5_3_t11_v1
1242038539,m_cl_outfit_clo_h3m_o_dl_25_t12_v0
1242054704,packed_mp_veh_colour2_0_v58
1242069899,packed_mp_veh_mod_idx_s_13_v268
1242104643,f_cl_clo_x6f_ph_10_9_t14_v1
1242234700,f_cl_clo_exf_g_19_1_t14_v1
1242280120,wp_wct_tint_2_t2_v47_n2
1242333825,f_cl_clo_hst_f_a_8_t8_v1
1242338333,vem_smod3_whlv86_t66_v3
1242342446,vem_colour_2_mct_classic_maple_brown_t25_v0
1242364158,packed_mp_veh_mod_idx_s_14_v259
1242400212,packed_mp_veh_mod_idx_7_v71
1242613127,f_cl_u_fmf_5_1_t8_v0
1242614114,vem_smod2_whlv181_t66_v3
1242679755,f_cl_clo_bbf_108_t4_v1
1242740701,vem_colour_2_mct_matte_matte_foil_t25_v4
1242833921,packed_mp_veh_mod_idx_5_v156
1242836523,vem_supermod_45_8_t45_v7
1242910378,vem_hood_10_t9_v6
1242939233,packed_mp_veh_mod_idx_1_v242
1242959791,m_cl_clo_h4m_plw_0_5_t14_v1
1242963347,wp_wct_rev_varb_t1_v70
1242973515,packed_mp_veh_mod_idx_s_19_v255
1242988736,m_cl_clo_h4m_b_2_22_t1_v1
1243057031,f_cl_clo_vwf_u_13_17_t11_v1
1243068427,m_cl_u_fmm_0_8_t11_v0
1243137937,packed_mp_veh_plate_id_v248
1243220684,f_cl_clo_bif_decl_6_t100_v0
1243266162,packed_mp_veh_mod_idx_14_v137
1243335580,vem_colour_extra_1_mct_matte_purple_t24_v4
1243374971,f_cl_clo_sbf_u_0_23_t11_v1
1243453787,packed_mp_veh_mod_idx_16_v222
1243511663,vem_cmod_tyr_5_t18_v35
1243573503,packed_mp_veh_mod_idx_s_18_v184
1243575788,packed_mp_veh_secondary_colour_group_v378
1243583216,packed_mp_veh_mod_idx_s_21_v39
1243602176,packed_lr_vehicle_colour_6_v402
1243605147,packed_mp_veh_mod_idx_s_1_v208
1243614242,f_cl_clo_suf_u_0_15_t11_v1
1243752396,f_cl_clo_vwf_u_12_6_t11_v1
1243885320,m_cl_clo_grm_ph_2_12_t14_v1
1243901850,packed_mp_veh_mod_idx_s_10_v131
1244002980,vem_supermod_47_12_t47_v7
1244068710,vem_smod5_whlv119_t66_v3
1244080580,packed_mp_veh_colour_extra1_0_v377
1244104248,packed_mp_veh_mod_var_1_v219
1244212229,wp_wm_tint7_t2_v25
1244219498,m_cl_clo_h3m_u_4_3_t11_v2
1244256391,packed_mp_veh_mod_idx_s_4_v276
1244271809,m_cl_l_fmm_10_0_t4_v0
1244547210,f_cl_clo_arf_o_24_t11_v12
1244553763,vem_supermod_23_0_t64_v26
1244571432,vem_colour_5_petrol_green_t38_v0
1244627474,m_cl_clo_lxm_u_5_13_t100_v0
1244633046,packed_mp_veh_mod_idx_s_2_v79
1244761675,f_cl_clo_x4f_u_11_13_t11_v1
1244887030,m_cl_clo_iem_u_17_20_t11_v1
1244961388,vem_supermod_2_2_n1_t43_v38
1244976598,vem_supermod_23_8_t64_v34
1244985777,f_cl_clo_h4f_ph_0_10_t14_v1
1245002026,f_cl_clo_trf_ph_2_1_t14_v1
1245043188,m_cl_clo_hp_u_3_3_t8_v1
1245076172,vem_exhaust_0_t6_v2
1245185620,m_cl_clo_lxm_dec_33_t11_v1
1245230061,m_cl_clo_s1m_dec_6_t11_v1
1245440052,f_cl_clo_h2f_s_9_5_t8_v1
1245522593,vem_turbo_1_t17_v3
1245541361,packed_mp_veh_mod_idx_2_v355
1245542468,packed_mp_veh_wheel_type_0_v68
1245556975,packed_mp_veh_colour1_0_v212
1245601717,vem_rwd_musc_02_t19_v0
1245602976,f_cl_clo_h3f_l_4_14_t4_v1
1245744422,packed_mp_veh_wheel_type_0_v289
1245745423,f_cl_clo_exf_decl_17_t11_v1
1245791130,packed_ng_vehicle_neon_v18
1245800322,packed_mp_veh_mod_idx_24_v43
1245820396,packed_mp_veh_mod_idx_s_7_v1
1245929697,packed_mp_veh_mod_idx_11_v158
1245939419,f_cl_clo_bhf_u_2_8_t11_v1
1246058313,f_cl_clo_grf_ph_3_0_t14_v1
1246064198,packed_mp_veh_mod_idx_5_v18
1246099395,packed_mp_veh_window_tint_0_v9
1246138952,m_cl_clo_x6m_b_2_7_t1_v1
1246170679,packed_mp_veh_mod_var_1_v280
1246223879,packed_mp_veh_colour1_0_v359
1246286974,vem_fender_l_5_t36_v4
1246318287,m_cl_clo_hstm_o_h_3_t8_v12
1246426956,f_cl_clo_half_d_7_t100_v0
1246596622,vem_supermod_13_4_t54_v27
1246601699,packed_mp_veh_mod_idx_s_2_v368
1246627514,vem_supermod_21_6_t62_v27
1246679118,packed_ng_vehicle_bpt_v256
1246739686,packed_ng_vehicle_neon_v178
1246765309,vem_supermod_12_4_t53_v28
1246797232,f_cl_clo_vwf_b_7_0_t1_v1
1246835133,vem_smod_whlv199_t66_v0
1246934861,packed_mp_veh_mod_idx_18_v76
1247044394,packed_ng_vehicle_neon_kit_v235
1247144649,packed_mp_veh_mod_idx_16_v2
1247156974,m_cl_clo_smm_b_8_24_t1_v1
1247190292,vem_supermod_54_19_t54_v7
1247190884,m_cl_clo_arm_u_3_7_t11_v1
1247211127,vem_supermod_12_0_t53_v5
1247237828,packed_mp_veh_colour_extra2_0_v178
1247251494,packed_mp_veh_mod_idx_13_v251
1247290621,vem_cmod_neoncol_3_t21_v6
1247308829,mp_stat_mpsv_model_3
1247329758,m_cl_clo_val_decl_m_t8_v2
1247353289,f_cl_f_fmf_11_2_t6_v0
1247464551,packed_mp_veh_mod_idx_s_0_v351
1247492355,m_cl_clo_x6m_f_4_24_t6_v1
1247502048,m_cl_clo_h2m_u_6_3_t11_v1
1247525625,f_cl_clo_s1f_u_6_3_t100_v0
1247529109,m_cl_clo_x6m_u_1_17_t11_v1
1247549522,vem_colour_extra_1_mct_pearlescent_torino_red_t24_v1
1247567918,f_cl_clo_trf_u_12_8_t11_v1
1247641008,m_cl_clo_hstm_t_2_3_t7_v1
1247648692,packed_mp_veh_mod_idx_s_21_v405
1247748214,vem_trans_0_t16_v11
1247873297,f_cl_clo_grf_u_12_12_t11_v1
1247937289,m_cl_clo_stm_u_6_21_t11_v1
1248013955,packed_mp_veh_mod_var_1_v343
1248054797,vem_insurance_zentorno
1248166446,packed_mp_veh_mod_idx_s_9_v354
1248168570,f_cl_clo_h4f_b_2_19_t1_v1
1248312031,wp_wct_clip2_t1_v93
1248332847,m_cl_clo_grm_u_13_0_t11_v1
1248344631,m_cl_clo_sbm_f_0_3_t6_v1
1248354679,m_cl_clo_bim_ph_1_3_t14_v1
1248432261,packed_mp_veh_mod_idx_s_20_v279
1248453833,m_cl_clo_h4m_ph_0_11_t14_v1
1248497013,m_cl_clo_sbm_b_8_0_t1_v1
1248594390,packed_mp_veh_mod_idx_s_20_v219
1248603107,packed_mp_veh_mod_idx_1_v342
1248931831,m_cl_clo_fxm_ph_2_2_t14_v1
1248953977,vem_supermod_3_0_t44_v36
1249058592,f_cl_clo_grf_b_1_7_t1_v1
1249061956,vem_supermod_7_12_t48_v26
1249139040,f_cl_clo_hstf_u_7_2_t11_v1
1249283523,packed_mp_veh_mod_idx_s_15_v271
1249305577,wp_wct_scope_lrg2_t1_v56_n2
1249339022,vem_cmod_pla_3_t23_v28
1249349816,vem_colour_1_mct_classic_candy_red_t24_v33
1249452652,vem_smod_whlv163_t66_v0
1249536667,vem_drft_15_t19_v1
1249599212,ve_emperor3_t0_v0
1249651087,vem_colour_1_mct_metallic_sea_green_t24_v3
1249685162,packed_mp_veh_mod_idx_0_v172
1249793952,packed_mp_veh_mod_idx_18_v166
1249800102,wp_wct_c_tint_26_t2_v47_n2
1249915519,f_cl_clo_half_2_2_t1_v1
1249928390,packed_mp_veh_mod_idx_s_20_v3
1249969877,vem_insurance_tezeract
1249993150,m_cl_clo_h2m_ph_2_3_t14_v1
1250153016,packed_mp_veh_mod_var_0_v100
1250175528,packed_mp_veh_mod_idx_s_9_v200
1250313084,f_cl_clo_x4f_u_10_15_t11_v1
1250313341,vem_colour_extra_1_mct_metallic_saddle_brown_t24_v33
1250328341,packed_mp_veh_mod_idx_14_v175
1250373065,ve_deluxo_t1_v29
1250412063,packed_mp_veh_plate_id_v264
1250415496,packed_mp_veh_mod_idx_s_22_v279
1250457132,packed_mp_veh_mod_idx_s_13_v22
1250501798,packed_mp_veh_mod_idx_s_21_v333
1250505358,packed_mp_veh_mod_idx_s_14_v386
1250534268,vem_horn_clas4_t10_v1
1250683244,packed_mp_veh_mod_idx_s_15_v404
1250780103,m_cl_l_fmm_7_6_t4_v0
1250784421,packed_mp_veh_window_tint_0_v321
1250808610,vem_colour_extra_1_mct_pearlescent_sunrise_orange_t24_v0
1250821142,packed_mp_veh_primary_colour_group_v158
1250830644,m_cl_clo_h4m_u_3_7_t11_v1
1250843133,vem_colour_extra_1_mct_matte_grey_t24_v33
1250851241,vem_smod4_whlv199_t66_v1
1251008214,packed_ng_vehicle_insurance_v134
1251286884,m_ta_tat_bi_005_t0_v0_cesp
1251298128,vem_supermod_41_9_t41_v7
1251328895,f_ha_cc_f_hs_0_t0_v0
1251386917,f_cl_clo_hstf_t_1_0_t7_v1
1251387955,vem_colour_6_ultra_blue_t65_v3
1251420503,m_cl_clo_awm_f_0_8_t6_v1
1251451837,vem_smod_whlv49_t66_v3
1251489257,vem_musc_17_t19_v0
1251518355,vem_supermod_12_14_t53_v27
1251651968,packed_ng_vehicle_neon_v198
1251712891,m_ha_cc_eyebrw_17_t2_v0
1251826278,packed_mp_veh_mod_idx_24_v93
1251830864,f_cl_clo_hstfb_16_3_t1_v1
1251905445,vem_cmod_hrn_mus3_t10_v32
1251918407,packed_mp_veh_mod_idx_s_0_v334
1252183918,packed_mp_veh_mod_var_0_v148
1252271858,packed_mp_veh_colour2_0_v345
1252372587,vem_supermod_54_14_t54_v7
1252390330,packed_ng_vehicle_neon_kit_v326
1252439277,f_cl_outfit_clo_ief_o_11_t12_v0
1252534281,candc_hacker_msl_1_t0_v0
1252545042,packed_mp_veh_mod_idx_s_17_v351
1252588418,m_cl_clo_h3m_b_14_17_t1_v1
1252632877,f_cl_outfit_o_fmf_s3_t12_v0
1252635777,dec_vw_aw_ls_3a
1252669378,m_cl_clo_hilf_u_2_7_t11_v1
1252795609,m_cl_clo_bhm_u_2_8_t11_v1
1252861358,f_cl_clo_suf_decl_24_t11_v1
1252904234,f_cl_clo_s1f_o_4_t8_v12
1252954145,arc_mac_fortune_t0_v0
1252985963,packed_mp_veh_mod_idx_14_v44
1253017483,f_cl_clo_smf_f_0_1_t6_v1
1253065268,f_cl_clo_hstf_s_6_14_t8_v1
1253069116,f_cl_clo_vwf_u_7_15_t11_v1
1253161350,packed_ng_vehicle_neon_v137
1253287075,vem_cmod_col5_26_t29_v2
1253386762,m_cl_clo_hp_f_1_2_t6_v1
1253387398,packed_ng_vehicle_insurance_v286
1253512453,packed_mp_veh_mod_idx_13_v202
1253565883,f_ta_tat_x6_015_t0_v0
1253595634,ve_feltzer_t0_v3
1253608827,m_cl_clo_bhm_u_5_6_t11_v1
1253693145,m_cl_clo_bhm_decl_17_t11_v1
1253737488,vem_colour_1_mct_classic_sandy_brown_t24_v33
1253746987,m_cl_clo_h4m_u_3_12_t11_v1
1253796176,wp_wm_tint2_t2_v27
1253888653,vem_colour_extra_1_mct_pearlescent_race_yellow_t24_v2
1253937538,packed_mp_veh_colour1_0_v91
1253978276,service_earn_casino_award_mission_five_first_time
1253981312,packed_mp_veh_wheel_type_0_v411
1254090066,packed_mp_veh_mod_idx_13_v379
1254130047,vem_cmod_col5_38_t29_v0
1254160781,mp_stat_mpsv_model_400
1254213454,packed_mp_veh_colour_extra2_0_v272
1254248662,f_ha_cc_mkup_64_t5_v0
1254258530,pr_mp_prop_45_t0_v0
1254276556,m_cl_clo_bim_decl_19_t100_v0
1254294940,packed_mp_veh_primary_colour_group_v125
1254320062,packed_mp_veh_window_tint_0_v259
1254356588,ve_pbus2_n1_t1_v2
1254390876,m_cl_clo_busm_u_1_5_t11_v1
1254416447,f_cl_m_fmf_2_1_t1_v0
1254429880,m_cl_clo_vwm_u_6_21_t11_v1
1254614377,packed_mp_veh_mod_idx_23_v8
1254750067,vem_insurance_slamvan2
1254819000,vem_skirt_6_t13_v27
1254950185,vem_musc_13_t19_v0
1255061200,f_ta_tat_h4_005_t0_v0
1255064698,m_cl_clo_iem_u_4_20_t11_v1
1255192849,packed_mp_veh_mod_idx_14_v205
1255240858,m_cl_clo_grm_u_14_1_t11_v1
1255452902,packed_mp_veh_mod_idx_0_v188
1255777646,m_cl_clo_lxm_t_12_0_t7_v1
1255805209,vem_smod4_whlv152_t66_v2
1255906973,m_cl_l_fmm_9_0_t4_v0
1255914234,kosatk_col_14_t0_v0
1255916705,packed_mp_veh_mod_idx_s_11_v350
1255934627,vem_colour_2_mct_classic_petrol_green_t25_v0
1256087328,m_cl_clo_bbm_f_0_10_t6_v1
1256159754,packed_mp_veh_mod_idx_10_v230
1256197928,m_cl_clo_halm_5_2_t1_v1
1256280662,m_cl_clo_s2m_u_6_7_t11_v1
1256324637,f_cl_clo_h2f_s_3_0_t8_v1
1256344403,vem_chassis_0_t4_v30
1256402280,pr_pm_colour_5_t0_v0
1256457537,vem_supermod_23_2_t64_v32
1256481531,fchub_sta_0_t0_v0
1256514404,mp_stat_mpsv_model_310
1256630981,f_cl_clo_smf_b_1_10_t1_v1
1256692859,vem_colour_extra_1_mct_classic_might_purple_t24_v33
1256708321,packed_mp_veh_mod_idx_13_v321
1256727704,packed_mp_veh_colour_extra2_0_v11
1256912648,vem_colour_1_mct_metallic_cream_t24_v4
1256930584,packed_mp_veh_mod_var_0_v238
1256931340,vem_cmod_neonlay_7_t21_v2
1256967890,vem_supermod_2_0_t43_v38
1256995968,vem_cmod_col5_34_t29_v3
1257011908,m_cl_clo_sum_decl_6_t100_v0
1257118033,packed_mp_veh_mod_idx_s_10_v127
1257122325,packed_mp_veh_mod_idx_5_v191
1257137776,f_cl_clo_bhf_u_4_19_t11_v1
1257141411,vem_smod4_whlv105_t66_v1
1257143683,packed_mp_veh_secondary_colour_group_v366
1257166342,f_ha_cc_eyebrw_6_t2_v0
1257169953,f_cl_clo_sbf_f_3_21_t6_v1
1257177428,packed_mp_veh_window_tint_0_v387
1257237227,vem_colour_2_mct_metallic_diamond_blue_t25_v33
1257298400,m_cl_clo_arm_o_10_t11_v12
1257430771,packed_ng_vehicle_neon_kit_v365
1257459873,f_cl_clo_awf_ph_2_10_t14_v1
1257530299,f_cl_clo_bhf_u_16_13_t11_v1
1257601831,vem_grill_1_t8_v30
1257603622,candc_hacker_wep_0_t0_v0
1257645871,wp_gsa_type_r_t0_v49
1257664490,m_cl_clo_grm_b_5_5_t1_v1
1257787682,packed_mp_veh_mod_idx_s_8_v146
1257949368,f_cl_g_fmf_7_5_t14_v0
1257951844,packed_ng_vehicle_neon_kit_v151
1257976102,packed_mp_veh_mod_idx_14_v219
1258020657,packed_mp_veh_mod_idx_7_v147
1258118459,f_cl_clo_bif_u_15_0_t11_v1
1258299395,m_cl_clo_bus_m_1_0_t1_v1
1258451096,packed_mp_veh_mod_idx_12_v148
1258646988,m_cl_clo_lxm_u_7_9_t11_v1
1258898214,packed_mp_veh_colour2_0_v28
1259004860,wp_pm_tint5_t2_v33
1259052487,f_ha_cc_lipstick_4_t8_v0
1259067407,packed_mp_veh_colour1_0_v385
1259079743,vem_cmod_neonlay_5_t21_v38
1259098110,f_cl_clo_scf_l_0_17_t4_v1
1259132207,vem_smod_whlv187_t66_v3
1259323262,pr_mp_prop_80_t0_v0
1259346520,m_cl_clo_vwm_decl_23_t100_v0
1259374774,packed_ng_vehicle_bpt_v317
1259441879,vem_supermod_56_16_t56_v7
1259458227,m_ta_tat_s2_018_t0_v0
1259784456,vem_cmod_smoke_8_t18_v33
1259838049,packed_mp_veh_mod_idx_s_13_v121
1259883209,m_cl_clo_trm_u_15_10_t11_v1
1259920635,packed_mp_veh_mod_idx_s_10_v313
1259941839,m_cl_clo_trm_ph_1_4_t14_v1
1260027460,packed_mp_veh_mod_idx_2_v255
1260039960,f_cl_clo_awf_u_17_7_t11_v1
1260111218,vem_supermod_3_10_t44_v10
1260299646,packed_mp_veh_mod_idx_3_v404
1260320897,packed_mp_veh_mod_idx_10_v400
1260395992,packed_mp_veh_mod_idx_9_v406
1260447071,packed_mp_veh_mod_idx_s_16_v192
1260530212,packed_mp_veh_colour1_0_v108
1260613267,packed_mp_veh_mod_idx_s_17_v30
1260673336,m_cl_o_fmm_b8_t3_v12
1260783622,m_cl_clo_trm_u_12_15_t11_v1
1260887582,ve_enduro_t1_v4
1260976202,packed_mp_veh_mod_idx_s_23_v163
1260983191,f_cl_clo_x6f_ph_8_1_t14_v1
1261026532,m_cl_clo_fxm_pe_0_5_t14_v1
1261072417,packed_mp_veh_mod_idx_s_17_v83
1261092648,vem_insurance_elegy2
1261173910,f_cl_clo_indf_f_0_1_t6_v1
1261339151,ve_frogger_t0_v0
1261493872,packed_ng_vehicle_smoke_v216
1261501176,m_cl_clo_bim_s_11_10_t8_v1
1261514245,packed_mp_veh_mod_idx_s_22_v407
1261538664,service_earn_casino_award_lucky_lucky
1261566891,f_cl_clo_suf_decl_9_t11_v1
1261620845,packed_mp_veh_mod_idx_6_v128
1261625297,packed_mp_veh_colour1_0_v353
1261674821,packed_mp_veh_mod_idx_s_12_v239
1261692475,m_cl_clo_arm_o_28_t7_v12
1261704053,m_cl_clo_hilf_u_0_5_t11_v1
1261809233,vem_supermod_14_0_t55_v6
1261883937,f_cl_clo_l2f_lw_2_2_t14_v1
1261927154,m_cl_clo_v2m_l_0_3_t4_v1
1261935964,m_cl_clo_bhm_decl_24_t11_v1
1261937025,packed_mp_veh_mod_idx_s_15_v140
1261982696,f_cl_clo_busf_u_2_12_t8_v1
1261984577,f_cl_clo_h4f_s_1_11_t8_v1
1262029067,vem_colour_1_mct_classic_ultra_blue_t24_v3
1262088824,f_cl_clo_suf_u_7_4_t11_v1
1262190715,f_cl_he_fmf_16_7_t14_v0
1262375438,vem_yacht_col_1_v0
1262473400,m_cl_clo_h3m_b_18_11_t1_v1
1262636003,f_cl_clo_stf_o_e_1_t8_v12
1262834512,packed_mp_veh_mod_idx_s_23_v218
1262953839,f_cl_clo_exf_g_4_8_t14_v0
1263072144,packed_mp_veh_mod_idx_2_v376
1263117262,vem_horn_lowrder1_t10_v4
1263124587,packed_mp_veh_mod_var_1_v175
1263134989,f_cl_clo_grf_u_19_6_t11_v1
1263156913,m_cl_clo_trm_decl_2_t100_v0
1263230418,vem_cmod_hrn_mus1_t10_v27
1263236421,m_cl_clo_vwm_u_6_10_t11_v1
1263242057,m_cl_clo_iem_b_10_11_t1_v1
1263283161,f_cl_clo_valf_u_1_0_t8_v1
1263290037,vem_insurance_stafford
1263300854,m_cl_clo_scm_ey_0_15_t14_v1
1263309781,packed_mp_veh_mod_idx_9_v207
1263470901,f_cl_clo_h3f_o_bs_3_t8_v12
1263563277,f_cl_clo_x4f_u_9_0_t11_v1
1263612630,packed_mp_int_hackertruck_weapon_station_v0
1263704372,vem_roof_5_t12_v38
1263742352,f_cl_clo_v2f_l_0_0_t4_v1
1263746073,packed_ng_vehicle_neon_v118
1263893002,vem_smod_whl4_t19_v3
1264035227,packed_mp_veh_mod_idx_5_v213
1264047896,vem_colour_1_mct_metallic_garnet_red_t24_v3
1264088277,m_cl_clo_x6m_o_3_t3_v12
1264138661,packed_ng_vehicle_insurance_v326
1264152324,vem_colour_1_mct_metallic_grace_red_t24_v0
1264298082,packed_mp_veh_mod_idx_8_v58
1264307392,m_ta_tat_fm_247_t0_v0
1264307457,m_cl_clo_exm_au_22_2_t11_v1
1264319112,m_cl_outfit_clo_bus_m_o_12_t12_v0
1264384242,m_cl_clo_xmas_h_0_0_t14_v1
1264565547,m_cl_clo_grm_b_5_10_t1_v1
1264615538,vem_colour_2_mct_metallic_bright_green_t25_v3
1264621564,f_cl_clo_hstfb_21_1_t1_v1
1264675260,vem_colour_2_mct_metallic_woodbeech_brown_t25_v4
1264684352,vem_colour_extra_1_mct_classic_sandy_brown_t24_v33
1264711060,packed_mp_veh_mod_idx_13_v112
1264844318,m_cl_l_fmm_3_1_t4_v0
1264901156,m_cl_clo_hst_a_8_t8_v1
1264955212,packed_mp_veh_mod_var_1_v359
1265008305,packed_mp_veh_mod_idx_s_23_v72
1265083252,mp_stat_mpsv_model_79
1265121483,packed_mp_veh_mod_idx_s_13_v282
1265167703,packed_mp_veh_plate_id_v408
1265257205,f_cl_clo_vwf_ph_0_7_t14_v1
1265272476,service_earn_from_business_hub_sell
1265366690,m_cl_clo_grm_u_19_0_t11_v1
1265377139,f_cl_clo_x4f_u_10_3_t11_v1
1265386698,m_ta_tat_fm_205_t0_v0
1265399284,f_cl_clo_vwf_decl_13_t100_v0
1265419954,m_cl_clo_smm_ph_2_13_t14_v1
1265428174,vem_supermod_14_2_t55_v6
1265438205,vem_supermod_15_4_t56_v28
1265601914,vem_insurance_barrage
1265661641,packed_mp_veh_mod_idx_s_23_v84
1265710746,m_cl_clo_exm_au_3_1_t11_v1
1265728490,packed_mp_veh_livery_0_v264
1265902076,vem_supermod_3_19_t44_v27
1266004887,vem_colour_5_sienna_brown_t38_v0
1266040442,wp_wct_clip1_t1_v88
1266173496,f_cl_clo_grf_decl_3_t11_v1
1266274741,packed_mp_veh_mod_idx_6_v274
1266439471,vem_drft_23_t19_v0
1266480906,packed_mp_veh_mod_idx_s_23_v80
1266622434,packed_mp_veh_mod_idx_s_2_v326
1266716507,f_cl_clo_arf_ph_0_3_t14_v1
1266761611,m_cl_clo_h4m_pey_210_t14_v1
1266778154,packed_mp_veh_livery_0_v128
1266803984,vem_smod4_whlv12_t66_v3
1267018076,m_cl_outfit_clo_hstm_o_i_1_t12_v0
1267065693,f_cl_clo_awf_u_4_6_t11_v1
1267126242,packed_ng_vehicle_smoke_v191
1267207721,f_cl_clo_fxf_pe_4_4_t14_v1
1267299726,f_cl_clo_bhf_decl_27_t100_v0
1267329652,vem_smod4_whlv110_t66_v2
1267429059,vem_supermod_23_6_t64_v26
1267509868,packed_mp_veh_colour2_0_v9
1267639759,packed_mp_veh_mod_idx_s_15_v173
1267725892,m_cl_clo_grm_ph_1_1_t14_v1
1267899274,m_cl_clo_exm_al_11_2_t4_v1
1268060405,packed_mp_veh_mod_idx_13_v232
1268096748,vem_smod2_whlv29_t66_v3
1268116293,m_cl_clo_v2m_o_2_t3_v12
1268128957,packed_mp_veh_mod_idx_24_v124
1268155462,f_cl_outfit_clo_awf_o_b_2_t12_v0
1268194347,vem_yacht_flag_14_v0
1268195417,packed_mp_veh_mod_idx_13_v69
1268335087,m_cl_clo_trm_u_15_18_t11_v1
1268349131,packed_mp_veh_mod_idx_s_18_v106
1268380156,packed_mp_veh_mod_idx_22_v263
1268398614,vem_cmod_tyr_13_t18_v31
1268425315,packed_mp_veh_mod_idx_s_17_v192
1268530422,wp_ps_bag_62_t1_v33
1268572295,f_cl_clo_grf_u_6_14_t11_v1
1268596503,f_cl_clo_smf_ph_1_8_t14_v1
1268784817,m_cl_outfit_clo_x6m_o_o_21_t12_v0
1268853851,m_cl_clo_h4m_s_2_14_t8_v1
1268886598,packed_mp_veh_mod_idx_s_20_v331
1268941965,packed_mp_veh_mod_idx_15_v289
1268952752,ve_bombushka_t1_v34
1269070032,packed_mp_veh_livery_0_v237
1269106876,m_cl_clo_sbm_f_4_5_t6_v1
1269176362,vem_cmod_tyr_4_t18_v4
1269387537,packed_lr_vehicle_colour_6_v245
1269438668,vem_supermod_9_4_t50_v27
1269593470,wp_wt_gnade_t2_v2
1269595480,f_cl_clo_vwf_pe_1_3_t14_v1
1269612439,m_cl_clo_exm_eu_12_9_t11_v1
1269748173,packed_mp_veh_mod_idx_6_v144
1269828424,vem_supermod_1_6_t42_v27
1269848213,vem_horn_cnote_b0_t10_v2
1269892772,vem_colour_6_salmon_pink_t65_v3
1269900330,m_cl_clo_x6m_u_26_24_t11_v1
1269960226,packed_lr_vehicle_colour_5_v72
1270023752,m_cl_clo_scm_d_22_11_t10_v1
1270050708,mp_stat_mpsv_model_194
1270066280,m_cl_clo_lxm_u_8_8_t11_v1
1270161109,vem_colour_2_mct_classic_sea_green_t25_v2
1270186279,f_cl_clo_indf_d_14_t100_v0
1270218195,f_cl_u_fmf_0_14_t8_v0
1270244208,f_cl_clo_lxf_lw_0_2_t14_v1
1270290026,m_cl_clo_iem_l_5_1_t4_v1
1270381239,f_cl_clo_h4f_decl_23_t11_v1
1270430101,packed_mp_veh_colour2_0_v236
1270582120,m_cl_clo_x6m_u_0_21_t11_v1
1270607792,packed_mp_veh_mod_idx_s_21_v246
1270617875,packed_mp_veh_mod_idx_13_v200
1270728622,vem_insurance_boxville5
1270769883,f_cl_clo_suf_u_19_15_t11_v1
1270817861,f_cl_clo_suf_decl_2_t11_v1
1270903116,packed_mp_veh_mod_idx_16_v97
1270923287,packed_mp_veh_mod_idx_1_v177
1270923340,m_cl_clo_fxm_u_6_22_t11_v1
1270969355,f_cl_clo_smf_ph_1_9_t14_v1
1270979114,packed_mp_veh_primary_colour_group_v237
1271032342,pr_mp_prop_62_t0_v0
1271137172,vem_colour_1_mct_classic_straw_brown_t24_v33
1271183522,packed_mp_veh_mod_idx_10_v356
1271208369,packed_mp_veh_mod_idx_0_v374
1271212595,vem_supermod_17_0_t58_v10
1271268795,packed_mp_veh_mod_idx_s_11_v248
1271301729,pm_weapon_discount_plat_driveby
1271319425,m_cl_clo_fxm_ph_6_5_t14_v1
1271325752,m_cl_clo_vwm_t_0_2_t7_v1
1271365018,f_cl_clo_awf_b_12_10_t1_v1
1271402328,wp_wct_knuck_ht_t1_v62
1271446450,vem_colour_extra_1_mct_pearlescent_midnight_silver_t24_v4
1271455859,vem_horn_clas6_t10_v35
1271599214,packed_mp_veh_mod_idx_s_9_v256
1271615339,vem_exhaust_2_t6_v7
1271664023,m_cl_outfit_clo_stm_o_20_t12_v0
1271915007,packed_mp_veh_livery_0_v176
1272044350,vem_musc_07_t19_v1
1272092814,f_cl_clo_s1f_ph_0_12_t14_v1
1272104439,packed_mp_veh_mod_idx_s_23_v209
1272120116,packed_mp_veh_mod_idx_s_20_v299
1272134892,m_cl_clo_lxm_e_25_0_t14_v1
1272179885,m_cl_clo_awm_f_0_15_t6_v1
1272189149,m_cl_outfit_clo_h4m_o_sm_m4_t12_v0
1272189603,m_cl_clo_iem_l_0_6_t4_v1
1272192216,packed_mp_veh_livery_0_v22
1272201101,vem_engine_2_t5_v28
1272253082,f_cl_outfit_clo_smf_o_4_t12_v0
1272351420,packed_mp_veh_mod_idx_5_v384
1272407613,m_cl_clo_vwm_pw_1_0_t14_v1
1272423185,packed_mp_veh_mod_idx_s_3_v225
1272598837,packed_mp_veh_mod_idx_8_v404
1272650124,packed_mp_veh_mod_idx_s_20_v100
1272837870,packed_mp_veh_mod_idx_2_v148
1272847768,vem_colour_mct_none_122
1272863658,packed_mp_veh_mod_idx_s_17_v337
1273066188,f_cl_g_fmf_10_7_t14_v0
1273073815,packed_mp_veh_mod_idx_23_v227
1273100452,f_cl_clo_vwf_u_12_5_t11_v1
1273196929,f_cl_clo_awf_u_17_3_t11_v1
1273221445,m_cl_outfit_clo_h3m_o_dh_23_t12_v0
1273271583,packed_mp_veh_mod_idx_s_15_v232
1273308432,packed_mp_veh_mod_idx_s_3_v208
1273343806,vem_smod_whlv26_t66_v0
1273472340,vem_cmod_col5_11_t29_v2
1273531468,packed_mp_veh_colour_extra1_0_v125
1273571331,mp_stat_mpsv_model_85
1273613170,m_cl_clo_vwm_l_1_1_t4_v1
1273619893,m_cl_clo_bim_u_9_3_t11_v1
1273687666,packed_mp_veh_mod_idx_s_18_v167
1273797427,m_cl_clo_h2m_b_8_1_t1_v1
1273819657,packed_mp_veh_mod_idx_s_3_v35
1273876831,packed_mp_veh_mod_idx_s_9_v344
1273897996,vem_supermod_46_21_t46_v7
1273954146,packed_mp_veh_mod_idx_s_5_v71
1274033949,pm_weapon_discount_gun_van_2_0
1274108262,packed_mp_veh_livery2_0_v239
1274200383,f_ta_tat_h4_011_t0_v0
1274301603,pr_mp_prop_5_t0_v1
1274360970,packed_mp_veh_mod_idx_14_v220
1274374967,f_cl_clo_grf_u_11_17_t11_v1
1274378012,vem_insurance_tailgater2
1274401759,dec_vw_aw_mf_1g
1274449356,f_cl_clo_smf_b_5_12_t1_v1
1274575430,m_cl_clo_h2m_b_5_5_t1_v1
1274596385,packed_mp_veh_mod_idx_0_v75
1274656792,vem_cmod_tyr_0_t31_v34
1274744046,vem_supermod_20_5_t61_v26
1274768205,f_ha_cc_mkup_39_t7_v1
1274882798,m_cl_clo_fxm_ph_4_5_t14_v1
1274910164,packed_mp_veh_mod_idx_s_2_v217
1274934397,wp_wct_c_tint_29_t2_v70_n2
1275006471,m_cl_clo_sbm_u_15_0_t11_v1
1275035192,m_cl_clo_smm_b_0_19_t1_v1
1275047173,ve_scramjet_t1_v3
1275095543,m_cl_clo_hstm_l_4_3_t4_v1
1275165987,vem_colour_extra_1_mct_classic_blue_silver_t24_v1
1275170739,packed_mp_veh_mod_idx_s_15_v96
1275183289,f_cl_clo_grf_b_1_12_t1_v1
1275405882,packed_mp_veh_mod_idx_s_9_v229
1275445700,m_cl_clo_h4m_pey_0_5_t14_v1
1275446760,vem_offr_22_t19_v1
1275461742,packed_mp_veh_mod_idx_s_22_v162
1275476483,pr_mp_prop_64_t0_v0
1275489544,f_cl_clo_og_decl_4_t100_v0
1275506111,m_cl_clo_vwm_f_1_5_t6_v1
1275529614,m_cl_clo_awm_l_1_0_t4_v1
1275616804,packed_mp_veh_mod_idx_s_3_v14
1275666709,m_cl_clo_h3m_decl_14_t100_v0
1275724962,vem_colour_2_mct_metallic_cabernet_red_t25_v4
1275809428,packed_mp_veh_mod_idx_s_2_v152
1275951321,packed_mp_veh_mod_idx_s_22_v151
1276017908,packed_mp_veh_mod_idx_s_12_v184
1276031194,vem_smod_whlv209_t66_v3
1276034720,wp_gsa_type_r_t0_v98
1276036128,vem_horn_lowrder2_t10_v38
1276049521,vem_smod4_whlv116_t66_v3
1276085425,f_cl_clo_busf_u_2_8_t11_v1
1276090503,m_ha_cc_mkup_41_t7_v0
1276114442,packed_mp_veh_secondary_colour_group_v286
1276133878,packed_mp_veh_mod_idx_1_v254
1276208952,m_cl_clo_arm_o_25_t11_v12
1276218144,vem_truck_slot_10_mod_0_t0_v0
1276302232,vem_smod2_whlv122_t66_v3
1276310573,f_cl_clo_smf_ph_4_24_t14_v1
1276335115,wp_wct_muzz6_t1_v56_n2
1276479143,vem_supermod_19_1_t60_v5
1276510584,vem_supermod_7_23_t48_v3
1276519941,f_cl_clo_exf_al_12_2_t4_v1
1276546358,packed_mp_veh_mod_idx_11_v279
1276619170,packed_mp_veh_colour_extra1_0_v186
1276630864,f_cl_clo_suf_l_1_23_t4_v1
1276658510,packed_mp_veh_mod_idx_s_3_v339
1276679500,vem_colour_extra_1_mct_metallic_purple_t24_v1
1276752851,vem_supermod_19_0_t60_v38
1276792564,ve_powersurge_t0_v4
1276812134,vem_colour_2_mct_classic_bison_brown_t25_v2
1276901265,vem_supermod_21_8_t62_v27
1276945116,f_cl_clo_s2f_u_3_8_t11_v1
1277003675,factory_index_7_t0_v0
1277145497,m_ta_tat_fx_020_t0_v0
1277166719,vem_colour_extra_1_mct_metallic_harbor_blue_t24_v1
1277205391,f_cl_clo_x5f_o_a_3_t8_v12
1277249732,vem_supermod_3_32_t44_v27
1277262741,f_cl_outfit_clo_s1f_o_0_t12_v0
1277273620,f_cl_clo_fxf_u_6_12_t11_v1
1277342607,vem_supermod_2_0_t43_v3
1277368077,m_cl_clo_apm_u_17_1_t11_v1
1277619314,packed_mp_veh_mod_idx_22_v288
1277678148,packed_ng_vehicle_smoke_v181
1277849602,m_cl_clo_awm_b_8_6_t1_v1
1277943502,f_cl_clo_stf_o_17_t8_v12_cesp
1277952352,f_cl_clo_l2f_dec_17_t100_v0
1278149182,packed_mp_veh_mod_idx_s_22_v376
1278154058,packed_mp_veh_mod_idx_s_14_v373
1278207482,packed_mp_veh_mod_idx_13_v393
1278209269,vem_cmod_col5_35_t29_v4
1278281056,packed_mp_veh_mod_idx_s_20_v114
1278286267,packed_mp_veh_mod_idx_0_v117
1278305032,m_cl_clo_vwm_u_21_12_t11_v1
1278320048,f_cl_clo_exf_al_5_1_t4_v1
1278363235,m_ta_tat_bi_041_t0_v0
1278494182,packed_mp_veh_mod_idx_s_3_v357
1278586546,m_cl_clo_scm_u_48_4_t11_v1
1278710142,vem_roof_5_t12_v4
1278745895,m_cl_u_fmm_15_0_t8_v0_cesp
1278808922,vem_colour_extra_1_mct_classic_white_t24_v1
1278827888,m_cl_clo_grm_decl_28_t10_v1
1278852165,packed_mp_veh_mod_idx_6_v238
1278994530,vem_suspension_4_t15_v7
1279087409,packed_mp_veh_mod_idx_s_4_v170
1279090886,packed_mp_veh_colour1_0_v364
1279227967,vem_colour_extra_1_mct_classic_anthr_black_t24_v1
1279234822,vem_chassis_0_t4_v5
1279239200,m_cl_outfit_clo_iem_o_5_t12_v0
1279245109,vem_smod4_whlv189_t66_v0
1279356451,m_ta_tat_h3_040_t0_v0
1279481468,wp_wct_c_tint_16_t2_v56_n2
1279736021,f_cl_m_fmf_5_1_t1_v0
1279770071,packed_mp_veh_secondary_colour_group_v133
1279874127,vem_supermod_3_44_t44_v6
1279980885,f_cl_clo_grf_b_1_13_t1_v1
1280011469,f_cl_clo_h3f_o_bs_1_t11_v12
1280244581,f_cl_clo_s2f_u_3_3_t11_v1
1280282787,f_cl_clo_bif_ph_6_9_t14_v1
1280308946,vem_truck_tint_0_t0_v0
1280355552,m_cl_clo_s2m_l_0_3_t4_v1
1280366738,packed_mp_veh_mod_idx_s_14_v105
1280485314,vem_suv_12_t19_v1
1280572059,vem_smod4_whlv51_t66_v1
1280615014,vem_smod4_whlv63_t66_v3
1280628467,wp_wct_c_tint_10_t2_v48_n2
1280785534,service_earn_auto_shop_delivery_award
1280916804,vem_smod_whlv63_t66_v3
1280954973,vem_smod_whlv97_t66_v0
1280999307,packed_mp_veh_window_tint_0_v342
1281045406,m_cl_clo_stm_u_4_1_t11_v1
1281121910,packed_mp_veh_colour_extra2_0_v122
1281138713,packed_mp_veh_mod_idx_15_v220
1281149797,m_cl_clo_halm_12_0_t1_v1
1281234877,packed_mp_veh_wheel_type_0_v222
1281268953,packed_mp_veh_mod_idx_4_v238
1281308237,f_cl_clo_x6f_u_23_0_t11_v1
1281345423,packed_mp_veh_mod_idx_s_9_v56
1281377669,m_cl_clo_h4m_u_3_25_t11_v1
1281592341,m_ha_clo_bim_h_3_0_t0_v0
1281674561,m_cl_clo_bhm_u_5_8_t11_v1
1281681863,vem_bumper_f_1_t34_v2
1281702058,vem_bumper_f_9_t34_v6
1281751434,ve_big_truck_t0_v0
1281797930,packed_mp_veh_mod_var_1_v374
1281813486,packed_mp_veh_mod_idx_s_23_v179
1282004395,f_cl_clo_suf_decl_22_t100_v0
1282181449,m_cl_clo_trm_u_9_14_t11_v1
1282243985,vem_spoiler_6_t14_v6
1282258546,vem_cmod_col5_32_t29_v3
1282385171,packed_mp_veh_mod_idx_5_v268
1282410398,packed_ng_vehicle_neon_v300
1282446773,vem_horn_hween2_t10_v37
1282589260,f_cl_clo_exf_eu_16_7_t11_v1
1282725163,vem_insurance_conada2
1282807005,f_cl_clo_trf_u_6_5_t11_v1
1282881897,m_cl_clo_jam_o_3_t3_v12
1282891529,vem_colour_extra_1_mct_classic_candy_red_t24_v2
1282891844,f_cl_outfit_clo_h2f_o_g_9_t12_v0
1283071017,vem_supermod_15_8_t56_v26
1283145223,f_cl_clo_bif_ph_0_1_t14_v1
1283167037,f_cl_l_fmf_6_2_t4_v0
1283222218,packed_mp_veh_mod_idx_22_v55
1283261732,packed_ng_vehicle_neon_v325
1283343516,vem_colour_extra_1_mct_pearlescent_midnight_blue_t24_v0
1283362745,packed_mp_veh_mod_idx_s_15_v60
1283450280,m_cl_clo_fxm_pe_5_5_t14_v1
1283465072,packed_mp_veh_mod_idx_4_v223
1283488677,vem_colour_2_mct_classic_red_t25_v4
1283658434,packed_mp_veh_mod_idx_s_6_v318
1283693111,m_cl_clo_smm_b_0_12_t1_v1
1283718111,cf_mission_failed
1283746566,m_cl_clo_sbm_l_0_3_t4_v1
1283809542,packed_mp_veh_mod_idx_10_v147
1283914579,vem_sub_heli_c_12
1283980133,packed_mp_veh_mod_idx_s_23_v29
1284084498,f_cl_clo_fxf_pe_5_6_t14_v1
1284120399,f_cl_clo_fxf_l_0_25_t4_v1
1284132912,f_cl_clo_s2f_u_3_4_t11_v1
1284235991,f_cl_clo_scf_o_4_t8_v12
1284325765,vem_smod2_whlv75_t66_v3
1284332285,m_cl_clo_x5m_u_16_10_t11_v1
1284441382,packed_mp_veh_mod_idx_8_v160
1284470867,vem_skirt_5_t13_v26
1284513094,packed_mp_veh_mod_idx_s_17_v132
1284613092,packed_mp_veh_mod_idx_2_v210
1284755032,vem_supermod_17_7_t58_v27
1284776589,f_cl_clo_grf_b_0_6_t1_v1
1284787822,vem_musc_14_t19_v3
1284967417,m_cl_clo_halm_0_1_t1_v1
1284979839,vem_colour_1_mct_metallic_lime_green_t24_v3
1285018379,packed_mp_veh_mod_idx_18_v60
1285059014,vem_hood_15_t9_v1
1285080355,packed_mp_veh_colour2_0_v117
1285118742,dec_vw_aw_ls_14a
1285128251,packed_mp_veh_mod_idx_3_v35
1285137468,m_cl_clo_exm_eu_11_3_t11_v1
1285177159,f_ta_tat_bi_060_t0_v0
1285180108,wp_wct_c_tint_1_t2_v21_n2
1285268623,packed_ng_vehicle_insurance_v223
1285337683,vem_smod3_whlv33_t66_v3
1285386406,packed_ng_vehicle_neon_v216
1285474754,f_cl_clo_grf_u_2_13_t11_v1
1285522831,vem_smod_whlv99_t66_v0
1285655174,vem_colour_1_mct_matte_dark_red_t24_v4
1285706168,packed_mp_veh_plate_id_v307
1285757648,packed_mp_veh_mod_idx_s_13_v145
1285798718,packed_mp_veh_mod_var_0_v317
1285881583,vem_supermod_10_10_t51_v26
1285906527,vem_colour_extra_1_mct_pearlescent_rolled_steel_t24_v4
1285947499,vem_horn_cnote_e0_t10_v10
1285954914,packed_mp_veh_mod_idx_9_v324
1285961337,pr_mp_prop_26_t0_v0
1286109785,packed_mp_veh_secondary_colour_group_v18
1286201997,packed_mp_veh_mod_idx_7_v146
1286268412,f_cl_clo_hstfb_18_3_t1_v1
1286306756,mp_stat_mpsv_model_160
1286315867,m_cl_clo_sum_u_7_0_t11_v1
1286358128,m_cl_clo_smm_b_7_17_t1_v1
1286382449,vem_armour_5_t1_v11
1286391986,packed_mp_veh_mod_var_1_v314
1286445371,packed_mp_veh_mod_idx_s_23_v406
1286497872,m_cl_clo_grm_l_0_7_t4_v1
1286518207,f_cl_clo_h2f_u_7_23_t11_v1
1286720470,vem_cmod_neoncol_10_t21_v0
1286724221,packed_mp_veh_colour_extra2_0_v165
1287002446,vem_colour_1_mct_classic_bison_brown_t24_v33
1287011241,f_cl_clo_h2f_u_6_5_t11_v1
1287038872,m_cl_clo_awm_decl_65_t100_v0
1287091180,packed_mp_veh_mod_idx_s_7_v338
1287100349,f_cl_clo_awf_f_7_7_t6_v1
1287112340,packed_mp_veh_mod_idx_10_v341
1287203811,packed_mp_veh_mod_idx_15_v75
1287308202,service_earn_refund_backup_vagos
1287325763,packed_mp_veh_mod_idx_23_v35
1287347690,f_cl_clo_bhf_u_7_1_t11_v1
1287380317,m_cl_clo_hilf_s_2_6_t8_v1
1287402600,m_cl_clo_arm_o_22_t11_v12
1287418952,f_ha_cc_mkup_94_t5_v0
1287433167,f_cl_clo_x17f_u_4_9_t11_v1
1287471814,dec_vw_aw_mt_18d
1287602218,packed_mp_veh_mod_idx_s_0_v187
1287698349,packed_mp_veh_mod_idx_s_19_v122
1287753901,packed_mp_veh_mod_idx_11_v129
1287787912,m_cl_clo_x2m_ht_5_3_t14_v1
1287872477,m_cl_clo_v2m_o_4_t3_v12
1287885084,vem_cmod_pla_3_t23_v4
1288046320,vem_rwd_spt_01_t19_v2
1288101585,ve_moonbeam_t0_v3
1288101975,packed_mp_veh_mod_idx_s_10_v314
1288126806,vem_bumper_r_10_t35_v37
1288220397,f_cl_clo_og_decl_4_t11_v1
1288235129,packed_mp_veh_mod_idx_10_v164
1288555005,packed_mp_veh_mod_idx_s_8_v125
1288652328,packed_mp_veh_mod_idx_6_v294
1288721113,vem_supermod_7_1_t48_v28
1288799748,vem_supermod_2_1_t43_v10
1288855363,m_cl_clo_exm_eu_5_2_t11_v1
1288876295,vem_colour_2_mct_classic_blaze_red_t25_v0
1288942221,wp_wct_grip_t1_v23
1289003427,f_cl_clo_awf_l_0_11_t4_v1
1289069378,m_cl_outfit_clo_h2m_o_g_5_t12_v0
1289118683,f_cl_clo_grf_l_2_6_t4_v1
1289251644,packed_mp_veh_mod_idx_s_14_v335
1289258562,packed_mp_veh_mod_idx_s_23_v376
1289383026,vem_hlight_0_t11_v38
1289417572,vem_colour_extra_1_mct_classic_blaze_red_t24_v0
1289422353,vem_colour_2_mct_metallic_dark_green_t25_v33
1289424111,vem_colour_2_mct_classic_salmon_pink_t25_v33
1289507589,vem_colour_2_mct_matte_grey_t25_v4
1289524777,vem_colour_mct_none_17
1289553882,f_cl_clo_x4f_u_13_5_t11_v1
1289556023,packed_mp_veh_mod_idx_s_1_v126
1289589292,packed_mp_veh_mod_idx_s_2_v203
1289705786,m_cl_clo_bhm_u_1_6_t11_v1
1289771734,m_ha_clo_grm_h_1_0_t0_v1
1289852358,m_cl_clo_sbm_pe_1_13_t14_v1
1289874803,f_cl_outfit_clo_h3f_o_grp_6_t12_v0
1289912596,vem_supermod_7_1_t48_v6
1289997213,vem_roof_10_n2_t12_v3
1290090708,f_cl_clo_arf_o_25_t11_v12
1290162574,f_cl_clo_grf_u_6_12_t11_v1
1290248226,f_cl_clo_grf_f_0_20_t6_v1
1290261478,vem_roof_7_t12_v3
1290360963,packed_mp_veh_mod_idx_18_v17
1290377792,packed_mp_veh_mod_var_0_v194
1290435614,packed_mp_veh_mod_idx_s_23_v26
1290438164,m_cl_u_fmm_9_7_t8_v0
1290457264,m_cl_clo_hp_u_2_1_t11_v1
1290509850,m_cl_clo_stm_ht6_8_t14_v1
1290517134,f_cl_clo_scf_ph_5_0_t14_v1
1290542180,f_cl_clo_hp_f_d_11_t11_v1
1290602521,packed_mp_veh_mod_idx_18_v137
1290621196,f_ha_clo_trf_h_0_0_t0_v2
1290677532,m_cl_clo_smm_ph_3_10_t14_v1
1290686926,f_cl_clo_x6f_u_24_7_t11_v1
1290715387,m_cl_clo_lxm_o_1_t3_v12
1290716992,wp_gsa_type_r_t0_v73
1290899966,f_cl_clo_h2f_o_s_4_t3_v12
1290903651,f_cl_clo_bhf_l_0_0_t4_v1
1290983922,packed_mp_veh_mod_idx_1_v401
1291002718,dec_vw_aw_wh_43
1291048847,vem_hood_10_t9_v26
1291191121,packed_mp_veh_colour2_0_v318
1291219952,f_cl_clo_suf_decl_17_t100_v0
1291444568,vem_supermod_11_5_t52_v28
1291500311,f_cl_clo_ltsfh_0_1_t14_v0
1291524021,m_cl_clo_bim_decl_10_t100_v0
1291589913,wp_wm_tint2_t2_v93
1291638181,pr_pm_bgarage_0_t0_v0
1291667429,packed_mp_veh_mod_idx_s_19_v209
1291790250,f_ha_clo_bif_h_5_0_t0_v1
1291874813,vem_supermod_6_7_t47_v28
1292009969,packed_mp_veh_mod_idx_s_23_v77
1292092710,f_cl_clo_sbf_lw_2_2_t14_v1
1292119956,mp_stat_inv_plane_model_0
1292150124,vem_grill_1_t8_v4
1292234367,packed_mp_veh_mod_idx_10_v135
1292273502,wp_wct_flash_t1_v0
1292291340,vem_musc_01_t19_v1
1292390637,packed_mp_veh_mod_idx_6_v307
1292465421,f_ha_cc_lipstick_6_t8_v1
1292519563,vem_spt_02_t19_v1
1292626494,m_cl_clo_x3m_b_3_4_t1_v1
1292627467,vem_rwd_suv_12_t19_v12
1292663777,packed_mp_veh_mod_idx_3_v80
1292693702,f_cl_clo_x6f_o_o_10_t3_v12
1292720570,vem_insurance_tampa
1292763232,packed_mp_veh_mod_idx_s_12_v367
1292771020,vem_supermod_6_23_t47_v3
1292784915,m_cl_clo_x6m_o_1_t3_v12
1292794797,f_cl_outfit_clo_h3f_o_ff_2_t12_v0
1292869326,packed_mp_veh_mod_idx_s_7_v123
1292873591,f_cl_clo_trf_u_16_1_t11_v1
1292899599,vem_colour_2_mct_metallic_sunrise_orange_t25_v2
1292919497,vem_insurance_zr3802
1292988664,f_cl_clo_bif_u_10_5_t11_v1
1293049219,packed_mp_veh_mod_idx_13_v342
1293053537,f_cl_clo_apf_l_10_0_t4_v1
1293079405,packed_mp_veh_mod_idx_7_v370
1293090223,packed_mp_veh_mod_idx_s_7_v68
1293151315,m_cl_clo_h2m_f_5_22_t6_v1
1293215378,f_ha_cc_lipstick_3_t8_v1
1293220588,vem_cmod_neoncol_12_t21_v3
1293264828,packed_mp_veh_mod_idx_s_9_v166
1293380593,wp_wm_tint5_t2_v53
1293442455,vem_hood_4_t9_v38
1293538800,packed_ng_vehicle_bpt_v250
1293557067,wp_wct_sb_base_t1_v71
1293599482,m_cl_clo_exm_g_7_8_t14_v0
1293606300,f_cl_clo_grf_b_5_11_t1_v1
1293657336,veu_primo2_t0_v0
1293661918,vem_supermod_16_13_t57_v3
1293760373,packed_ng_vehicle_insurance_v351
1293777708,m_cl_clo_vwm_u_20_5_t11_v1
1293786513,m_ta_tat_l2_023_t0_v0
1293798318,wp_wct_c_tint_25_t2_v5_n2
1293925171,wp_wct_shell_hp_t0_v22_n2
1294034321,vem_bikew_04_t19_v4
1294104269,packed_mp_veh_mod_idx_12_v273
1294138204,f_cl_outfit_clo_vwf_o_1_0_t12_v0
1294179818,m_cl_clo_x6m_u_4_1_t11_v1
1294239768,mp_stat_prop_clbhose_name_id_v0
1294270804,packed_mp_veh_mod_idx_s_22_v135
1294310384,packed_ng_vehicle_smoke_v124
1294497821,packed_mp_veh_mod_idx_s_0_v74
1294719986,packed_mp_veh_mod_idx_s_20_v171
1294834320,f_cl_clo_awf_o_h_5_t3_v12
1294972070,f_ha_cc_mkup_53_t5_v0
1294982084,vem_supermod_6_0_t47_v39
1294997555,packed_mp_veh_primary_colour_group_v270
1295006356,packed_mp_veh_mod_idx_s_19_v153
1295094652,vem_supermod_20_14_t61_v28
1295111136,packed_ng_vehicle_bpt_v230
1295181058,packed_mp_veh_mod_idx_2_v9
1295292601,vem_cmod_pla_1_t23_v28
1295315560,wp_wct_tint_31_t2_v48_n2
1295352454,m_cl_clo_bhm_u_16_17_t11_v1
1295410990,m_cl_clo_fxm_l_5_24_t4_v1
1295422204,packed_mp_veh_mod_idx_24_v322
1295443593,packed_mp_veh_mod_idx_4_v119
1295461001,mp_stat_contotalforwhouse0_v0
1295531470,packed_mp_veh_colour2_0_v175
1295569953,f_cl_clo_x6f_ph_8_24_t14_v1
1295658853,f_cl_clo_s1f_o_2_t8_v12
1295716452,packed_ng_vehicle_insurance_v383
1295767106,packed_mp_veh_mod_idx_15_v328
1295954794,f_cl_clo_hst_e_1_0_t14_v1
1296018160,m_cl_clo_h3m_o_grp_3_t3_v12
1296064141,vem_supermod_3_2_n1_t44_v3
1296194399,f_cl_clo_bhf_decl_36_t11_v1
1296234861,packed_mp_veh_mod_idx_8_v46
1296253819,m_cl_clo_iem_u_18_0_t11_v1
1296261045,vem_smod4_whlv4_t66_v3
1296308618,m_cl_clo_trm_o_r5_t3_v12
1296331768,packed_mp_veh_mod_idx_12_v134
1296401176,vem_supermod_23_22_n1_t64_v3
1296673707,f_cl_clo_indf_d_24_t8_v1
1296679321,packed_mp_veh_mod_idx_s_18_v207
1296696391,m_cl_clo_sbm_b_10_5_t1_v1
1296755749,f_cl_clo_v2f_o_7_t6_v12
1296800051,vem_brake_2_t2_v2
1296892038,packed_mp_veh_mod_idx_s_22_v367
1296920575,packed_mp_veh_mod_idx_s_18_v170
1297030524,packed_mp_veh_mod_idx_s_8_v27
1297112175,f_cl_clo_ief_u_5_16_t11_v1
1297238031,packed_mp_veh_colour_extra2_0_v230
1297260431,f_cl_clo_bhf_decl_48_t11_v1
1297315792,vem_colour_extra_1_mct_pearlescent_bison_brown_t24_v4
1297326599,packed_mp_veh_mod_idx_16_v242
1297335706,packed_ng_vehicle_neon_v150
1297363329,packed_mp_veh_mod_idx_0_v143
1297433221,packed_mp_veh_mod_idx_23_v169
1297495708,vem_smod4_whlv96_t66_v2
1297503394,f_ta_tat_bb_005_t0_v0
1297507913,packed_mp_veh_mod_idx_22_v115
1297574818,packed_mp_veh_livery2_0_v250
1297575021,f_cl_clo_exf_g_19_0_t14_v1
1297649230,packed_mp_veh_mod_idx_6_v15
1297662846,packed_ng_vehicle_neon_v81
1297674102,packed_mp_veh_mod_idx_13_v189
1297782698,packed_mp_veh_mod_idx_5_v127
1297843586,vem_horn_hips2_t10_v33
1297861452,f_cl_u_fmf_13_0_t8_v0
1297864376,ve_gburrito2_t1_v0
1297873523,f_cl_clo_awf_u_1_9_t11_v1
1297890830,f_cl_clo_grf_decl_18_t11_v1
1297957548,f_cl_clo_grf_u_9_9_t11_v1
1298041130,packed_mp_veh_mod_var_1_v226
1298091602,wp_gsa_type_r_t0_v5
1298203609,wp_wct_c_tint_21_t2_v5_n2
1298274665,vem_horn_clas4_t10_v38
1298389071,m_cl_clo_sbm_f_0_4_t6_v1
1298391239,packed_mp_veh_mod_idx_3_v368
1298503251,m_cl_clo_grm_u_13_1_t11_v1
1298524308,f_ta_tat_fm_221_t0_v0
1298667853,packed_mp_veh_mod_idx_15_v52
1298724995,packed_mp_veh_mod_var_0_v14
1298802329,m_cl_clo_grm_u_0_16a_t11_v1
1298808839,vem_colour_1_mct_classic_saddle_brown_t24_v4
1298817716,m_cl_clo_sum_u_12_1_t11_v1
1298961960,pr_pm_bfcolour_4_t1_v0
1298996535,packed_mp_veh_mod_idx_s_10_v119
1299020394,f_cl_outfit_clo_v2f_o_10_t12_v0
1299039575,f_cl_he_fmf_18_1_t14_v0
1299066103,m_cl_clo_x6m_lw_0_4_t14_v1
1299113433,packed_mp_veh_mod_idx_12_v367
1299229773,vem_bumper_f_2_t34_v7
1299270808,vem_colour_extra_1_mct_metallic_chocolate_brown_t24_v4
1299403702,packed_mp_veh_mod_idx_11_v331
1299420312,packed_mp_veh_mod_var_1_v284
1299455850,packed_mp_veh_mod_idx_9_v333
1299519435,packed_mp_veh_mod_idx_5_v120
1299519879,m_cl_clo_hstmb_14_15_t1_v1
1299643000,m_ta_tat_st_026_t0_v0
1299665079,vem_supermod_2_10_t43_v3
1299701356,vem_supermod_7_0_t48_v34
1299716981,packed_ng_vehicle_smoke_v133
1299775314,packed_mp_veh_mod_idx_12_v224
1300064712,packed_mp_veh_mod_idx_12_v92
1300069761,casino_heist_vehicle_upgrade_v2
1300093232,packed_mp_veh_mod_idx_s_1_v350
1300098613,wp_wm_tint2_t2_v12
1300114348,m_cl_clo_sum_decl_27_t11_v1
1300127480,packed_mp_veh_mod_var_1_v101
1300172407,mba_graphics_8_t0_v0
1300263141,vem_smod5_whlv192_t66_v3
1300347231,f_cl_clo_sbf_ph_6_6_t14_v1
1300379305,vem_grill_0_t8_v33
1300412624,vem_supermod_51_9_t51_v7
1300532338,f_cl_clo_bhf_decl_21_t100_v0
1300546083,m_cl_clo_s1m_dec_13_t11_v1
1300552150,m_ta_tat_ar_001_t0_v0
1300553847,packed_mp_veh_mod_idx_s_16_v147
1300594207,m_cl_clo_bim_ph_0_3_t14_v1
1300623231,f_cl_clo_h2f_o_s_18_t3_v12
1300629486,f_cl_clo_grf_u_8_0_t11_v1
1300829914,vem_cmod_tyr_stt_t30_v29
1300840060,m_cl_clo_arm_o_16_t3_v12
1300878161,vem_supermod_10_0_t51_v6
1300890635,packed_mp_veh_mod_idx_10_v261
1300920473,m_cl_clo_hilf_o_7_t3_v12
1301046174,service_earn_cncb
1301072239,packed_mp_veh_mod_idx_15_v198
1301083137,packed_mp_veh_mod_idx_10_v216
1301155612,f_ha_cc_mkup_66_t5_v0
1301205633,m_cl_clo_bus_m_0_1_t1_v1
1301227047,wp_wct_clip_fmj_t1_v48_n2
1301369764,f_cl_outfit_clo_indf_o_4_t12_v0
1301428592,vem_supermod_13_5_t54_v27
1301680185,packed_mp_veh_mod_idx_s_1_v20
1301694281,vem_smod4_whlv193_t66_v2
1301695684,packed_mp_veh_colour_extra1_0_v27
1301714112,f_cl_clo_trf_d_29_1_t10_v1
1301737209,m_cl_clo_x6m_b_2_25_t1_v1
1301739956,vem_colour_2_mct_metallic_silver_t25_v1
1301850721,m_cl_clo_pim_b_0_0_t1_v1
1301856390,m_cl_clo_vwm_u_9_2_t11_v1
1301880322,packed_mp_veh_mod_idx_0_v256
1301921708,packed_mp_veh_livery2_0_v174
1301977386,m_cl_clo_indm_b_2_0_t1_v1
1301998327,m_cl_clo_busm_s_1_1_t8_v2
1302023826,packed_mp_veh_mod_idx_9_v199
1302049687,ve_tornado5_t0_v0
1302070208,packed_mp_veh_mod_idx_s_13_v352
1302170376,f_cl_clo_h3f_decl_0_t11_v1
1302172077,f_cl_clo_bhf_u_16_14_t11_v1
1302281894,vem_supermod_16_1_t57_v7
1302295511,packed_mp_veh_mod_idx_s_14_v221
1302310332,mp_stat_mpsv_model_65
1302390503,vem_chassis_3_n0_t4_v38
1302415906,f_cl_clo_grf_ph_1_0_t14_v1
1302459475,m_cl_clo_smm_ph_3_1_t14_v1
1302568074,packed_mp_veh_mod_idx_8_v251
1302645821,packed_mp_veh_colour2_0_v98
1302810348,dec_vw_aw_wv_40b
1303054716,vem_fender_r_10_t37_v3
1303104714,m_cl_clo_bbm_u_2_0_t8_v1
1303179272,m_cl_clo_fxm_l_5_13_t4_v1
1303503147,packed_mp_veh_mod_idx_7_v326
1303536502,m_cl_clo_vwm_l_3_6_t4_v1
1303577703,packed_mp_veh_mod_idx_7_v176
1303639165,packed_mp_veh_mod_idx_s_8_v406
1303980851,vem_smod2_whlv185_t66_v3
1304057944,m_cl_clo_smm_decl_13_t100_v0
1304097482,packed_mp_veh_mod_var_0_v403
1304100691,f_cl_clo_hp_d_40_t8_v1
1304112831,m_cl_clo_h2m_b_4_25_t1_v1
1304154922,ve_double_t0_v4
1304294583,f_cl_clo_sbf_u_22_9_t11_v1
1304378628,packed_mp_veh_mod_idx_s_0_v391
1304419170,packed_ng_vehicle_neon_kit_v184
1304428733,f_cl_clo_x6f_ey_0_1_t14_v1
1304486650,packed_ng_vehicle_smoke_v145
1304602812,packed_mp_veh_mod_idx_13_v212
1304609495,vem_colour_1_mct_classic_wine_red_t24_v4
1304685486,vem_cmod_neonlay_4_t21_v0
1304729169,m_cl_clo_hstm_g_2_0_t3_v1
1304729775,m_cl_g_fmm_12_1_t14_v0
1304752815,packed_mp_veh_mod_idx_4_v350
1304800589,vem_offr_16_t19_v3
1304812019,vem_colour_1_mct_metallic_anthr_black_t24_v0
1304895477,vem_colour_2_mct_classic_candy_red_t25_v1
1305067786,packed_ng_vehicle_neon_v114
1305071164,f_cl_clo_fxf_u_7_7_t11_v1
1305082340,packed_lr_vehicle_colour_6_v352
1305171679,vem_smod4_whlv25_t66_v2
1305192541,vem_roof_0_t12_v36
1305194197,packed_mp_veh_colour_extra1_0_v352
1305243337,f_cl_clo_smf_ph_6_8_t14_v1
1305259277,packed_mp_veh_mod_idx_s_18_v155
1305306883,m_cl_clo_x6m_l_6_9_t4_v1
1305315472,m_cl_clo_busm_u_2_3_t11_v1
1305337140,m_cl_clo_smm_b_6_19_t1_v1
1305404281,wp_wct_c_tint_26_t2_v70_n2
1305412755,vem_supermod_23_1_t64_v28
1305420142,packed_mp_veh_window_tint_0_v146
1305522729,f_cl_clo_bif_decl_33_t100_v0
1305538449,vem_colour_1_mct_metallic_silver_t24_v1
1305645311,packed_lr_vehicle_colour_5_v83
1305648695,f_cl_clo_busf_g1_5_t14_v1
1305744283,packed_mp_veh_mod_idx_2_v234
1305753788,m_cl_clo_scm_ey_0_3_t14_v1
1305803784,mba_floor0_7_t0_v0
1305825976,f_cl_clo_h4f_u_6_3_t11_v1
1305912756,packed_lr_vehicle_colour_5_v356
1305950892,vem_supermod_23_27_n1_t64_v34
1306156363,packed_mp_veh_mod_idx_s_10_v392
1306192018,f_cl_clo_sbf_b_5_0_t1_v1
1306219592,m_cl_clo_l2m_t_13_3_t7_v1
1306336358,packed_mp_veh_mod_idx_s_12_v108
1306337204,fchub_sta_1_t0_v0
1306450845,packed_mp_veh_plate_id_v368
1306504662,vem_supermod_2_2_t43_v3
1306527562,packed_mp_veh_mod_idx_s_20_v145
1306579809,packed_mp_veh_mod_idx_0_v60
1306619075,packed_mp_veh_mod_idx_18_v262
1306665238,packed_mp_veh_mod_idx_s_17_v166
1306674583,vem_musc_08_t19_v1
1306686883,vem_armour_2_t1_v4
1306805884,packed_mp_veh_mod_idx_s_0_v131
1306865018,f_ta_tat_h27_016_t0_v0
1306919884,packed_mp_veh_mod_idx_12_v290
1306954554,vem_colour_6_hot
1306998594,f_cl_clo_half_1_0_t1_v1
1307018707,vem_colour_2_mct_metallic_straw_brown_t25_v1
1307050107,vem_hlight_1_t11_v38
1307050483,f_cl_clo_v2f_o_0_t6_v12
1307098825,packed_mp_veh_secondary_colour_group_v193
1307262077,m_cl_clo_hstm_t_3_2_t7_v1
1307333904,packed_mp_veh_mod_idx_6_v136
1307354267,packed_mp_veh_mod_idx_9_v263
1307355997,fa_upgrade_weed_equip_1_t0_v0
1307382310,vem_colour_5_racing_blue_t38_v0
1307394829,f_cl_clo_indf_d_7_t8_v1
1307430918,f_cl_clo_bbf_106_t4_v1
1307440710,packed_mp_veh_mod_idx_2_v101
1307453890,vem_rwd_suv_11_t19_v0
1307459114,dec_vw_aw_ls_20
1307534187,m_cl_clo_smm_b_5_14_t1_v1
1307537529,f_cl_clo_scf_d_26_4_t10_v1
1307709569,packed_ng_vehicle_bpt_v331
1307780375,vem_smod2_whlv11_t66_v3
1307850610,f_cl_clo_grf_g_0_2_t3_v1
1307875737,vem_colour_6_silver_t65_v3
1307905019,packed_mp_veh_wheel_type_0_v96
1307966508,f_cl_clo_half_10_0_t1_v1
1308029057,f_cl_clo_suf_b_4_0_t1_v1
1308193104,packed_mp_veh_mod_idx_s_23_v345
1308214001,vem_smod_whlv176_t66_v3
1308278698,m_cl_outfit_clo_v2m_o_9_t12_v0
1308292486,packed_mp_veh_mod_idx_s_4_v377
1308306801,f_cl_clo_x6f_t_8_4_t7_v1
1308357512,packed_mp_veh_mod_idx_22_v270
1308369418,vem_grill_3_t8_v38
1308398017,f_cl_clo_vwf_u_16_4_t11_v1
1308638901,vem_supermod_6_5_t47_v3
1308652904,m_cl_clo_awm_decl_45_t100_v0
1308697302,f_cl_clo_h2f_o_s_15_t3_v12
1308720311,m_cl_clo_hst_a_3_t8_v1
1308737660,packed_mp_veh_livery2_0_v179
1308755181,packed_mp_veh_mod_idx_6_v81
1308811911,packed_mp_veh_mod_idx_22_v76
1308844642,packed_mp_veh_mod_idx_s_14_v40
1308928111,packed_mp_veh_wheel_type_0_v320
1309083612,packed_mp_veh_mod_idx_s_13_v183
1309250179,vem_smod_whlv67_t66_v3
1309314078,packed_mp_veh_mod_idx_s_4_v401
1309320695,packed_mp_veh_mod_idx_s_7_v277
1309453538,packed_mp_veh_mod_idx_s_9_v175
1309459639,packed_mp_veh_mod_idx_s_3_v394
1309630254,packed_mp_veh_colour1_0_v370
1309646217,vem_rwd_drft_05_t19_v2
1309810188,m_ha_cc_blush_12_t5_v0
1309815333,packed_mp_veh_mod_idx_5_v135
1309880308,f_cl_clo_vwf_f_3_5_t6_v1
1309957508,f_ta_tat_sb_004_t0_v0
1310000129,vem_colour_1_mct_metallic_umber_brown_t24_v4
1310039806,f_cl_clo_x2f_ht_5_3_t14_v1
1310066291,m_cl_sp_fmm_6_0_t8_v1
1310068353,fcclub_name_6_t0_v0
1310070645,f_cl_clo_hstf_u_6_1_t11_v1
1310116919,m_cl_clo_grm_u_17_0_t11_v1
1310189286,vem_supermod_43_18_t43_v7
1310211150,m_cl_clo_bim_decl_0_t11_v1
1310291545,vem_cmod_tyr_13_t18_v1
1310319317,packed_mp_veh_mod_idx_s_16_v111
1310338627,packed_mp_veh_mod_idx_s_3_v195
1310357769,fcncl_style_4_t0_v0
1310379141,wp_wct_camo_9_t1_v70_n2
1310477469,m_ta_tat_x6_039_t0_v0
1310533520,ve_futo2_t0_v3
1310558219,dec_vw_aw_ss_8a
1310624009,packed_mp_veh_mod_idx_s_22_v341
1310670506,m_cl_clo_halm_1_2_t1_v1
1310679306,m_cl_clo_bus_m_2_2_t1_v1
1310704074,f_cl_clo_h4f_pey_311_t14_v1
1310747942,m_cl_clo_busm_f_1_2_t6_v1
1310818072,packed_mp_veh_mod_idx_s_23_v308
1310832020,f_cl_clo_s1f_ph_0_13_t14_v1
1310884254,packed_mp_veh_mod_idx_4_v382
1310909335,packed_mp_veh_mod_idx_s_8_v338
1310940613,f_cl_outfit_clo_h4f_o_l2_f3_t12_v0
1310998074,vem_smod2_whl5_t19_v3
1311096597,packed_mp_veh_mod_idx_6_v249
1311120271,f_cl_clo_x6f_ey_014_t14_v1
1311165213,packed_mp_veh_mod_idx_s_19_v43
1311336651,packed_mp_veh_mod_idx_22_v209
1311399112,vem_skirt_9_t13_v27
1311427431,vem_supermod_5_1_t46_v11
1311437906,f_cl_clo_x6f_l_1_4_t4_v1
1311496703,m_cl_clo_x2m_o_0_t8_v12
1311524221,packed_mp_veh_mod_idx_14_v149
1311526441,packed_mp_veh_mod_idx_s_21_v340
1311540497,packed_mp_veh_mod_idx_s_22_v307
1311715114,packed_mp_veh_mod_idx_4_v252
1311824570,packed_mp_veh_mod_var_0_v114
1311859549,f_cl_clo_x6f_l_7_12_t4_v1
1311866825,f_cl_clo_trf_u_18_6_t11_v1
1311943990,packed_mp_veh_mod_idx_s_6_v275
1311972916,packed_mp_veh_mod_idx_s_13_v141
1312020339,packed_mp_veh_mod_idx_11_v318
1312028372,packed_mp_veh_mod_idx_s_0_v88
1312099803,packed_mp_veh_mod_idx_8_v363
1312109549,packed_mp_veh_mod_idx_s_3_v189
1312126582,wp_wct_tint_3_t2_v5_n2
1312183077,f_cl_clo_hstf_u_4_0_t11_v1
1312205874,vem_hood_22_t9_v38
1312210149,packed_mp_veh_mod_idx_s_19_v105
1312278396,vem_supermod_17_2_n1_t58_v38
1312329097,f_cl_clo_bif_ph_6_0_t14_v1
1312353442,f_cl_clo_busf_u_2_7_t8_v1
1312413687,packed_ng_vehicle_smoke_v2
1312414979,f_cl_f_fmf_15_2_t6_v0
1312466451,f_cl_clo_h2f_o_s_17_t3_v12
1312476160,m_cl_clo_awm_u_17_1_t11_v1
1312480291,f_cl_clo_bif_decl_56_t11_v1
1312507154,packed_mp_veh_mod_var_1_v185
1312768915,packed_mp_veh_mod_idx_14_v129
1312848355,vem_supermod_0_0_t41_v31
1312853940,vem_colour_extra_1_mct_classic_cabernet_red_t24_v0
1312857182,vem_colour_extra_1_mct_classic_candy_red_t24_v33
1312875295,packed_mp_veh_window_tint_0_v403
1312903600,f_cl_clo_vwf_decl_28_t100_v0
1312909564,m_cl_clo_lxm_u_8_5_t11_v1
1313012975,f_cl_outfit_clo_s2f_o_9_t12_v0
1313255870,m_cl_clo_hilf_l_0_4_t4_v1
1313281612,packed_mp_veh_mod_idx_11_v108
1313324718,f_cl_clo_grf_u_20_11_t11_v1
1313514293,f_cl_clo_h3f_decl_16_t11_v1
1313549836,m_cl_clo_iem_b_3_3_t1_v1
1313557222,packed_mp_veh_colour2_0_v31
1313634759,vem_colour_1_mct_metallic_dark_green_t24_v1
1313686339,vem_cmod_smoke_4_t18_v33
1313692822,packed_mp_veh_mod_idx_6_v193
1313844062,f_cl_clo_stf_o_10_t11_v12
1313867638,packed_mp_veh_wheel_type_0_v381
1313872082,f_ta_tat_h4_022_t0_v0
1313906680,packed_mp_veh_mod_idx_s_7_v155
1313985365,wp_wct_comp_t1_v47_n2
1314017751,m_cl_clo_fxm_l_0_22_t4_v1
1314056641,m_cl_clo_h4m_u_3_22_t11_v1
1314135570,vem_supermod_3_2_t44_v10
1314136536,packed_mp_veh_livery_0_v21
1314137814,m_cl_clo_stm_o_19_t3_v12_cesp
1314169943,m_cl_clo_h2m_f_3_15_t6_v1
1314182993,vem_smod4_whlv157_t66_v0
1314267813,vem_colour_6_surf_blue_t65_v3
1314280520,packed_mp_veh_mod_idx_18_v40
1314329933,f_cl_clo_h3f_o_bs_1_t4_v12
1314387484,f_cl_clo_vwf_u_19_23_t11_v1
1314589878,f_cl_clo_vwf_pey_111_t14_v1
1314635653,m_cl_clo_smm_b_9_5_t1_v1
1314707208,m_ha_cc_m_hs_16_t0_v1
1314717296,packed_mp_veh_mod_idx_s_20_v29
1314735579,packed_mp_veh_mod_idx_12_v170
1314743233,wp_wct_clip1_t1_v12
1314785532,packed_mp_veh_mod_idx_15_v278
1314791510,packed_mp_veh_mod_idx_s_5_v381
1314804454,vem_bumper_r_21_t35_v35
1314880791,m_cl_clo_s1m_ph_1_7_t14_v1
1314957623,packed_mp_veh_mod_idx_s_15_v151
1314977693,packed_mp_veh_mod_idx_16_v82
1314983228,packed_mp_veh_mod_idx_s_17_v406
1315005409,f_cl_clo_lxf_u_6_13_t100_v0
1315102989,m_cl_clo_lxm_u_5_2_t11_v1
1315115648,f_cl_clo_trf_u_12_4_t11_v1
1315184397,packed_mp_veh_mod_idx_s_18_v74
1315216428,m_cl_sp_fmm_10_5_t8_v1
1315247118,m_cl_clo_x6m_f_15_0_t6_v1
1315276516,packed_lr_vehicle_colour_6_v180
1315443643,packed_mp_veh_mod_idx_s_7_v168
1315741263,packed_mp_veh_mod_idx_3_v162
1315745973,packed_mp_veh_colour1_0_v106
1315798761,packed_mp_veh_mod_idx_2_v170
1315904551,wp_wct_camo_4_t1_v9_n2
1315910816,mp_stat_mpsv_model_281
1315983848,packed_mp_veh_mod_idx_s_9_v307
1316036622,packed_mp_veh_colour1_0_v110
1316177626,packed_mp_veh_mod_idx_s_7_v406
1316262204,pr_pm_font_3_t1_v0
1316342006,packed_mp_veh_colour2_0_v284
1316379563,vem_supermod_23_0_t64_v7
1316542526,f_cl_clo_stf_u_6_14_t11_v1
1316590835,f_cl_ht_fmf_0_0_t14_v0
1316678227,f_cl_clo_grf_u_10_12_t11_v1
1316778134,packed_mp_veh_mod_idx_s_7_v42
1316911165,packed_mp_veh_mod_idx_s_11_v154
1316940718,m_cl_clo_indm_ht_6_3_t14_v1
1317090810,f_cl_clo_bif_f_3_2_t6_v1
1317092163,m_cl_clo_h3m_ph_9_11_t14_v1
1317213799,f_cl_clo_awf_o_d_7_t8_v12
1317282425,vem_supermod_23_2_t64_v9
1317305597,vem_rwd_drft_06_t19_v1
1317315889,packed_mp_veh_mod_idx_23_v205
1317354890,vem_exhaust_4_t6_v38
1317400010,m_cl_clo_hstm_t_1_10_t7_v1
1317404922,packed_mp_veh_mod_idx_s_13_v234
1317490476,f_cl_outfit_clo_trf_o_d4_t12_v0
1317493505,packed_mp_veh_mod_idx_s_6_v411
1317525949,packed_mp_veh_window_tint_0_v90
1317608440,m_ta_tat_vw_004_t0_v0
1317630022,packed_mp_veh_mod_var_1_v400
1317654406,m_cl_clo_h2m_ph_4_1_t14_v1
1317681561,m_cl_clo_vwm_u_21_14_t11_v1
1317815411,f_cl_clo_s1f_u_0_0_t11_v1
1317954494,m_cl_clo_stm_u_6_4_t11_v1
1317959062,f_cl_clo_smf_b_4_21_t1_v1
1318144494,m_cl_clo_halm_d_1_t11_v1
1318206987,packed_mp_veh_colour2_0_v227
1318210111,f_cl_clo_ief_u_2_8_t11_v1
1318238628,vem_drft_03_t19_v3
1318345102,wp_wt_cmpgl_t0_v2_cesp
1318420397,vem_cmod_tyr_0_t31_v1
1318560289,f_cl_clo_stf_u_6_21_t11_v1
1318610138,vem_rwd_suv_18_t19_v3
1318773131,vem_cmod_neoncol_0_t21_v10
1318803341,mba_floor1_3_t0_v1
1318822543,vem_trans_0_t16_v36
1318850458,packed_mp_veh_primary_colour_group_v186
1318852063,packed_ng_vehicle_bpt_v185
1318863061,m_cl_clo_h3m_o_clb_2_t3_v12
1318877304,vem_colour_1_mct_metallic_woodbeech_brown_t24_v0
1318959216,wp_wct_c_tint_3_t2_v21_n2
1318967915,f_cl_clo_grf_u_3_1_t11_v1
1319050543,vem_horn_hips4_t10_v6
1319059243,f_cl_clo_grf_u_3_8_t11_v1
1319131064,f_cl_clo_x6f_l_8_23_t4_v1
1319186067,packed_mp_veh_mod_idx_15_v66
1319259898,vem_turbo_1_t17_v32
1319291937,packed_mp_veh_mod_idx_9_v158
1319314639,vem_smod_whlv7_t66_v3
1319320260,m_cl_clo_h4m_decl_6_t100_v0
1319480777,packed_mp_veh_mod_idx_s_23_v297
1319592882,dec_vw_aw_ls_10d
1319603818,f_cl_clo_half_8_1_t1_v1
1319737933,m_cl_clo_exm_au_13_0_t11_v1
1319740303,packed_mp_veh_mod_idx_16_v238
1319825393,f_cl_clo_h4f_u_2_19_t11_v1
1319870379,packed_mp_veh_mod_idx_4_v155
1319973744,packed_mp_veh_mod_idx_s_7_v282
1319985904,packed_ng_vehicle_neon_kit_v393
1320018797,vem_supermod_56_14_t56_v7
1320137363,m_cl_clo_exm_g_16_7_t14_v1
1320281012,packed_ng_vehicle_smoke_v158
1320322498,packed_mp_veh_mod_idx_s_8_v30
1320433717,packed_mp_veh_mod_idx_s_5_v169
1320456344,f_cl_u_fmf_2_7_t11_v0
1320510204,vem_supermod_11_16_t52_v3
1320597018,packed_mp_veh_mod_idx_s_11_v412
1320757444,packed_mp_veh_mod_idx_3_v118
1320858838,m_ta_tat_h3_020_t0_v0
1320873144,vem_supermod_0_10_t41_v10
1320897924,vem_bumper_r_19_t35_v3
1321028281,f_cl_clo_stf_ht8_15_t14_v1
1321175690,pr_mp_prop_clubh8_t0_v0
1321209075,m_cl_clo_x6m_f_12_9_t6_v1
1321210214,packed_mp_veh_primary_colour_group_v108
1321258922,f_cl_clo_vwf_u_7_11_t11_v1
1321285912,f_ta_tat_h4_021_t0_v0
1321405419,f_cl_clo_awf_o_b_14_t8_v12
1321477436,packed_mp_veh_mod_idx_s_18_v197
1321713916,m_cl_clo_iem_u_18_6_t11_v1
1321739022,packed_mp_veh_mod_idx_s_12_v267
1321763157,packed_mp_veh_mod_idx_s_14_v241
1321789489,packed_mp_veh_mod_idx_s_4_v298
1321884710,f_cl_clo_ief_u_7_7_t11_v1
1321944528,packed_mp_veh_mod_idx_s_11_v376
1321984651,vem_supermod_9_14_t50_v28
1322016261,packed_ng_vehicle_smoke_v407
1322070394,vem_horn_luxe3_t10_v36
1322200504,vem_supermod_41_8_t41_v7
1322201245,f_cl_clo_bif_o_4_t4_v12
1322205260,packed_mp_veh_mod_idx_s_15_v193
1322215015,vem_supermod_10_4_t51_v11
1322241749,f_cl_clo_hp_f_t_0_3_t7_v1
1322257152,packed_mp_veh_mod_idx_0_v231
1322343122,m_ha_cc_mkup_37_t7_v1
1322363027,wp_wct_tint_27_t2_v9_n2
1322382259,packed_mp_veh_mod_idx_12_v107
1322407478,f_cl_clo_bif_s_16_22_t8_v1
1322458622,f_ha_cc_f_hs_6_t0_v0
1322463998,vem_smod4_whlv48_t66_v2
1322505477,packed_mp_veh_mod_idx_s_2_v160
1322582841,packed_ng_vehicle_smoke_v77
1322686041,f_cl_clo_lxf_e_6_0_t14_v1
1322749914,m_cl_clo_lxm_dec_28_t11_v1
1322774691,m_cl_clo_val_decl_o_t11_v1
1322897593,f_ta_tat_vw_023_t0_v0
1322900160,vem_supermod_11_3_t52_v3
1322943487,vem_colour_2_mct_classic_lava_red_t25_v0
1322977732,service_spend_island_heist_suppressors
1323106644,vem_suspension_1_t15_v26
1323123545,m_cl_clo_stm_u_3_5_t11_v1
1323170965,f_cl_outfit_clo_bif_o_4_t12_v0
1323263608,vem_colour_extra_1_mct_metallic_bright_green_t24_v4
1323271141,vem_spoiler_7_t14_v6
1323286281,m_ta_tat_st_040_t0_v0
1323361565,packed_mp_veh_mod_var_1_v111
1323408231,vem_horn_hween2_t10_v27
1323730725,f_cl_clo_lxf_dec_38_t100_v0
1323815966,f_cl_clo_vwf_d_1_11_t10_v1
1323893831,packed_mp_veh_mod_idx_8_v391
1323927697,packed_mp_veh_mod_idx_s_20_v133
1323943529,vem_supermod_2_10_n1_t43_v3
1323971424,packed_mp_veh_colour1_0_v300
1324001115,wp_wct_camo_7_t1_v48_n2
1324058259,f_cl_clo_val_decl_g_t8_v1
1324075076,packed_mp_veh_livery2_0_v169
1324123448,vem_supermod_23_20_t64_v34
1324128988,f_cl_clo_h2f_b_3_13_t1_v1
1324171672,mba_floor0_3_t0_v1
1324228588,m_cl_clo_s1m_ph_0_17_t14_v1
1324343873,vem_smod4_whlv153_t66_v0
1324522934,packed_mp_veh_mod_idx_s_2_v278
1324563631,packed_mp_veh_mod_idx_10_v333
1324584996,f_cl_clo_x3f_b_13_0_t1_v1
1324623770,f_cl_clo_x6f_u_30_6_t11_v1
1324632115,m_cl_clo_grm_ph_1_14_t14_v1
1324640820,m_cl_clo_s1m_u_9_3_t100_v0
1324790870,m_ta_tat_sb_052_t0_v0
1324849597,vem_bumper_r_17_t35_v6
1324924552,vem_sub_heli_c_1
1324927027,packed_mp_veh_mod_idx_s_11_v311
1324947674,vem_supermod_5_3_t46_v11
1325089108,packed_mp_veh_colour2_0_v172
1325092035,m_cl_clo_h2m_u_6_4_t11_v1
1325191364,vem_supermod_8_10_t49_v26
1325271341,packed_mp_veh_colour2_0_v337
1325301824,packed_mp_veh_mod_idx_10_v402
1325397543,vem_supermod_55_12_t55_v7
1325415510,ve_manchez2_t1_v3
1325433106,f_ta_tat_vw_010_t0_v0
1325654734,f_cl_clo_grf_ph_4_15_t14_v1
1325707329,f_cl_clo_exf_ob_10_t3_v12
1325710642,vem_supermod_2_8_t43_v27
1325715049,f_ha_cc_mkup_51_t5_v0
1325760081,packed_mp_veh_mod_idx_4_v400
1325811525,pr_pm_bfont_7_t0_v0
1325884300,packed_mp_veh_mod_idx_s_0_v257
1325923729,m_cl_clo_h3m_o_prp_2_t4_v12
1325995306,vem_supermod_18_14_t59_v27
1326032467,m_cl_clo_lxm_u_0_2_t11_v1
1326073391,f_cl_clo_bif_decl_5_t100_v0
1326091214,packed_lr_vehicle_colour_6_v153
1326103750,m_cl_clo_fxm_ph_0_0_t14_v1
1326139724,packed_mp_veh_mod_idx_1_v247
1326182557,packed_mp_veh_mod_idx_s_7_v73
1326187398,packed_mp_veh_mod_idx_24_v208
1326246007,vem_grill_2_t8_v3
1326307793,m_cl_l_fmm_15_5_t4_v0
1326343346,packed_mp_veh_colour_extra2_0_v136
1326413020,packed_mp_veh_mod_idx_s_23_v335
1326457251,packed_mp_veh_mod_idx_8_v270
1326503882,packed_mp_veh_colour1_0_v9
1326539286,vem_drft_17_t19_v0
1326824962,factory_index_26_t0_v0
1326853184,m_cl_clo_smm_b_8_10_t1_v1
1326873137,packed_mp_veh_mod_idx_22_v235
1326993503,f_cl_outfit_clo_h3f_o_dh_23_t12_v0
1327058401,wp_wct_c_tint_10_t2_v13_n2
1327117561,f_cl_clo_exf_h_0_0_t14_v1
1327165896,vem_smod4_whlv185_t66_v0
1327264598,f_cl_clo_x2f_o_0_t8_v12
1327295324,f_cl_clo_vwf_u_13_5_t11_v1
1327352052,vem_cmod_neonlay_0_t21_v27
1327363188,packed_mp_veh_mod_idx_s_17_v55
1327371640,m_cl_u_fmm_3_9_t11_v0
1327380638,ve_carbon_t0_v4
1327389814,f_cl_clo_h4f_decl_43_t100_v0
1327486370,packed_mp_veh_mod_idx_s_3_v402
1327549635,packed_mp_veh_mod_idx_23_v372
1327596690,vem_cmod_hrn_sad_t10_v11
1327652226,m_cl_clo_bim_ph_12_9_t14_v1
1327673648,vem_colour_extra_1_mct_pearlescent_bleeched_brown_t24_v3
1327709477,m_cl_clo_x6m_u_20_23_t11_v1
1327735309,f_cl_clo_smf_u_0_1_t11_v1
1327736694,packed_mp_veh_primary_colour_group_v251
1327774261,vem_offr_11_t19_v2
1327889723,vem_supermod_7_3_t48_v26
1327905216,f_cl_clo_suf_u_19_13_t11_v1
1328100718,m_cl_clo_vwm_u_8_22_t11_v1
1328114232,packed_mp_veh_mod_idx_s_7_v368
1328117859,f_cl_clo_stf_ht8_9_t14_v1
1328120130,m_cl_clo_grm_decl_26_t10_v1
1328186673,f_ha_cc_mkup_19_t5_v0
1328308259,vem_supermod_52_22_t52_v7
1328396852,f_ta_tat_sb_041_t0_v0
1328416751,f_cl_t_fmf_4_3_t7_v0
1328441820,packed_mp_veh_livery_0_v185
1328541856,m_cl_clo_grm_ph_3_18_t14_v1
1328587699,f_cl_clo_awf_o_b_0_t8_v12
1328667311,vem_colour_extra_1_mct_metallic_torino_red_t24_v4
1328667470,packed_mp_veh_mod_idx_s_4_v150
1328681607,packed_mp_veh_mod_idx_13_v39
1328760068,f_cl_clo_hp_f_g_0_3_t14_v0
1328836684,packed_mp_veh_mod_var_1_v411
1328876372,wp_ps_bag_19_t1_v33
1328892733,m_cl_clo_grm_decl_19_t10_v1
1328983655,vem_offr_08_t19_v2
1329137633,f_cl_clo_suf_u_16_3_t11_v1
1329238283,packed_mp_veh_wheel_type_0_v378
1329244394,mp_stat_mpsv_model_95
1329352189,f_ta_tat_gr_019_t0_v0
1329373431,m_cl_clo_sum_u_10_0_t11_v1
1329414958,vem_supermod_20_11_t61_v26
1329439837,m_cl_clo_sum_u_12_6_t11_v1
1329453964,vem_colour_extra_1_mct_metallic_umber_brown_t24_v33
1329523808,m_cl_clo_bus_m_o_11_t3_v12
1329536329,m_cl_clo_ltsmh_0_2_t14_v0
1329592539,wp_wct_tint_8_t2_v13_n2
1329644347,f_cl_clo_ief_u_2_6_t11_v1
1329737446,vem_hiend_16_t19_v2
1329830253,packed_mp_veh_mod_idx_s_20_v263
1329917809,m_ta_tat_st_020_t0_v0
1329989321,pr_pm_modshop_8_t87_v0
1329992667,f_cl_clo_awf_o_g_3_t8_v12
1329994973,f_cl_l_fmf_11_11_t4_v0
1330107717,packed_mp_veh_mod_idx_s_8_v101
1330144353,packed_mp_veh_mod_idx_18_v206
1330179818,vem_colour_extra_1_mct_pearlescent_candy_red_t24_v4
1330259770,m_cl_clo_sbm_b_10_7_t1_v1
1330325868,packed_mp_veh_mod_idx_9_v280
1330464819,packed_mp_veh_primary_colour_group_v410
1330504338,f_cl_clo_h2f_f_5_4_t6_v1
1330505786,packed_mp_veh_mod_var_1_v99
1330538678,f_cl_clo_grf_b_0_5_t1_v1
1330570422,packed_mp_veh_secondary_colour_group_v2
1330676002,m_cl_clo_indm_d_23_t100_v0
1330721876,m_cl_clo_x6m_f_12_16_t6_v1
1330726838,packed_lr_vehicle_colour_6_v275
1330798329,packed_mp_veh_mod_idx_s_18_v365
1330833856,m_cl_clo_sbm_f_6_13_t6_v1
1330845216,f_cl_clo_grf_u_17_14_t11_v1
1330847574,vem_smod5_whlv17_t66_v0
1330956678,m_ta_tat_st_028_t0_v0
1331024674,m_cl_clo_fxm_l_1_22_t4_v1
1331040597,f_cl_clo_h3f_l_4_12_t4_v1
1331056650,m_cl_clo_smm_b_8_8_t1_v1
1331106513,packed_mp_veh_mod_idx_s_11_v294
1331184545,packed_mp_veh_mod_idx_s_23_v105
1331255166,vem_colour_2_mct_classic_anthr_black_t25_v0
1331268914,f_cl_clo_x6f_u_1_24_t11_v1
1331326143,vem_smod_whlv119_t66_v0
1331458081,vem_colour_2_mct_metallic_pink_t25_v1
1331745334,packed_mp_veh_mod_idx_s_16_v16
1331752797,packed_mp_veh_mod_idx_12_v334
1331769206,packed_mp_veh_mod_idx_s_2_v354
1331782831,vem_colour_2_mct_classic_galaxy_blue_t25_v2
1331868346,m_cl_clo_x6m_u_26_5_t11_v1
1331895100,packed_mp_veh_mod_idx_s_15_v221
1331943864,vem_colour_2_mct_metallic_wine_red_t25_v4
1332054177,packed_mp_veh_secondary_colour_group_v348
1332097715,mp_stat_mpsv_model_376
1332150153,m_cl_outfit_clo_h3m_o_sh_24_t12_v0
1332263143,f_cl_outfit_clo_awf_o_d_5_t12_v0
1332294698,f_ta_tat_bb_012_t0_v0
1332331898,f_cl_clo_vwf_decl_21_t100_v0
1332400201,packed_mp_veh_mod_idx_s_0_v113
1332573404,f_cl_clo_scf_u_55_11_t11_v1
1332618831,packed_mp_veh_mod_idx_13_v275
1332620799,fcncl_light_7_t0_v0
1332651939,vem_supermod_10_9_t51_v38
1332679385,fixer_hq_tnt_2_t0_v0
1332686407,vem_cmod_neoncol_0_t21_v2
1332692287,packed_mp_veh_mod_idx_s_1_v118
1332728292,m_cl_clo_grm_l_3_16_t4_v1
1332809865,vem_supermod_22_9_t63_v28
1332907218,vem_bikew_10_t19_v4
1332917066,vem_skirt_3_t13_v6
1333061624,m_cl_clo_arm_u_3_5_t11_v1
1333119265,m_cl_clo_indm_d_9_t11_v1
1333149528,mp_stat_factorysetup6_v0
1333165263,f_cl_clo_x6f_u_30_19_t11_v1
1333188615,packed_mp_veh_mod_idx_s_6_v105
1333256718,packed_ng_vehicle_neon_kit_v177
1333287213,m_cl_clo_og_decl_3_t8_v1
1333344004,packed_mp_veh_mod_idx_15_v163
1333410988,packed_mp_veh_mod_idx_14_v232
1333419682,packed_mp_veh_wheel_type_0_v195
1333443863,vem_cmod_tyr_9_t18_v4
1333451538,m_cl_clo_hp_d_33_t11_v1
1333452855,m_cl_clo_hstm_l_4_1_t4_v1
1333496867,packed_mp_veh_mod_idx_8_v157
1333595153,m_cl_clo_grm_b_5_11_t1_v1
1333661992,packed_mp_veh_plate_id_v232
1333692112,m_cl_clo_scm_u_48_9_t11_v1
1333697743,vem_colour_2_mct_classic_shadow_silver_t25_v1
1333825182,bhub_index_9_t0_v0
1333884546,m_cl_clo_grm_f_0_22_t6_v1
1333922752,packed_mp_veh_plate_id_v204
1333981051,f_cl_clo_x6f_ph_1019_t14_v1
1334024679,vem_yacht_flag_46_v0
1334028601,packed_mp_veh_mod_idx_s_15_v132
1334368708,f_cl_clo_sbf_f_5_4_t6_v1
1334381876,m_ha_cc_blush_19_t5_v0
1334430366,packed_mp_veh_mod_idx_23_v128
1334499125,m_cl_clo_hst_a_1_t8_v2
1334572284,packed_mp_veh_mod_idx_13_v197
1334608633,f_cl_clo_grf_decl_6_t11_v1
1334694270,f_cl_clo_awf_ph_3_2_t14_v1
1334844845,fa_upgrade_weapons_trnpt_0_t0_v0
1334915701,vem_colour_1_mct_classic_midnight_blue_t24_v33
1334921551,f_cl_clo_bhf_u_5_4_t11_v1
1334957250,packed_mp_veh_mod_idx_s_19_v298
1334966322,vem_supermod_21_5_t62_v28
1335013375,vem_cmod_tyr_lg_t30_v11
1335024826,m_cl_clo_s1m_f_1_11_t6_v1
1335149426,f_cl_clo_fxf_u_14_1_t11_v1
1335210532,packed_mp_veh_colour_extra2_0_v312
1335222037,vem_colour_extra_1_mct_classic_frost_white_t24_v4
1335241899,packed_mp_veh_mod_idx_8_v93
1335364668,packed_mp_veh_mod_idx_s_19_v7
1335594861,vem_truck_slot_3_mod_4_t0_v0
1335629121,m_cl_clo_x6m_f_5_25_t6_v1
1335635183,f_cl_clo_trf_ph_1_11_t14_v1
1335748709,packed_mp_veh_livery2_0_v329
1335774124,packed_lr_vehicle_colour_6_v289
1335791829,vem_horn_cnote_c0_t10_v5
1335839327,packed_ng_vehicle_bpt_v268
1335903924,packed_mp_veh_secondary_colour_group_v159
1335929964,vem_colour_extra_1_mct_metallic_sea_green_t24_v4
1336053263,vem_bumper_f_11_t34_v27
1336064045,packed_mp_veh_mod_idx_0_v294
1336097945,vem_bikew_17_t19_v4
1336135219,vem_fender_l_7_t36_v4
1336247772,packed_mp_veh_livery2_0_v8
1336305561,f_cl_clo_bif_decl_11_t100_v0
1336323318,packed_ng_vehicle_bpt_v397
1336326929,packed_mp_veh_mod_idx_16_v260
1336360390,packed_mp_veh_plate_id_v21
1336360740,packed_mp_veh_mod_idx_3_v138
1336487126,f_cl_clo_grf_b_0_2_t1_v1
1336554101,vem_insurance_cuban800
1336682776,vem_colour_mct_none_66
1336759723,m_cl_clo_x6m_l_6_2_t4_v1
1336808707,vem_colour_5_lime_green_t38_v0
1336876166,vem_cmod_pla_1_t23_v38
1336910107,m_cl_clo_vwm_f_1_0_t6_v1
1337031483,packed_mp_veh_mod_idx_13_v127
1337053349,packed_mp_veh_mod_idx_s_8_v113
1337071223,vem_cmod_neoncol_11_t21_v31
1337072077,packed_mp_veh_mod_idx_14_v31
1337193824,packed_mp_veh_mod_idx_s_0_v46
1337210768,packed_mp_veh_colour1_0_v413
1337356885,packed_mp_veh_mod_idx_18_v245
1337372703,m_cl_clo_h3m_l_4_17_t4_v1
1337379631,vem_smod2_whl7_t19_v12
1337409947,vem_rwd_hiend_04_t19_v3
1337432200,vem_colour_5_spin_purple_t38_v3
1337478854,packed_mp_veh_mod_idx_1_v156
1337639461,vem_exhaust_4_t6_v11
1337676030,packed_mp_veh_mod_idx_s_9_v96
1337676160,packed_mp_veh_mod_idx_11_v70
1337681820,m_cl_clo_exm_eu_10_5_t11_v1
1337722390,casino_heist_vehicle_colour_v0
1337785383,packed_mp_veh_mod_idx_8_v321
1337856974,f_cl_clo_sbf_b_8_0_t1_v1
1337979377,m_cl_clo_smm_ph_8_2_t14_v1
1338046018,packed_mp_veh_mod_idx_7_v226
1338063505,packed_mp_veh_mod_idx_4_v35
1338072519,packed_mp_veh_mod_idx_s_22_v273
1338086268,packed_mp_veh_mod_idx_7_v59
1338097292,m_cl_clo_scm_u_0_25_t11_v1
1338185538,packed_mp_veh_mod_idx_s_9_v265
1338263148,f_cl_clo_grf_u_3_15_t11_v1
1338312716,vem_hood_9_t9_v7
1338406980,f_cl_f_fmf_8_13_t6_v0
1338416251,vem_smod2_whlv178_t66_v3
1338474237,packed_mp_veh_mod_idx_24_v261
1338523367,f_cl_clo_x6f_ey_0_3_t14_v1
1338560758,m_cl_clo_awm_u_7_11_t11_v1
1338723363,packed_mp_veh_mod_idx_s_14_v413
1338732757,m_cl_o_fmm_s6_t3_v12
1338741439,vem_supermod_20_0_t61_v38
1338807023,vem_exhaust_2_t6_v10
1338840780,packed_mp_veh_mod_idx_s_20_v234
1338869309,vem_supermod_17_10_t58_v3
1338882898,m_cl_clo_vwm_u_23_1_t11_v1
1338994047,packed_mp_veh_mod_idx_s_18_v83
1339046794,f_ha_face_e_c_26_t4_v0
1339054429,packed_mp_veh_colour1_0_v2
1339076385,pr_pm_modshop_2_t90_v0
1339078368,vem_cmod_win_1_t33_v0
1339172798,vem_cmod_pla_1_t23_v5
1339184018,f_cl_clo_awf_b_2_15_t1_v1
1339259709,f_cl_clo_vwf_ph_1_3_t14_v1
1339395130,packed_mp_veh_mod_idx_2_v297
1339425542,m_cl_clo_ltsm_o_10_t3_v12
1339442399,m_cl_clo_vwm_u_17_14_t11_v1
1339450490,packed_mp_veh_mod_idx_s_17_v345
1339480555,vem_colour_2_mct_matte_blue_t25_v2
1339522416,f_cl_outfit_clo_ief_o_12_t12_v0_cesp
1339553792,vem_cmod_neoncol_4_t21_v27
1339628968,packed_mp_veh_mod_idx_1_v74
1339638697,m_cl_clo_scm_u_48_15_t11_v1
1339682144,f_cl_o_fmf_b3_t8_v12
1339684457,packed_mp_veh_wheel_type_0_v23
1339704365,m_cl_clo_iem_l_1_1_t4_v1
1339790384,m_cl_clo_sbm_pe_1_18_t14_v1
1339812991,packed_mp_veh_window_tint_0_v285
1339839266,vem_smod_whlv12_t66_v3
1339861538,packed_ng_vehicle_bpt_v79
1339892362,packed_mp_veh_mod_idx_0_v257
1339895847,packed_mp_veh_mod_idx_5_v148
1339918469,m_cl_clo_arm_o_21_t7_v12
1339950706,m_ta_tat_bi_012_t0_v0
1339990503,packed_mp_veh_mod_idx_9_v300
1340010740,f_cl_clo_val_decl_b_t100_v0
1340108417,f_cl_clo_fxf_pe_4_10_t14_v1
1340132197,f_cl_clo_hp_f_d_21_t8_v1
1340159916,vem_colour_extra_1_mct_classic_galaxy_blue_t24_v2
1340245454,packed_mp_veh_wheel_type_0_v84
1340247800,vem_supermod_3_2_t44_v7
1340253200,packed_mp_veh_primary_colour_group_v296
1340345548,f_cl_clo_scf_l_13_25_t4_v1
1340446516,f_cl_clo_vwf_ph_1_4_t14_v1
1340482319,vem_insurance_airbus
1340508388,packed_mp_veh_mod_idx_10_v264
1340582731,m_cl_clo_x6m_u_22_8_t11_v1
1340603270,f_cl_clo_hp_f_d_27_t8_v1
1340632242,f_cl_clo_h3f_u_10_6_t11_v1
1340679915,packed_mp_veh_wheel_type_0_v299
1340726712,m_ta_tat_fm_018_t0_v0
1340761840,f_cl_clo_busf_u_2_10_t11_v1
1340784887,f_cl_clo_ltsfh_0_1_t14_v1
1340875773,m_cl_clo_grm_u_8_19_t11_v1
1340884181,f_cl_clo_x2f_ht_0_3_t14_v0
1340929042,f_ta_tat_sb_017_t0_v0
1340935577,m_cl_clo_bhm_b_0_3_t1_v1
1341123643,m_cl_outfit_clo_awm_o_d_2_t12_v0
1341246026,m_cl_clo_fxm_ph_6_8_t14_v1
1341334872,vem_smod_whlv144_t66_v0
1341415722,packed_mp_veh_mod_idx_s_17_v318
1341441671,packed_mp_veh_mod_idx_s_19_v353
1341488592,packed_mp_veh_mod_idx_4_v373
1341529872,f_cl_clo_busf_w0_3_t14_v0
1341549190,packed_mp_veh_mod_idx_10_v41
1341636208,f_cl_clo_trf_u_16_3_t11_v1
1341750725,packed_mp_veh_mod_idx_2_v133
1341750778,packed_mp_veh_livery_0_v348
1341786782,f_cl_clo_bhf_u_3_8_t11_v1
1341806587,f_cl_clo_hp_f_d_28_t100_v0
1341948104,packed_mp_veh_mod_idx_s_3_v94
1342068890,packed_mp_veh_mod_idx_s_0_v365
1342119653,m_cl_clo_smm_b_4_18_t1_v1
1342162925,vem_smod4_whlv136_t66_v2
1342302791,vem_colour_extra_1_mct_pearlescent_maple_brown_t24_v2
1342442326,f_cl_clo_bbf_p0_6_t14_v1
1342658129,packed_mp_veh_mod_idx_s_4_v181
1342679827,packed_mp_veh_mod_idx_s_2_v309
1342721470,packed_mp_veh_mod_idx_s_19_v376
1342732619,m_cl_clo_h2m_b_3_20_t1_v1
1342741232,ve_swinger_t0_v3
1342800488,packed_mp_veh_mod_idx_s_23_v27
1342941099,vem_insurance_stromberg
1342993203,packed_mp_veh_mod_idx_s_20_v74
1343076707,packed_mp_veh_colour1_0_v405
1343101730,f_cl_clo_ief_u_4_7_t11_v1
1343298511,vem_horn_indi_3_t10_v30
1343390191,packed_mp_veh_window_tint_0_v303
1343398803,f_cl_clo_scf_l_0_15_t4_v1
1343401290,m_cl_clo_awm_decl_3_t100_v0
1343407888,vem_supermod_59_9_t59_v7
1343615135,m_cl_clo_vwm_pey_0_1_t14_v1
1343657772,f_cl_clo_x6f_o_o_2_t3_v12
1343686181,vem_cmod_airhorn_03_t10_v3
1343725583,m_cl_clo_grm_g_0_3_t3_v1
1343747836,packed_mp_veh_mod_idx_7_v220
1343897368,vem_smod4_whlv2_t66_v3
1343976760,m_cl_clo_exm_eu_15_9_t11_v1
1343991804,m_cl_clo_awm_f_8_6_t6_v1
1344117156,f_cl_clo_sbf_pe_1_0_t14_v1
1344117256,packed_mp_veh_mod_idx_s_21_v77
1344163746,vem_smod_whlv212_t66_v0
1344275567,packed_ng_vehicle_smoke_v81
1344374319,mp_stat_missionforfactory3_v0
1344392576,m_ha_cc_body_1_0_t3_v1
1344582409,packed_mp_veh_mod_idx_4_v204
1344594809,m_ha_clo_s1m_h_0_0_t0_v1
1344632136,m_cl_clo_indm_d_11_t8_v2
1344636340,packed_mp_veh_mod_idx_6_v44
1344736410,f_ta_tat_h3_024_t0_v0
1344748340,packed_lr_vehicle_colour_5_v208
1344833139,vem_spoiler_7_t14_v4
1344906816,packed_ng_vehicle_bpt_v30
1344953160,f_cl_clo_h4f_pey_3_7_t14_v1
1345125269,ve_rhino_t1_v0
1345140482,packed_mp_veh_mod_idx_0_v270
1345276450,vem_supermod_50_14_t50_v7
1345304263,mp_stat_colour_player_office_v0
1345397202,wp_wt_prxmine_t2_v1
1345425091,multistorey_garage_tint_4_v1
1345448120,packed_mp_veh_mod_idx_s_17_v226
1345466017,packed_mp_veh_mod_idx_3_v412
1345703374,packed_mp_veh_colour2_0_v291
1345705243,packed_mp_veh_mod_idx_0_v335
1345708806,m_cl_clo_x17m_u_4_8_t11_v1
1345718952,vem_fender_r_6_t37_v4
1345765390,vem_supermod_23_13_t64_v33
1345898179,packed_mp_veh_mod_idx_1_v288
1345905761,m_cl_clo_hstmb_16_4_t1_v1
1345980776,f_cl_outfit_clo_stf_o_15_t12_v0
1345999160,m_cl_clo_vwm_b_8_3_t1_v1
1346068149,packed_mp_veh_mod_idx_s_5_v252
1346101979,f_cl_clo_hstf_ht_1_0_t14_v1
1346234300,m_cl_clo_vwm_pw_1_4_t14_v1
1346279007,packed_mp_veh_mod_idx_s_20_v225
1346341279,m_cl_clo_h2m_u_7_24_t11_v1
1346405797,vem_grill_1_t8_v35
1346411758,f_cl_clo_h4f_ph_0_21_t14_v1
1346460467,m_cl_clo_iem_u_7_0_t11_v1
1346497375,packed_mp_veh_mod_idx_8_v132
1346499793,packed_mp_veh_mod_idx_s_0_v275
1346547350,m_cl_clo_x6m_ph_2_22_t14_v1
1346560982,f_cl_outfit_clo_h2f_o_c_14_t12_v0
1346579359,wh_index_20_t0_v0
1346686489,m_cl_clo_vwm_pey_1_9_t14_v1
1346707199,packed_mp_veh_mod_idx_24_v199
1346707505,f_cl_clo_stf_o_19_t3_v12
1346748317,packed_lr_vehicle_colour_5_v241
1346944678,m_cl_clo_awm_f_8_7_t6_v1
1346946448,m_cl_outfit_clo_stm_o_17_t12_v0_cesp
1346975012,f_cl_clo_exf_eu_103_t11_v1
1347092984,m_cl_outfit_clo_s2m_o_0_t12_v0
1347102395,vem_colour_extra_1_mct_metallic_creek_brown_t24_v1
1347145806,vem_colour_2_mct_matte_orange_t25_v2
1347235244,f_cl_clo_s1f_u_3_1_t11_v1
1347332734,vem_smod4_whlv5_t66_v2
1347333697,packed_mp_veh_mod_idx_5_v229
1347420186,f_cl_clo_suf_u_20_0_t11_v1
1347433368,service_earn_cashing_out
1347455663,f_cl_clo_bif_l_1_2_t4_v1
1347477901,packed_mp_veh_mod_idx_s_4_v245
1347499178,packed_mp_veh_mod_idx_s_2_v383
1347577250,vem_insurance_rancherx
1347616834,m_cl_clo_sum_u_8_2_t11_v1
1347723790,m_cl_clo_busm_l_0_7_t4_v1
1347788759,packed_mp_veh_mod_idx_s_14_v352
1347950590,m_ta_tat_st_022_t0_v0
1348004891,packed_ng_vehicle_neon_kit_v226
1348118567,vem_grill_3_t8_v29
1348129304,vem_smod5_whlv20_t66_v0
1348194459,packed_mp_veh_mod_idx_s_0_v106
1348205817,vem_exhaust_1_t6_v33
1348226786,f_cl_clo_h2f_b_7_4_t1_v1
1348235123,f_cl_clo_grf_u_11_15_t11_v1
1348266143,packed_mp_veh_mod_idx_12_v412
1348306248,f_ta_tat_s2_006_t0_v0
1348333494,vem_cmod_neoncol_12_t21_v38
1348385423,vem_supermod_19_13_t60_v27
1348414452,packed_mp_veh_secondary_colour_group_v204
1348481109,packed_mp_veh_mod_idx_7_v28
1348516846,m_ha_cc_mkup_40_t7_v0
1348529819,m_cl_clo_x6m_decl_0_t100_v0
1348556656,packed_mp_veh_wheel_type_0_v116
1348595593,m_cl_clo_indm_d_26_t8_v1
1348624487,f_cl_clo_grf_l_3_10_t4_v1
1348644893,m_cl_clo_bus_p_1_7_t14_v1
1348666952,packed_mp_veh_mod_idx_s_21_v140
1348693816,f_cl_clo_ltsf_o_5_t8_v12
1348732154,packed_mp_veh_mod_idx_24_v221
1348746530,m_cl_clo_iem_u_4_8_t11_v1
1348885906,vem_cmod_tyr_3_t18_v0
1348940781,vem_horn_xm15_3_t10_v11
1348969016,f_cl_clo_h2f_o_g_17_t8_v12
1349027214,vem_horn_cnote_f0_t10_v0
1349061028,f_cl_clo_apf_u_1_1_t11_v1
1349151477,service_earn_gangattack_pickup
1349241319,wp_wct_c_tint_3_t2_v9_n2
1349285248,m_cl_clo_sbm_ph_6_4_t14_v1
1349367111,packed_mp_veh_mod_idx_s_6_v398
1349640269,packed_mp_veh_mod_idx_s_17_v373
1349650214,packed_mp_veh_mod_idx_s_8_v219
1349879769,m_cl_clo_hilf_l_1_5_t4_v1
1350010883,f_cl_clo_vwf_u_16_7_t11_v1
1350175717,packed_ng_vehicle_neon_kit_v264
1350287278,packed_mp_veh_colour2_0_v246
1350345515,f_cl_clo_s2f_u_3_0_t11_v1
1350463786,packed_mp_veh_mod_idx_7_v129
1350467749,f_ha_face_e_c_22_t4_v0
1350663933,packed_mp_veh_secondary_colour_group_v280
1350793975,packed_lr_vehicle_colour_6_v56
1350811517,pr_pm_modshop_12_t0_v0
1350893104,packed_ng_vehicle_neon_kit_v352
1350946983,packed_mp_veh_mod_idx_0_v33
1350952121,vem_rwd_drft_16_t19_v1
1350975402,vem_insurance_sentinel2
1351052403,m_cl_clo_grm_ph_1_16_t14_v1
1351073195,vem_colour_2_mct_matte_light_grey_t25_v4
1351204271,packed_mp_veh_mod_idx_24_v39
1351260721,f_cl_clo_h2f_o_s_9_t3_v12
1351302147,f_cl_clo_smf_b_6_0_t1_v1
1351321208,packed_mp_veh_mod_idx_s_8_v80
1351483493,f_cl_clo_lxf_e_8_0_t14_v1
1351536086,vem_colour_1_mct_classic_lime_green_t24_v1
1351542392,m_cl_clo_hst_a_8_t8_v2
1351570437,vem_colour_1_mct_classic_black_steel_t24_v4
1351643574,m_cl_clo_sbm_f_0_1_t6_v1
1351707554,f_cl_f_fmf_2_5_t6_v0
1351767376,packed_mp_veh_mod_idx_0_v77
1351951688,m_cl_clo_stm_ht8_5_t14_v1
1351992076,m_ha_cc_mkup_56_t5_v0
1352055096,vem_smod4_whlv44_t66_v2
1352061174,packed_mp_veh_mod_idx_s_17_v250
1352066702,ve_rumpo_t0_v0
1352109515,f_cl_clo_s2f_o_1_t8_v12
1352157987,vem_horn_cnote_c1_t10_v27
1352210083,f_cl_clo_sbf_f_0_7_t6_v1
1352255437,m_cl_outfit_clo_awm_o_g_0_t12_v0
1352360891,packed_mp_veh_mod_idx_s_18_v383
1352373793,packed_mp_veh_primary_colour_group_v118
1352463566,vem_colour_extra_1_mct_classic_pink_t24_v2
1352497503,wp_fw_tint0_t6_v1
1352519005,packed_mp_veh_mod_idx_s_0_v325
1352601595,vem_grill_4_t8_v27
1352639524,m_cl_clo_sbm_l_3_11_t4_v1
1352650065,packed_mp_veh_mod_idx_s_19_v343
1352684206,f_cl_clo_awf_b_3_5_t1_v1
1352760577,packed_mp_veh_secondary_colour_group_v262
1352784678,vem_smod4_whlv16_t66_v2
1352792974,wp_wct_barr2_t1_v48_n2
1352921945,f_cl_clo_h4f_s_2_9_t8_v1
1352935184,m_cl_clo_h2m_ph_415_t14_v1
1352937480,packed_mp_veh_secondary_colour_group_v99
1352977984,wp_wct_c_tint_19_t2_v46_n2
1352997013,m_cl_clo_x6m_l_6_0_t4_v1
1353338300,vem_smod4_whlv140_t66_v3
1353344572,f_cl_clo_h4f_plw_0_4_t14_v1
1353363146,packed_mp_veh_mod_idx_s_10_v175
1353378264,vem_spoiler_6_t14_v26
1353395104,mp_stat_mpsv_model_240
1353465683,vem_supermod_22_1_t63_v27
1353504643,packed_mp_veh_mod_idx_22_v4
1353510893,f_cl_clo_vwf_l_1_5_t4_v1
1353591789,vem_bumper_f_14_t34_v1
1353597949,packed_mp_veh_mod_idx_s_23_v124
1353647013,packed_ng_vehicle_bpt_v145
1353680304,m_cl_outfit_clo_h3m_o_jan_1_t12_v0
1353682480,vem_smod4_whlv137_t66_v0
1353720296,packed_mp_veh_mod_idx_3_v0
1353857771,ve_buffalo_t0_v0
1353899394,m_cl_clo_vwm_pw_0_0_t14_v1
1353967441,packed_mp_veh_mod_idx_s_10_v303
1354013721,packed_mp_veh_mod_idx_s_6_v307
1354039634,packed_mp_veh_mod_idx_12_v265
1354112168,packed_mp_veh_colour1_0_v128
1354230654,vem_colour_2_mct_metallic_harbor_blue_t25_v4
1354289503,packed_mp_veh_mod_idx_23_v384
1354478619,packed_mp_veh_mod_idx_4_v202
1354495040,m_cl_clo_sum_u_17_7_t11_v2
1354499067,packed_mp_veh_colour_extra1_0_v7
1354502593,vem_supermod_23_2_t64_v24
1354551156,packed_mp_veh_colour_extra1_0_v101
1354586529,packed_mp_veh_mod_idx_s_1_v295
1354604949,packed_mp_veh_mod_idx_3_v172
1354704814,packed_mp_veh_mod_idx_14_v263
1354734915,vem_supermod_15_14_t56_v26
1354784428,f_ha_cc_mkup_67_t5_v0
1354801592,m_cl_clo_sum_l_1_25_t4_v1
1354820729,f_cl_clo_bbf_u_3_10_t11_v1
1354843324,vem_insurance_vacca
1354885573,vem_suspension_0_t15_v33
1354897819,packed_mp_veh_mod_idx_s_5_v409
1355072645,packed_mp_veh_plate_id_v60
1355102707,vem_hood_4_t9_v11
1355157435,packed_mp_veh_mod_idx_s_20_v381
1355328674,packed_mp_veh_mod_idx_s_16_v224
1355375041,packed_mp_veh_mod_idx_s_16_v393
1355422036,f_cl_clo_grf_u_8_19_t11_v1
1355567685,dec_vw_aw_wv_47
1355648405,vem_smod3_whlv83_t66_v3
1355694378,f_cl_clo_exf_ob_0_t8_v12
1355822168,m_cl_clo_x3m_u_1_10_t11_v1
1355933680,packed_lr_vehicle_colour_5_v183
1355965105,m_cl_clo_h4m_b_1_3_t1_v1
1356012459,packed_mp_veh_mod_idx_15_v91
1356231421,f_cl_clo_x6f_f_6_0_t6_v1
1356426654,f_cl_clo_grf_ph_1_9_t14_v1
1356485245,vem_bumper_r_9_t35_v0
1356524768,wp_wct_scope_sml_t1_v11
1356537282,m_cl_clo_stm_o_e_4_t3_v12
1356622141,packed_mp_veh_mod_var_0_v181
1356724950,f_cl_clo_h4f_o_sm_f3_t8_v12
1356814809,vem_bumper_f_1_t34_v31
1356822294,packed_mp_veh_livery2_0_v99
1356885742,packed_mp_veh_mod_idx_7_v151
1356949597,f_cl_clo_h2f_u_7_22_t11_v1
1357013882,packed_mp_veh_mod_idx_22_v300
1357075298,packed_mp_veh_mod_idx_s_0_v119
1357077257,f_cl_clo_awf_u_10_13_t11_v1
1357176988,wp_wt_ba_4_t3_v0
1357183748,vem_cmod_neoncol_6_t21_v27
1357279755,m_ha_cc_eyebrw_24_t2_v1
1357325864,packed_mp_veh_mod_idx_s_3_v285
1357350123,m_cl_clo_awm_o_b_14_t3_v12
1357384856,packed_mp_veh_mod_idx_2_v94
1357635022,m_cl_clo_valm_u_1_3_t11_v1
1357693944,vem_supermod_1_4_t42_v27
1357699981,packed_mp_veh_colour2_0_v16
1357700699,vem_brake_0_t2_v29
1357720900,m_cl_clo_bim_decl_21_t11_v1
1357736882,packed_mp_veh_mod_idx_12_v354
1357934520,vem_horn_xm15_2_t10_v2
1358056570,m_ta_tat_bi_019_t0_v0
1358100169,vem_offr_25_t19_v0
1358109157,wp_wct_tint_15_t2_v56_n2
1358196936,vem_fender_l_0_t36_v32
1358270449,f_cl_clo_x17f_o_m_11_t8_v12
1358319866,m_cl_clo_vwm_decl_11_t100_v0
1358366658,packed_mp_veh_mod_idx_2_v39
1358424748,packed_mp_veh_mod_idx_s_5_v110
1358436241,f_cl_outfit_clo_awf_o_b_9_t12_v0
1358458306,m_cl_clo_fxm_l_3_20_t4_v1
1358458983,vem_smod_whlv119_t66_v3
1358462951,f_cl_clo_h4f_prw_0_7_t14_v1
1358556346,packed_mp_veh_mod_idx_s_11_v69
1358580292,vem_skirt_22_t13_v3
1358598821,f_cl_clo_vwf_pw_4_0_t14_v1
1358601274,packed_mp_veh_mod_idx_s_1_v97
1358632753,packed_ng_vehicle_bpt_v191
1358729569,m_cl_clo_h4m_u_8_0_t11_v1
1358737378,packed_mp_veh_colour_extra1_0_v328
1358781404,packed_mp_veh_mod_idx_6_v282
1358781786,m_cl_clo_bim_decl_24_t100_v0
1358867197,packed_mp_veh_mod_idx_s_2_v325
1358889834,packed_mp_veh_mod_idx_s_22_v321
1358956805,packed_mp_veh_mod_idx_11_v42
1358977076,m_ha_cc_eyebrw_26_t2_v0
1358985212,packed_mp_veh_mod_idx_s_12_v190
1359038206,vem_horn_cnote_b0_t10_v33
1359102138,mp_stat_mpsv_model_264
1359118981,vem_insurance_weevil
1359157372,m_cl_clo_bhm_decl_33_t11_v1
1359324332,vem_musc_05_t19_v0
1359354162,packed_mp_veh_mod_idx_11_v127
1359367535,packed_mp_veh_colour_extra1_0_v401
1359432338,m_ha_cc_mkup_9_t7_v0
1359445333,m_cl_outfit_clo_h3m_o_val_1_t12_v0
1359562647,vem_colour_extra_1_mct_metallic_lime_green_t24_v1
1359568957,m_cl_clo_awm_l_1_11_t4_v1
1359629075,m_cl_clo_stm_u_5_5_t11_v1
1359809046,packed_mp_veh_mod_idx_14_v150
1359809305,vem_horn_indi_2_t10_v33
1359835849,packed_mp_veh_mod_idx_s_11_v34
1360012193,m_cl_u_fmm_4_2_t11_v0
1360045585,packed_mp_veh_mod_idx_0_v249
1360100338,vem_colour_2_mct_metallic_yellow_t25_v2
1360243035,vem_chassis_4_n0_t4_v38
1360311839,vem_exhaust_1_t6_v11
1360347178,packed_mp_veh_primary_colour_group_v319
1360439588,vem_supermod_5_6_t46_v11
1360441571,packed_mp_veh_mod_idx_s_15_v175
1360503084,f_cl_clo_h2f_u_6_15_t11_v1
1360633875,vem_supermod_19_5_t60_v3
1360656716,packed_mp_veh_mod_idx_s_21_v259
1360728915,vem_offr_05_t19_v3
1360737710,fixer_hq_tnt_7_t0_v0
1360789269,vem_spoiler_25_t14_v1
1360816967,vem_bumper_r_2_t35_v0
1360824896,packed_mp_veh_livery_0_v118
1360839392,packed_ng_vehicle_insurance_v342
1360874608,packed_mp_veh_mod_idx_s_19_v369
1360974491,pr_pm_font_7_t1_v0
1361166223,vem_skirt_17_t13_v3
1361170480,bhub_index_10_t0_v0
1361176882,m_cl_clo_lxm_dec_0_t100_v0
1361208088,m_cl_clo_busm_s_0_9_t8_v1
1361309155,packed_mp_veh_window_tint_0_v233
1361345149,m_cl_clo_stm_o_16_t11_v12
1361387667,packed_mp_veh_mod_idx_10_v7
1361483363,m_cl_clo_x6m_l_6_14_t4_v1
1361639261,m_cl_ht_fmm_15_6_t14_v0
1361639593,packed_mp_veh_plate_id_v337
1361808025,packed_mp_veh_mod_idx_s_20_v156
1361830268,dec_vw_aw_wv_72
1361860654,m_ha_cc_m_hs_13_t0_v1
1361895788,packed_mp_veh_mod_idx_s_5_v281
1361900216,packed_ng_vehicle_neon_kit_v409
1362000218,m_cl_clo_ltsmu_0_4_t11_v1
1362004457,vem_supermod_14_3_t55_v28
1362008264,vem_colour_2_mct_metallic_bleeched_brown_t25_v0
1362041260,f_cl_clo_awf_f_0_20_t6_v1
1362140086,packed_mp_veh_mod_idx_s_1_v186
1362240095,vem_horn_lowrder1_t10_v29
1362313228,vem_bumper_f_15_t34_v26
1362317411,m_cl_clo_awm_o_h_4_t3_v12
1362321074,vem_chassis_12_t4_v39
1362327991,wp_rwt_tint6_t2_v82
1362361148,packed_mp_veh_mod_idx_s_17_v92
1362370143,vem_smod4_whlv174_t66_v3
1362476519,vem_supermod_0_11_t41_v27
1362520657,vem_bumper_f_2_t34_v34
1362619497,packed_mp_veh_mod_idx_10_v73
1362702135,packed_mp_veh_colour_extra1_0_v310
1362708446,f_cl_clo_bif_decl_23_t100_v0
1362722303,packed_mp_veh_mod_idx_s_0_v97
1362725398,vem_rwd_musc_10_t19_v0
1362799391,vem_colour_extra_1_mct_classic_saddle_brown_t24_v33
1362866544,dec_vw_aw_wv_2b
1362891440,f_ha_cc_eyebrw_23_t2_v0
1362910048,f_ta_tat_bi_010_t0_v0_cesp
1362939809,auto_shop_index_5_t0_v0
1362982032,packed_mp_veh_mod_idx_s_0_v295
1362996144,f_cl_clo_awf_b_4_6_t1_v1
1363027817,packed_mp_veh_mod_idx_24_v135
1363080433,packed_mp_veh_mod_idx_18_v185
1363095595,vem_horn_hips3_t10_v37
1363160588,m_cl_u_fmm_11_1_t11_v0
1363174712,ve_microlight_t0_v33
1363188649,fcarcade_ceil_3_t0_v0
1363203374,f_cl_clo_h3f_b_19_7_t1_v1
1363218961,f_cl_clo_h3f_u_9_24_t11_v1
1363234332,m_cl_outfit_clo_awm_o_h_9_t12_v0
1363258926,m_cl_clo_h4m_prw_0_0_t14_v1
1363269410,m_cl_f_fmm_7_0_t6_v0
1363286037,f_cl_clo_hp_f_h_0_7_t14_v1
1363376293,f_cl_clo_grf_u_6_8_t11_v1
1363566167,vem_colour_2_mct_classic_wine_red_t25_v1
1363868294,m_cl_clo_vwm_u_15_4_t11_v1
1363932995,vem_supermod_0_10_t41_v3
1363937827,packed_mp_veh_mod_idx_s_3_v76
1364066699,vem_supermod_7_3_t48_v27
1364161432,vem_horn_luxe2_t10_v34
1364247246,m_cl_clo_iem_b_4_2_t1_v1
1364301308,vem_truck_slot_6_mod_0_t0_v0
1364308586,packed_mp_int_hackertruck_drone_station_v0
1364465890,f_cl_clo_x6f_ph_8_22_t14_v1
1364546590,vem_yacht_name_0_v0
1364606405,vem_insurance_verlier
1364686983,vem_smod_whlv18_t66_v3
1364694405,packed_lr_vehicle_colour_5_v34
1364708083,packed_ng_vehicle_neon_v77
1364718163,f_cl_clo_lxf_dec_36_t100_v0
1364732186,vem_colour_2_mct_metallic_cast_iron_sil_t25_v0
1364781191,m_cl_clo_iem_u_4_14_t11_v1
1364794426,m_cl_clo_hp_d_31_t100_v0
1364813454,packed_mp_veh_mod_idx_18_v2
1364891195,f_ta_tat_fm_222_t0_v0
1364919134,packed_lr_vehicle_colour_6_v78
1365016542,m_cl_outfit_clo_stm_o_10_t12_v0_cesp
1365119891,vem_colour_1_mct_classic_creek_brown_t24_v1
1365141466,f_cl_clo_arf_o_17_n0_t14_v12
1365224158,vem_smod2_whlv128_t66_v3
1365234904,packed_mp_veh_mod_idx_s_17_v278
1365379272,vem_colour_5_bright_green_t38_v0
1365390527,vem_roof_1_t12_v35
1365464592,packed_mp_veh_wheel_type_0_v160
1365468295,packed_ng_vehicle_smoke_v412
1365669595,f_cl_clo_grf_l_0_15_t4_v1
1365672167,packed_mp_veh_mod_idx_s_20_v95
1365738245,f_cl_clo_og_decl_5_t8_v1
1365778840,m_cl_clo_x6m_ph_0_12_t14_v1
1365780263,packed_mp_veh_mod_idx_s_2_v89
1365858196,vem_cmod_tyr_5_t18_v4
1365889047,m_cl_clo_vwm_pe_0_1_t14_v1
1366019758,m_cl_clo_iem_l_0_2_t4_v1
1366190457,packed_mp_veh_mod_idx_s_0_v401
1366256332,m_cl_clo_smm_b_0_21_t1_v1
1366271110,vem_spoiler_15_t14_v38
1366331174,pr_pm_bfcolour_7_t1_v0
1366337785,vem_supermod_5_2_t46_v26
1366516302,m_cl_clo_bhm_decl_56_t11_v1
1366587761,f_cl_clo_bhf_u_5_20_t11_v1
1366635417,f_cl_clo_x2f_ht_5_5_t14_v1
1366677148,m_ha_cc_blush_18_t5_v0
1366690691,vem_livery2_0_t39_v3
1366728253,vem_armour_0_t1_v28
1366805439,packed_mp_veh_secondary_colour_group_v405
1366841752,wh_index_14_t0_v0
1366873843,m_cl_clo_fxm_ph_0_17_t14_v1
1367036687,vem_cmod_neonlay_6_t21_v35
1367103756,packed_mp_veh_mod_idx_11_v341
1367246332,packed_mp_veh_mod_idx_10_v407
1367247132,packed_mp_veh_livery_0_v394
1367287174,vem_skirt_4_t13_v27
1367361054,m_cl_clo_bim_ph_1_4_t14_v1
1367378437,packed_mp_veh_mod_idx_s_22_v353
1367420823,vem_horn_hips3_t10_v29
1367450010,packed_mp_veh_colour_extra1_0_v194
1367532288,packed_mp_veh_mod_idx_s_17_v8
1367636740,pr_pm_font_6_t0_v0
1367639858,vem_colour_1_mct_classic_yellow_t24_v2
1367654587,f_cl_clo_x4f_u_10_8_t11_v1
1367715085,vem_bumper_r_18_t35_v6
1367798346,vem_supermod_3_14_t44_v3
1367817399,vem_colour_1_mct_classic_salmon_pink_t24_v4
1367936559,vem_supermod_59_0_t59_v7
1367984721,packed_mp_veh_plate_id_v149
1368019322,vem_horn_clas7_t10_v33
1368022002,vem_colour_extra_1_mct_pearlescent_blue_t24_v3
1368039374,packed_mp_veh_mod_idx_s_5_v390
1368133121,packed_ng_vehicle_neon_kit_v260
1368178554,vem_hood_0_t9_v27
1368316789,m_cl_clo_smm_b_9_18_t1_v1
1368372183,vem_livery_5_t26_v1
1368381819,m_cl_clo_exm_al_6_1_t4_v1
1368411821,vem_cmod_neoncol_9_t21_v2
1368513178,ve_starling_t1_v33
1368529966,packed_mp_veh_mod_idx_s_20_v256
1368552351,f_cl_f_fmf_7_8_t6_v0
1368611913,vem_chassis_0_t4_v29
1368620486,f_cl_clo_bhf_u_14_4_t11_v1
1368694599,vem_supermod_2_10_t43_v28
1368727274,vem_colour_1_mct_classic_silver_t24_v33
1368764495,m_cl_clo_sum_u_18_1_t11_v1
1368796789,vem_rwd_spt_09_t19_v1
1368806269,f_cl_clo_awf_ph_2_2_t14_v1
1368863695,packed_mp_veh_mod_idx_s_6_v43
1368902609,ve_marshall_n1_t1_v16
1368906013,m_cl_clo_awm_b_8_7_t1_v1
1368990231,f_cl_clo_trf_u_16_5_t11_v1
1369042862,f_cl_clo_bhf_decl_32_t11_v1
1369050412,packed_mp_veh_mod_idx_s_11_v181
1369084881,packed_mp_veh_mod_idx_22_v253
1369086748,packed_mp_veh_mod_idx_s_10_v263
1369100776,vem_supermod_6_9_t47_v28
1369330813,packed_mp_veh_primary_colour_group_v404
1369367441,packed_mp_veh_mod_var_1_v130
1369385505,vem_spt_12_t19_v3
1369471452,vem_livery_3_t26_v3
1369630844,packed_mp_veh_mod_idx_18_v346
1369631064,vem_colour_extra_1_mct_classic_candy_red_t24_v0
1369639412,m_cl_clo_iem_u_17_4_t11_v1
1369658670,wp_wct_clip2_t1_v4
1369695617,wp_wct_c_tint_14_t2_v46_n2
1369738913,packed_mp_veh_mod_idx_14_v161
1369768205,m_cl_clo_l2m_w_9_1_t14_v1
1369846709,packed_mp_veh_mod_idx_5_v146
1369848334,pr_pm_modshop_18_t87_v0
1369955050,f_cl_clo_fxf_l_4_14_t4_v1
1369970749,vem_smod_whl9_t19_v12
1370053632,vem_horn_luxe1_t10_v38
1370122050,f_cl_clo_h3f_u_5_3_t11_v1
1370124143,vem_cmod_pla_0_t23_v29
1370126706,vem_colour_2_mct_metallic_midnight_blue_t25_v3
1370236165,packed_mp_veh_mod_idx_24_v189
1370328404,vem_supermod_5_13_t46_v27
1370350784,packed_mp_veh_mod_idx_s_18_v375
1370446874,packed_mp_veh_mod_idx_18_v31
1370560381,m_cl_clo_fxm_l_5_23_t4_v1
1370627233,m_cl_clo_x2m_ht_3_0_t14_v1
1370783275,vem_cmod_smoke_11_t18_v34
1370796598,m_cl_clo_fxm_l_5_9_t4_v1
1370831350,packed_mp_veh_secondary_colour_group_v80
1370837937,f_cl_f_fmf_1_6_t6_v0
1370890164,packed_mp_veh_colour1_0_v137
1370957089,m_cl_clo_sbm_lw_0_2_t14_v1
1370963955,vem_rwd_bikew_14_t19_v3
1371027827,m_cl_clo_sbm_ph_5_25_t14_v1
1371034665,vem_supermod_3_21_t44_v11
1371067261,packed_mp_veh_mod_idx_s_9_v83
1371183873,packed_mp_veh_mod_idx_s_4_v325
1371205251,m_cl_clo_bbm_u_2_3_t11_v1
1371232819,vem_colour_2_mct_metallic_anthr_black_t25_v3
1371249855,m_cl_clo_sbm_ph_5_7_t14_v1
1371274522,packed_mp_veh_mod_idx_s_20_v54
1371285552,packed_mp_veh_mod_idx_s_14_v363
1371293174,m_cl_clo_x6m_l_0_14_t4_v1
1371621394,f_cl_clo_bhf_u_3_1_t11_v1
1371733153,m_cl_clo_exm_eu_1512_t11_v1
1371991496,f_cl_clo_h2f_f_5_15_t6_v1
1372087630,packed_mp_veh_colour_extra2_0_v191
1372099353,vem_supermod_23_5_t64_v28
1372150273,vem_bumper_r_8_t35_v0
1372190075,f_cl_clo_scf_u_55_4_t11_v1
1372315770,vem_colour_1_mct_classic_might_purple_t24_v3
1372430718,m_cl_clo_bhm_decl_39_t100_v0
1372440874,vem_horn_hips1_t10_v5
1372485687,vem_colour_extra_1_mct_metallic_formula_red_t24_v33
1372528136,packed_mp_veh_mod_idx_s_20_v267
1372566008,vem_chassis_1_t4_v36
1372594739,packed_mp_veh_mod_idx_s_10_v201
1372686254,mp_stat_mpsv_model_404
1372704539,packed_mp_veh_mod_idx_s_19_v13
1372790260,f_cl_f_fmf_2_1_t6_v0
1372817169,m_cl_clo_lxm_u_0_0_t11_v1
1372842437,vem_colour_extra_1_mct_pearlescent_formula_red_t24_v1
1372953558,f_cl_clo_bhf_u_4_9_t11_v1
1372960212,wp_wct_supp_t1_v48
1373026466,m_cl_clo_grm_ph_1_10_t14_v1
1373041312,mp_stat_mpsv_model_347
1373083126,packed_mp_veh_mod_idx_s_1_v407
1373123011,f_cl_clo_x6f_f_15_6_t6_v1
1373178970,packed_mp_veh_window_tint_0_v180
1373285301,vem_colour_mct_none_105
1373309636,vem_colour_1_mct_metallic_petrol_green_t24_v0
1373348147,vem_colour_extra_1_mct_pearlescent_chocolate_brown_t24_v2
1373397789,packed_mp_veh_mod_var_0_v124
1373440755,pr_mp_prop_18_t0_v0_cesp
1373441998,m_cl_u_fmm_9_5_t8_v0
1373484140,packed_mp_veh_mod_idx_7_v32
1373514637,packed_mp_veh_mod_idx_24_v108
1373575086,m_cl_clo_arm_o_7_t11_v12
1373601684,mp_stat_ie_wh_owned_vehicle_14_v0
1373623194,m_ta_tat_fm_227_t0_v0
1373646697,m_cl_clo_smm_ph_2_0_t14_v1
1373853759,f_cl_clo_grf_u_8_16_t11_v1
1373963401,packed_mp_veh_mod_idx_23_v413
1374005882,f_cl_clo_x6f_rw_2_1_t14_v1
1374070071,vem_colour_1_mct_metallic_galaxy_blue_t24_v4
1374100087,packed_mp_veh_mod_idx_11_v284
1374156454,f_cl_clo_x2f_b_3_2_t1_v1
1374232890,packed_mp_veh_colour1_0_v147
1374292039,m_cl_clo_valm_u_1_0_t11_v1
1374347646,packed_mp_veh_mod_idx_s_14_v122
1374464506,vem_colour_1_mct_classic_garnet_red_t24_v3
1374487184,packed_mp_veh_secondary_colour_group_v294
1374599352,m_cl_clo_h2m_o_s_3_t3_v12
1374650239,m_cl_clo_sum_u_0_12_t11_v1
1374723713,vem_armour_0_t1_v38
1374783254,vem_roof_13_n2_t12_v3
1374796201,vem_spoiler_13_t14_v26
1374842242,packed_ng_vehicle_neon_kit_v277
1374848627,vem_supermod_19_19_t60_v3
1375006437,packed_mp_veh_mod_idx_4_v108
1375254499,m_cl_clo_bim_s_10_16_t8_v1
1375262133,packed_mp_veh_mod_idx_5_v303
1375274507,fcclub_stor_4_t3_v0
1375312859,vem_supermod_4_16_t45_v3
1375424437,packed_mp_veh_mod_idx_s_19_v221
1375432870,packed_mp_veh_mod_idx_10_v104
1375475525,vem_bumper_f_4_t34_v38
1375517308,m_cl_clo_x6m_u_21_2_t11_v1
1375540608,f_cl_clo_arf_u_2_3_t11_v1
1375556730,packed_mp_veh_colour1_0_v273
1375672429,vem_insurance_slamvan
1375840742,vem_suspension_5_t15_v38
1375965380,f_cl_clo_s1f_dec_4_t11_v1
1376004235,m_ta_tat_fm_024_t0_v0
1376019241,vem_mwt_suv_t3_v0
1376069340,packed_mp_veh_mod_idx_s_13_v131
1376156408,vem_supermod_4_0_t45_v39
1376207825,packed_mp_veh_mod_idx_8_v207
1376385585,m_ta_tat_gr_024_t0_v0
1376401980,f_cl_clo_h3f_u_3_3_t11_v1
1376526645,packed_mp_veh_mod_idx_15_v42
1376639516,f_ha_cc_f_hs_18_t0_v0
1376672264,packed_mp_veh_mod_idx_6_v106
1376761603,vem_spt_24_t19_v12
1376791005,packed_mp_veh_mod_idx_s_10_v105
1376795565,packed_mp_veh_mod_idx_s_11_v406
1376855859,packed_mp_veh_mod_idx_3_v278
1376963066,f_cl_clo_bbf_p2_3_t14_v1
1376975516,f_cl_clo_exf_decl_6_t100_v0
1376975718,vem_fender_l_14_t36_v38
1377067126,packed_mp_veh_mod_idx_s_8_v139
1377075009,m_cl_clo_valm_s_1_0_t8_v1
1377233569,packed_mp_veh_mod_idx_s_14_v311
1377280657,m_cl_clo_sbm_f_5_6_t6_v1
1377290330,m_cl_clo_h3m_decl_21_t11_v1
1377307739,f_cl_clo_awf_u_10_5_t11_v1
1377406061,vem_colour_extra_1_mct_classic_sunset_red_t24_v33
1377437663,m_cl_clo_trm_f_1_4_t6_v1
1377563353,m_cl_clo_awm_f_0_11_t6_v1
1377634062,f_cl_clo_x3f_b_3_2_t1_v1
1377650731,wp_wct_c_tint_24_t2_v22_n2
1377666628,vem_colour_mct_none_1
1377674066,packed_mp_veh_mod_idx_s_13_v47
1377748893,vem_suv_10_t19_v2
1377853761,fcclub_garg_4_t3_v0
1377934868,m_cl_clo_smm_u_1_0_t11_v1
1377937401,packed_mp_veh_mod_idx_3_v181
1378002717,packed_ng_vehicle_neon_kit_v9
1378063127,vem_supermod_14_10_t55_v26
1378119261,m_cl_clo_awm_decl_117_t100_v0
1378311363,packed_mp_veh_mod_idx_s_17_v61
1378316362,packed_mp_veh_colour1_0_v23
1378363575,packed_mp_veh_mod_idx_0_v392
1378799303,vem_cmod_col5_13_t29_v3
1378843904,m_cl_clo_vem_dec_46_t11_v1
1378864028,m_cl_clo_bim_decl_36_t11_v1
1378888543,packed_mp_veh_mod_idx_s_7_v180
1378922786,f_cl_outfit_clo_x5f_o_a_1_b_t12_v0
1378937528,vem_cmod_tyr_10_t18_v10
1378982310,f_cl_clo_suf_u_16_2_t11_v1
1379014973,vem_rwd_drft_04_t19_v12
1379173867,m_cl_clo_hstmb_23_2_t1_v1
1379177781,vem_cmod_col5_15_t29_v3
1379228471,vem_smod_whl18_t19_v12
1379230206,vem_fender_r_11_n1_t37_v27
1379273479,f_cl_clo_bif_u_30_0_t11_v1
1379326203,m_ta_tat_sb_051_t0_v0
1379334658,packed_mp_veh_mod_idx_s_23_v190
1379344259,f_cl_clo_bhf_decl_13_t100_v0
1379379537,f_cl_clo_hstf_o_15_t3_v12
1379415618,f_cl_clo_vwf_u_19_12_t11_v1
1379422393,packed_ng_vehicle_bpt_v276
1379455889,packed_mp_veh_mod_idx_s_5_v206
1379467832,f_cl_t_fmf_9_0_t7_v0
1379540228,packed_mp_veh_colour1_0_v172
1379550813,m_cl_clo_vwm_u_18_2_t11_v1
1379585228,m_cl_clo_sbm_u_9_7_t11_v1
1379639084,packed_mp_veh_mod_idx_s_1_v193
1379752805,packed_mp_veh_mod_idx_s_16_v317
1379758652,vem_cmod_col5_21_t29_v3
1380146637,packed_lr_vehicle_colour_6_v249
1380209371,f_cl_outfit_clo_h3f_o_grp_5_t12_v0
1380379331,vem_loride_04_t19_v0
1380381615,mp_stat_mpsv_model_110
1380428364,f_cl_clo_fxf_u_6_1_t11_v1
1380466177,vem_rwd_suv_05_t19_v2
1380482935,f_cl_outfit_clo_h2f_o_g_7_t12_v0
1380512376,fcclub_dnc_4_t0_v0
1380525841,packed_mp_veh_mod_idx_s_7_v143
1380554318,vem_roof_21_t12_v1
1380566619,f_cl_clo_bbf_110_t4_v1
1380776867,f_cl_clo_bhf_decl_5_t100_v0
1380866845,m_cl_clo_grm_u_8_3_t11_v1
1380868487,packed_lr_vehicle_colour_6_v250
1380988277,f_cl_clo_bhf_decl_26_t11_v1
1381026125,packed_mp_veh_livery_0_v65
1381034562,vem_smod2_whlv98_t66_v3
1381214841,m_cl_clo_h2m_u_6_6_t11_v1
1381237797,m_cl_clo_hp_d_34_t100_v0
1381337459,f_cl_clo_sbf_e_0_4_t14_v1
1381373909,m_cl_clo_s1m_u_4_1_t11_v1
1381389908,m_cl_clo_h4m_decl_0_t100_v0
1381457995,m_cl_clo_bhm_u_13_4_t11_v1
1381479569,f_cl_clo_scf_o_9_t3_v12
1381522230,dec_vw_aw_ls_1a
1381535410,f_cl_m_fmf_5_0_t1_v0
1381641852,vem_cmod_col5_27_t29_v2
1381668151,packed_lr_vehicle_colour_5_v18
1381696136,packed_mp_veh_mod_idx_2_v135
1381705798,f_cl_clo_scf_l_0_22_t4_v1
1381891933,packed_mp_veh_mod_idx_4_v303
1381911249,f_cl_clo_fxf_l_1_4_t4_v1
1382013841,m_ha_hair_beard1_t1_v1
1382217215,packed_mp_veh_mod_idx_7_v114
1382339464,vem_bikew_13_t19_v3
1382388602,vem_cmod_neonlay_5_t21_v26
1382425390,packed_mp_veh_mod_idx_s_19_v318
1382528985,vem_cmod_tyr_lg_t30_v32
1382534303,f_cl_clo_fxf_pe_0_7_t14_v1
1382580222,m_cl_outfit_clo_stm_o_e_3_t12_v0
1382582685,vem_exhaust_3_t6_v10
1382597257,packed_mp_veh_mod_idx_14_v238
1382718264,packed_mp_veh_mod_idx_24_v342
1382739805,m_cl_clo_vwm_pey_112_t14_v1
1382758508,vem_insurance_feltzer3
1382800451,f_ha_cc_eyebrw_0_t2_v0
1382887752,m_cl_clo_bim_f_3_3_t6_v1
1383070304,packed_ng_vehicle_insurance_v179
1383114545,vem_brake_1_t2_v1
1383159343,m_cl_clo_h4m_ph_0_2_t14_v1
1383224648,m_cl_clo_x6m_ph_2_18_t14_v1
1383256199,packed_mp_veh_mod_idx_s_11_v301
1383264198,f_cl_clo_bif_decl_56_t100_v0
1383369785,vem_bumper_f_10_t34_v3
1383389791,packed_mp_veh_wheel_type_0_v148
1383464035,packed_mp_veh_mod_idx_12_v395
1383539679,vem_suspension_3_t15_v7
1383540581,m_cl_clo_fxm_u_2_23_t11_v1
1383591366,m_ha_cc_mkup_50_t5_v0
1383624205,vem_smod3_whlv63_t66_v3
1383641640,mp_stat_mpsv_model_397
1383668428,vem_supermod_7_13_t48_v28
1383728950,m_cl_clo_sbm_f_3_18_t6_v1
1383749525,f_ta_tat_fx_014_t0_v0
1383802677,vem_colour_extra_1_mct_matte_red_t24_v1
1383867726,vem_insurance_wastlndr
1383951426,vem_cmod_hrn_trk_t10_v1
1383974071,packed_mp_veh_colour1_0_v265
1384522292,vem_cmod_pla_1_t23_v33
1384550482,f_cl_clo_x5f_u_16_6_t11_v1
1384627074,vem_smod2_whlv110_t66_v3
1384702905,f_cl_clo_grf_u_3_18_t11_v1
1384710066,vem_supermod_16_1_t57_v38
1384717591,m_cl_clo_trm_f_1_0_t6_v1
1384802283,mp_stat_auto_shop_staff_one_v0
1384876626,f_cl_clo_trf_u_14_3_t11_v1
1384884197,packed_mp_veh_mod_idx_s_17_v141
1384887022,packed_mp_veh_mod_idx_s_9_v8
1384937044,vem_hood_16_t9_v35
1384956595,vem_suv_08_t19_v12
1385036628,m_cl_sp_fmm_6_11_t8_v1
1385062624,packed_mp_veh_mod_idx_s_9_v329
1385105485,packed_mp_veh_window_tint_0_v0
1385119762,packed_mp_veh_mod_idx_s_19_v116
1385137255,f_cl_clo_bif_u_1_1_t11_v1
1385184262,mp_stat_mpsv_model_257
1385200484,packed_ng_vehicle_neon_v229
1385238718,packed_mp_veh_mod_idx_5_v41
1385333686,f_cl_clo_ief_u_14_9_t11_v1
1385582575,f_cl_clo_hp_f_d_33_t11_v1
1385699924,vem_supermod_1_6_t42_v11
1385700849,f_cl_outfit_clo_h2f_o_c_2_t12_v0
1385776568,vem_supermod_5_1_t46_v27
1385883136,packed_ng_vehicle_neon_kit_v193
1386044769,m_cl_clo_grm_b_1_13_t1_v1
1386052137,vem_colour_2_mct_classic_cast_iron_sil_t25_v1
1386060340,f_cl_clo_x6f_l_0_5_t4_v1
1386126825,packed_mp_veh_mod_idx_s_4_v332
1386194606,m_cl_clo_fxm_ph_4_17_t14_v1
1386212264,m_cl_clo_h4m_u_3_4_t11_v1
1386235206,vem_supermod_52_14_t52_v7
1386307969,m_cl_clo_hstm_o_a_1_t3_v12
1386321587,m_cl_clo_vwm_pw_3_2_t14_v1
1386379365,m_cl_clo_vwm_f_2_9_t6_v1
1386385275,vem_cmod_col5_5_t29_v4
1386474100,m_cl_clo_x6m_ey_3_12_t14_v1
1386614026,packed_mp_veh_mod_idx_s_8_v223
1386619938,packed_mp_veh_mod_idx_1_v60
1386620055,vem_supermod_0_0_t41_v28
1386720239,m_cl_clo_indm_b_1_0_t1_v1
1386809506,f_cl_clo_busf_u_1_3_t11_v1
1386844707,packed_mp_veh_mod_idx_s_22_v342
1387001122,f_cl_clo_vwf_decl_36_t100_v0
1387010053,ve_virtue_t0_v38
1387014866,packed_mp_veh_wheel_type_0_v306
1387108381,packed_mp_veh_mod_idx_s_2_v182
1387121224,f_cl_outfit_clo_h2f_o_c_4_t12_v0
1387167731,m_cl_clo_awm_b_4_5_t1_v1
1387188857,packed_mp_veh_mod_var_1_v148
1387197400,packed_mp_veh_mod_idx_s_11_v99
1387290367,m_ha_brd_hp_7_t1_v0
1387310390,m_cl_clo_fxm_l_1_14_t4_v1
1387389901,m_cl_clo_bim_s_11_3_t8_v1
1387412577,mp_stat_mpsv_model_24
1387425455,vem_colour_6_woodbeech_brown_t65_v3
1387546058,packed_mp_veh_mod_idx_s_18_v265
1387568048,packed_mp_veh_mod_idx_4_v82
1387605868,f_cl_clo_hstf_u_12_2_t11_v1
1387633825,m_cl_clo_grm_l_2_7_t4_v1
1387661977,f_cl_clo_smf_ph_2_0_t14_v1
1387916511,packed_mp_veh_mod_var_1_v118
1387951603,m_cl_outfit_clo_h4m_o_l2_m3_t12_v0
1387957724,vem_colour_1_mct_classic_bleeched_brown_t24_v1
1387963901,vem_drft_08_t19_v3
1387976038,f_cl_clo_fxf_u_4_3_t11_v1
1388027772,packed_ng_vehicle_neon_kit_v60
1388053292,m_cl_clo_vwm_pe_1_3_t14_v1
1388057498,packed_mp_veh_secondary_colour_group_v330
1388068748,packed_mp_veh_mod_idx_0_v281
1388142282,packed_mp_veh_mod_idx_6_v133
1388341384,packed_mp_veh_plate_id_v395
1388383032,pr_fc_mural_5_t0_v0
1388429669,m_cl_clo_h3m_b_15_2_t1_v1
1388505100,packed_mp_veh_mod_idx_18_v363
1388582702,m_cl_clo_s1m_u_4_4_t11_v1
1388596627,vem_colour_2_mct_matte_matte_desert_t25_v33
1388617927,f_cl_clo_bbf_u_1_3_t8_v1
1388643474,packed_mp_veh_mod_idx_s_4_v343
1388657528,ve_dump_t0_v0
1388719342,wp_wct_c_tint_2_t2_v13_n2
1388873686,vem_sub_heli_c_18
1388898159,m_ha_cc_mkup_18_t5_v0
1388994498,packed_mp_veh_mod_idx_22_v317
1389096208,vem_colour_1_mct_matte_might_purple_t24_v0
1389101966,f_cl_clo_bhf_u_2_6_t11_v1
1389276069,mp_stat_prodtotalforfactory6_v0
1389296102,packed_mp_veh_mod_idx_6_v375
1389300630,m_cl_clo_vwm_f_2_7_t6_v1
1389323755,packed_mp_veh_mod_idx_1_v403
1389371284,packed_mp_veh_mod_idx_23_v216
1389382325,f_cl_clo_h3f_u_9_7_t11_v1
1389383535,f_cl_clo_busf_f_1_11_t6_v1
1389514930,wp_wct_tint_24_t2_v1_n2
1389646652,f_cl_clo_exf_eu_102_t11_v1
1389703450,packed_mp_veh_colour_extra2_0_v55
1389764278,packed_ng_vehicle_insurance_v372
1389776848,m_cl_clo_sbm_b_10_2_t1_v1
1389811591,f_cl_clo_arf_o_7_t11_v12
1389876950,f_cl_clo_grf_decl_17_t11_v1
1389912909,packed_mp_veh_mod_idx_18_v21
1390191648,packed_mp_veh_colour1_0_v47
1390221047,packed_lr_vehicle_colour_6_v126
1390319508,m_cl_clo_vwm_u_14_1_t11_v1
1390328836,f_cl_clo_grf_ph_0_6_t14_v1
1390388315,vem_brake_2_t2_v1
1390418645,packed_mp_veh_mod_idx_s_1_v156
1390430695,f_cl_outfit_clo_h3f_o_dh_13_t12_v0
1390471424,vem_spoiler_6_t14_v38
1390521523,m_cl_clo_sum_u_11_1_t11_v1
1390616670,packed_mp_veh_mod_idx_s_4_v56
1390641094,packed_mp_veh_mod_idx_10_v205
1390697426,vem_rwd_loride_09_t19_v2
1390706539,wp_wm_tint3_t2_v52
1390731716,f_cl_clo_trf_o_r5_t3_v12
1390804448,f_cl_clo_smf_ph_2_5_t14_v1
1390815459,packed_mp_veh_livery_0_v293
1390826442,vem_smod2_whl31_t19_v12
1390840373,f_cl_clo_bhf_decl_3_t100_v0
1390965314,f_cl_clo_h2f_u_7_21_t11_v1
1391064870,vem_supermod_21_0_t62_v5
1391110953,vem_colour_2_mct_metals_br_aluminium_t25_v33
1391127262,vem_smod5_whlv202_t66_v3
1391153997,packed_mp_veh_colour_extra2_0_v239
1391176521,packed_mp_veh_mod_idx_s_3_v238
1391247002,wp_wct_supp_t1_v20
1391311543,f_cl_clo_bif_l_5_3_t4_v1
1391426948,m_cl_clo_vwm_u_4_4_t11_v1
1391444941,m_cl_clo_bus_m_0_11_t1_v1
1391623791,f_cl_clo_vwf_l_2_15_t4_v1
1391636321,dec_vw_aw_wh_45
1391779695,ve_swift2_t0_v0
1391854512,packed_mp_veh_mod_idx_s_0_v72
1391894851,m_ha_clo_sbm_h_0_0_t0_v2
1391915271,f_cl_clo_ief_l_4_0_t4_v1
1391934907,f_cl_clo_x6f_f_4_14_t6_v1
1391972977,f_cl_clo_ief_ph_0_0_t14_v1_cesp
1391992174,wp_wct_scope_lrg2_t1_v21_n2
1392012252,m_cl_clo_indm_d_13_t11_v1
1392046636,f_ta_tat_s1_002_t0_v0
1392051974,m_ta_tat_fx_011_t0_v0
1392065939,packed_mp_veh_mod_idx_s_1_v71
1392071471,m_ta_tat_bi_034_t0_v0
1392101251,wp_wct_clip2_t1_v52
1392143297,wp_wct_scope_mac_t1_v8
1392183842,packed_mp_veh_mod_idx_s_13_v391
1392290875,m_cl_clo_stm_h_109_t14_v1
1392312409,f_cl_clo_grf_u_20_17_t11_v1
1392373352,m_cl_clo_l2m_u_6_12_t11_v1
1392373498,kosatk_fla_28_t0_v0
1392410543,m_cl_clo_h2m_u_7_17_t11_v1
1392411566,packed_mp_veh_mod_var_0_v16
1392444075,packed_mp_veh_mod_idx_8_v326
1392531518,f_cl_clo_hstf_s_6_3_t8_v2
1392598540,f_cl_clo_sbf_f_4_6_t6_v1
1392647118,m_cl_clo_bim_pw_1_0_t14_v1
1392779702,vem_insurance_bodhi2
1392836736,f_cl_clo_valf_u_2_0_t11_v1
1392868584,packed_mp_veh_mod_idx_s_7_v343
1392870571,vem_colour_1_mct_metallic_creek_brown_t24_v1
1392883931,f_cl_outfit_clo_awf_o_b_12_t12_v0
1392926150,vem_supermod_18_4_t59_v38
1392947350,packed_mp_veh_colour_extra1_0_v337
1393069955,candc_hacker_dec_23_t0_v0
1393239884,m_cl_clo_exm_au_22_0_t11_v1
1393325630,packed_mp_veh_mod_idx_23_v2
1393350615,wp_wct_tint_12_t2_v5_n2
1393391968,vem_rwd_loride_08_t19_v12
1393412832,ve_pbus2_t1_v2
1393433814,packed_lr_vehicle_colour_5_v74
1393471913,m_cl_clo_x6m_f_15_7_t6_v1
1393475962,m_cl_clo_grm_b_5_19_t1_v1
1393503226,packed_mp_veh_mod_var_1_v68
1393570528,f_cl_clo_s1f_dec_11_t100_v0
1393601651,packed_mp_veh_mod_idx_9_v245
1393639558,packed_ng_vehicle_insurance_v270
1393655539,packed_mp_veh_mod_idx_s_13_v337
1393966521,m_cl_clo_vwm_u_15_14_t11_v1
1394239714,vem_colour_1_mct_metallic_frost_white_t24_v33
1394274309,vem_supermod_15_2_n1_t56_v38
1394344097,packed_mp_veh_mod_idx_s_23_v98
1394412021,m_cl_clo_hstm_t_3_15_t7_v1
1394433703,packed_mp_veh_mod_idx_s_17_v65
1394534395,m_cl_he_fmm_16_5_t14_v0
1394614084,vem_supermod_20_9_t61_v26
1394658126,m_cl_clo_grm_u_0_14_t11_v1
1394660273,m_cl_clo_h3m_u_15_0_t11_v1
1394727268,vem_smod4_whlv158_t66_v2
1394731138,packed_ng_vehicle_neon_kit_v165
1394742768,f_cl_clo_x6f_ph_1025_t14_v1
1394804473,vem_colour_extra_1_mct_matte_green_t24_v3
1394862621,vem_offr_14_t19_v0
1394936339,packed_mp_veh_wheel_type_0_v69
1395021644,f_cl_clo_s2f_o_6_t8_v12
1395149643,m_cl_clo_h4m_decl_57_t100_v0
1395154838,f_cl_clo_busf_l_1_6_t4_v1
1395159870,vem_supermod_23_36_n1_t64_v33
1395179570,m_cl_clo_vwm_u_18_1_t11_v1
1395330651,vem_colour_1_mct_classic_bright_orange_t24_v2
1395346563,m_cl_clo_awm_f_8_2_t6_v1
1395384076,m_cl_clo_s2m_f_1_9_t6_v1
1395503199,m_cl_clo_h2m_b_3_5_t1_v1
1395536419,f_cl_outfit_clo_x5f_o_a_0_t12_v0
1395595540,vem_fender_r_21_t37_v27
1395626628,vem_hood_19_t9_v3
1395661187,f_cl_outfit_clo_hstf_o_f_2_t12_v0
1395698527,vem_cmod_tyr_pat_t18_v7
1395715508,packed_mp_veh_colour1_0_v51
1395723195,packed_mp_veh_mod_idx_6_v58
1395790272,m_cl_clo_hstm_u_7_1_t11_v1
1395793662,vem_colour_extra_1_mct_metallic_nautical_blue_t24_v4
1395849840,vem_smod2_whlv164_t66_v3
1395873614,vem_smod4_whlv36_t66_v1
1395879576,dec_vw_aw_wv_4
1395926831,f_ta_tat_ie_002_t0_v0
1395968189,wp_wm_tint2_t2_v3
1395968717,vem_colour_2_mct_metallic_dark_silver_t25_v2
1396041985,packed_mp_veh_mod_idx_10_v54
1396049384,f_cl_clo_smf_b_4_15_t1_v1
1396056797,packed_mp_veh_mod_idx_s_21_v55
1396117926,vem_cmod_exp_0_t20_v5
1396200882,vem_supermod_15_3_t56_v27
1396243788,vem_cmod_tyr_4_t18_v31
1396263626,f_cl_clo_trf_u_11_5_t11_v1
1396287407,packed_mp_veh_window_tint_0_v109
1396305037,f_cl_clo_x6f_f_5_7_t6_v1
1396333441,packed_mp_veh_mod_idx_s_18_v342
1396447414,pr_mp_prop_2_t0_v0
1396467769,packed_mp_veh_mod_idx_s_22_v267
1396562024,m_cl_clo_hstm_o_a_3_t8_v12
1396567971,m_cl_clo_h4m_s_2_7_t8_v1
1396654241,packed_mp_veh_mod_idx_s_3_v120
1396664553,vem_roof_4_t12_v0
1396695099,packed_mp_veh_plate_id_v312
1396697282,packed_mp_veh_mod_idx_s_13_v9
1396748430,packed_mp_veh_mod_idx_s_16_v271
1396753931,vem_bikew_19_t19_v3
1396780474,packed_mp_veh_mod_idx_14_v274
1396808466,vem_supermod_21_11_t62_v27
1396975171,packed_mp_veh_mod_idx_15_v378
1396982515,packed_mp_veh_colour2_0_v262
1397009493,packed_mp_veh_window_tint_0_v140
1397081443,packed_mp_veh_mod_idx_14_v246
1397088689,fa_upgrade_fakeid_setup_0_t0_v0
1397147798,vem_colour_2_mct_classic_might_purple_t25_v2
1397302853,f_cl_clo_x6f_u_24_20_t11_v1
1397308706,f_cl_clo_x6f_ey_3_15_t14_v1
1397329148,wp_ps_can_0_t2_v33
1397339526,vem_supermod_15_9_n1_t56_v38
1397369131,packed_mp_veh_mod_idx_s_2_v67
1397415143,m_cl_clo_sbm_f_5_0_t6_v1
1397424987,wp_vu_plajam_t0_v0
1397451591,f_cl_clo_grf_u_7_3_t11_v1
1397536056,f_cl_clo_vwf_decl_23_t100_v0
1397590446,f_cl_clo_exf_eu_4_2_t11_v1
1397671042,vem_bumper_f_10_t34_v35
1397675273,vem_insurance_scramjet
1397724547,packed_mp_veh_plate_id_v226
1397761918,wp_wct_scope_mac2_t1_v70_n2
1397878193,f_cl_clo_grf_l_0_17_t4_v1
1397920308,f_cl_outfit_clo_h3f_o_sh_24_t12_v0
1397989356,packed_mp_veh_mod_idx_5_v116
1397990683,vem_cmod_neoncol_8_t21_v11
1398095231,f_cl_clo_stf_o_17_t8_v12
1398165453,vem_horn_hips2_t10_v2
1398236860,packed_mp_veh_colour_extra2_0_v150
1398268199,packed_mp_veh_mod_idx_7_v389
1398443828,packed_mp_veh_mod_idx_2_v404
1398636178,m_cl_clo_h4m_ph_0_24_t14_v1
1398657520,packed_ng_vehicle_bpt_v264
1398850610,m_cl_clo_hp_g_0_4_t14_v1
1398952020,f_cl_clo_bbf_p2_5_t14_v1
1398959347,packed_mp_veh_mod_idx_s_8_v260
1398977321,packed_ng_vehicle_insurance_v232
1399072475,packed_mp_veh_mod_idx_s_13_v77
1399129564,f_cl_clo_awf_o_d_4_t8_v12
1399151243,packed_mp_veh_mod_idx_s_14_v178
1399228115,vem_grill_0_t8_v6
1399249741,vem_supermod_20_0_t61_v6
1399285579,packed_mp_veh_mod_idx_s_1_v332
1399390536,m_cl_clo_awm_b_8_4_t1_v1
1399523786,vem_smod_whlv167_t66_v3
1399539164,packed_mp_veh_mod_idx_s_18_v259
1399575300,m_cl_clo_vwm_u_9_12_t11_v1
1399595652,vem_supermod_1_6_t42_v38
1399823247,packed_lr_vehicle_colour_6_v313
1399891773,packed_mp_veh_mod_idx_5_v259
1399930968,f_cl_clo_awf_o_f_6_t8_v12
1399977921,packed_ng_vehicle_neon_kit_v211
1400171816,vem_supermod_23_0_t64_v32
1400182937,f_cl_clo_ltsft_1_0_t3_v1
1400241965,wp_wct_clip_hp_t1_v47_n2
1400277146,packed_mp_veh_secondary_colour_group_v377
1400401877,vem_supermod_14_7_t55_v3
1400587521,f_cl_clo_fxf_u_6_9_t11_v1
1400619399,packed_mp_veh_mod_idx_s_0_v159
1400679371,vem_supermod_15_20_t56_v3
1400698768,packed_mp_veh_mod_idx_16_v397
1400796303,packed_mp_veh_mod_idx_13_v398
1400860011,packed_mp_veh_mod_var_0_v175
1400919842,packed_mp_veh_mod_idx_s_19_v400
1401088810,m_cl_clo_lxm_o_11_t3_v12
1401139086,f_cl_clo_x6f_lw_0_1_t14_v1
1401155462,f_cl_clo_ief_u_16_0_t11_v1
1401202274,m_cl_outfit_clo_awm_o_e_10_t12_v0
1401261948,vem_supermod_4_8_t45_v27
1401287807,f_cl_clo_h4f_decl_30_t11_v1
1401366975,packed_mp_veh_mod_idx_24_v153
1401382084,vem_spoiler_1_n1_t14_v3
1401431388,packed_mp_veh_mod_idx_s_16_v43
1401522499,vem_supermod_6_9_t47_v3
1401664491,packed_mp_veh_mod_idx_15_v250
1401743774,packed_mp_veh_mod_idx_22_v197
1401846239,m_cl_clo_grm_u_0_15_t11_v1
1402103339,packed_mp_veh_mod_idx_s_16_v365
1402133589,f_cl_clo_lxf_dec_4_t11_v1
1402254194,f_cl_f_fmf_13_4_t6_v0
1402420859,vem_hood_4_t9_v27
1402517927,packed_mp_veh_window_tint_0_v60
1402528584,m_cl_clo_grm_u_14_6_t11_v1
1402567038,m_cl_outfit_clo_ltsm_o_12_t12_v0
1402575662,packed_mp_veh_mod_idx_4_v67
1402650993,m_cl_clo_exm_el_0_6_t4_v1
1402666978,vem_cmod_tyr_1_t32_v5
1402678108,packed_mp_veh_mod_idx_s_8_v14
1402719955,vem_colour_2_mct_classic_orange_t25_v3
1402726316,m_cl_clo_awm_b_2_3_t1_v1
1402753420,f_cl_clo_vwf_pw_8_1_t14_v1
1402766279,m_cl_clo_iem_b_6_1_t1_v1
1402823498,packed_mp_veh_mod_idx_11_v301
1402940481,m_cl_u_fmm_12_7_t8_v1
1402958091,packed_mp_veh_mod_idx_s_5_v142
1403146887,f_cl_clo_grf_g_0_7_t3_v1
1403216689,vem_colour_extra_1_mct_matte_light_grey_t24_v3
1403234784,f_cl_clo_indf_d_9_t11_v1
1403234831,vem_cmod_hrn_mus5_t10_v35
1403367465,packed_mp_veh_mod_idx_s_3_v242
1403387924,packed_mp_veh_mod_idx_s_18_v182
1403455064,packed_ng_vehicle_neon_kit_v336
1403456268,packed_mp_veh_window_tint_0_v339
1403467981,ve_sultan3_t1_v3
1403523043,f_cl_clo_s1f_dec_7_t11_v1
1403540914,vem_supermod_15_3_t56_v11
1403557838,m_cl_clo_exm_g_3_9_t14_v0
1403604858,m_cl_clo_bbm_l_0_6_t4_v1
1403656985,packed_mp_veh_mod_idx_s_8_v90
1403701681,wp_wm_tint2_t2_v7
1403705008,vem_colour_extra_1_mct_pearlescent_stone_silver_t24_v4
1403744761,f_cl_clo_h4f_decl_63_t11_v1
1403793855,packed_ng_vehicle_smoke_v329
1403907570,packed_mp_veh_mod_idx_11_v189
1403923396,packed_mp_veh_mod_idx_5_v298
1403938688,packed_mp_veh_mod_idx_s_19_v74
1403998332,packed_ng_vehicle_smoke_v261
1404002566,wp_wct_bat_xm308_t1_v37
1404097349,vem_colour_2_mct_classic_racing_green_t25_v1
1404148918,packed_mp_veh_mod_idx_13_v48
1404182941,vem_supermod_41_21_t41_v7
1404192418,m_cl_g_fmm_7_4_t14_v0
1404221329,vem_cmod_win_3_t33_v35
1404247741,packed_mp_veh_mod_idx_s_22_v181
1404249838,packed_mp_veh_mod_idx_s_6_v340
1404274592,m_cl_clo_x6m_t_8_3_t7_v1
1404308661,vem_smod2_whlv134_t66_v3
1404317694,packed_mp_veh_mod_idx_s_15_v129
1404386317,packed_ng_vehicle_smoke_v317
1404428388,f_cl_clo_grf_u_19_13_t11_v1
1404507714,vem_cmod_neoncol_255_t21_v32
1404591716,packed_mp_veh_mod_idx_6_v119
1404624283,ve_jb700_t0_v3
1404631352,m_cl_clo_x6m_l_0_16_t4_v1
1404717415,packed_mp_veh_mod_var_0_v314
1404907502,packed_mp_veh_mod_idx_15_v212
1404918848,m_cl_clo_busm_t_0_3_t7_v1
1405026620,pr_pm_modshop_16_t90_v0
1405032479,vem_roof_2_t12_v2
1405138546,packed_mp_veh_mod_idx_22_v364
1405390153,f_cl_clo_bif_ph_1_6_t14_v1
1405429202,packed_mp_veh_mod_idx_s_16_v45
1405444234,f_cl_clo_hp_f_d_8_t100_v0
1405446920,packed_mp_veh_colour_extra2_0_v104
1405539718,m_cl_clo_bbm_u_1_1_t8_v2
1405695157,vem_smod5_whlv198_t66_v3
1405785568,packed_mp_veh_mod_idx_18_v131
1405785879,f_cl_clo_h3f_ph_10_5_t14_v1
1405957148,vem_colour_2_mct_classic_white_t25_v0
1406033435,vem_chassis_0_t4_v35
1406064236,f_cl_clo_smf_ph_6_21_t14_v1
1406345392,packed_mp_veh_mod_idx_s_20_v255
1406643148,vem_smod4_whlv38_t66_v3
1406683431,f_cl_clo_hstf_l_4_3_t4_v1
1406687786,packed_mp_veh_wheel_type_0_v151
1406706201,vem_cmod_hrn_mus3_t10_v33
1406755436,f_cl_clo_h3f_u_3_4_t11_v1
1406768094,packed_mp_veh_mod_idx_24_v398
1406841881,packed_ng_vehicle_neon_v400
1406866042,vem_smod4_whlv194_t66_v3
1406952923,m_cl_clo_ltsm_o_13_t3_v12
1407038819,packed_ng_vehicle_insurance_v206
1407043426,mp_stat_hangar_colour_v0
1407126904,packed_mp_veh_window_tint_0_v399
1407129435,vem_cmod_neonlay_7_t21_v36
1407141591,f_ta_tat_bi_045_t0_v0_cesp
1407167857,vem_colour_1_mct_metallic_purple_t24_v1
1407177223,f_cl_outfit_clo_lxf_o_8_t12_v0
1407204307,f_cl_clo_h3f_u_13_11_t11_v1
1407229208,packed_mp_veh_mod_idx_13_v46
1407254345,packed_mp_veh_mod_idx_5_v33
1407278493,service_earn_gangops_prep_participation
1407283578,vem_colour_extra_1_mct_classic_dark_blue_t24_v0
1407302332,vem_colour_2_mct_classic_cabernet_red_t25_v0
1407500477,packed_mp_veh_primary_colour_group_v345
1407536803,m_ta_tat_sb_005_t0_v0
1407559014,m_cl_clo_stm_o_e_4_t11_v12
1407722551,m_cl_clo_awm_b_4_7_t1_v1
1407728883,f_ta_tat_bi_053_t0_v0
1407778470,f_cl_clo_awf_b_12_15_t1_v1
1407876340,vem_supermod_23_28_n1_t64_v33
1407904056,f_cl_clo_h3f_decl_14_t100_v0
1407920051,f_cl_clo_bhf_u_2_2_t11_v1
1407999441,vem_colour_extra_1_mct_metallic_petrol_green_t24_v33
1408060331,m_cl_clo_lxm_u_8_7_t11_v1
1408152003,packed_mp_veh_secondary_colour_group_v217
1408156120,vem_smod4_whlv97_t66_v3
1408164435,vem_cmod_neoncol_11_t21_v1
1408249310,packed_mp_veh_mod_idx_9_v342
1408315256,packed_mp_veh_mod_idx_9_v350
1408344200,packed_mp_veh_wheel_type_0_v286
1408393913,m_cl_u_fmm_9_2_t8_v0
1408398545,f_cl_f_fmf_14_12_t6_v0
1408444341,m_cl_l_fmm_1_12_t4_v0
1408473673,vem_armour_4_t1_v5
1408521657,f_cl_clo_suf_u_20_9_t11_v1
1408573370,vem_smod5_whlv170_t66_v3
1408620588,dec_vw_aw_wv_45
1408744093,vem_supermod_1_14_t42_v28
1408805114,vem_insurance_cinquemila
1408888740,m_cl_clo_bhm_u_3_8_t11_v1
1408920272,vem_colour_2_mct_classic_race_yellow_t25_v4
1408967117,m_cl_clo_bhm_decl_37_t100_v0
1408989206,packed_mp_veh_livery_0_v146
1409008345,f_ha_cc_mkup_14_t7_v1
1409019200,vem_smod4_whlv164_t66_v0
1409047688,m_cl_clo_l2m_o_7_t3_v12
1409100818,vem_rwd_loride_13_t19_v0
1409156988,vem_insurance_dinghy5
1409240908,m_cl_clo_iem_u_2_3_t11_v1
1409250502,packed_mp_veh_livery_0_v194
1409269103,candc_hacker_dec_11_t0_v0
1409324223,vem_supermod_19_6_t60_v26
1409465477,packed_mp_veh_primary_colour_group_v47
1409488599,wp_wct_clip_fmj_t0_v21_n2
1409512933,packed_mp_veh_mod_idx_s_8_v234
1409527794,vem_yacht_flag_11_v0
1409534532,vem_supermod_8_15_t49_v10
1409553303,packed_mp_veh_livery_0_v303
1409577345,vem_colour_1_mct_classic_blaze_red_t24_v3
1409674833,packed_mp_veh_mod_idx_s_0_v244
1409698674,packed_mp_veh_mod_idx_1_v231
1409721828,packed_mp_veh_mod_idx_s_7_v107
1409759179,packed_mp_veh_mod_idx_3_v225
1409803072,vem_drft_19_t19_v0
1409873834,m_cl_f_fmm_9_7_t6_v0
1409948269,packed_mp_veh_mod_idx_s_14_v280
1409975966,f_cl_clo_h3f_u_3_0_t11_v1
1409999776,packed_lr_vehicle_colour_6_v265
1410094698,vem_offr_07_t19_v1
1410129492,vem_rwd_offr_08_t19_v0
1410131228,vem_supermod_9_12_t50_v28
1410135312,packed_mp_veh_mod_idx_s_8_v244
1410181438,vem_horn_lowrder1_t10_v39
1410290580,vem_smod_whlv131_t66_v0
1410293722,vem_armour_4_t1_v32
1410398204,packed_mp_veh_mod_idx_13_v375
1410540757,f_cl_clo_x6f_u_2_8_t11_v1
1410573450,packed_mp_veh_mod_idx_s_10_v220
1410592856,packed_mp_veh_mod_idx_13_v159
1410799573,m_ta_tat_bi_017_t0_v0_cesp
1410801975,packed_mp_veh_mod_idx_14_v21
1410858934,packed_mp_veh_colour_extra1_0_v245
1410865368,m_cl_clo_x6m_u_22_24_t11_v1
1410899857,vem_supermod_23_5_t64_v39
1410929752,wp_wm_tint5_t2_v86
1411016807,f_cl_clo_grf_u_17_10_t11_v1
1411064833,f_cl_outfit_clo_ief_o_5_t12_v0_cesp
1411075404,packed_mp_veh_mod_var_1_v88
1411109067,f_cl_clo_s1f_u_6_1_t11_v1
1411173388,m_cl_clo_ltsm_o_5_t8_v12
1411188263,m_ta_tat_h3_027_t0_v0
1411284890,m_cl_clo_x5m_u_16_9_t11_v1
1411381438,m_cl_clo_arm_o_23_t11_v12
1411403612,f_cl_clo_hstf_o_l_2_t3_v12
1411534712,vem_supermod_9_8_t50_v3
1411576428,packed_mp_veh_plate_id_v197
1411712658,f_cl_clo_x6f_f_12_12_t6_v1
1411809975,m_cl_clo_hstmb_22_7_t1_v1
1411844976,vem_cmod_col5_7_t29_v2
1411943626,packed_mp_veh_mod_idx_4_v391
1411988576,m_ta_tat_x2_000_t0_v0
1412058519,m_cl_clo_sum_decl_13_t11_v1
1412109164,f_cl_clo_h3f_b_9_21_t1_v1
1412141396,vem_supermod_23_1_t64_v25
1412169291,packed_mp_veh_mod_idx_s_15_v340
1412170055,f_ta_tat_h3_008_t0_v0
1412237024,vem_colour_2_mct_metallic_silver_t25_v0
1412257016,m_cl_clo_s1m_ph_0_22_t14_v1
1412257550,f_cl_clo_suf_decl_33_t100_v0
1412302695,vem_colour_extra_1_mct_metallic_bison_brown_t24_v0
1412331427,m_cl_clo_lxm_o_10_t3_v12
1412432014,wp_wct_c_tint_24_t2_v21_n2
1412487744,packed_mp_veh_mod_idx_s_19_v242
1412609743,m_cl_f_fmm_12_8_t6_v0
1412615261,vem_colour_2_mct_classic_cream_t25_v1
1412644672,vem_colour_2_mct_matte_lime_green_t25_v33
1412726904,packed_mp_veh_mod_idx_8_v20
1412784549,m_cl_outfit_clo_hstm_o_21_t12_v0
1412786555,packed_mp_veh_mod_idx_s_14_v138
1412836109,m_cl_clo_awm_decl_63_t100_v0
1412922407,packed_mp_veh_mod_idx_s_21_v285
1412936829,packed_mp_veh_mod_idx_s_12_v240
1412955498,m_cl_f_fmm_14_8_t6_v0
1412983886,vem_smod4_whlv191_t66_v1
1413006848,m_ta_tat_sb_037_t0_v0
1413092117,m_cl_clo_awm_b_10_0_t1_v1
1413227051,wp_wct_tint_16_t2_v1_n2
1413363237,dec_vw_aw_wv_33
1413566276,vem_truck_slot_10_mod_2_t0_v0
1413580634,vem_loride_11_t19_v3
1413609601,wp_wt_revolver_t0_v0
1413678026,m_cl_outfit_clo_trm_o_d3_t12_v0
1413715529,vem_skirt_6_t13_v38
1413726776,packed_mp_veh_mod_idx_0_v173
1413736383,packed_ng_vehicle_insurance_v53
1413773700,packed_mp_veh_livery2_0_v254
1413815432,m_ha_clo_s1m_h_1_0_t0_v0
1413847482,f_cl_clo_stf_u_3_1_t11_v1
1414164430,ve_rebel02_t0_v2
1414227797,vem_supermod_23_0_t64_v6
1414258101,packed_mp_veh_mod_idx_s_2_v103
1414315390,vem_supermod_20_12_t61_v3
1414368184,vem_cmod_col5_10_t29_v0
1414478477,m_cl_clo_scm_d_22_12_t10_v1
1414525870,packed_mp_veh_mod_idx_15_v112
1414583207,packed_mp_veh_mod_var_0_v261
1414631123,f_cl_clo_vwf_decl_26_t100_v0
1414645890,f_cl_clo_grf_decl_33_t100_v0
1414674366,service_earn_casino_award_high_roller_silver
1414969253,m_cl_outfit_clo_awm_o_d_9_t12_v0
1415009286,vem_colour_extra_1_mct_pearlescent_black_t24_v0
1415156794,vem_cmod_tyr_7_t18_v4
1415242900,packed_mp_veh_mod_idx_s_8_v373
1415281433,ve_elegy_t0_v26
1415533295,m_cl_clo_v2m_u_1_3_t11_v1
1415659171,vem_grill_0_t8_v29
1415680358,packed_mp_veh_mod_idx_s_9_v397
1415737473,packed_mp_veh_mod_idx_s_0_v411
1415781289,f_cl_clo_h2f_o_c_12_t8_v12
1415825706,vem_supermod_14_3_t55_v7
1415926006,dec_vw_aw_mt_19d
1415992736,m_cl_clo_bim_f_3_1_t6_v1
1416119246,vem_colour_extra_1_mct_metals_gold_p_t24_v2
1416121543,vem_supermod_9_16_t50_v3
1416131574,f_cl_clo_sbf_l_3_8_t4_v1
1416189075,f_cl_clo_x4f_u_10_10_t11_v1
1416263270,vem_chassis_2_t4_v37
1416273066,packed_mp_veh_mod_idx_s_8_v97
1416375576,m_cl_clo_arm_ph_0_8_t14_v1
1416599938,m_cl_clo_indm_d_15_t8_v2
1416699686,m_cl_clo_hp_u_3_5_t8_v1
1416738426,m_cl_clo_hp_l_1_3_t4_v1
1416835113,autoshop_wal_3_t0_v0
1416912021,vem_colour_1_mct_matte_light_grey_t24_v2
1416983485,m_cl_clo_s1m_f_1_2_t6_v1
1416988361,f_cl_clo_s1f_u_1_0_t11_v1
1417114952,packed_mp_veh_mod_idx_s_7_v28
1417118188,packed_mp_veh_mod_idx_s_23_v315
1417122705,packed_mp_veh_mod_idx_s_20_v281
1417124346,packed_lr_vehicle_colour_5_v301
1417203470,fcncl_style_9_t0_v0
1417504604,m_cl_clo_exm_ef_0_10_t6_v1
1417594202,m_cl_clo_grm_ph_3_4_t14_v1
1417691230,vem_supermod_7_12_t48_v27
1417754563,m_ha_cc_blush_22_t5_v0
1417760860,fchub_sta_4_t0_v1
1417769052,vem_rwd_suv_18_t19_v0
1417772632,packed_mp_veh_wheel_type_0_v15
1417853377,m_cl_u_fmm_14_8_t8_v2
1417853479,packed_mp_veh_mod_idx_s_6_v136
1417966376,packed_mp_veh_colour_extra1_0_v46
1418039756,m_ta_tat_h27_012_t0_v0
1418047341,packed_mp_veh_mod_idx_s_12_v276
1418331877,vem_smod_whlv54_t66_v3
1418370670,packed_mp_veh_mod_idx_23_v90
1418416459,f_cl_clo_stf_h_1015_t14_v1
1418462973,packed_mp_veh_mod_idx_4_v375
1418708212,m_cl_f_fmm_7_14_t6_v0
1418738725,f_cl_clo_s1f_o_1_t3_v12
1418759512,vem_colour_1_mct_matte_matte_for_t24_v33
1418765445,f_cl_clo_x6f_f_11_1_t6_v1
1418794085,packed_mp_veh_mod_idx_5_v332
1418824301,ve_bruiser_t0_v38
1418827709,f_cl_clo_h4f_ph_2_1_t14_v1
1418946983,m_cl_clo_h3m_u_5_1_t11_v1
1418978003,m_cl_clo_x6m_u_19_0_t11_v1
1419003598,f_cl_clo_h4f_decl_0_t100_v0
1419029934,packed_mp_veh_mod_idx_s_18_v15
1419077595,packed_mp_veh_mod_idx_18_v16
1419106700,packed_mp_veh_mod_idx_s_14_v165
1419158489,vem_supermod_42_8_t42_v7
1419240067,m_cl_clo_bhm_u_4_13_t11_v1
1419306294,packed_mp_veh_mod_idx_s_22_v257
1419345865,vem_smod4_whlv182_t66_v0
1419390723,m_cl_clo_fxm_ph_1_9_t14_v1
1419469002,f_cl_clo_grf_u_15_6_t11_v1
1419491257,f_cl_clo_grf_u_6_10_t11_v1
1419533937,vem_colour_2_mct_classic_umber_brown_t25_v0
1419549969,wp_gsa_type_r_t0_v70_n2
1419630686,f_cl_clo_x6f_ey_3_11_t14_v1
1419807095,vem_rwd_spt_08_t19_v1
1419944303,packed_ng_vehicle_insurance_v367
1420023717,m_cl_clo_x6m_t_8_2_t7_v1
1420043771,packed_mp_veh_primary_colour_group_v261
1420110194,f_cl_clo_s1f_ph_0_3_t14_v1
1420137125,vem_supermod_62_17_t62_v7
1420275522,vem_supermod_10_17_t51_v11
1420283507,f_cl_outfit_clo_h2f_o_s_19_t12_v0
1420290968,packed_mp_veh_mod_idx_18_v232
1420306705,f_ta_tat_x6_002_t0_v0
1420326138,vem_supermod_12_9_t53_v28
1420359437,vem_supermod_14_0_t55_v33
1420360009,packed_mp_veh_mod_idx_5_v82
1420363749,vem_cmod_pla_4_t23_v10
1420378769,ve_primo_t0_v0
1420413923,vem_cmod_whe_0_t19_v12
1420548763,vem_colour_extra_1_mct_metallic_midnight_blue_t24_v2
1420583487,ve_tractor_t1_v0
1420647367,m_ta_tat_h4_015_t0_v0
1420679201,m_cl_clo_lxm_dec_16_t100_v0
1420818468,packed_mp_veh_mod_idx_7_v231
1420824008,packed_mp_veh_mod_idx_12_v228
1420885981,m_cl_clo_s2m_u_1_10_t11_v1
1420932851,vem_loride_02_t19_v0
1420937587,f_cl_clo_lxf_u_0_1_t11_v1
1420943916,hangar_mod_lighting_10_t0_v1
1421104827,vem_hlight_8_t11_v38
1421118383,vem_colour_extra_1_mct_classic_grace_red_t24_v0
1421119597,vem_colour_1_mct_metallic_lava_red_t24_v2
1421160981,packed_mp_veh_mod_idx_6_v400
1421161615,packed_mp_veh_mod_idx_s_10_v196
1421194881,packed_mp_veh_mod_idx_s_7_v209
1421314013,m_cl_clo_s1m_l_1_0_t4_v1
1421317586,m_cl_clo_bhm_u_11_9_t11_v1
1421343398,f_cl_clo_vef_dec_44_t100_v0
1421387920,f_cl_clo_smf_b_3_6_t1_v1
1421470840,m_cl_u_fmm_1_7_t8_v0
1421471468,m_cl_outfit_clo_h3m_o_dh_33_t12_v0
1421632569,vem_engine_1_t5_v7
1421724325,packed_mp_veh_mod_idx_3_v129
1421888027,packed_mp_veh_mod_idx_s_13_v277
1421939708,fcarcade_c_up3_c_17
1422745787,m_cl_f_fmm_15_7_t6_v0
1422765550,f_cl_clo_awf_o_c_8_t8_v12
1422781925,m_cl_clo_grm_u_13_14_t11_v1
1422782875,f_cl_clo_busf_u_0_0_t11_v1
1422861927,m_cl_clo_s2m_u_0_4_t11_v1
1422944951,packed_mp_veh_mod_idx_13_v366
1423034960,m_cl_clo_vwm_u_21_1_t11_v1
1423119668,packed_mp_veh_mod_idx_s_15_v0
1423131544,f_cl_clo_vwf_u_13_0_t11_v1
1423161032,packed_mp_veh_mod_idx_s_16_v245
1423173427,packed_mp_veh_mod_idx_s_4_v258
1423234865,packed_mp_veh_mod_idx_3_v308
1423251640,packed_mp_veh_secondary_colour_group_v305
1423290145,packed_mp_veh_mod_idx_9_v252
1423313374,pr_pm_modshop_16_t89_v0
1423367386,vem_smod4_whlv158_t66_v0
1423441461,packed_mp_veh_mod_idx_12_v27
1423564734,dec_vw_aw_mt_4
1423754647,vem_cmod_tyr_6_t18_v5
1423772650,packed_mp_veh_secondary_colour_group_v28
1423792747,packed_mp_veh_mod_idx_s_21_v350
1423797222,f_cl_clo_s1f_o_6_t100_v0
1423840669,f_cl_u_fmf_9_10_t11_v0
1424086904,packed_mp_veh_mod_idx_s_14_v408
1424169947,packed_mp_veh_mod_idx_s_10_v94
1424411152,m_cl_clo_exm_ob_9_t3_v12
1424424182,wp_wct_tint_27_t2_v70_n2
1424425325,packed_mp_veh_livery2_0_v76
1424544011,vem_smod2_whlv153_t66_v3
1424578283,packed_mp_veh_mod_var_1_v335
1424587872,f_ta_tat_st_026_t0_v0
1424853193,f_cl_clo_x3f_u_1_2_t11_v1
1424866390,kosatk_fla_26_t0_v0
1424939703,m_cl_o_fmm_b2_t8_v12
1424956001,packed_mp_veh_mod_idx_24_v350
1425013799,packed_mp_veh_mod_idx_10_v159
1425021591,vem_bumper_r_17_t35_v38
1425065408,vem_supermod_22_11_t63_v3
1425106570,m_cl_clo_awm_f_0_16_t6_v1
1425131441,m_cl_clo_awm_decl_21_t100_v0
1425160925,packed_mp_veh_mod_idx_s_10_v169
1425202309,packed_mp_veh_mod_idx_s_0_v126
1425242609,vem_colour_extra_1_mct_metallic_petrol_green_t24_v4
1425254380,m_cl_clo_fxm_pe_5_6_t14_v1
1425269311,packed_mp_veh_mod_idx_0_v80
1425334464,f_cl_clo_scf_d_27_9_t10_v1
1425398448,f_cl_clo_bbf_p1_5_t14_v1
1425444901,m_cl_clo_h2m_b_8_12_t1_v1
1425484225,packed_mp_veh_mod_idx_2_v118
1425536858,vem_cmod_pla_0_t23_v11
1425544512,f_cl_clo_assf_o_0_t3_v12
1425633725,kosatk_snr_1_t0_v0
1425650068,f_cl_clo_smf_ph_1_15_t14_v1
1425841134,f_ta_tat_x6_027_t0_v0
1425876100,f_cl_clo_x6f_ph_1_21_t14_v1
1425897792,m_cl_clo_h4m_ph_2_5_t14_v1
1426013372,packed_mp_veh_mod_idx_s_23_v277
1426066332,packed_mp_veh_mod_idx_s_4_v7
1426106998,f_cl_clo_grf_b_1_19_t1_v1
1426109909,vem_colour_1_mct_classic_candy_red_t24_v3
1426142991,f_cl_clo_scf_o_4_t3_v12
1426265324,m_cl_clo_vwm_decl_39_t100_v0
1426307435,m_cl_clo_scm_d_3_0_t10_v1
1426329217,f_cl_clo_s1f_dec_23_t11_v1
1426476212,packed_mp_veh_mod_idx_18_v74
1426539467,packed_mp_veh_mod_var_1_v340
1426565424,fcclub_garg_3_t2_v0
1426772825,vem_grill_4_t8_v3
1426858564,vem_smod3_whlv62_t66_v3
1426864118,packed_lr_vehicle_colour_6_v199
1426990928,f_cl_clo_sbf_u_17_0_t11_v1
1427054768,m_cl_clo_val_decl_i_t11_v1
1427074707,dec_vw_aw_wh_16
1427098254,vem_cmod_win_3_t33_v1
1427133133,packed_mp_veh_mod_idx_14_v91
1427151520,packed_mp_veh_mod_idx_s_11_v266
1427217770,f_cl_clo_busf_u_0_10_t11_v1
1427218897,m_cl_sp_fmm_10_11_t8_v0
1427418549,packed_mp_veh_window_tint_0_v166
1427446839,m_cl_clo_scm_ey_4_5_t14_v1
1427502373,m_cl_clo_grm_u_6_13_t11_v1
1427512016,vem_livery_4_t26_v3
1427515378,ve_rocoto_t0_v2
1427689279,vem_insurance_tropic
1427741547,f_cl_clo_s1f_e_0_0_t14_v1
1427766414,vem_smod5_whlv141_t66_v3
1427796142,f_cl_clo_scf_u_4_4_t11_v1
1427803678,f_cl_clo_x6f_u_24_11_t11_v1
1427832004,pr_pm_name_0_t0_v0
1427839883,f_cl_clo_hstf_g_6_0_t3_v1
1427977976,vem_smod_whl31_t19_v3
1427998483,vem_bumper_f_22_t34_v3
1428024546,f_cl_clo_ief_u_6_9_t11_v1
1428135642,packed_mp_veh_mod_idx_2_v240
1428144089,m_cl_clo_iem_u_5_2_t11_v1
1428146553,m_cl_clo_h3m_u_3_8_t11_v1
1428237875,vem_colour_extra_1_mct_metallic_bronze_t24_v4
1428315070,packed_mp_veh_livery2_0_v350
1428324191,wp_wm_tint3_t2_v11
1428373158,packed_mp_veh_plate_id_v94
1428440407,m_cl_clo_fxm_ph_6_4_t14_v1
1428501742,service_earn_casino_award_top_pair
1428698636,f_cl_clo_awf_b_8_0_t1_v1
1428753009,vem_supermod_21_0_t62_v34
1428840837,vem_smod_whlv70_t66_v3
1429115504,wp_wct_tint_26_t2_v46_n2
1429154078,wp_wct_c_tint_7_t2_v22_n2
1429331265,packed_mp_veh_mod_idx_s_2_v121
1429407924,packed_mp_veh_secondary_colour_group_v290
1429455592,packed_mp_veh_mod_var_1_v358
1429543528,vem_cmod_tyr_6_t18_v33
1429577171,m_cl_clo_iem_o_5_t3_v12_cesp
1429585133,f_cl_clo_hstf_s_6_15_t8_v1
1429696910,f_cl_clo_trf_u_11_1_t11_v1
1429727205,packed_mp_int_armory_aircraft_gun_turret_v0
1429812119,packed_mp_veh_wheel_type_0_v271
1429993380,vem_supermod_3_36_t44_v11
1430020518,f_cl_clo_h3f_s_1_2_t8_v1
1430037879,f_cl_outfit_clo_h2f_o_c_9_t12_v0
1430106995,packed_mp_veh_window_tint_0_v136
1430149116,vem_supermod_15_0_t56_v26
1430171179,m_cl_clo_exm_au_19_0_t11_v1
1430243244,m_ta_tat_bus_008_t0_v0
1430294684,wp_wct_scope_nv_t1_v21_n2
1430298793,packed_mp_veh_mod_idx_9_v26
1430303373,packed_mp_veh_mod_idx_s_4_v97
1430331284,f_cl_clo_h2f_b_9_4_t1_v1
1430352858,m_cl_clo_sbm_f_3_12_t6_v1
1430363423,vem_smod4_whlv21_t66_v1
1430398030,packed_mp_veh_mod_idx_s_15_v248
1430649426,m_cl_g_fmm_4_1_t14_v0
1430652109,mp_stat_mpsv_model_174
1430695759,m_cl_clo_iem_u_4_9_t11_v1
1430764484,packed_ng_vehicle_insurance_v5
1430780523,packed_mp_veh_mod_idx_s_1_v242
1430832266,wp_wct_tint_5_t2_v13_n2
1430859811,packed_mp_veh_mod_idx_24_v121
1430871696,fcarcade_b_up3_c_15
1431214025,f_cl_clo_lxf_e_5_0_t14_v1
1431261038,vem_spoiler_11_t14_v38
1431277579,packed_mp_veh_window_tint_0_v190
1431303428,m_cl_clo_sum_l_1_13_t4_v1
1431336193,vem_colour_2_mct_metallic_torino_red_t25_v2
1431342634,packed_mp_veh_mod_idx_s_7_v67
1431360962,f_cl_clo_bus_p_0_0_t14_v1
1431389375,f_cl_clo_smf_b_1_11_t1_v1
1431442798,packed_mp_veh_secondary_colour_group_v351
1431527437,vem_smod4_whlv109_t66_v3
1431538446,vem_drft_19_t19_v12
1431682799,packed_mp_veh_secondary_colour_group_v62
1431731986,vem_supermod_2_5_t43_v28
1431779898,vem_supermod_48_19_t48_v7
1431813554,f_ta_tat_h27_019_t0_v0
1431847318,mp_stat_mpsv_model_256
1431860153,f_cl_clo_smf_f_0_4_t6_v1
1432001481,vem_cmod_neoncol_255_t21_v11
1432047874,m_cl_clo_awm_o_b_6_t3_v12
1432074558,packed_lr_vehicle_colour_5_v391
1432110995,m_cl_outfit_clo_smm_o_4_t12_v0
1432158950,f_cl_u_fmf_9_14_t11_v0
1432189093,vem_smod5_whlv12_t66_v0
1432245648,packed_mp_veh_colour2_0_v46
1432373000,f_cl_clo_ief_u_4_15_t11_v1
1432381578,f_cl_clo_grf_l_3_14_t4_v1
1432383404,m_cl_clo_bim_decl_5_t100_v0
1432487894,f_cl_u_fmf_0_7_t8_v0
1432572407,m_cl_clo_scm_l_10_15_t4_v1
1432630453,f_cl_clo_fxf_l_0_3_t4_v1
1432757064,m_cl_clo_h4m_u_7_1_t11_v1
1432862096,vem_colour_2_mct_classic_cabernet_red_t25_v4
1433014251,kosatk_wor_1_t0_v0
1433050241,packed_mp_veh_mod_idx_8_v199
1433057168,dec_vw_aw_mt_25c
1433106112,f_cl_clo_trf_u_18_2_t11_v1
1433258071,packed_mp_veh_mod_idx_s_14_v384
1433448272,f_cl_clo_grf_ph_5_15_t14_v1
1433529942,vem_bumper_f_20_t34_v3
1433752936,packed_ng_vehicle_smoke_v250
1433754315,packed_mp_veh_mod_idx_12_v192
1433757362,m_cl_clo_iem_u_4_7_t11_v1
1433763083,m_cl_clo_sbm_b_10_20_t1_v1
1433803465,packed_mp_veh_mod_idx_23_v69
1433834321,packed_mp_veh_mod_idx_2_v72
1433943411,dec_vw_aw_ss_13a
1433984161,packed_mp_veh_colour2_0_v62
1433999899,f_cl_clo_x6f_f_6_13_t6_v1
1434005986,packed_mp_veh_colour_extra2_0_v93
1434021648,packed_mp_veh_mod_idx_s_0_v267
1434127803,wp_wm_tint6_t2_v55
1434150905,packed_ng_vehicle_insurance_v414
1434218568,m_cl_clo_vwm_b_2_0_t1_v1
1434246358,m_cl_clo_smm_ph_8_7_t14_v1
1434404232,wp_wct_c_tint_14_t2_v8_n2
1434435512,mp_stat_mpsv_model_44
1434463208,packed_mp_veh_mod_idx_4_v144
1434526472,packed_mp_veh_mod_idx_11_v110
1434566752,f_cl_clo_stf_o_2_t3_v12_cesp
1434572569,vem_rwd_hiend_17_t19_v12
1434595533,f_cl_clo_suf_l_5_12_t4_v1
1434603301,vem_colour_extra_1_mct_pearlescent_midnight_silver_t24_v3
1434666324,m_cl_clo_h4m_prw_0_2_t14_v1
1434730898,f_ta_tat_bi_005_t0_v0
1434863532,packed_mp_veh_mod_idx_14_v225
1434878703,vem_supermod_8_11_t49_v6
1434946077,packed_mp_veh_mod_idx_4_v410
1434958801,m_cl_clo_hstmb_23_8_t1_v1
1434964205,packed_mp_veh_plate_id_v132
1435165031,f_cl_clo_suf_u_22_1_t11_v1
1435169033,packed_mp_veh_mod_idx_s_19_v99
1435216235,vem_colour_2_mct_classic_black_steel_t25_v33
1435329897,vem_colour_extra_1_mct_metallic_wine_red_t24_v4
1435471678,packed_mp_veh_mod_idx_s_3_v41
1435491711,wp_wm_tint4_t2_v47
1435521138,f_cl_clo_grf_b_3_18_t1_v1
1435694640,m_ta_tat_fm_211_t0_v0
1435696816,f_cl_clo_exf_ob_6_t8_v12
1435732742,m_cl_clo_awm_u_1_18_t11_v1
1435780183,vem_cmod_hrn_0_t10_v30
1435832743,f_cl_clo_ief_u_16_4_t11_v1_cesp
1435847077,cf_mission_passed_clb_v1
1435877291,m_cl_clo_scm_u_1_0_t11_v1
1435885809,f_cl_clo_grf_u_15_17_t11_v1
1435964000,vem_cmod_tyr_5_t18_v33
1436094436,vem_bikew_35_t19_v3
1436138872,m_cl_clo_h4m_t_6_1_t7_v1
1436209611,vem_supermod_42_11_t42_v7
1436301541,packed_ng_vehicle_bpt_v390
1436393793,packed_mp_veh_mod_idx_s_2_v175
1436403219,packed_mp_veh_mod_idx_0_v17
1436416130,packed_mp_veh_mod_idx_11_v168
1436446892,vem_insurance_impaler3
1436449009,packed_mp_veh_mod_idx_18_v296
1436495682,packed_mp_veh_livery_0_v31
1436683162,packed_mp_veh_mod_idx_s_13_v203
1436745598,packed_mp_veh_mod_idx_22_v286
1436768924,packed_mp_veh_mod_idx_1_v208
1436799119,packed_mp_veh_secondary_colour_group_v136
1436801875,m_cl_clo_trm_u_7_3_t11_v1
1436816441,f_cl_clo_valf_u_1_1_t11_v1
1436824812,packed_mp_veh_mod_idx_s_16_v66
1436843879,packed_mp_veh_colour_extra1_0_v250
1436932295,vem_supermod_2_4_t43_v3
1437079857,packed_mp_veh_mod_idx_23_v42
1437154254,packed_mp_veh_mod_idx_s_18_v127
1437226270,f_cl_clo_vwf_u_6_16_t11_v1
1437338620,packed_mp_veh_mod_idx_s_13_v340
1437398997,packed_mp_veh_colour1_0_v33
1437482945,f_cl_clo_ief_l_0_3_t4_v1
1437493490,f_cl_clo_x6f_l_1_12_t4_v1
1437521745,packed_mp_veh_mod_var_1_v190
1437573714,vem_horn_hips2_t10_v28
1437588818,f_cl_clo_awf_o_b_11_t3_v12
1437632368,packed_mp_veh_mod_idx_16_v78
1437640237,packed_mp_veh_mod_idx_9_v221
1437690198,f_cl_clo_sbf_l_3_20_t4_v1
1437695090,packed_mp_veh_mod_idx_5_v98
1437714140,vem_rwd_spt_25_t19_v12
1437785135,packed_mp_veh_livery2_0_v366
1437835923,mp_stat_ie_wh_owned_vehicle_38_v0
1437878903,f_cl_clo_half_0_0_t1_v1
1437887168,m_cl_clo_awm_ph_1_4_t14_v1
1437895929,f_cl_clo_grf_ph_5_16_t14_v1
1437992550,packed_mp_veh_mod_idx_2_v396
1438004999,packed_ng_vehicle_smoke_v398
1438032373,packed_mp_veh_mod_idx_s_9_v232
1438068795,vem_rwd_spt_12_t19_v1
1438104197,f_cl_l_fmf_15_0_t4_v0
1438148369,m_cl_clo_stm_u_6_10_t11_v1
1438228857,packed_ng_vehicle_neon_v353
1438290751,packed_mp_veh_mod_idx_s_21_v163
1438308757,m_cl_clo_iem_u_5_16_t11_v1
1438334331,vem_skirt_7_t13_v38
1438341546,vem_colour_extra_1_mct_pearlescent_dark_blue_t24_v1
1438373827,m_cl_clo_fxm_ph_7_0_t14_v1
1438607910,packed_mp_veh_mod_idx_s_4_v269
1438618375,packed_mp_veh_mod_idx_s_5_v79
1438635642,f_cl_clo_bbf_u_3_11_t8_v1
1438645779,m_cl_clo_h3m_o_jan_5_t4_v12
1438660162,packed_mp_veh_colour_extra1_0_v306
1438663452,m_cl_clo_h2m_b_3_15_t1_v1
1438684660,packed_mp_veh_mod_idx_2_v271
1438742656,f_cl_outfit_clo_h2f_o_s_14_t12_v0
1438768712,m_cl_clo_smm_b_5_21_t1_v1
1438917753,vem_supermod_10_0_t51_v26
1439036424,packed_mp_veh_mod_idx_22_v400
1439095438,packed_mp_veh_livery2_0_v124
1439119668,packed_mp_veh_mod_idx_1_v14
1439121026,packed_mp_veh_mod_idx_s_2_v338
1439189534,mp_stat_mpsv_model_269
1439325307,wp_wt_pist2_t0_v0_n2
1439356636,packed_mp_veh_mod_idx_s_19_v224
1439374717,packed_mp_veh_mod_idx_24_v388
1439380639,vem_bumper_r_11_t35_v6
1439498582,f_ha_cc_f_hs_20_t0_v2
1439499736,m_cl_clo_x6m_t_2_8_t7_v1
1439586163,m_cl_clo_grm_b_3_6_t1_v1
1439630090,f_cl_clo_awf_ph_2_17_t14_v1
1439772645,ve_club_t0_v3
1439792586,f_cl_clo_h3f_o_jan_6_t11_v12
1439843988,dec_vw_aw_mt_14b
1439854617,dec_vw_aw_wh_18
1439867025,m_cl_clo_bhm_u_10_11_t11_v1
1439883629,vem_insurance_innovation
1439902344,vem_colour_1_mct_metallic_formula_red_t24_v2
1439952927,packed_mp_veh_colour_extra1_0_v54
1440036594,packed_mp_veh_mod_idx_1_v2
1440165006,candc_hacker_drn_1_t0_v0
1440246771,packed_mp_veh_mod_idx_15_v364
1440319234,m_cl_clo_x6m_ph_8_17_t14_v1
1440336026,m_ha_cc_eyebrw_21_t2_v0
1440358321,f_cl_ht_fmf_7_1_t14_v0
1440462954,vem_rwd_drft_18_t19_v12
1440503897,m_cl_clo_scm_ph_6_1_t14_v1
1440519908,m_cl_clo_bhm_b_0_12_t1_v1
1440527232,packed_lr_vehicle_colour_5_v334
1440562347,packed_ng_vehicle_bpt_v55
1440585765,wp_wct_c_tint_7_t2_v56_n2
1440604377,packed_mp_veh_mod_idx_s_2_v104
1440631821,packed_mp_veh_mod_idx_s_23_v148
1440661696,packed_mp_veh_mod_idx_s_20_v332
1440788457,m_cl_clo_scm_f_0_1_t6_v1
1440793575,m_ha_cc_m_hs_7_t0_v0
1440830245,m_cl_outfit_clo_awm_o_b_10_t12_v0
1440839215,vem_colour_2_mct_metallic_torino_red_t25_v0
1440864929,m_cl_f_fmm_9_15_t6_v0
1440868649,m_cl_clo_grm_f_0_19_t6_v1
1440924196,m_cl_clo_hstmb_22_0_t1_v1
1440942310,m_cl_f_fmm_4_0_t6_v0
1440991619,packed_mp_veh_mod_idx_24_v28
1441034411,m_ta_tat_bb_025_t0_v0
1441043314,wp_wm_tint6_t2_v12
1441053728,f_ta_tat_st_044_t0_v0
1441083011,f_cl_clo_bif_u_10_4_t11_v1
1441250213,packed_mp_veh_mod_idx_s_6_v145
1441299434,m_cl_outfit_clo_arm_o_29_t12_v0
1441337692,f_ha_cc_f_hs_23_t0_v0
1441340099,packed_mp_veh_mod_var_1_v256
1441430154,vem_exhaust_11_t6_v1
1441579110,m_cl_clo_fxm_ph_4_11_t14_v1
1441635901,f_cl_clo_awf_l_1_3_t4_v1
1441666900,packed_mp_veh_mod_idx_12_v287
1441683620,packed_mp_veh_secondary_colour_group_v121
1441760912,m_cl_clo_exm_el_0_0_t4_v1
1441786222,ve_coquette2_t1_v1
1441788804,vem_supermod_10_4_t51_v28
1441812675,vem_supermod_4_14_t45_v27
1441824937,f_cl_clo_awf_o_h_4_t8_v12
1441863596,vem_horn_hips4_t10_v37
1442041719,packed_mp_veh_mod_idx_s_19_v161
1442080202,vem_colour_1_mct_classic_midnight_silver_t24_v3
1442082673,vem_supermod_6_0_t47_v11
1442251746,vem_colour_2_mct_metallic_sea_green_t25_v3
1442257591,packed_mp_veh_mod_idx_23_v33
1442393271,packed_mp_veh_mod_idx_3_v294
1442405461,f_cl_clo_grf_b_1_5_t1_v1
1442410934,m_cl_clo_vwm_u_6_14_t11_v1
1442570941,packed_mp_veh_mod_idx_s_6_v128
1442694171,f_cl_clo_ief_l_5_3_t4_v1
1442726685,vem_supermod_23_14_n1_t64_v33
1442899815,vem_colour_2_mct_metallic_dark_green_t25_v2
1442906669,f_cl_clo_x6f_o_o_22_t3_v12
1443077696,packed_mp_veh_mod_idx_23_v81
1443111656,f_cl_clo_stf_ht1514_t14_v1
1443150075,packed_mp_veh_colour2_0_v386
1443184806,f_cl_clo_awf_f_7_4_t6_v1
1443302509,vem_smod4_whlv54_t66_v3
1443312665,f_cl_clo_scf_u_4_15_t11_v1
1443336318,f_cl_clo_arf_o_21_t11_v12
1443459783,vem_smod5_whlv193_t66_v3
1443480882,packed_ng_vehicle_smoke_v352
1443637778,m_ha_cc_body_1_7_t3_v1
1443723278,kosatk_fla_12_t0_v0
1443834660,packed_mp_veh_mod_idx_s_15_v218
1443843091,vem_aam_interior_5_t0_v0
1443850481,packed_mp_veh_mod_idx_s_5_v266
1443853420,f_cl_clo_grf_u_0_4_t11_v1
1443955065,packed_mp_veh_livery2_0_v92
1443990445,m_cl_clo_bhm_u_7_2_t11_v1
1444030349,packed_ng_vehicle_neon_kit_v59
1444063330,service_earn_impulse
1444089679,packed_mp_veh_mod_idx_6_v60
1444103628,vem_colour_1_mct_metallic_nautical_blue_t24_v0
1444207021,ve_volatol_t0_v33
1444399073,vem_cmod_exp_1_t20_v32
1444463246,packed_mp_veh_mod_var_1_v375
1444563903,packed_mp_veh_colour2_0_v258
1444596638,hangar_mod_colour_4_t0_v0
1444629480,m_cl_outfit_clo_h4m_o_s1_m1_t12_v0
1444645569,f_cl_outfit_clo_awf_o_h_9_t12_v0
1444655238,packed_mp_veh_mod_idx_s_2_v84
1444667481,packed_mp_veh_mod_idx_1_v128
1444702110,m_cl_u_fmm_0_3_t8_v1
1444739097,m_cl_clo_awm_u_1_8_t11_v1
1444747008,f_cl_clo_sbf_f_2_6_t6_v1
1444752171,vem_colour_extra_1_mct_metallic_grace_red_t24_v0
1445056780,f_cl_clo_bif_pe_1_7_t14_v1
1445069747,packed_mp_veh_mod_idx_12_v398
1445072845,wp_wct_muzz9_t1_v21_n2
1445082262,vem_colour_extra_1_mct_metallic_spin_purple_t24_v2
1445136298,packed_lr_vehicle_colour_6_v372
1445145004,m_cl_clo_h2m_b_4_16_t1_v1
1445275373,wp_wct_c_tint_23_t2_v46_n2
1445304610,f_cl_clo_suf_l_5_6_t4_v1
1445316592,vem_grill_0_t8_v36
1445349200,f_cl_clo_exf_au_11_2_t11_v1
1445364130,packed_mp_veh_wheel_type_0_v12
1445403508,packed_mp_veh_mod_idx_s_17_v410
1445409671,packed_mp_veh_mod_idx_s_10_v40
1445566614,packed_mp_veh_mod_idx_s_9_v364
1445689040,m_cl_clo_exm_g_12_10_t14_v0
1445832698,m_cl_clo_bhm_u_5_14_t11_v1
1445876889,packed_mp_veh_livery_0_v90
1445910637,f_cl_clo_grf_ph_2_8_t14_v1
1445946368,packed_mp_veh_mod_idx_6_v264
1446054093,f_cl_clo_hp_f_h_1_3_t14_v0
1446141826,m_cl_clo_bus_m_o_6_t3_v12
1446162486,vem_supermod_20_20_t61_v3
1446172676,vem_colour_1_mct_classic_bronze_t24_v0
1446337815,vem_insurance_formula2
1446357081,vem_rwd_suv_01_t19_v2
1446622551,vem_colour_1_mct_metallic_saxon_blue_t24_v33
1446622983,vem_cmod_hrn_mus4_t10_v4
1446680373,wp_wct_tint_21_t2_v47_n2
1446742599,packed_mp_veh_mod_idx_s_0_v70
1446849278,vem_brake_2_t2_v5
1446892713,m_cl_u_fmm_1_1_t8_v0
1446964852,vem_horn_clas5_t10_v32
1446981102,dec_vw_aw_wv_11f
1446982557,f_cl_clo_ltsf_o_11_t3_v12
1446994507,vem_spt_19_t19_v2
1447029111,packed_ng_vehicle_insurance_v73
1447045128,ve_tropic_t1_v0
1447088732,packed_mp_veh_mod_idx_s_3_v2
1447090406,vem_bumper_r_18_t35_v27
1447113458,packed_mp_veh_mod_idx_4_v224
1447176134,vem_bumper_f_6_t34_v28
1447255942,packed_mp_veh_mod_idx_0_v27
1447287625,f_cl_clo_s2f_d_21_t100_v0
1447371447,f_cl_clo_suf_decl_16_t11_v1
1447386628,vem_smod_whlv46_t66_v0
1447434707,m_cl_clo_exm_al_6_2_t4_v1
1447502304,vem_exhaust_6_t6_v3
1447524749,packed_mp_veh_mod_idx_s_8_v240
1447553715,packed_ng_vehicle_insurance_v47
1447558775,pr_pm_bfcolour_0_t1_v0
1447562091,packed_ng_vehicle_bpt_v150
1447587808,packed_mp_veh_mod_idx_24_v69
1447687586,vem_musc_04_t19_v2
1447767822,vem_skirt_1_t13_v7
1447775240,m_cl_clo_trm_u_9_3_t11_v1
1447792480,m_cl_outfit_clo_trm_o_r3_t12_v0
1447915104,packed_mp_veh_mod_idx_s_16_v150
1447959486,m_cl_outfit_clo_lxm_o_1_t12_v0
1447984787,packed_mp_veh_mod_idx_16_v386
1447990103,packed_ng_vehicle_neon_v336
1447992756,packed_mp_veh_mod_idx_s_1_v414
1448009724,packed_mp_veh_mod_idx_14_v303
1448018733,f_cl_clo_s2f_d_15_t100_v0
1448027116,f_cl_clo_l2f_o_7_t3_v12
1448030108,f_cl_clo_awf_f_7_1_t6_v1
1448057836,packed_mp_veh_mod_var_1_v234
1448121028,vem_rwd_bikew_27_t19_v4
1448129804,f_cl_clo_bhf_u_6_3_t11_v1
1448149116,m_cl_clo_h4m_u_3_24_t11_v1
1448161212,packed_mp_veh_mod_idx_9_v317
1448244376,wp_wm_tint4_t2_v74
1448350516,m_cl_clo_vwm_s_6_10_t8_v1
1448381628,f_cl_clo_x6f_ey_3_3_t14_v1
1448420267,packed_mp_veh_mod_idx_s_1_v167
1448444800,packed_mp_veh_mod_idx_s_7_v346
1448458777,packed_mp_veh_mod_idx_s_12_v252
1448539768,f_cl_clo_lxf_lw_0_1_t14_v1
1448561950,packed_mp_veh_secondary_colour_group_v185
1448728110,vem_rwd_bikew_12_t19_v3
1448733414,packed_mp_veh_mod_idx_s_5_v257
1448754773,packed_mp_veh_colour_extra2_0_v309
1448757960,packed_mp_veh_mod_idx_16_v281
1448861950,f_cl_clo_exf_af_4_2_t6_v1
1448900294,packed_mp_veh_mod_idx_s_7_v393
1448969731,packed_mp_veh_mod_idx_s_0_v39
1448980585,vem_smod5_whl_13_t19_v3
1448982358,m_cl_clo_x2m_l_0_2_t4_v1
1449029540,packed_mp_veh_mod_idx_s_14_v94
1449100862,m_cl_clo_indm_d_9_t8_v1
1449129219,packed_mp_veh_window_tint_0_v246
1449246258,packed_mp_veh_mod_idx_16_v185
1449288528,f_cl_outfit_clo_ltsf_o_11_t12_v0
1449411525,mp_stat_mpsv_model_23
1449549041,vem_bumper_r_18_t35_v38
1449563638,f_cl_clo_grf_u_22_7_t11_v1
1449585816,f_cl_clo_hstf_o_a_2_t8_v12
1449611438,f_cl_clo_ief_l_2_4_t4_v1
1449614128,packed_mp_veh_mod_idx_s_0_v343
1449668388,f_cl_clo_h2f_s_9_0_t8_v1
1449752176,packed_mp_veh_mod_idx_s_0_v212
1449772158,vem_colour_1_mct_metallic_dark_silver_t24_v4
1449830037,m_cl_clo_hst_a_1_t100_v0
1449892441,vem_colour_extra_1_mct_metallic_saddle_brown_t24_v3
1449978061,pm_weapon_discount_gun_van_0_7
1450005782,vem_insurance_clique
1450015412,m_cl_clo_fxm_l_0_19_t4_v1
1450036140,f_cl_clo_s2f_f_0_1_t6_v1
1450116927,f_cl_clo_grf_ph_2_2_t14_v1
1450139566,packed_mp_veh_colour2_0_v73
1450233414,packed_mp_veh_mod_idx_s_5_v180
1450307607,f_cl_clo_h4f_decl_28_t11_v1
1450358520,packed_mp_veh_mod_idx_13_v77
1450391295,packed_mp_veh_mod_idx_s_9_v196
1450395318,m_cl_clo_s2m_d_25_t11_v1
1450602454,vem_suv_04_t19_v1
1450603535,packed_mp_veh_mod_idx_18_v408
1450641685,m_cl_clo_x6m_ph_0_6_t14_v1
1450789385,packed_mp_veh_mod_idx_4_v59
1450892878,packed_mp_veh_mod_idx_s_14_v111
1450933013,m_cl_clo_fxm_l_0_20_t4_v1
1450967134,vem_offr_04_t19_v1
1451005570,vem_supermod_9_18_t50_v3
1451052690,f_cl_clo_awf_b_3_7_t1_v1
1451224807,packed_mp_veh_plate_id_v386
1451265838,f_cl_clo_grf_ph_2_25_t14_v1
1451299775,packed_mp_veh_livery_0_v1
1451344399,f_cl_clo_h4f_decl_3_t11_v1
1451438649,packed_mp_veh_mod_idx_13_v294
1451455172,packed_mp_veh_colour_extra2_0_v123
1451465537,packed_mp_veh_mod_idx_s_12_v213
1451594096,vem_colour_extra_1_mct_metallic_might_purple_t24_v4
1451618524,packed_mp_veh_mod_idx_22_v102
1451710648,vem_insurance_dune
1451911723,m_cl_clo_vwm_decl_36_t100_v0
1451962986,vem_colour_1_mct_classic_formula_red_t24_v3
1451970528,m_cl_clo_bhm_u_6_8_t11_v1
1451985560,m_cl_clo_stm_o_4_t11_v12
1452191338,packed_mp_veh_mod_idx_0_v112
1452218430,vem_rwd_bikew_18_t19_v4
1452440467,m_cl_clo_trm_u_7_4_t11_v1
1452554366,mp_stat_mpsv_model_233
1452660914,m_cl_clo_bim_decl_18_t11_v1
1452674572,f_cl_clo_s2f_o_4_t3_v12
1452702983,mp_stat_mpsv_model_332
1452800832,packed_mp_veh_mod_idx_22_v221
1452930033,m_cl_clo_vwm_pey_0_7_t14_v1
1452944463,f_cl_clo_awf_decl_71_t100_v0
1452966249,ve_broadway_t0_v3
1452968766,vem_insurance_faction2
1452983749,m_cl_clo_sbm_ph_5_6_t14_v1
1453018389,m_cl_clo_lxm_w_13_2_t14_v1
1453133904,m_ha_cc_blush_30_t5_v0
1453229991,packed_mp_veh_mod_idx_2_v104
1453276867,vem_skirt_16_t13_v38
1453282682,packed_mp_veh_secondary_colour_group_v176
1453426982,wp_wct_clip_fmj_t0_v13_n2
1453487722,packed_mp_veh_mod_idx_s_11_v322
1453552104,packed_mp_veh_colour_extra2_0_v110
1453616505,f_cl_clo_h2f_o_g_19_t8_v12
1453636735,vem_colour_extra_1_mct_matte_matte_for_t24_v0
1453644937,vem_bumper_r_12_t35_v26
1453666919,f_cl_clo_smf_ph_4_22_t14_v1
1453720761,vem_supermod_11_11_t52_v27
1453727845,packed_mp_veh_mod_idx_23_v72
1453765486,wp_wct_tint_10_t2_v48_n2
1453925184,vem_yacht_flag_22_v0
1454005484,packed_mp_veh_mod_idx_5_v325
1454206969,vem_cmod_neoncol_13_t21_v6
1454272955,packed_mp_veh_plate_id_v163
1454284138,f_cl_clo_indf_l_0_0_t4_v1
1454358012,m_cl_clo_sum_u_14_13_t11_v1
1454373543,packed_mp_veh_mod_idx_s_14_v67
1454379411,packed_mp_veh_mod_idx_s_20_v378
1454411512,m_ta_tat_x6_044_t0_v0
1454595904,packed_mp_veh_mod_idx_s_2_v116
1454597710,f_cl_clo_fxf_ph_2_3_t14_v1
1454677722,vem_colour_2_mct_metallic_bison_brown_t25_v3
1454720426,packed_ng_vehicle_insurance_v299
1454805903,packed_mp_veh_mod_idx_s_22_v141
1454813834,vem_horn_indi_1_t10_v10
1454905057,f_ta_tat_st_031_t0_v0
1454940748,m_cl_clo_bhm_u_4_18_t11_v1
1454942968,f_cl_clo_fxf_pe_2_1_t14_v1
1454960058,f_cl_l_fmf_1_6_t4_v0
1454986541,vem_colour_1_mct_classic_umber_brown_t24_v0
1455031136,packed_mp_veh_mod_idx_s_21_v266
1455031801,vem_insurance_cheetah
1455092984,vem_colour_2_mct_classic_sunrise_orange_t25_v4
1455144001,mp_stat_mpsv_model_205
1455192534,packed_ng_vehicle_neon_kit_v251
1455235001,vem_insurance_buffalo5
1455246067,f_cl_clo_x3f_b_3_0_t1_v1
1455272291,packed_mp_veh_mod_idx_9_v74
1455299073,packed_mp_veh_mod_var_1_v279
1455313874,m_cl_clo_hp_h_1_7_t14_v1
1455341595,m_cl_clo_hp_f_0_11_t6_v1
1455374901,f_cl_clo_x6f_f_5_3_t6_v1
1455424948,f_cl_clo_vwf_decl_18_t100_v0
1455570262,packed_mp_veh_window_tint_0_v43
1455616960,packed_mp_veh_mod_idx_15_v390
1455662840,f_cl_clo_bif_f_3_4_t6_v1
1455806911,m_cl_clo_sum_u_0_5_t11_v1
1455827432,vem_colour_1_mct_matte_white_t24_v3
1455829730,packed_mp_veh_mod_idx_s_17_v164
1455845611,packed_mp_veh_mod_idx_13_v345
1455906664,packed_mp_veh_mod_idx_1_v261
1455914342,packed_mp_veh_livery2_0_v47
1455933671,packed_mp_veh_colour1_0_v220
1455969588,f_cl_clo_stf_o_15_t3_v12_cesp
1455994762,packed_mp_veh_colour_extra2_0_v394
1456024808,vem_smod4_whlv139_t66_v0
1456180515,packed_mp_veh_mod_idx_22_v175
1456190423,packed_mp_veh_mod_idx_16_v232
1456289244,vem_supermod_23_18_t64_v34
1456349094,m_ha_clo_s2m_h_1_0_t0_v1
1456384066,packed_mp_veh_mod_idx_5_v104
1456387486,vem_armour_0_t1_v6
1456445925,f_cl_clo_h4f_u_2_0_t11_v1
1456457447,packed_mp_veh_colour1_0_v406
1456537303,packed_mp_veh_plate_id_v414
1456554494,packed_mp_veh_plate_id_v91
1456653624,f_cl_clo_x17f_b_6_1_t1_v1
1456708374,f_cl_clo_awf_o_b_5_t8_v12
1456746678,m_cl_clo_x3m_u_1_5_t11_v1
1456760713,m_cl_clo_fxm_pe_2_4_t14_v1
1456829652,casweb_helpd_1_t0_v0
1456836826,packed_mp_veh_mod_idx_4_v120
1456844417,f_cl_clo_smf_b_4_6_t1_v1
1456897983,m_ta_tat_l2_022_t0_v0
1457045410,packed_mp_veh_mod_idx_s_6_v265
1457091590,vem_cmod_neoncol_1_t21_v36
1457234152,m_cl_clo_awm_decl_29_t100_v0
1457383813,f_cl_clo_hp_f_f_0_4_t6_v1
1457411730,m_ta_tat_sb_021_t0_v0
1457432298,f_cl_clo_ief_u_2_1_t11_v1
1457444026,packed_mp_veh_mod_idx_s_2_v252
1457574291,packed_mp_veh_mod_idx_6_v239
1457590495,packed_mp_veh_mod_idx_6_v77
1457628952,packed_mp_veh_mod_idx_s_1_v185
1457631405,veu_monster3_t0_v0
1457656523,packed_mp_veh_livery_0_v268
1457835193,f_cl_clo_h4f_u_9_0_t11_v1
1457853634,m_cl_clo_vwm_u_10_22_t11_v1
1457876339,f_cl_clo_smf_b_6_9_t1_v1
1457901766,vem_supermod_10_1_t51_v11
1458030975,packed_mp_veh_mod_idx_s_0_v167
1458146718,vem_cmod_pla_4_t23_v27
1458154482,vem_suv_08_t19_v3
1458167155,m_cl_clo_apm_u_23_0_t11_v2
1458201690,dec_vw_aw_ls_1b
1458229599,f_cl_clo_awf_u_7_5_t11_v1
1458239779,m_cl_outfit_clo_hilf_o_15_t12_v0
1458249141,f_cl_clo_bhf_u_0_14_t11_v1
1458262702,packed_mp_veh_mod_idx_18_v91
1458318291,vem_cmod_hrn_0_t10_v3
1458332596,vem_supermod_51_14_t51_v7
1458519743,packed_mp_veh_mod_idx_s_1_v56
1458637842,vem_cmod_win_2_t33_v3
1458865481,packed_mp_veh_mod_idx_s_17_v41
1458881656,packed_mp_veh_mod_idx_s_3_v155
1458945387,vem_colour_2_mct_classic_sandy_brown_t25_v4
1459008156,packed_mp_veh_mod_idx_s_7_v120
1459070884,packed_mp_veh_mod_idx_s_6_v17
1459121038,arc_mac_monkey_t0_v0
1459252522,m_ha_face_e_c_12_t4_v0
1459267043,vem_colour_extra_1_mct_matte_matte_dirt_t24_v2
1459368021,packed_mp_veh_mod_idx_s_10_v118
1459401002,vem_colour_2_mct_classic_bison_brown_t25_v3
1459419702,f_cl_clo_grf_u_8_8_t11_v1
1459462990,vem_supermod_59_3_t59_v7
1459478226,f_cl_clo_awf_ph_2_0_t14_v1
1459700374,packed_mp_veh_primary_colour_group_v388
1459718057,packed_mp_veh_mod_idx_s_20_v58
1459742424,packed_ng_vehicle_smoke_v198
1459747839,packed_mp_veh_livery2_0_v280
1459835044,f_cl_clo_smf_b_7_18_t1_v1
1459840122,packed_mp_veh_mod_idx_0_v91
1459907401,vem_colour_1_mct_metallic_might_purple_t24_v1
1459907544,packed_mp_veh_mod_idx_6_v179
1459925328,packed_mp_veh_mod_idx_s_22_v172
1459952402,m_cl_clo_bim_l_2_2_t4_v1
1459977233,packed_mp_veh_mod_idx_s_18_v0
1460370159,vem_supermod_7_5_t48_v7
1460427497,m_ta_tat_bb_023_t0_v0
1460506779,vem_bumper_f_5_t34_v28
1460566120,wp_wm_tint4_t2_v97
1460634328,packed_mp_veh_mod_idx_12_v29
1460679202,packed_mp_veh_mod_idx_s_12_v46
1460733932,f_cl_clo_h2f_u_3_9_t11_v1
1460734915,f_cl_clo_hstf_s_8_9_t8_v1
1460740881,m_cl_clo_grm_u_15_6_t11_v1
1460762690,m_cl_clo_s2m_u_4_0_t11_v1
1460792809,f_cl_clo_x6f_u_3_13_t11_v1
1460913241,vem_colour_2_mct_metallic_racing_blue_t25_v2
1460930666,f_cl_clo_grf_u_19_3_t11_v1
1460931962,packed_mp_veh_mod_idx_16_v345
1460959093,packed_mp_veh_mod_idx_s_17_v238
1461132345,vem_fender_r_14_n1_t37_v27
1461152032,packed_mp_veh_mod_idx_1_v101
1461275962,f_cl_clo_bif_decl_16_t11_v1
1461291406,f_cl_clo_x6f_u_26_7_t11_v1
1461317469,f_cl_clo_awf_o_b_7_t3_v12
1461357676,m_cl_clo_awm_decl_75_t100_v0
1461396877,f_cl_clo_bhf_f_1_13_t6_v1
1461419677,vem_bumper_r_28_t35_v3
1461429398,m_cl_outfit_clo_hstm_o_f_0_t12_v0
1461491381,packed_mp_veh_mod_idx_2_v76
1461557909,vem_rwd_spt_15_t19_v3
1461603414,m_cl_clo_bim_u_20_5_t11_v1
1461616448,packed_mp_veh_mod_idx_5_v96
1461639695,m_ta_tat_gr_001_t0_v0
1461686058,vem_cmod_pla_4_t23_v30
1461736941,packed_ng_vehicle_neon_v94
1461803928,packed_mp_veh_mod_idx_18_v309
1461808894,m_cl_clo_arm_ph_0_20_t14_v1
1461822483,packed_lr_vehicle_colour_6_v320
1461858243,vem_cmod_neoncol_12_t21_v11
1461869035,vem_supermod_0_4_t41_v10
1461967628,m_cl_clo_iem_l_4_2_t4_v1
1461984540,f_cl_clo_exf_eu_101_t11_v1
1462035866,packed_ng_vehicle_bpt_v218
1462342431,packed_mp_veh_mod_idx_s_4_v395
1462343875,f_cl_clo_suf_decl_9_t100_v0
1462361676,packed_lr_vehicle_colour_5_v140
1462375506,vem_supermod_1_11_t42_v26
1462531006,packed_mp_veh_mod_idx_s_8_v351
1462550096,vem_loride_12_t19_v1
1462555639,m_cl_clo_trm_d_16_0_t10_v1
1462589377,packed_mp_veh_mod_var_0_v378
1462594934,wp_wct_tint_22_t2_v1_n2
1462636144,packed_ng_vehicle_bpt_v400
1462664404,packed_mp_veh_mod_idx_12_v318
1462668258,packed_mp_veh_mod_idx_8_v312
1462777160,packed_mp_veh_mod_var_1_v78
1462891406,m_cl_u_fmm_14_12_t8_v2
1462902485,vem_spt_04_t19_v3
1463145079,packed_mp_veh_mod_idx_s_19_v193
1463214979,packed_mp_veh_mod_idx_1_v130
1463308635,f_cl_f_fmf_3_1_t6_v0
1463361935,packed_mp_veh_mod_idx_23_v78
1463435627,packed_mp_veh_mod_idx_s_20_v310
1463467947,m_cl_clo_grm_ph_6_7_t14_v1
1463491990,m_ta_tat_h27_003_t0_v0
1463624865,packed_mp_veh_mod_idx_s_5_v401
1463733222,f_cl_clo_sbf_f_4_1_t6_v1
1463808093,vem_brake_0_t2_v2
1463844748,f_cl_clo_smf_ph_0_13_t14_v1
1463876646,packed_mp_veh_mod_idx_s_12_v405
1463915077,m_cl_clo_grm_l_4_9_t4_v1
1463949524,vem_supermod_17_8_t58_v3
1463968471,f_cl_clo_smf_b_8_7_t1_v1
1463997515,m_cl_outfit_clo_hstm_o_j_2_t12_v0
1464094015,packed_mp_veh_mod_idx_4_v41
1464183084,f_cl_outfit_clo_stf_o_0_t12_v0
1464220524,m_cl_clo_fxm_pe_4_8_t14_v1
1464410356,packed_mp_veh_primary_colour_group_v187
1464417054,packed_mp_veh_mod_idx_16_v213
1464420001,vem_smod4_whlv44_t66_v0
1464435546,m_cl_clo_h4m_b_4_14_t1_v1
1464512248,m_cl_clo_h3m_decl_12_t100_v0
1464542997,vem_colour_2_mct_metallic_blue_silver_t25_v33
1464695035,packed_mp_veh_mod_idx_22_v126
1464795883,packed_mp_veh_mod_idx_s_0_v271
1465004662,packed_mp_veh_mod_idx_s_19_v300
1465079400,f_cl_clo_bif_decl_68_t11_v1
1465105508,packed_mp_veh_mod_idx_s_22_v32
1465119248,packed_mp_veh_mod_idx_18_v222
1465141377,m_cl_clo_vwm_u_2_3_t11_v1
1465230020,m_cl_clo_awm_l_1_5_t4_v1
1465231968,packed_mp_veh_mod_idx_s_2_v237
1465240351,packed_mp_veh_colour1_0_v211
1465305644,vem_hood_7_t9_v3
1465397998,f_cl_clo_trf_d_20_0_t10_v1
1465398450,vem_colour_2_mct_metallic_nautical_blue_t25_v0
1465528922,f_cl_clo_suf_l_1_8_t4_v1
1465582281,packed_ng_vehicle_neon_v245
1465715082,packed_mp_veh_mod_idx_22_v264
1465741956,f_cl_clo_ltsf_o_12_t8_v12
1465746817,vem_cmod_tyr_4_t18_v33
1465759620,packed_mp_veh_mod_idx_3_v283
1465784346,f_cl_clo_grf_g_1_0_t3_v1
1465863290,packed_mp_veh_plate_id_v15
1465864355,f_cl_clo_trf_decl_14_t11_v1
1465880117,f_cl_clo_l2f_lw_3_0_t14_v1_cesp
1466044178,f_cl_clo_grf_ph_1_18_t14_v1
1466118406,ve_insurgent_n1_t1_v0
1466166533,f_cl_outfit_clo_assf_o_6_t12_v0
1466345419,vem_smod_whlv58_t66_v3
1466376555,wh_index_11_t0_v0
1466451198,packed_mp_veh_mod_idx_15_v106
1466456574,wp_wct_pumpsht_xm3_t1_v22
1466553135,packed_mp_veh_mod_idx_3_v381
1466607028,vem_smod_whlv162_t66_v3
1466662439,candc_hacker_dec_9_t0_v0
1466667595,m_cl_clo_grm_b_3_1_t1_v1
1466675295,packed_mp_veh_mod_idx_0_v220
1466712861,packed_mp_veh_mod_idx_s_22_v13
1466788099,packed_mp_veh_mod_var_0_v149
1466794954,f_cl_clo_pif_ht_0_0_t14_v0
1466848897,mp_stat_nightclub_owned_v0
1466904025,f_cl_l_fmf_12_1_t4_v0
1466920061,m_cl_clo_trm_u_9_12_t11_v1
1467036398,packed_mp_veh_primary_colour_group_v2
1467139026,f_cl_outfit_clo_hp_f_o_2_t12_v0
1467150993,packed_mp_veh_mod_idx_3_v343
1467212734,m_cl_clo_indm_s_0_2_t8_v1
1467362019,f_cl_clo_bhf_u_15_2_t11_v1
1467395379,m_cl_clo_arm_o_6_t11_v12
1467447194,m_ha_cc_eyebrw_0_t2_v1
1467469205,f_cl_clo_smf_b_6_15_t1_v1
1467474381,packed_mp_veh_mod_idx_s_2_v122
1467485444,vem_colour_2_mct_classic_black_steel_t25_v4
1467537513,packed_ng_vehicle_neon_v40
1467538157,f_cl_g_fmf_11_4_t14_v0
1467567679,packed_mp_veh_mod_idx_s_5_v129
1467600858,packed_mp_veh_mod_idx_s_3_v101
1467638096,m_cl_clo_h3m_b_14_21_t1_v1
1467656208,packed_mp_veh_mod_idx_s_10_v254
1467789785,vem_supermod_4_1_t45_v28
1467825206,packed_mp_veh_mod_idx_4_v248
1468218205,packed_mp_veh_mod_idx_13_v91
1468352357,f_ta_tat_x2_019_t0_v0
1468377038,m_cl_clo_ltsm_d_1_t8_v2
1468379633,packed_mp_veh_mod_idx_s_13_v138
1468504010,packed_mp_veh_mod_idx_s_15_v325
1468592770,m_cl_clo_fxm_u_2_25_t11_v1
1468640820,f_cl_clo_suf_u_2_5_t11_v1
1468685867,m_ta_tat_sm_009_t0_v0
1468701819,packed_lr_vehicle_colour_6_v221
1468770332,packed_mp_veh_mod_idx_14_v27
1468796096,packed_mp_veh_mod_idx_s_1_v398
1468847356,ve_asea_t0_v0
1468892580,wp_wct_muzz1_t1_v5_n2
1468935259,packed_mp_veh_colour1_0_v69
1469028792,packed_mp_veh_mod_idx_s_14_v279
1469046228,packed_mp_veh_mod_idx_s_17_v248
1469068744,vem_supermod_57_17_t57_v7
1469095751,f_cl_clo_scf_d_12_0_t10_v1
1469109521,m_cl_clo_halm_d_4_t100_v0
1469137806,packed_mp_veh_mod_idx_s_6_v395
1469217992,packed_mp_veh_mod_idx_10_v196
1469290731,packed_mp_veh_mod_idx_s_22_v370
1469334668,packed_mp_veh_secondary_colour_group_v72
1469445929,vem_insurance_reever
1469538059,f_cl_clo_xmas_m_1_0_t1_v1
1469572930,m_cl_clo_exm_decl_7_t11_v1
1469722730,packed_mp_veh_mod_idx_16_v329
1469731018,packed_mp_veh_mod_idx_6_v210
1469760466,packed_mp_veh_mod_idx_16_v135
1469791118,vem_armour_5_t1_v32
1469851212,vem_loride_03_t19_v2
1469912223,packed_mp_veh_mod_idx_6_v45
1469930727,packed_ng_vehicle_bpt_v285
1469940667,packed_mp_veh_mod_idx_s_18_v392
1469986829,packed_ng_vehicle_bpt_v353
1469991586,f_cl_clo_vwf_pw_2_8_t14_v1
1470150905,f_cl_clo_smf_ph_6_10_t14_v1
1470242393,f_ta_tat_fm_009_t0_v0
1470325009,packed_mp_veh_colour_extra2_0_v271
1470337837,packed_mp_veh_mod_idx_s_13_v239
1470342689,f_cl_clo_suf_u_9_2_t11_v1
1470353117,vem_smod5_whlv3_t66_v3
1470452519,f_cl_clo_vwf_pey_0_3_t14_v1
1470530711,ve_fagaloa_t0_v3
1470574723,packed_mp_veh_mod_idx_14_v59
1470587140,vem_colour_extra_1_mct_metallic_chocolate_brown_t24_v3
1470588577,f_cl_clo_awf_b_8_10_t1_v1
1470606836,vem_horn_clas4_t10_v39
1470659838,m_cl_u_fmm_7_10_t11_v0
1470667397,packed_mp_veh_mod_idx_0_v217
1470712823,packed_mp_veh_mod_idx_16_v129
1470873306,f_cl_clo_scf_u_0_10_t11_v1
1470964953,ve_stunt_t1_v1
1471104108,vem_truck_slot_1_mod_4_t0_v0
1471130019,m_cl_clo_x6m_u_2_10_t11_v1
1471264370,vem_supermod_23_14_t64_v28
1471424714,veu_impaler3_t0_v0
1471457779,m_cl_clo_bhm_u_3_6_t11_v1
1471469209,f_cl_clo_v2f_u_3_2_t11_v1
1471589189,f_cl_clo_h2f_b_1112_t1_v1
1471601067,vem_cmod_neonlay_7_t21_v6
1471674587,f_cl_clo_lxf_u_6_2_t8_v1
1471770889,packed_mp_veh_mod_idx_s_10_v391
1471843875,vem_colour_2_mct_metallic_might_purple_t25_v2
1471885044,wp_wt_hatchet_t1_v1
1471915075,m_cl_clo_sum_u_17_11_t11_v2
1471932236,packed_mp_veh_wheel_type_0_v202
1471938573,f_cl_clo_fxf_l_3_8_t4_v1
1471991599,vem_rwd_spt_25_t19_v2
1472039616,packed_mp_veh_mod_idx_8_v332
1472070877,f_cl_f_fmf_8_15_t6_v0
1472117557,dec_vw_aw_wh_22
1472125965,m_cl_clo_x6m_f_12_18_t6_v1
1472222839,vem_turbo_0_t17_v10
1472277954,m_cl_clo_indm_d_10_t100_v0
1472334763,packed_mp_veh_mod_idx_s_1_v239
1472335264,vem_colour_2_mct_classic_black_steel_t25_v0
1472344286,packed_mp_veh_wheel_type_0_v122
1472357558,f_cl_clo_smf_b_2_16_t1_v1
1472643247,packed_mp_veh_mod_idx_s_6_v139
1472652547,packed_mp_veh_wheel_type_0_v149
1472656604,f_cl_clo_sbf_u_11_12_t11_v1
1472713154,m_cl_clo_bhm_u_12_0_t11_v1
1472770755,packed_mp_veh_secondary_colour_group_v231
1472827370,packed_mp_veh_livery_0_v368
1472872788,f_cl_clo_suf_b_3_3_t1_v1
1473116235,packed_mp_veh_colour_extra1_0_v65
1473218919,vem_insurance_suntrap
1473268381,m_ha_hair_beard6_t1_v1
1473351427,f_cl_clo_fxf_l_2_1_t4_v1
1473360689,packed_mp_veh_wheel_type_0_v103
1473581508,m_ta_tat_fx_015_t0_v0
1473586374,m_cl_clo_lxm_e_4_0_t14_v1
1473597077,f_cl_clo_awf_l_5_0_t4_v1
1473646800,f_cl_clo_h4f_o_h2_f1_t3_v12
1473648705,m_cl_l_fmm_3_5_t4_v0
1473717420,packed_mp_veh_mod_idx_s_20_v218
1473798472,packed_mp_veh_colour_extra1_0_v28
1473800783,packed_lr_vehicle_colour_6_v237
1473881395,vem_colour_1_mct_classic_olive_green_t24_v3
1474143790,packed_mp_veh_mod_idx_13_v58
1474191964,f_cl_clo_arf_ph_0_20_t14_v1
1474195618,f_cl_clo_bhf_u_1_6_t11_v1
1474216553,packed_mp_veh_mod_idx_s_18_v140
1474218700,f_cl_clo_bhf_decl_44_t11_v1
1474243745,f_cl_clo_h3f_l_5_2_t4_v1
1474317088,vem_cmod_airhorn_02_t10_v2
1474404719,f_cl_clo_fxf_ph_1_6_t14_v1
1474418063,packed_mp_veh_mod_idx_s_19_v140
1474447488,vem_colour_2_mct_metallic_garnet_red_t25_v2
1474517828,packed_mp_veh_plate_id_v103
1474560995,f_cl_clo_sbf_b_6_2_t1_v1
1474616674,m_cl_clo_h4m_b_0_25_t1_v1
1474616880,m_cl_clo_valm_u_2_0_t11_v1
1474628951,mp_stat_factoryupgrades2_2_v0
1474703337,m_cl_clo_awm_u_17_3_t11_v1
1474824620,m_cl_clo_h2m_s_5_0_t8_v1
1474857734,f_cl_clo_s1f_ph_1_3_t14_v1
1474893488,fa_upgrade_weapons_range_0_t0_v0
1474927937,f_cl_clo_bif_l_5_1_t4_v1
1474954480,m_cl_clo_awm_l_1_2_t4_v1
1475048804,f_cl_clo_awf_l_1_8_t4_v1
1475078528,packed_mp_veh_colour1_0_v6
1475094702,packed_mp_veh_mod_idx_s_15_v270
1475155811,f_cl_clo_awf_o_b_11_t8_v12
1475309005,f_cl_clo_awf_f_0_13_t6_v1
1475354999,vem_smod2_whlv95_t66_v3
1475357763,packed_mp_veh_colour_extra1_0_v135
1475398546,fcbase_sty3_t0_v0
1475434214,packed_mp_veh_wheel_type_0_v412
1475458899,f_cl_clo_x6f_l_1_23_t4_v1
1475466387,packed_mp_veh_colour1_0_v291
1475655639,f_cl_outfit_clo_x2f_o_2_t12_v0
1475678756,f_cl_clo_scf_ey_1_10_t14_v1
1475705796,f_cl_clo_smf_b_0_7_t1_v1
1475712231,f_cl_clo_h2f_b_1110_t1_v1
1475810210,f_cl_clo_trf_u_11_19_t11_v1
1475902942,packed_mp_veh_mod_idx_12_v83
1475920070,packed_mp_veh_mod_idx_s_6_v272
1475957083,packed_mp_veh_mod_idx_s_7_v0
1476055962,vem_supermod_15_4_t56_v6
1476094319,m_cl_clo_smm_ph_2_14_t14_v1
1476127475,packed_mp_veh_mod_idx_18_v56
1476180528,vem_supermod_54_2_t54_v7
1476223084,f_cl_clo_vwf_b_7_3_t1_v1
1476247624,vem_cmod_neoncol_3_t21_v5
1476354112,f_cl_u_fmf_9_6_t11_v0
1476490375,vem_supermod_1_6_t42_v3
1476547804,wp_wct_clip2_t1_v85
1476617923,vem_colour_2_mct_metallic_anthr_black_t25_v4
1476619401,m_ta_tat_hp_000_t0_v0
1476830206,vem_smod4_whlv154_t66_v2
1476882508,f_cl_clo_hp_f_u_2_0_t11_v1
1476940598,m_cl_outfit_clo_hilf_o_30_t12_v0
1477017453,packed_mp_veh_mod_idx_s_11_v20
1477094377,vem_colour_mct_none_31
1477112667,packed_ng_vehicle_neon_kit_v375
1477195632,f_cl_clo_smf_b_3_0_t1_v1
1477296175,m_cl_clo_ltsm_o_10_t8_v12
1477364840,packed_ng_vehicle_neon_v197
1477411106,packed_mp_veh_mod_idx_5_v93
1477454367,casweb_style_2_t0_v0
1477502555,vem_smod_whlv17_t66_v3
1477547912,packed_mp_veh_mod_idx_s_8_v65
1477688291,dec_vw_aw_wh_24
1477771358,packed_mp_veh_mod_idx_7_v248
1477793905,packed_ng_vehicle_neon_v177
1477911022,vem_colour_extra_1_mct_pearlescent_might_purple_t24_v4
1478087099,m_cl_clo_x6m_ph_1019_t14_v1
1478120568,packed_mp_veh_mod_idx_3_v384
1478146575,packed_mp_veh_wheel_type_0_v340
1478169850,packed_mp_veh_mod_idx_s_4_v398
1478175361,m_cl_clo_h2m_b_4_23_t1_v1
1478207235,m_cl_clo_vwm_l_3_21_t4_v1
1478237704,packed_mp_veh_plate_id_v278
1478338841,m_cl_clo_smm_ph_0_17_t14_v1
1478347594,packed_mp_veh_mod_idx_4_v30
1478447965,f_cl_l_fmf_6_1_t4_v0
1478469842,packed_mp_veh_mod_idx_13_v265
1478479060,packed_mp_veh_mod_var_0_v91
1478603674,packed_mp_veh_mod_idx_s_7_v154
1478688492,wp_wm_tint5_t2_v26
1478872404,f_cl_clo_vwf_ph_1_13_t14_v1
1478932829,packed_mp_veh_mod_idx_s_21_v318
1479043629,f_cl_clo_sbf_u_0_18_t11_v1
1479056573,packed_mp_veh_mod_idx_s_0_v0
1479106549,f_cl_clo_bus_f_o_17_t3_v12
1479110567,f_cl_clo_bhf_l_2_0_t4_v1
1479123798,packed_mp_veh_mod_idx_13_v27
1479136075,packed_mp_veh_secondary_colour_group_v190
1479142595,f_cl_clo_lxf_dec_34_t11_v1
1479146236,wp_wct_clip_inc_t1_v48_n2
1479299277,packed_mp_veh_mod_idx_s_5_v158
1479363844,f_cl_clo_v2f_u_0_1_t11_v1
1479460688,f_cl_clo_bif_o_2_t8_v12
1479496592,packed_lr_vehicle_colour_5_v258
1479530413,packed_mp_veh_mod_idx_s_7_v255
1479659263,packed_mp_veh_mod_idx_s_14_v398
1479665651,packed_mp_veh_mod_idx_24_v402
1479698341,ve_brickade2_t0_v38
1479801209,pm_coupon_add_veh_mod_p
1479904352,vem_horn_hips1_t10_v37
1479924883,packed_mp_veh_mod_idx_3_v317
1480038177,vem_colour_2_mct_metallic_chocolate_brown_t25_v2
1480088094,vem_insurance_retinue
1480116538,f_cl_clo_h3f_ph_0_2_t14_v1
1480168303,m_cl_clo_h4m_decl_59_t100_v0
1480261151,packed_ng_vehicle_neon_kit_v203
1480321846,f_cl_clo_vwf_u_4_2_t11_v1
1480341790,vem_grill_3_t8_v11
1480343590,m_cl_clo_busm_l_0_12_t4_v1
1480358386,packed_mp_veh_secondary_colour_group_v398
1480389405,packed_mp_veh_mod_idx_18_v165
1480707108,service_earn_refund_backup_families
1480724208,packed_mp_veh_mod_idx_22_v183
1480849732,m_cl_clo_xmas_m_2_0_t1_v1
1480895436,packed_mp_veh_colour_extra1_0_v145
1480943010,m_cl_clo_h4m_pey_111_t14_v1
1481164687,vem_bumper_f_11_t34_v38
1481263815,vem_horn_xm15_3_t10_v38
1481369643,f_cl_clo_suf_l_2_14_t4_v1
1481582424,packed_lr_vehicle_colour_5_v73
1481625974,m_cl_outfit_clo_x5m_o_a_1_b_t12_v0
1481846556,f_cl_clo_h3f_u_4_1_t11_v1
1481945250,packed_mp_veh_colour2_0_v413
1482109683,packed_mp_veh_mod_idx_s_18_v73
1482227188,packed_mp_veh_mod_idx_11_v166
1482275135,vem_colour_mct_none_78
1482289936,m_cl_clo_fxm_b_1_1_t1_v1
1482325754,f_cl_clo_x6f_ph_1_8_t14_v1
1482326224,vem_colour_1_mct_classic_bright_green_t24_v33
1482394191,packed_mp_veh_mod_idx_s_4_v371
1482450703,vem_fender_r_6_t37_v36
1482474923,packed_mp_veh_mod_idx_15_v151
1482510019,vem_smod_whlv172_t66_v3
1482648341,mba_floor1_3_t0_v0
1482658751,f_ha_cc_mkup_56_t5_v0
1482725455,wp_ps_can_4_t3_v33
1483120014,vem_smod4_whlv172_t66_v1
1483239921,packed_mp_veh_mod_idx_s_9_v408
1483289755,f_cl_outfit_clo_awf_o_f_3_t12_v0
1483414651,packed_mp_veh_mod_var_1_v269
1483655312,wp_wm_tint7_t2_v26
1483735269,f_cl_clo_x6f_u_12_3_t11_v1
1483887674,packed_mp_veh_colour2_0_v176
1483894064,vem_offr_13_t19_v0
1483986899,packed_mp_veh_livery_0_v86
1484257122,packed_mp_veh_mod_idx_18_v335
1484257586,packed_mp_veh_mod_idx_18_v390
1484298229,f_cl_outfit_o_fmf_s1_t12_v0
1484324223,f_cl_clo_bif_pw_7_3_t14_v1
1484439109,vem_colour_1_mct_matte_grey_t24_v0
1484557977,packed_lr_vehicle_colour_6_v95
1484580848,packed_mp_veh_mod_idx_s_19_v283
1484602433,m_cl_clo_s1m_f_1_14_t6_v1
1484627878,wp_wct_scope_med2_t1_v46_n2
1484629451,f_cl_clo_awf_f_8_0_t6_v1
1484629755,packed_mp_veh_mod_idx_s_5_v13
1484685260,vem_spoiler_9_t14_v28
1484736293,vem_turbo_1_t17_v2
1484746705,packed_mp_veh_mod_idx_s_6_v403
1484792717,m_cl_clo_vwm_t_0_8_t7_v1
1484875779,vem_supermod_3_41_t44_v6
1484950402,packed_mp_veh_mod_idx_s_7_v331
1485002510,vem_supermod_43_16_t43_v7
1485021726,packed_mp_veh_mod_idx_s_1_v411
1485036602,f_cl_clo_x5f_o_a_2_t3_v12
1485114208,m_cl_clo_s1m_u_1_0_t11_v1
1485116034,vem_smod4_whlv28_t66_v3
1485352409,vem_colour_1_mct_metallic_sandy_brown_t24_v4
1485555763,packed_ng_vehicle_insurance_v285
1485678339,kosatk_col_2_t0_v0
1485684611,m_ta_tat_sb_048_t0_v0
1485887472,f_ta_tat_ar_006_t0_v0
1485934982,packed_mp_veh_livery_0_v220
1485946724,packed_mp_veh_mod_idx_s_16_v235
1486044771,vem_supermod_13_0_t54_v37
1486160420,m_cl_clo_exm_eu_1210_t11_v1
1486272038,vem_cmod_win_0_t33_v28
1486322828,vem_supermod_11_6_t52_v28
1486416853,packed_mp_veh_mod_idx_s_9_v336
1486420947,packed_mp_veh_mod_idx_10_v48
1486483008,m_cl_clo_vwm_u_6_13_t11_v1
1486490260,vem_rwd_bikew_01_t19_v4
1486623648,vem_drft_20_t19_v12
1486642009,f_cl_clo_stf_o_14_t11_v12
1486765956,packed_mp_veh_mod_idx_4_v298
1486835150,f_cl_outfit_clo_stf_o_0_t12_v0_cesp
1486892428,packed_ng_vehicle_bpt_v6
1486955794,packed_mp_veh_mod_idx_s_12_v116
1486965579,vem_insurance_bruiser3
1486966837,m_cl_g_fmm_5_3_t14_v0
1487016454,vem_cmod_neoncol_12_t21_v6
1487025158,m_cl_clo_vwm_ph_1_8_t14_v1
1487087700,m_cl_u_fmm_9_11_t8_v0
1487160436,m_cl_clo_h2m_u_6_12_t11_v1
1487211521,f_cl_clo_awf_u_17_6_t11_v1
1487269150,vem_colour_2_mct_classic_wine_red_t25_v4
1487291090,m_ha_cc_eyebrw_12_t2_v1
1487298873,m_cl_outfit_clo_h2m_o_s_4_t12_v0
1487453000,f_cl_clo_h3f_u_10_13_t11_v1
1487545462,vem_colour_2_mct_metallic_sandy_brown_t25_v4
1487645448,packed_mp_veh_mod_var_1_v283
1487682057,m_cl_clo_trm_u_8_10_t11_v1
1487683699,f_cl_clo_x6f_f_6_16_t6_v1
1487729725,vem_supermod_23_21_n1_t64_v34
1487796519,vem_colour_1_mct_classic_beechwood_brown_t24_v3
1487821255,packed_mp_veh_mod_var_0_v383
1487998113,vem_colour_1_mct_metallic_woodbeech_brown_t24_v4
1488009155,f_cl_clo_suf_u_19_16_t11_v1
1488043449,f_cl_clo_stf_o_7_t8_v12_cesp
1488083994,vem_supermod_8_0_t49_v33
1488200679,vem_colour_extra_1_mct_metallic_ultra_blue_t24_v0
1488303573,m_cl_outfit_clo_vwm_o_0_0_t12_v0
1488320002,m_cl_clo_bim_l_2_0_t4_v1
1488519060,m_cl_clo_h4m_decl_63_t100_v0
1488557010,packed_mp_veh_mod_idx_s_12_v162
1488600338,packed_lr_vehicle_colour_5_v90
1488661791,f_cl_clo_hp_f_d_14_t11_v1
1488671905,f_cl_clo_bif_ph_6_4_t14_v1
1488693168,m_cl_outfit_clo_h3m_o_sl_23_t12_v0
1488703939,vem_colour_1_mct_classic_might_purple_t24_v33
1488790544,f_cl_clo_x6f_rw_0_2_t14_v1
1488791770,packed_mp_veh_mod_idx_9_v32
1488902181,vem_cmod_col5_34_t29_v2
1488925118,vem_colour_2_mct_metallic_moss_brown_t25_v3
1488948207,packed_mp_veh_mod_idx_12_v252
1488969066,m_ta_tat_sb_060_t0_v0
1488990764,packed_mp_veh_mod_idx_s_12_v105
1489033560,vem_supermod_3_1_t44_v7
1489244434,packed_mp_veh_window_tint_0_v320
1489277339,packed_mp_veh_mod_idx_2_v151
1489294639,packed_mp_veh_mod_idx_23_v359
1489300226,f_cl_clo_assf_o_2_t8_v12
1489347044,packed_mp_veh_mod_idx_7_v61
1489411515,packed_lr_vehicle_colour_6_v208
1489416507,packed_mp_veh_mod_idx_s_22_v119
1489424208,m_cl_clo_sum_l_1_7_t4_v1
1489488450,f_cl_clo_awf_decl_115_t100_v0
1489557055,vem_supermod_7_7_t48_v26
1489678060,vem_hood_0_t9_v4
1489682056,packed_ng_vehicle_smoke_v387
1489687084,vem_sub_heli_c_2
1489690254,ve_brutus2_t0_v38
1489794185,packed_ng_vehicle_smoke_v104
1489818723,packed_mp_veh_mod_idx_6_v246
1489844560,packed_mp_veh_mod_idx_s_17_v188
1489905313,f_cl_clo_vef_dec_44_t11_v1
1489938224,packed_mp_veh_colour_extra1_0_v119
1489966757,vem_smod4_whlv197_t66_v2
1490046070,m_cl_clo_x6m_l_0_6_t4_v1
1490107184,f_cl_clo_indf_d_10_t8_v1
1490164305,packed_ng_vehicle_neon_kit_v281
1490252852,packed_mp_veh_mod_idx_s_17_v327
1490353298,packed_mp_veh_mod_idx_s_6_v194
1490467634,packed_mp_veh_mod_idx_3_v213
1490468159,m_cl_l_fmm_8_3_t4_v0
1490516664,m_cl_outfit_clo_h2m_o_s_17_t12_v0
1490516774,m_cl_clo_fxm_pe_0_6_t14_v1
1490539132,vem_colour_extra_1_mct_pearlescent_olive_green_t24_v0
1490595505,m_cl_clo_lxm_t_14_1_t7_v1
1490702652,m_cl_clo_hp_d_11_t100_v0
1490760263,casweb_bar_0_t0_v0
1490785769,m_ha_hair_beard7_t1_v1
1490984470,packed_lr_vehicle_colour_6_v161
1491130444,vem_spt_01_t19_v2
1491251896,m_cl_clo_sbm_l_0_12_t4_v1
1491255846,m_cl_clo_bhm_decl_49_t100_v0
1491287546,packed_mp_veh_mod_idx_s_2_v314
1491314273,packed_mp_veh_mod_idx_s_13_v409
1491373148,packed_mp_veh_mod_idx_12_v145
1491439153,packed_mp_veh_window_tint_0_v318
1491515749,packed_mp_veh_mod_idx_9_v405
1491644808,m_cl_o_fmm_p4_t3_v12
1491644897,m_ha_hair_beard0_t1_v1
1491711451,vem_supermod_55_21_t55_v7
1491798743,packed_mp_veh_mod_idx_s_8_v403
1491915032,wp_wct_tint_27_t2_v5_n2
1491938481,wp_wct_c_tint_2_t2_v8_n2
1492119013,vem_bumper_f_3_t34_v27
1492150847,f_cl_clo_hp_f_d_36_t8_v1
1492227260,vem_colour_2_mct_metals_br
1492306821,m_cl_clo_hstmb_16_6_t1_v1
1492703463,m_cl_clo_awm_u_9_20_t11_v1
1492781085,f_cl_clo_exf_eu_109_t11_v1
1492813169,m_cl_clo_awm_decl_66_t100_v0
1492821476,packed_mp_veh_mod_idx_24_v365
1492861600,m_cl_clo_smm_b_3_21_t1_v1
1492899297,f_cl_clo_vwf_d_1_13_t10_v1
1492926741,vem_suv_12_t19_v2
1493047387,f_cl_clo_bus_p_1_0_t14_v1
1493075784,m_cl_clo_x6m_u_10_6_t11_v1
1493087488,m_cl_u_fmm_14_11_t11_v0
1493167812,f_cl_clo_lxf_o_4_t3_v12
1493228924,vem_supermod_5_4_t46_v10
1493269358,packed_mp_veh_colour1_0_v354
1493366361,f_cl_clo_trf_u_14_10_t11_v1
1493390556,fchub_mod5_0_t0_v0
1493413695,packed_mp_veh_mod_idx_9_v93
1493429640,f_cl_clo_scf_u_55_15_t11_v1
1493579915,vem_supermod_3_13_t44_v7
1493650249,m_cl_clo_s2m_d_17_t100_v0
1493679964,mp_stat_restotalforfactory5_v0
1493756968,vem_roof_7_t12_v4
1493797341,m_cl_clo_hstm_o_11_t3_v12
1493829460,f_cl_l_fmf_12_15_t4_v0
1493848204,packed_mp_veh_plate_id_v22
1493907742,m_cl_clo_x6m_b_2_21_t1_v1
1493916759,vem_supermod_16_11_t57_v28
1493958968,vem_supermod_11_7_t52_v3
1494015935,m_cl_clo_x6m_ey_3_2_t14_v1
1494020248,f_cl_clo_sbf_f_6_10_t6_v1
1494036311,ve_virtue_t1_v38
1494067641,f_cl_clo_v2f_f_1_0_t6_v1
1494090760,vem_colour_5_black_steel_t38_v3
1494198976,m_cl_clo_hp_l_0_4_t4_v1
1494435315,packed_mp_veh_mod_idx_s_6_v242
1494530829,packed_mp_veh_mod_idx_s_2_v327
1494587031,f_cl_clo_x6f_t_6_0_t7_v1
1494611786,m_ta_tat_fm_219_t0_v0
1494648448,packed_mp_veh_mod_idx_16_v413
1494680265,packed_mp_veh_mod_idx_12_v333
1494770208,packed_mp_veh_mod_idx_9_v161
1494822376,f_cl_clo_hstfb_19_7_t1_v1
1494879828,ve_rloader_t1_v2
1494897569,f_cl_clo_suf_u_14_0_t11_v1
1494966481,packed_mp_veh_colour_extra2_0_v260
1495000040,vem_colour_extra_1_mct_classic_beechwood_brown_t24_v0
1495146275,f_cl_clo_x6f_f_15_7_t6_v1
1495155440,packed_mp_veh_mod_idx_s_2_v357
1495157831,vem_cmod_airhorn_01_t10_v0
1495177859,vem_horn_hips4_t10_v28
1495316822,packed_ng_vehicle_bpt_v20
1495395931,m_cl_clo_s2m_u_0_10_t11_v1
1495456244,f_cl_clo_fxf_ph_0_3_t14_v1
1495506438,vem_horn_clas6_t10_v6
1495507004,f_cl_clo_grf_u_23_2_t11_v1
1495514110,f_cl_clo_vwf_u_7_22_t11_v1
1495779280,packed_mp_veh_mod_idx_0_v130
1495798311,packed_ng_vehicle_bpt_v128
1496004208,packed_mp_veh_secondary_colour_group_v220
1496113363,packed_mp_veh_mod_idx_1_v147
1496118917,packed_lr_vehicle_colour_5_v4
1496120794,packed_mp_veh_mod_idx_7_v287
1496155383,m_cl_clo_bhm_u_16_20_t11_v1
1496252898,f_cl_clo_l2f_dec_20_t11_v1
1496279596,vem_supermod_16_10_t57_v7
1496372023,packed_mp_veh_mod_idx_3_v127
1496373610,packed_mp_veh_mod_idx_14_v123
1496385851,packed_mp_veh_mod_idx_4_v358
1496418015,packed_ng_vehicle_insurance_v161
1496477883,packed_mp_veh_mod_idx_15_v308
1496525328,vem_skirt_18_t13_v38
1496553200,packed_mp_veh_mod_idx_s_23_v46
1496575158,m_ha_cc_m_hs_16_t0_v2
1496585148,m_cl_clo_sum_u_12_4_t11_v1
1496711592,m_cl_clo_exm_eu_11_5_t11_v1
1496827112,mp_stat_mpsv_model_64
1496943081,packed_mp_veh_mod_idx_16_v375
1496953364,packed_mp_veh_mod_idx_s_8_v310
1497076137,packed_mp_veh_mod_idx_2_v149
1497161344,vem_horn_lowrder2_t10_v31
1497364542,f_cl_clo_hstf_s_6_7_t8_v1
1497403144,f_cl_clo_x6f_f_6_15_t6_v1
1497431775,packed_mp_veh_mod_idx_s_7_v22
1497476744,vem_supermod_1_12_t42_v10
1497619944,packed_mp_veh_mod_idx_12_v151
1497624849,m_ta_tat_x6_027_t0_v0
1497628693,packed_mp_veh_mod_idx_7_v100
1497672086,packed_mp_veh_mod_idx_14_v43
1497673376,f_cl_clo_suf_u_21_5_t11_v1
1497687750,m_cl_clo_vwm_l_2_3_t4_v1
1497756803,packed_mp_veh_colour1_0_v384
1497829870,f_cl_clo_sbf_f_3_10_t6_v1
1497850588,f_cl_outfit_clo_h3f_o_dh_22_t12_v0
1497886806,ve_bfinject_t0_v0
1497949758,packed_lr_vehicle_colour_5_v118
1497997798,f_cl_clo_grf_u_19_14_t11_v1
1498026591,vem_fender_r_10_n1_t37_v27
1498126175,packed_mp_veh_mod_idx_3_v15
1498176063,m_cl_clo_trm_u_8_5_t11_v1
1498194022,packed_mp_veh_mod_idx_s_23_v364
1498214108,vem_hiend_01_t19_v3
1498235533,vem_loride_12_t19_v3
1498267218,packed_mp_veh_mod_idx_13_v80
1498380041,f_cl_clo_fxf_u_7_20_t11_v1
1498386754,f_cl_clo_s1f_u_0_0_t100_v0
1498412678,packed_mp_veh_mod_idx_18_v353
1498486151,packed_mp_veh_wheel_type_0_v55
1498659493,packed_mp_veh_mod_idx_9_v278
1498774928,m_cl_clo_iem_u_17_15_t11_v1
1498780773,packed_mp_veh_mod_idx_s_13_v218
1498843412,packed_mp_veh_mod_idx_5_v22
1498873335,vem_smod4_whlv3_t66_v0
1498874792,packed_mp_veh_colour_extra1_0_v260
1498900929,m_cl_clo_h4m_decl_17_t100_v0
1498906166,m_cl_clo_smm_ph_6_14_t14_v1
1498916659,m_cl_clo_vwm_u_9_24_t11_v1
1499069264,packed_ng_vehicle_insurance_v125
1499101347,vem_smod5_whlv210_t66_v3
1499162411,f_cl_l_fmf_0_9_t4_v0
1499163622,fcarcade_qrt1_t0_v0
1499232530,m_cl_clo_vwm_t_0_5_t7_v1
1499316463,m_cl_clo_vwm_ph_0_1_t14_v1
1499381868,packed_mp_veh_primary_colour_group_v211
1499474956,m_cl_clo_s2m_d_19_t11_v1
1499547837,packed_ng_vehicle_smoke_v301
1499622335,vem_supermod_2_0_t43_v39
1499729173,m_cl_clo_h4m_decl_2_t100_v0
1499760185,m_cl_clo_hp_u_3_2_t11_v1
1499767175,vem_rwd_suv_17_t19_v2
1499773226,packed_mp_veh_colour_extra2_0_v361
1499779189,f_cl_clo_hp_f_d_26_t11_v1
1499830604,packed_mp_veh_livery_0_v3
1499841838,packed_mp_veh_mod_idx_s_2_v34
1499873450,packed_lr_vehicle_colour_6_v197
1499921287,packed_mp_veh_mod_idx_s_8_v343
1500060088,m_cl_clo_sum_u_0_20_t11_v1
1500075962,vem_fender_r_7_t37_v27
1500102839,wp_wm_tint4_t2_v20
1500106522,packed_ng_vehicle_neon_v195
1500122086,packed_mp_int_avenger_operations_terminal_v0
1500144143,vem_supermod_3_10_t44_v11
1500182726,vem_smod_whlv71_t66_v0
1500198868,vem_cmod_tyr_pat_t18_v6
1500414458,packed_mp_veh_mod_idx_s_16_v193
1500475885,packed_mp_veh_mod_idx_s_8_v380
1500541785,hangar_mod_lighting_23_t0_v0
1500757211,wp_wct_camo_4_t1_v5_n2
1500847964,m_cl_clo_sbm_ph_5_18_t14_v1
1500857035,cb_buy_1_t1_v5
1500894664,m_cl_clo_l2m_o_3_t3_v12
1500994019,vem_loride_13_t19_v12
1501039291,m_cl_clo_x6m_f_0_4_t6_v1
1501091457,f_cl_clo_grf_ph_2_0_t14_v1
1501113116,packed_mp_veh_mod_idx_s_20_v247
1501119091,packed_mp_veh_mod_idx_s_6_v33
1501129550,m_cl_outfit_clo_h3m_o_sl_13_t12_v0
1501142465,packed_mp_veh_secondary_colour_group_v353
1501331968,m_ha_cc_mkup_64_t5_v0
1501347746,packed_ng_vehicle_bpt_v13
1501547170,packed_mp_veh_mod_idx_s_22_v406
1501680887,vem_horn_hween2_t10_v5
1501682398,wp_wct_camo_10_t1_v8_n2
1501735313,packed_mp_veh_mod_idx_s_9_v234
1501856143,m_ta_tat_h4_013_t0_v0
1501930704,m_cl_clo_grm_f_0_25_t6_v1
1501955119,vem_smod2_whlv133_t66_v3
1501972486,m_cl_clo_grm_u_13_7_t11_v1
1502007116,vem_supermod_53_1_t53_v7
1502123826,packed_mp_veh_mod_idx_s_8_v178
1502156830,packed_mp_veh_mod_idx_s_12_v373
1502229927,f_cl_l_fmf_11_3_t4_v0
1502238854,packed_mp_veh_mod_idx_1_v297
1502494810,f_cl_clo_h4f_decl_54_t100_v0
1502496713,f_cl_clo_lxf_e_8_2_t14_v1
1502738812,packed_ng_vehicle_smoke_v155
1502755908,wp_wm_tint1_t2_v8
1502808024,f_cl_clo_grf_ph_1_12_t14_v1
1503019684,f_cl_clo_bif_decl_22_t100_v0
1503096237,kosatk_fla_13_t0_v1
1503125968,vem_supermod_6_8_t47_v3
1503240794,f_cl_clo_stf_o_19_t3_v12_cesp
1503256606,m_cl_clo_h3m_u_9_3_t11_v1
1503271676,vem_supermod_11_7_t52_v27
1503287853,packed_mp_veh_mod_idx_s_2_v258
1503394954,ve_besra_t1_v0
1503402760,packed_mp_veh_mod_idx_14_v154
1503424760,wp_wct_clip1_t1_v21_n2
1503427944,f_cl_clo_x6f_ph_1_9_t14_v1
1503450891,packed_mp_veh_mod_idx_s_7_v249
1503555268,packed_mp_veh_mod_idx_7_v390
1503600817,vem_supermod_1_0_t42_v5
1503615461,vem_cmod_hrn_clo_t10_v1
1503619823,f_cl_clo_x17f_o_m_6_t3_v12
1503665141,packed_ng_vehicle_neon_kit_v285
1503726319,m_cl_clo_trm_f_1_15_t6_v1
1503746503,vem_hood_0_t9_v32
1503756073,vem_colour_1_mct_classic_straw_brown_t24_v3
1503763333,vem_supermod_23_17_t64_v3
1503765943,vem_colour_1_mct_classic_sunrise_orange_t24_v2
1503826145,packed_mp_veh_mod_idx_13_v109
1503829995,f_cl_clo_stf_ht6_2_t14_v1
1503835544,packed_mp_veh_mod_idx_s_13_v90
1503845751,packed_mp_veh_mod_idx_1_v259
1503857762,packed_mp_veh_mod_idx_s_11_v136
1503943682,packed_mp_veh_mod_var_0_v248
1504025535,dec_vw_aw_ss_31
1504036658,mp_stat_mpsv_model_377
1504098449,packed_mp_veh_mod_idx_4_v217
1504155778,ve_youga3_t0_v27
1504341024,vem_colour_extra_1_mct_classic_nautical_blue_t24_v4
1504368085,m_cl_clo_halm_11_0_t1_v1
1504448614,f_cl_clo_bbf_f_001_t6_v1
1504462993,packed_ng_vehicle_bpt_v97
1504559680,dec_vw_aw_wv_27
1504621327,f_cl_clo_vwf_u_12_3_t11_v1
1504636242,packed_ng_vehicle_smoke_v188
1504662025,packed_mp_veh_colour2_0_v240
1504686578,f_cl_clo_grf_u_8_1_t11_v1
1504774755,f_ha_cc_eyebrw_32_t2_v0
1504777191,m_cl_clo_h3m_t_1_0_t7_v1
1504853170,m_cl_clo_s1m_f_1_15_t6_v1
1504855957,vem_supermod_8_2_t49_v3
1504858016,packed_mp_veh_primary_colour_group_v19
1504873615,f_cl_clo_trf_u_14_13_t11_v1
1504929192,m_cl_clo_awm_u_9_5_t11_v1
1505016106,vem_colour_extra_1_mct_metallic_white_t24_v4
1505045232,wp_wct_clip_fmj_t0_v70_n2
1505109157,m_cl_clo_lxm_e_9_0_t14_v1
1505213273,autoshop_st2_0_t0_v0
1505224958,vem_chassis_0_t4_v31
1505229864,packed_mp_veh_mod_idx_s_6_v170
1505274275,f_cl_clo_awf_ph_1_1_t14_v1
1505278825,packed_mp_veh_colour_extra2_0_v66
1505314810,vem_supermod_18_10_t59_v28
1505351087,m_cl_clo_smm_ph_8_9_t14_v1
1505514745,packed_mp_veh_mod_idx_s_23_v113
1505537622,vem_colour_1_mct_matte_matte_dirt_t24_v4
1505538098,packed_mp_veh_mod_idx_s_5_v391
1505681428,vem_supermod_10_14_t51_v26
1505763188,f_cl_clo_h4f_pey_0_6_t14_v1
1505791634,m_cl_clo_awm_l_5_0_t4_v1
1505793751,f_cl_clo_fxf_l_1_6_t4_v1
1505819919,packed_mp_veh_mod_idx_s_17_v395
1505871792,packed_mp_veh_mod_idx_5_v199
1505882983,vem_colour_2_mct_classic_bronze_t25_v2
1505943567,packed_mp_veh_mod_idx_6_v299
1506122580,vem_smod3_whlv10_t66_v3
1506138555,vem_colour_1_mct_metallic_chocolate_brown_t24_v4
1506202406,f_cl_clo_h3f_u_4_0_t11_v1
1506204219,vem_rwd_suv_18_t19_v12
1506292073,packed_mp_veh_mod_idx_s_2_v218
1506300666,packed_lr_vehicle_colour_5_v247
1506386091,m_cl_clo_arm_ph_0_9_t14_v1
1506429453,f_cl_clo_bbf_p4_1_t14_v1
1506446774,vem_loride_01_t19_v1
1506563475,packed_mp_veh_mod_idx_s_13_v285
1506619975,vem_supermod_6_0_t47_v5
1506646327,f_cl_clo_stf_u_6_18_t11_v1
1506669010,vem_drft_23_t19_v1
1506699743,packed_mp_veh_mod_idx_s_4_v182
1506735142,vem_skirt_12_t13_v38
1506759463,f_cl_clo_scf_l_13_11_t4_v1
1506807155,vem_colour_1_mct_metallic_straw_brown_t24_v3
1506819122,vem_supermod_48_14_t48_v7
1506861838,f_cl_clo_x6f_b_2_11_t1_v1
1506944314,vem_supermod_3_0_t44_v35
1506957943,vem_spt_06_t19_v3
1506988965,vem_cmod_tyr_12_t18_v10
1507072628,packed_lr_vehicle_colour_6_v14
1507120600,vem_smod5_whlv165_t66_v3
1507155119,packed_mp_veh_mod_idx_6_v344
1507167610,packed_mp_veh_mod_idx_16_v96
1507170404,f_cl_clo_h3f_o_val_1_t3_v12
1507276654,vem_colour_mct_none_151
1507285940,m_ta_tat_fm_023_t0_v0
1507348099,wp_wct_c_tint_3_t2_v8_n2
1507385450,vem_colour_1_mct_classic_lime_green_t24_v0
1507461222,ve_dune5_t1_v3
1507464909,packed_mp_veh_mod_idx_6_v75
1507474908,m_cl_clo_trm_o_l4_t3_v12
1507529638,m_cl_clo_x6m_f_1_11_t6_v1
1507542576,m_cl_u_fmm_14_15_t11_v0
1507565254,packed_mp_veh_mod_idx_s_15_v301
1507587609,m_cl_clo_grm_ph_4_10_t14_v1
1507655279,f_cl_clo_awf_f_7_0_t6_v1
1507681204,packed_mp_veh_mod_idx_15_v185
1507814211,m_cl_clo_bhm_u_5_13_t11_v1
1507919942,packed_mp_veh_mod_idx_7_v209
1507940933,wp_gsa_type_r_t0_v97
1508053998,packed_mp_veh_mod_idx_s_4_v352
1508089978,packed_mp_veh_livery_0_v259
1508273677,m_cl_clo_stm_u_6_9_t11_v1
1508280199,f_cl_clo_grf_u_8_6_t11_v1
1508312255,vem_bumper_f_1_t34_v5
1508326851,packed_mp_veh_mod_idx_7_v91
1508387187,f_cl_clo_h3f_s_1_11_t8_v1
1508411869,service_earn_casino_award_straight_flush
1508484420,vem_colour_2_mct_metallic_bison_brown_t25_v4
1508512345,vem_suv_09_t19_v12
1508530952,f_cl_clo_suf_b_2_3_t1_v1
1508533162,packed_mp_veh_mod_idx_s_11_v343
1508541070,f_cl_clo_awf_f_2_1_t6_v1
1508613556,packed_mp_veh_mod_idx_6_v97
1508654341,m_cl_clo_x6m_u_22_20_t11_v1
1508749511,packed_mp_veh_mod_idx_s_14_v372
1508781566,m_cl_clo_x6m_u_10_10_t11_v1
1508923955,packed_ng_vehicle_neon_v141
1508968804,packed_mp_veh_mod_idx_s_16_v328
1508978974,packed_mp_veh_mod_idx_9_v208
1508999990,m_ta_tat_vw_023_t0_v0
1509131701,wp_wm_tint5_t2_v52
1509210835,f_ta_tat_hp_004_t0_v0
1509211032,packed_mp_veh_mod_idx_13_v272
1509257246,m_ha_face_e_c_25_t4_v0
1509284196,vem_colour_1_mct_metallic_midnight_silver_t24_v2
1509286140,f_cl_clo_lxf_u_3_7_t11_v1
1509286249,packed_mp_veh_mod_idx_s_3_v354
1509352402,vem_cmod_neonlay_6_t21_v31
1509372515,packed_mp_veh_mod_idx_24_v198
1509386791,packed_ng_vehicle_bpt_v206
1509442769,m_ta_tat_st_047_t0_v0
1509468847,packed_lr_vehicle_colour_5_v71
1509518266,wh_index_9_t0_v0
1509518708,vem_colour_1_mct_matte_white_t24_v33
1509544436,f_cl_clo_hp_f_d_30_t8_v1
1509549367,vem_colour_extra_1_mct_metallic_midnight_blue_t24_v3
1509591176,vem_colour_extra_1_mct_classic_race_yellow_t24_v3
1509634250,vem_horn_hween2_t10_v36
1509644756,m_cl_clo_x6m_ph_2_5_t14_v1
1509709027,m_cl_clo_grm_l_3_10_t4_v1
1509712718,packed_mp_veh_mod_idx_1_v153
1509768115,packed_ng_vehicle_bpt_v364
1509781552,m_cl_f_fmm_12_9_t6_v0
1509967491,vem_smod_whlv155_t66_v3
1510119873,vem_suspension_5_t15_v2
1510153668,vem_insurance_ruiner4
1510204228,f_cl_clo_scf_u_0_5_t11_v1
1510270586,packed_mp_veh_mod_idx_s_16_v28
1510330790,f_cl_clo_trf_u_12_3_t11_v1
1510380411,packed_mp_veh_mod_idx_24_v262
1510402375,vem_fender_l_1_t36_v4
1510457834,packed_ng_vehicle_smoke_v375
1510496751,packed_mp_veh_mod_idx_s_3_v4
1510525584,wp_wm_tint7_t2_v72
1510565271,vem_cmod_tyr_8_t18_v28
1510671313,vem_colour_2_mct_metallic_cast_iron_sil_t25_v33
1510731444,packed_mp_veh_mod_idx_s_18_v319
1510732034,packed_mp_veh_mod_idx_s_4_v151
1510873141,f_cl_clo_hstf_o_11_t8_v12
1510883019,vem_smod4_whlv208_t66_v1
1510934678,packed_mp_veh_mod_idx_s_18_v396
1510972189,packed_mp_veh_mod_idx_s_21_v179
1511030229,packed_ng_vehicle_insurance_v139
1511136026,packed_mp_veh_mod_idx_s_2_v402
1511179668,packed_mp_veh_mod_idx_16_v186
1511239017,f_cl_clo_grf_ph_4_16_t14_v1
1511392609,packed_mp_veh_plate_id_v413
1511479172,m_cl_clo_h4m_t_13_3_t7_v1
1511510205,f_ta_tat_bb_011_t0_v0
1511521742,packed_mp_veh_mod_idx_18_v381
1511687999,f_cl_outfit_clo_awf_o_g_2_t12_v0
1511710091,ve_marshall_n1_t1_v23
1511710685,packed_mp_veh_secondary_colour_group_v117
1511764914,m_cl_clo_smm_u_2_22_t11_v1
1511803825,packed_mp_veh_colour_extra2_0_v358
1511812074,packed_mp_veh_mod_idx_s_0_v350
1511825821,vem_rwd_spt_01_t19_v3
1511844888,f_cl_l_fmf_9_13_t4_v0
1511879643,fcarcade_ne2_t0_v0
1511928210,packed_mp_veh_mod_idx_s_15_v233
1511943451,wp_wct_tint_13_t2_v5_n2
1511989665,packed_mp_veh_mod_idx_s_9_v353
1512031187,packed_mp_veh_mod_idx_s_21_v332
1512046385,packed_mp_veh_mod_idx_s_0_v207
1512047096,packed_mp_veh_mod_idx_18_v298
1512146841,m_cl_clo_arm_o_23_t3_v12
1512150885,m_cl_clo_hp_d_27_t11_v1
1512214196,f_cl_clo_vwf_l_1_8_t4_v1
1512235679,m_cl_clo_x6m_f_6_1_t6_v1
1512275981,ve_stockade_t1_v3
1512335126,m_cl_clo_bim_decl_50_t11_v1
1512341931,vem_cmod_tyr_stt_t30_v7
1512352913,vem_insurance_zion
1512451453,m_cl_clo_trm_u_7_6_t11_v1
1512463005,vem_smod_whlv177_t66_v3
1512499951,service_earn_refund_hire_mugger
1512590179,m_cl_clo_bim_s_10_17_t8_v1
1512590560,packed_ng_vehicle_insurance_v263
1512649832,packed_mp_veh_mod_idx_3_v173
1512663878,packed_mp_veh_mod_idx_0_v359
1512673124,vem_colour_2_mct_metallic_black_steel_t25_v1
1512679742,vem_colour_2_mct_classic_petrol_green_t25_v1
1512715629,packed_mp_veh_mod_idx_s_2_v282
1512733604,vem_cmod_hrn_trk_t10_v5
1512743699,packed_ng_vehicle_neon_v301
1512855600,f_cl_clo_smf_ph_4_15_t14_v1
1512970943,packed_mp_veh_mod_idx_s_20_v398
1512994249,vem_supermod_23_8_t64_v33
1513051301,f_cl_clo_busf_l_0_7_t4_v1
1513077124,packed_mp_veh_mod_idx_2_v207
1513184464,packed_mp_veh_plate_id_v151
1513209911,m_cl_clo_bhm_f_1_1_t6_v1
1513251346,packed_mp_veh_mod_idx_s_19_v375
1513252905,packed_mp_veh_mod_idx_s_14_v173
1513255317,packed_mp_veh_mod_var_0_v101
1513317185,f_cl_clo_sbf_u_13_21_t11_v1
1513383394,packed_mp_veh_livery2_0_v351
1513395947,vem_cmod_tyr_0_t31_v4
1513445828,vem_rwd_suv_16_t19_v1
1513455086,wp_wct_c_tint_14_t2_v22_n2
1513473752,f_cl_clo_bif_u_24_0_t11_v1
1513537945,vem_roof_0_t12_v1
1513544651,f_cl_clo_h2f_b_9_11_t1_v1
1513553763,packed_mp_veh_mod_idx_s_0_v209
1513592309,packed_mp_veh_mod_idx_16_v368
1513632372,m_cl_clo_bim_decl_34_t100_v0
1513700433,packed_mp_veh_mod_idx_s_7_v190
1513861624,vem_colour_5_woodbeech_brown_t38_v3
1513880274,m_cl_clo_awm_f_0_21_t6_v1
1513880575,f_cl_f_fmf_5_0_t6_v0
1513888650,f_cl_clo_x6f_decl_0_t100_v0
1513892660,packed_mp_veh_mod_idx_s_15_v61
1513909869,hangar_mod_lighting_21_t0_v0
1513940361,m_cl_clo_hstmb_22_9_t1_v1
1514002057,m_cl_clo_smm_u_8_2_t11_v1
1514102717,m_cl_clo_smm_u_1_3_t11_v1
1514186965,packed_mp_veh_mod_idx_23_v268
1514215425,packed_mp_veh_mod_idx_s_12_v152
1514293105,packed_mp_veh_mod_idx_s_6_v60
1514295384,f_cl_clo_ief_u_2_0_t11_v1_cesp
1514336036,packed_mp_veh_mod_idx_14_v367
1514431764,m_cl_ht_fmm_7_2_t14_v0
1514469363,f_cl_clo_fxf_l_0_21_t4_v1
1514508950,f_cl_clo_h2f_f_5_14_t6_v1
1514627685,wp_pm_tint4_t3_v33
1514633515,packed_mp_veh_mod_idx_18_v214
1514669162,mp_stat_mpsv_model_330
1514693383,vem_spt_02_t19_v0
1514719473,packed_mp_veh_plate_id_v93
1514752627,vem_grill_0_t8_v27
1514772036,f_cl_clo_scf_u_55_16_t11_v1
1514863273,packed_mp_veh_mod_idx_s_3_v13
1514903602,f_ta_tat_s2_016_t0_v0
1514943928,f_cl_clo_x6f_u_1_7_t11_v1
1514955381,vem_offr_22_t19_v2
1514966546,pm_coupon_plane_site
1514998611,packed_mp_veh_plate_id_v400
1515072557,f_cl_clo_v2f_o_8_t8_v12
1515110401,f_cl_clo_bhf_decl_60_t100_v0
1515232691,f_cl_clo_fxf_pe_2_3_t14_v1
1515279753,packed_mp_veh_colour2_0_v226
1515311058,f_cl_clo_fxf_pe_5_9_t14_v1
1515315267,vem_colour_extra_1_mct_pearlescent_midnight_blue_t24_v1
1515355570,packed_ng_vehicle_neon_kit_v368
1515356604,vem_cmod_hrn_mus1_t10_v37
1515364420,ve_iwagen_t0_v3
1515376948,f_cl_clo_suf_u_6_3_t11_v1
1515434203,vem_colour_extra_1_mct_metallic_sunset_red_t24_v0
1515436302,vem_colour_2_mct_classic_candy_red_t25_v2
1515459168,packed_mp_veh_mod_idx_13_v102
1515701717,packed_mp_veh_mod_idx_s_6_v133
1515745166,packed_mp_veh_mod_idx_s_0_v385
1515774909,service_spend_airstrike
1515780733,vem_insurance_radi
1515808642,packed_mp_veh_colour2_0_v74
1515834506,vem_cmod_hrn_0_t10_v28
1516062661,vem_loride_06_t19_v3
1516071243,packed_mp_veh_mod_idx_s_22_v202
1516106203,vem_colour_extra_1_mct_pearlescent_race_yellow_t24_v0
1516209333,f_cl_clo_exf_g_10_10_t14_v0
1516239448,vem_supermod_45_9_t45_v7
1516330650,packed_mp_veh_mod_idx_5_v409
1516396422,vem_colour_extra_1_mct_metallic_bright_purple_t24_v1
1516423702,f_cl_clo_h4f_decl_65_t100_v0
1516449642,vem_cmod_neoncol_8_t21_v26
1516463684,m_cl_ht_fmm_4_0_t14_v0
1516468192,m_ta_tat_bi_047_t0_v0
1516483499,packed_mp_veh_window_tint_0_v128
1516498367,vem_colour_1_mct_matte_red_t24_v1
1516593040,packed_mp_veh_mod_idx_s_0_v316
1516653439,vem_colour_2_mct_classic_bleeched_brown_t25_v3
1516839459,wp_wct_flash_t1_v1
1516883225,f_ta_tat_bi_056_t0_v0_cesp
1516938063,packed_mp_veh_mod_idx_s_13_v169
1516999741,vem_bikew_15_t19_v4
1517065536,packed_ng_vehicle_neon_v297
1517093611,vem_insurance_openwheel1
1517188743,packed_mp_veh_mod_idx_s_10_v393
1517220691,packed_mp_veh_mod_idx_s_17_v379
1517252395,f_cl_outfit_clo_h3f_o_sl_34_t12_v0
1517397864,f_cl_clo_trf_ph_2_13_t14_v1
1517409036,m_cl_u_fmm_12_3_t8_v1
1517467360,m_cl_clo_grm_u_0_1_t11_v1
1517617423,vem_smod3_whlv97_t66_v3
1517651454,packed_mp_veh_livery_0_v154
1517664751,packed_mp_veh_mod_idx_14_v250
1517665318,m_cl_clo_exm_ob_0_t3_v12
1517726080,vem_bumper_f_6_t34_v2
1517741856,vem_supermod_4_11_t45_v27
1517825634,packed_mp_veh_mod_idx_s_20_v250
1517936400,packed_mp_veh_mod_idx_s_17_v286
1518065789,vem_supermod_23_16_t64_v27
1518162751,f_cl_clo_val_decl_a_t11_v1
1518227791,vem_colour_extra_1_mct_classic_chocolate_brown_t24_v3
1518229390,f_ha_cc_f_hs_5_t0_v0
1518299087,f_cl_clo_x6f_t_8_0_t7_v1
1518310765,packed_ng_vehicle_neon_kit_v325
1518344568,vem_supermod_51_7_t51_v7
1518358331,vem_horn_xm15_3_t10_v34
1518367341,m_ta_tat_hp_020_t0_v0
1518460644,dec_vw_aw_mt_39
1518512149,f_cl_clo_x6f_u_2_10_t11_v1
1518552612,m_cl_clo_scm_ph_7_0_t14_v1
1518637635,packed_mp_veh_mod_idx_2_v372
1518651083,vem_offr_16_t19_v2
1518703054,vem_supermod_21_0_t62_v26
1518781399,mp_stat_mpsv_model_204
1518884863,m_cl_outfit_clo_hilf_o_17_t12_v0
1518896707,packed_mp_veh_mod_idx_13_v385
1518915158,ie_wh_index_7_t0_v0
1518978956,vem_insurance_rogue
1519093296,packed_mp_veh_mod_idx_12_v72
1519130507,cf_mission_passed_acd
1519263881,vem_colour_1_mct_classic_midnight_blue_t24_v0
1519276872,packed_mp_veh_mod_idx_s_19_v123
1519310537,vem_horn_cnote_b0_t10_v26
1519352229,m_ha_cc_body_1_5_t3_v0
1519447852,f_cl_clo_awf_b_4_10_t1_v1
1519474022,packed_mp_veh_mod_idx_11_v375
1519583415,vem_cmod_hrn_clo_t10_v38
1519651172,packed_mp_veh_mod_idx_22_v282
1519683368,mp_stat_bunker_savebed_v0
1519686849,vem_cmod_neoncol_4_t21_v36
1519832542,m_cl_clo_bhm_u_5_19_t11_v1
1519865931,packed_mp_veh_mod_idx_s_22_v72
1519878940,f_cl_clo_hp_f_t_0_1_t7_v1
1519891547,packed_mp_veh_mod_idx_s_14_v353
1519914787,m_cl_clo_iem_u_18_4_t11_v1
1519945252,packed_mp_veh_livery2_0_v251
1520048209,f_cl_clo_h2f_f_5_0_t6_v1
1520083812,packed_mp_veh_mod_idx_s_11_v245
1520118379,vem_smod5_whlv13_t66_v0
1520259079,packed_mp_veh_mod_idx_s_5_v166
1520272133,vem_supermod_9_9_t50_v26
1520280602,f_cl_clo_stf_h_9_11_t14_v1
1520288228,packed_ng_vehicle_bpt_v14
1520314430,f_cl_outfit_clo_exf_oa_2_t12_v0
1520356626,packed_mp_veh_mod_idx_0_v152
1520366320,packed_ng_vehicle_neon_kit_v122
1520371051,vem_supermod_10_21_t51_v11
1520435920,packed_mp_veh_mod_idx_22_v213
1520530462,vem_colour_1_mct_classic_anthr_black_t24_v1
1520537022,packed_mp_veh_plate_id_v352
1520584181,m_cl_clo_vwm_u_6_24_t11_v1
1520699003,m_ta_tat_fm_217_t0_v0
1520712558,f_cl_clo_trf_u_7_1_t11_v1
1520737174,f_cl_clo_smf_b_3_3_t1_v1
1520757183,vem_smod5_whlv203_t66_v3
1520811829,f_cl_clo_stf_u_9_3_t11_v1
1520859290,m_cl_clo_fxm_ph_4_14_t14_v1
1520892700,vem_smod4_whlv8_t66_v0
1520919274,vem_rwd_suv_08_t19_v2
1521050658,packed_mp_veh_mod_idx_s_9_v55
1521098401,f_cl_clo_smf_u_3_6_t11_v1
1521130812,vem_engine_3_t5_v35
1521178074,kosatk_gms_0_t0_v0
1521244106,pr_mp_prop_68_t0_v0
1521291484,vem_armour_1_t1_v29
1521362287,packed_mp_veh_livery_0_v204
1521368625,packed_mp_veh_mod_idx_7_v81
1521433687,packed_mp_veh_mod_idx_s_21_v404
1521502669,packed_mp_veh_mod_idx_s_1_v68
1521571732,packed_mp_veh_mod_idx_3_v150
1521699182,packed_mp_veh_mod_idx_s_2_v386
1521711427,packed_mp_veh_mod_idx_22_v108
1521714328,m_cl_clo_grm_g_1_19_t3_v1
1521772162,packed_mp_veh_wheel_type_0_v181
1521810308,vem_colour_extra_1_mct_classic_candy_red_t24_v3
1521860033,vem_colour_extra_1_mct_metallic_spin_purple_t24_v0
1521948982,vem_colour_extra_1_mct_pearlescent_graphite_t24_v4
1521983442,f_cl_clo_hstf_u_11_3_t11_v1
1522038712,vem_supermod_1_0_t42_v34
1522096249,packed_mp_veh_colour2_0_v203
1522133673,f_cl_clo_awf_ph_2_14_t14_v1
1522145764,packed_mp_veh_secondary_colour_group_v42
1522147698,vem_cmod_col5_38_t29_v1
1522196305,m_cl_clo_s1m_f_1_9_t6_v1
1522251058,packed_mp_veh_mod_idx_s_5_v270
1522369053,m_cl_clo_sum_u_15_4_t11_v1
1522486103,f_cl_clo_vwf_pw_9_2_t14_v1
1522491220,vem_brake_1_t2_v37
1522577518,ve_lectro_t1_v3
1522584784,m_cl_clo_arm_u_3_1_t11_v1
1522605584,wp_wm_tint5_t2_v97
1522615223,packed_mp_veh_mod_idx_3_v411
1522694306,packed_mp_veh_mod_idx_13_v324
1522742063,m_cl_clo_stm_o_4_t3_v12_cesp
1522747358,vem_smod4_whlv206_t66_v3
1522912171,ve_khanjali_t1_v34
1522991766,m_cl_clo_x2m_ht_5_4_t14_v1
1523081459,packed_mp_veh_colour_extra1_0_v402
1523126472,vem_armour_1_t1_v7
1523138946,m_cl_u_fmm_3_1_t11_v0
1523156353,m_cl_clo_exm_eu_10_0_t11_v1
1523259977,f_cl_clo_x6f_b_3_3_t1_v1
1523284042,vem_bikew_27_t19_v3
1523342086,packed_mp_veh_mod_idx_s_3_v382
1523596055,f_cl_clo_hst_b_0_0_t1_v1
1523633592,packed_mp_veh_mod_idx_1_v352
1523694862,vem_colour_2_mct_classic_sea_green_t25_v1
1523784478,vem_smod_whl25_t19_v12
1523945756,vem_spoiler_15_t14_v3
1524015575,packed_ng_vehicle_neon_v322
1524022654,wp_wct_scope_med_t1_v10
1524078173,vem_supermod_5_5_t46_v10
1524120338,m_cl_clo_bim_s_10_13_t8_v1
1524189734,vem_spoiler_21_t14_v38
1524193628,m_cl_clo_x6m_b_2_3_t1_v1
1524232686,m_cl_clo_valm_s_0_4_t8_v1
1524381825,vem_supermod_20_1_t61_v3
1524482905,f_cl_clo_x2f_l_0_3_t4_v1
1524527531,packed_mp_veh_colour_extra2_0_v227
1524572177,f_cl_clo_l2f_l_1_3_t4_v1
1524583687,m_cl_clo_x4m_u_13_2_t11_v1
1524649964,packed_mp_veh_primary_colour_group_v358
1524717178,packed_mp_veh_plate_id_v40
1524765012,packed_mp_veh_mod_idx_s_0_v91
1524774007,packed_mp_veh_mod_idx_2_v124
1524779256,packed_mp_veh_plate_id_v83
1524803507,m_cl_clo_stm_o_e_2_t3_v12
1524811266,mp_stat_mpsv_model_81
1524835015,ve_gauntlet5_t0_v27
1524843064,vem_insurance_imperator
1524916971,vem_supermod_8_0_t49_v10
1524981503,f_cl_clo_suf_decl_0_t100_v0
1524986163,m_cl_clo_x3m_b_2_1_t1_v1
1525022960,m_ta_tat_s2_029_t0_v0
1525055117,packed_lr_vehicle_colour_6_v401
1525071235,packed_mp_veh_mod_idx_s_15_v289
1525077714,m_cl_clo_hp_u_3_2_t8_v1
1525188469,m_cl_clo_iem_u_3_7_t11_v1
1525192381,ve_pbus2_n1_t1_v7
1525387287,m_cl_clo_smm_b_4_20_t1_v1
1525394499,m_cl_clo_vwm_pw_0_3_t14_v1
1525465084,packed_lr_vehicle_colour_5_v359
1525487986,m_cl_clo_awm_l_5_1_t4_v1
1525544384,f_cl_clo_x2f_u_0_1_t11_v1
1525581742,packed_mp_veh_mod_idx_22_v56
1525589195,f_cl_outfit_clo_h3f_o_sl_16_t12_v0
1525644423,service_earn_ambient_job_dead_drop
1525688314,vem_chassis_26_t4_v35
1525719820,m_cl_clo_vwm_d_1_11_t10_v1
1525738934,vem_exhaust_2_t6_v6
1525777584,ve_everon2_t0_v3
1525790915,f_cl_clo_grf_g_0_4_t3_v1
1525901680,vem_loride_08_t19_v0
1526013581,vem_supermod_48_2_t48_v7
1526043235,packed_mp_veh_mod_idx_s_11_v141
1526062815,m_cl_clo_trm_ph_2_13_t14_v1
1526072930,m_cl_outfit_clo_awm_o_e_3_t12_v0
1526118888,packed_mp_veh_mod_idx_s_2_v73
1526119464,packed_mp_veh_mod_idx_s_2_v99
1526161197,packed_mp_veh_mod_idx_23_v158
1526199736,f_cl_clo_vwf_l_1_7_t4_v1
1526323105,vem_fender_l_2_t36_v1
1526337862,vem_supermod_3_11_t44_v3
1526452566,packed_ng_vehicle_smoke_v331
1526505689,vem_insurance_bati2
1526652010,packed_mp_veh_mod_idx_13_v403
1526668570,m_cl_clo_grm_b_0_0_t1_v1
1526670515,vem_cmod_tyr_9_t18_v39
1526698584,vem_rwd_loride_08_t19_v1
1526768011,packed_mp_veh_mod_idx_s_20_v148
1526785683,packed_mp_veh_mod_idx_s_19_v384
1526953590,f_cl_g_fmf_4_4_t14_v0
1527226888,vem_colour_2_mct_classic_midnight_blue_t25_v3
1527240271,m_cl_clo_vwm_d_1_9_t10_v1
1527257896,packed_mp_veh_mod_idx_s_13_v309
1527329543,packed_mp_veh_mod_idx_5_v128
1527441268,vem_fender_l_3_t36_v6
1527512571,m_cl_clo_hstm_b_15_6_t1_v1
1527524358,packed_ng_vehicle_insurance_v386
1527541875,f_cl_clo_awf_decl_21_t100_v0
1527552025,packed_mp_veh_mod_idx_s_23_v162
1527583552,packed_ng_vehicle_neon_kit_v355
1527585725,vem_engine_3_t5_v10
1527593655,vem_supermod_17_20_t58_v3
1527609433,f_cl_clo_trf_decl_2_t100_v0
1527677575,vem_cmod_pla_4_t23_v0
1527694837,packed_mp_veh_primary_colour_group_v94
1527705606,f_cl_clo_vwf_u_4_21_t11_v1
1527728654,packed_mp_veh_mod_idx_4_v269
1527877025,m_cl_clo_stm_ht6_10_t14_v1_cesp
1527968904,m_cl_clo_iem_u_16_2_t11_v1
1528021358,f_cl_clo_bus_p_0_9_t14_v0
1528077320,m_cl_clo_bim_decl_20_t11_v1
1528157342,m_cl_clo_h4m_decl_24_t11_v1
1528226751,m_ha_hair_beard17_t1_v1
1528288801,packed_mp_veh_mod_idx_3_v130
1528528645,f_cl_clo_bbf_f_006_t6_v1
1528576283,f_cl_clo_indf_d_8_t8_v1
1528583441,wp_wct_clip_tr_t1_v13_n2
1528586494,packed_mp_veh_mod_idx_s_0_v317
1528615277,packed_mp_veh_primary_colour_group_v329
1528707408,f_cl_clo_h2f_b_1121_t1_v1
1528775802,m_cl_clo_fxm_l_4_18_t4_v1
1528779587,f_cl_t_fmf_7_0_t7_v0
1528805954,packed_mp_veh_mod_idx_s_5_v233
1528921347,f_cl_clo_hstf_g_0_0_t3_v1
1529013196,packed_mp_veh_colour_extra1_0_v106
1529083631,dec_vw_aw_mf_5b
1529104079,m_ta_tat_bi_060_t0_v0
1529302154,vem_smod_whlv211_t66_v3
1529376038,m_cl_clo_sum_u_14_2_t11_v1
1529492164,vem_colour_mct_none_18
1529504504,packed_ng_vehicle_neon_v30
1529608773,packed_mp_veh_mod_idx_s_17_v334
1529764905,m_cl_clo_s1m_ph_1_1_t14_v1
1529819379,ve_tenf_t0_v3
1529822605,f_cl_clo_grf_b_3_16_t1_v1
1529874778,vem_supermod_0_10_t41_v26
1529905794,m_cl_clo_vwm_l_3_18_t4_v1
1529929702,vem_cmod_neonlay_0_t21_v36
1529956287,m_cl_clo_x6m_ey_3_10_t14_v1
1530031635,packed_mp_veh_mod_idx_s_4_v196
1530086224,m_cl_clo_bim_ph_1_2_t14_v1
1530298999,packed_mp_veh_mod_var_0_v286
1530484039,m_cl_clo_busm_g1_4_t14_v1
1530558832,f_cl_clo_indf_ht_4_0_t14_v0
1530713854,m_cl_clo_exm_eu_1110_t11_v1
1530732293,mp_stat_arenagarage_mod_floor_b2_v0
1530859937,packed_mp_veh_mod_idx_23_v408
1530863282,f_cl_clo_exf_eu_15_6_t11_v1
1531018523,f_cl_clo_awf_ph_2_15_t14_v1
1531036147,vem_supermod_13_0_t54_v5
1531038590,m_cl_clo_x6m_ph_11_1_t14_v1
1531058091,packed_ng_vehicle_bpt_v176
1531063634,packed_ng_vehicle_insurance_v393
1531132838,packed_mp_veh_mod_idx_16_v223
1531172115,vem_supermod_49_16_t49_v7
1531179786,f_cl_clo_fxf_u_6_10_t11_v1
1531327802,f_cl_clo_l2f_u_7_1_t11_v1
1531381756,f_ha_cc_blush_1_t6_v1
1531462091,vem_rwd_hiend_13_t19_v1
1531468623,m_cl_clo_l2m_w_15_1_t14_v1
1531526934,packed_mp_veh_mod_idx_s_16_v56
1531567403,packed_mp_veh_colour1_0_v205
1531632563,packed_mp_veh_mod_var_1_v83
1531668843,packed_mp_veh_mod_idx_s_14_v147
1531694154,f_cl_clo_suf_u_20_12_t11_v1
1531728573,f_cl_clo_x6f_b_2_14_t1_v1
1531827864,packed_mp_veh_mod_idx_10_v309
1531830971,packed_mp_veh_colour2_0_v57
1531833625,packed_mp_veh_mod_idx_s_2_v151
1531894821,packed_mp_veh_mod_idx_s_0_v174
1531899727,vem_smod_whlv44_t66_v0
1531923563,m_cl_clo_bim_pe_0_0_t14_v1
1532040216,packed_mp_veh_mod_idx_24_v288
1532065423,vem_roof_20_t12_v1
1532186505,packed_mp_veh_mod_idx_s_3_v173
1532192367,ve_insurgent3_t0_v30
1532207425,f_cl_clo_h4f_u_6_5_t11_v1
1532260339,packed_mp_veh_mod_idx_s_4_v160
1532286316,f_cl_clo_h2f_u_6_19_t11_v1
1532310749,vem_rwd_spt_19_t19_v12
1532427802,packed_lr_vehicle_colour_5_v173
1532496284,packed_mp_veh_mod_idx_18_v243
1532538238,vem_colour_1_mct_classic_moss_brown_t24_v0
1532634355,packed_mp_veh_mod_idx_18_v134
1532741744,m_cl_clo_x6m_ph_8_15_t14_v1
1532864099,f_cl_outfit_clo_x5f_o_a_3_t12_v0
1532946353,packed_mp_veh_colour2_0_v99
1533051107,f_cl_clo_x5f_u_16_2_t11_v1
1533114970,m_ta_tat_sb_017_t0_v0
1533144809,f_cl_clo_h3f_decl_14_t11_v1
1533305290,f_cl_clo_fxf_ph_2_4_t14_v1
1533368282,vem_smod4_whlv207_t66_v3
1533434727,packed_ng_vehicle_neon_kit_v119
1533567296,f_cl_f_fmf_9_2_t6_v0
1533577441,packed_mp_veh_mod_idx_6_v398
1533578726,vem_supermod_10_10_t51_v38
1533623651,packed_mp_veh_colour_extra2_0_v369
1533649403,vem_smod5_whlv161_t66_v3
1533654643,m_ta_tat_vw_026_t0_v0
1533840842,m_cl_clo_bim_u_18_3_t11_v1
1533946226,f_cl_clo_valf_u_1_0_t11_v1
1533969441,f_cl_clo_grf_decl_12_t11_v1
1533976216,packed_ng_vehicle_smoke_v58
1533987913,m_cl_clo_grm_f_1_4_t6_v1
1534015668,packed_mp_veh_mod_idx_9_v307
1534021205,f_cl_clo_grf_u_15_5_t11_v1
1534107576,packed_ng_vehicle_smoke_v47
1534173617,packed_mp_veh_secondary_colour_group_v352
1534194513,m_cl_clo_indm_d_4_t100_v0
1534310587,f_cl_g_fmf_9_5_t14_v0
1534345008,f_cl_clo_bhf_u_1_3_t11_v1
1534379915,m_cl_u_fmm_1_12_t11_v0
1534435496,pr_pm_bwall_1_t0_v0
1534532406,packed_mp_veh_mod_idx_14_v102
1534541781,f_ta_tat_aw_000_t0_v0
1534652969,f_cl_outfit_clo_awf_o_d_7_t12_v0
1534710031,packed_mp_veh_colour1_0_v232
1534722318,packed_mp_veh_mod_idx_11_v137
1534991802,m_cl_clo_trm_u_9_13_t11_v1
1534992359,packed_mp_veh_mod_idx_s_13_v34
1534994116,m_cl_clo_iem_l_1_0_t4_v1
1534997739,packed_mp_veh_mod_idx_s_13_v59
1535002935,m_cl_sp_fmm_6_7_t8_v1
1535070581,m_ta_tat_l2_025_t0_v0
1535286114,m_cl_outfit_clo_h3m_o_sh_22_t12_v0
1535296908,packed_lr_vehicle_colour_5_v394
1535344150,vem_offr_05_t19_v12
1535350168,f_cl_clo_vwf_u_4_8_t11_v1
1535468559,f_cl_clo_h2f_u_3_6_t11_v1
1535709721,vem_colour_extra_1_mct_classic_harbor_blue_t24_v0
1535729168,f_cl_clo_h3f_u_10_1_t11_v1
1535739867,m_cl_clo_h4m_pey_0_3_t14_v1
1535750096,packed_ng_vehicle_neon_kit_v81
1535809969,packed_mp_veh_mod_idx_s_22_v319
1535975360,packed_ng_vehicle_neon_v312
1536016082,vem_supermod_0_8_t41_v10
1536085802,ig_buy_1_t0_v0
1536132154,f_cl_clo_smf_b_7_4_t1_v1
1536186588,m_cl_clo_hstmb_14_12_t1_v1
1536246421,m_cl_clo_x6m_ph_1_9_t14_v1
1536371395,packed_mp_veh_mod_idx_6_v16
1536379364,packed_mp_veh_mod_idx_s_23_v279
1536391415,packed_ng_vehicle_smoke_v114
1536438228,m_cl_clo_exm_g_7_10_t14_v0
1536545170,m_cl_clo_iem_f_0_3_t6_v1
1536798646,f_ta_tat_h4_024_t0_v0
1536855234,f_cl_clo_bif_u_10_15_t11_v1
1536881618,f_cl_outfit_clo_grf_o_10_t12_v0
1536887538,packed_mp_veh_mod_idx_s_21_v288
1536911938,vem_supermod_43_6_t43_v7
1536942984,m_cl_clo_h3m_o_fib_3_t3_v12
1536998743,f_cl_clo_vwf_u_19_18_t11_v1
1537081145,packed_mp_veh_mod_idx_s_11_v330
1537154861,packed_mp_veh_mod_idx_10_v273
1537209152,packed_ng_vehicle_smoke_v164
1537244265,vem_colour_2_mct_matte_matte_desert_t25_v1
1537271756,m_cl_clo_h3m_o_jan_2_t3_v12
1537331776,m_cl_clo_grm_b_0_10_t1_v1
1537363564,vem_colour_1_mct_classic_grace_red_t24_v1
1537455429,wp_wct_tint_11_t2_v13_n2
1537686005,packed_mp_veh_primary_colour_group_v236
1537764649,m_cl_clo_hp_d_0_t11_v1
1537804285,f_cl_clo_awf_decl_43_t100_v0
1537852465,f_cl_clo_stf_u_5_14_t11_v1
1537904541,f_cl_clo_h4f_b_0_5_t1_v1
1537923696,m_cl_clo_grm_u_3_14_t11_v1
1537989171,vem_horn_clas2_t10_v27
1538001828,packed_mp_veh_mod_idx_6_v371
1538041430,packed_lr_vehicle_colour_6_v140
1538106736,f_cl_clo_x6f_o_o_1_t3_v12
1538121373,packed_mp_veh_mod_var_0_v237
1538146402,factory_index_12_t0_v0
1538179553,f_cl_clo_lxf_t_17_1_t7_v1
1538205619,pr_pm_bfont_6_t0_v0
1538251939,ve_entityxf_t0_v3
1538255963,vem_cmod_col5_31_t29_v0
1538260922,packed_mp_veh_mod_idx_s_8_v209
1538324743,packed_mp_veh_mod_idx_22_v302
1538326481,packed_mp_veh_mod_idx_s_4_v239
1538355722,vem_smod4_whlv157_t66_v1
1538423628,f_cl_outfit_clo_arf_o_12_t12_v0
1538438777,vem_horn_hween2_t10_v10
1538546016,vem_horn_hween2_t10_v7
1538569448,m_cl_g_fmm_2_4_t14_v0
1538572878,m_cl_clo_hp_d_7_t11_v1
1538641688,f_cl_clo_sbf_u_13_23_t11_v1
1538683754,packed_mp_veh_mod_idx_s_23_v246
1538695757,m_cl_clo_vwm_decl_9_t100_v0
1538737044,vem_colour_1_mct_classic_spin_purple_t24_v1
1538758569,packed_mp_veh_mod_idx_s_21_v112
1538763632,vem_supermod_43_9_t43_v7
1538794145,packed_mp_veh_colour2_0_v338
1538858868,mp_stat_ie_wh_owned_vehicle_7_v0
1539118730,packed_ng_vehicle_neon_v104
1539139069,m_ta_tat_fx_025_t0_v0
1539197133,m_cl_clo_sum_l_2_5_t4_v1
1539234353,vem_supermod_8_0_t49_v5
1539290268,m_cl_clo_x6m_ph_10_4_t14_v1
1539298082,f_cl_clo_bhf_u_5_6_t11_v1
1539367344,m_cl_clo_bim_decl_51_t100_v0
1539521916,f_cl_clo_fxf_u_14_0_t11_v1
1539593139,packed_ng_vehicle_neon_v160
1539597187,m_cl_clo_vwm_pey_115_t14_v1
1539731656,vem_supermod_3_1_t44_v10
1539762002,f_cl_clo_hstf_u_7_3_t11_v1
1539919278,f_cl_clo_stf_o_19_t11_v12_cesp
1539944475,m_cl_clo_h4m_u_3_18_t11_v1
1539946811,packed_mp_veh_mod_idx_9_v53
1540022373,packed_mp_veh_secondary_colour_group_v406
1540129934,vem_spoiler_1_t14_v4
1540189136,packed_mp_veh_mod_idx_1_v120
1540249407,fa_upgrade_weed_setup_1_t0_v0
1540255489,vem_colour_extra_1_mct_matte_purple_t24_v3
1540309975,packed_mp_veh_mod_idx_s_16_v217
1540534243,f_cl_clo_hstf_b_6_0_t1_v1
1540551443,m_cl_o_fmm_b6_t3_v12
1540616778,vem_insurance_asea
1540661023,packed_mp_veh_mod_idx_s_13_v260
1540870125,m_ha_cc_m_hs_7_t0_v1
1541006123,packed_mp_veh_mod_idx_s_19_v16
1541120033,vem_smod_whlv66_t66_v3
1541122386,m_cl_clo_x6m_ph_1016_t14_v1
1541229724,vem_cmod_tyr_11_t18_v26
1541235384,f_cl_clo_vwf_u_6_20_t11_v1
1541293716,vem_horn_hips3_t10_v1
1541412782,f_cl_l_fmf_8_9_t4_v0
1541452157,packed_mp_veh_mod_idx_s_6_v319
1541480018,vem_supermod_2_4_t43_v26
1541501560,wp_wct_c_tint_23_t2_v70_n2
1541517129,m_ta_tat_fm_240_t0_v0
1541553252,m_cl_clo_awm_decl_17_t100_v0
1541673263,packed_mp_veh_mod_idx_16_v403
1541695719,packed_mp_veh_mod_idx_s_19_v254
1541699498,m_cl_f_fmm_1_6_t6_v0
1541815426,packed_mp_veh_mod_idx_1_v91
1541884411,packed_mp_veh_mod_idx_s_1_v84
1541916306,f_cl_clo_smf_ph_3_25_t14_v1
1541947632,wp_wm_tint1_t2_v9
1541972250,m_cl_outfit_clo_bus_m_o_24_t12_v0
1541991502,ve_bus_t1_v0
1542016467,packed_mp_veh_mod_idx_5_v134
1542096727,packed_mp_veh_colour_extra1_0_v295
1542162337,f_cl_clo_stf_ht6_11_t14_v1
1542205046,packed_mp_veh_primary_colour_group_v144
1542230467,m_cl_outfit_clo_exm_ob_12_t12_v0
1542293988,f_cl_outfit_clo_v2f_o_9_t12_v0
1542506636,m_cl_clo_grm_u_16_12_t11_v1
1542513227,vem_cmod_col5_13_t29_v2
1542538256,f_cl_outfit_clo_scf_o_5_t12_v0
1542543759,m_cl_outfit_clo_hilf_o_18_t12_v0
1542724961,vem_yacht_col_15_v0
1542793823,m_cl_clo_hstmb_17_3_t1_v1
1542814535,vem_colour_extra_1_mct_pearlescent_gold_t24_v1
1542825143,packed_mp_veh_mod_idx_s_22_v340
1542872295,m_cl_outfit_clo_h4m_o_l1_m2_t12_v0
1543039699,vem_supermod_15_12_t56_v26
1543044689,vem_exhaust_0_t6_v3
1543096604,m_cl_clo_s2m_u_1_5_t11_v1
1543187515,packed_mp_veh_mod_idx_4_v332
1543197899,m_cl_clo_sum_u_16_8_t11_v1
1543316499,m_cl_clo_awm_b_8_10_t1_v1
1543467180,vem_horn_luxe1_t10_v39
1543470629,f_cl_clo_scf_b_7_0_t1_v1
1543476561,vem_smod4_whlv209_t66_v3
1543575164,packed_mp_veh_mod_idx_16_v359
1543583292,m_cl_clo_smm_ph_4_25_t14_v1
1543629204,f_cl_clo_sbf_pe_1_6_t14_v1
1543665225,packed_mp_veh_mod_idx_s_22_v274
1543773555,packed_mp_veh_mod_idx_10_v228
1543797842,vem_supermod_10_12_t51_v27
1543818505,vem_horn_luxe3_t10_v29
1543930003,vem_spoiler_6_t14_v28
1543934729,f_cl_clo_awf_u_1_19_t11_v1
1543944660,m_cl_clo_val_decl_d_t11_v1
1543991934,packed_mp_veh_mod_idx_6_v143
1544013840,dec_vw_aw_wv_12
1544063178,wp_wct_tint_12_t2_v56_n2
1544119444,mp_stat_auto_shop_staff_two_v0
1544188112,packed_mp_veh_mod_idx_18_v30
1544198650,vem_cmod_smoke_3_t18_v31
1544205067,vem_colour_1_mct_classic_harbor_blue_t24_v0
1544222253,f_cl_clo_smf_b_4_13_t1_v1
1544363281,f_cl_clo_busf_l_0_12_t4_v1
1544431071,f_cl_clo_fxf_ph_4_23_t14_v1
1544437764,m_ta_tat_s2_032_t0_v0
1544448753,m_cl_clo_bhm_u_6_10_t11_v1
1544584829,packed_ng_vehicle_insurance_v140
1544652286,f_cl_clo_stf_u_5_13_t11_v1
1544679089,packed_mp_veh_mod_idx_s_18_v227
1544681102,m_cl_clo_awm_f_4_0_t6_v1
1544718381,m_cl_clo_hstmb_14_4_t1_v1
1544763411,packed_ng_vehicle_neon_kit_v96
1544770000,vem_suspension_0_t15_v0
1544786605,packed_mp_veh_mod_idx_s_20_v45
1544806412,packed_mp_veh_mod_idx_6_v334
1544842956,m_cl_clo_hst_a_4_t11_v1
1544905126,m_cl_clo_vwm_u_17_21_t11_v1
1544983883,m_cl_clo_x6m_f_0_10_t6_v1
1545067747,m_cl_clo_valm_b_1_2_t1_v1
1545111693,vem_colour_extra_1_mct_pearlescent_candy_red_t24_v1
1545135005,m_cl_clo_h4m_u_5_0_t11_v1
1545139620,vem_supermod_23_40_n1_t64_v33
1545248473,autoshop_tnt_6_t0_v0
1545362569,m_cl_clo_x6m_ph_8_16_t14_v1
1545381959,f_cl_clo_vwf_u_18_10_t11_v1
1545411977,packed_mp_veh_mod_idx_s_15_v335
1545414491,wp_wct_tint_31_t2_v21_n2
1545419643,f_cl_clo_bif_s_17_23_t8_v1
1545434718,dec_vw_aw_mf_3a
1545521984,m_cl_clo_smm_u_4_4_t11_v1
1545545812,packed_mp_veh_primary_colour_group_v122
1545546382,f_cl_clo_jaf_o_3_t3_v12
1545559871,packed_mp_veh_mod_idx_s_16_v6
1545610417,packed_mp_veh_mod_idx_s_23_v281
1545660917,m_cl_clo_hstmb_22_15_t1_v1
1545666856,m_cl_clo_trm_o_r3_t3_v12
1545809431,f_cl_clo_x6f_ph_1_4_t14_v1
1545816506,packed_mp_veh_mod_idx_s_18_v154
1545885496,f_cl_clo_x6f_ey_3_13_t14_v1
1545972704,packed_mp_veh_mod_var_0_v88
1546063758,f_cl_clo_scf_u_0_3_t11_v1
1546207133,vem_insurance_sadler
1546236667,f_cl_clo_bif_u_20_0_t11_v1
1546271089,f_cl_clo_x6f_f_4_25_t6_v1
1546321996,vem_engine_4_t5_v36
1546456373,m_cl_clo_x6m_ph_1_6_t14_v1
1546668550,m_cl_clo_stm_u_5_11_t11_v1
1546721762,m_cl_clo_fxm_l_3_6_t4_v1
1546746061,packed_mp_veh_mod_idx_s_16_v398
1546828387,wp_wct_clip_fmj_t0_v46_n2
1546868999,f_cl_clo_smf_ph_0_7_t14_v1
1546875567,f_cl_clo_ltsfh_0_0_t14_v1
1546877896,vem_cmod_neoncol_0_t21_v27
1546957949,packed_mp_veh_mod_idx_s_23_v410
1547009676,m_cl_clo_grm_u_3_0_t11_v1
1547085215,m_cl_clo_awm_l_3_10_t4_v1
1547190344,vem_horn_clas3_t10_v0
1547229221,m_ta_tat_vw_031_t0_v0
1547233685,f_cl_clo_exf_el_0_1_t4_v1
1547433915,m_cl_g_fmm_12_3_t14_v0
1547442276,packed_ng_vehicle_bpt_v401
1547542574,packed_mp_veh_mod_idx_s_15_v310
1547547206,packed_mp_veh_mod_idx_13_v231
1547588928,vem_colour_5_sienna_brown_t38_v3
1547653789,m_cl_clo_vwm_pw_0_1_t14_v1
1547671773,mba_floor0_7_t0_v1
1547777970,vem_colour_2_mct_metallic_lava_red_t25_v2
1547795638,packed_mp_veh_mod_idx_s_4_v279
1547812101,packed_mp_veh_mod_idx_9_v332
1547833914,f_cl_clo_arf_u_2_5_t11_v1
1547916482,packed_mp_veh_mod_var_1_v8
1547920962,packed_mp_veh_mod_idx_9_v149
1547936462,fixer_hq_art_2_t0_v0
1548121003,m_cl_clo_h3m_b_19_1_t1_v1
1548127525,m_cl_clo_s2m_u_6_6_t11_v1
1548186717,vem_turbo_0_t17_v7
1548194646,f_cl_clo_vwf_pw_5_4_t14_v1
1548262444,vem_trans_1_t16_v26
1548352977,vem_drft_04_t19_v3
1548363744,m_cl_clo_sum_u_14_16_t11_v1
1548402869,packed_mp_veh_mod_var_1_v45
1548417154,vem_fender_l_5_t36_v3
1548486255,vem_hood_13_t9_v38
1548516840,packed_mp_veh_mod_idx_s_14_v309
1548600491,vem_colour_mct_none_49
1548650035,vem_colour_1_mct_metals_br_steel_t24_v2
1548863672,vem_colour_2_mct_classic_maple_brown_t25_v1
1548886748,m_ta_tat_x6_022_t0_v0
1548888889,packed_ng_vehicle_bpt_v316
1548915384,ve_phantom2_t1_v3
1548991933,vem_supermod_23_2_t64_v16
1549014852,m_cl_outfit_clo_awm_o_e_6_t12_v0
1549115712,m_cl_outfit_clo_ltsm_o_6_t12_v0
1549167813,f_cl_clo_sbf_l_3_19_t4_v1
1549180493,m_cl_clo_hilf_o_11_t3_v12
1549238857,m_cl_outfit_clo_arm_o_12_t12_v0
1549299558,vem_smod2_whl15_t19_v12
1549320143,f_cl_clo_bhf_u_14_6_t11_v1
1549347924,packed_mp_veh_mod_idx_s_20_v207
1549451233,vem_truck_tint_5_t0_v0
1549467280,vem_insurance_bagger
1549468198,m_cl_outfit_clo_awm_o_b_2_t12_v0
1549532952,vem_colour_2_mct_classic_galaxy_blue_t25_v33
1549753056,m_cl_clo_bim_s_10_20_t8_v1
1549763674,packed_mp_veh_window_tint_0_v237
1549771702,f_cl_clo_grf_l_0_10_t4_v1
1549914943,packed_ng_vehicle_insurance_v273
1549984441,packed_mp_veh_mod_idx_s_7_v405
1550076490,m_cl_clo_lxm_e_8_1_t14_v1
1550217370,service_earn_wage_payment_bonus
1550236315,packed_mp_veh_mod_idx_s_13_v142
1550335930,vem_colour_2_mct_matte_matte_od_t25_v1
1550344260,vem_bumper_r_12_t35_v33
1550356425,vem_insurance_ardent
1550382122,packed_mp_veh_mod_var_0_v150
1550727156,f_cl_clo_hstf_t_4_0_t7_v1
1550753098,f_cl_clo_h3f_o_dl_16_t8_v12
1550768891,f_cl_clo_bus_f_o_20_t3_v12
1550846138,wp_wct_no_liv_t1_v48_n2
1550867854,m_cl_clo_grm_ph_4_4_t14_v1
1550909963,packed_ng_vehicle_neon_kit_v248
1550916274,packed_mp_veh_mod_idx_3_v83
1551036234,f_cl_clo_s1f_u_8_6_t11_v1
1551042259,packed_mp_veh_mod_idx_12_v81
1551047956,f_cl_clo_v2f_l_0_11_t4_v1
1551056481,wp_wct_tint_7_t2_v21_n2
1551161421,f_cl_clo_h3f_b_9_8_t1_v1
1551193524,vem_colour_2_mct_metallic_midnight_silver_t25_v0
1551209842,packed_ng_vehicle_bpt_v139
1551379358,f_cl_clo_vwf_u_2_5_t11_v1
1551408054,ve_astron_t0_v3
1551663678,packed_mp_veh_secondary_colour_group_v391
1551742902,m_cl_outfit_clo_stm_o_4_t12_v0
1551774566,packed_mp_veh_mod_idx_s_20_v268
1551803880,service_earn_bonus
1551819697,packed_mp_veh_mod_idx_s_0_v130
1551910824,f_cl_clo_awf_o_b_3_t3_v12
1551990962,m_cl_clo_bhm_u_16_10_t11_v1
1552025821,packed_mp_veh_mod_idx_23_v7
1552128890,vem_armour_3_t1_v2
1552268267,m_ha_brd_hp_9_t1_v1
1552463781,f_cl_outfit_clo_awf_o_i_0_t12_v0
1552510518,m_cl_clo_vwm_ph_0_18_t14_v1
1552541244,wp_wct_holo_t1_v46_n2
1552573800,m_cl_clo_trm_u_3_1_t11_v1
1552581312,vem_colour_extra_1_mct_classic_dark_blue_t24_v4
1552581800,m_cl_clo_ltsmb_1_4_t1_v1
1552635628,packed_mp_veh_mod_idx_s_18_v283
1552842759,vem_colour_1_mct_classic_dark_silver_t24_v33
1552852056,m_cl_clo_trm_u_15_13_t11_v1
1552890516,packed_mp_veh_mod_idx_3_v161
1552959977,packed_mp_veh_mod_idx_s_9_v174
1552961889,m_ta_tat_fm_226_t0_v0
1552978144,m_ta_tat_x6_035_t0_v0
1553015253,f_cl_clo_awf_u_3_12_t11_v1
1553041099,packed_mp_veh_mod_idx_s_12_v403
1553163356,packed_mp_veh_mod_idx_1_v244
1553181089,packed_mp_veh_mod_idx_s_17_v405
1553199812,m_cl_clo_jam_decl_1_t100_v0
1553377099,m_cl_clo_lxm_dec_4_t100_v0
1553408470,packed_mp_veh_window_tint_0_v181
1553428426,m_cl_u_fmm_9_11_t11_v0
1553532501,packed_mp_veh_mod_idx_16_v56
1553536852,m_cl_outfit_clo_h4m_o_sm_m2_t12_v0
1553644891,packed_mp_veh_mod_idx_s_17_v133
1553717690,f_cl_clo_smf_ph_4_13_t14_v1
1553733384,packed_mp_veh_mod_idx_12_v243
1553808421,vem_bumper_f_12_t34_v3
1553908869,packed_mp_veh_mod_idx_1_v1
1553963838,f_cl_ht_fmf_15_4_t14_v0
1553978884,ts_veh_2_t0_v0_sell
1554046718,packed_mp_veh_mod_idx_10_v312
1554118058,packed_ng_vehicle_neon_kit_v156
1554138488,packed_mp_veh_mod_idx_5_v263
1554139508,m_cl_clo_fxm_pe_2_9_t14_v1
1554234210,vem_smod5_whlv73_t66_v3
1554340182,f_cl_clo_fxf_ph_4_7_t14_v1
1554348007,wp_wct_muzz4_t1_v46_n2
1554392678,vem_rwd_bikew_19_t19_v3
1554649713,packed_mp_veh_mod_idx_s_7_v320
1554670227,packed_mp_veh_mod_idx_23_v157
1554680665,packed_mp_veh_mod_idx_s_23_v187
1554714737,f_cl_f_fmf_8_14_t6_v0
1554737061,vem_supermod_14_14_t55_v28
1554772319,packed_mp_veh_mod_idx_6_v125
1554965892,vem_supermod_3_35_t44_v27
1554996679,m_cl_clo_iem_b_4_1_t1_v1
1555056585,vem_horn_clas4_t10_v2
1555062734,packed_mp_veh_mod_idx_s_7_v222
1555079991,packed_mp_veh_secondary_colour_group_v343
1555224192,wp_wm_tint7_t2_v97
1555463015,packed_mp_veh_mod_idx_s_10_v297
1555470984,packed_mp_veh_mod_idx_s_13_v21
1555572232,packed_mp_veh_mod_idx_s_4_v39
1555709084,packed_mp_veh_mod_idx_4_v168
1555741509,m_cl_clo_vwm_u_10_6_t11_v1
1555825135,packed_mp_veh_mod_idx_s_4_v232
1555866886,packed_mp_veh_mod_idx_s_23_v387
1555926903,vem_colour_2_mct_metallic_creek_brown_t25_v1
1555964386,m_cl_clo_sbm_l_0_1_t4_v1
1555987546,packed_mp_veh_mod_idx_s_16_v163
1556028190,packed_mp_veh_mod_idx_s_18_v107
1556056388,packed_mp_veh_mod_idx_s_20_v2
1556108002,m_cl_clo_h4m_t_13_14_t7_v1
1556205375,m_cl_clo_vwm_decl_14_t100_v0
1556209554,vem_grill_5_t8_v3
1556481559,wp_wct_clip2_t1_v46_n2
1556495094,vem_rwd_drft_05_t19_v1
1556498789,packed_mp_veh_mod_idx_5_v157
1556590234,m_ta_tat_fx_027_t0_v0
1556729360,f_cl_clo_arf_u_3_3_t11_v1
1556812564,f_cl_clo_fxf_l_3_25_t4_v1
1556890202,packed_mp_veh_mod_idx_9_v266
1556962797,m_cl_clo_iem_u_18_11_t11_v1
1557215266,packed_mp_veh_mod_idx_s_6_v359
1557577312,f_cl_clo_bif_u_20_3_t11_v1
1557577597,m_cl_clo_sbm_l_0_9_t4_v1
1557646877,pr_pm_modshop_20_t87_v0
1557647765,vem_supermod_14_0_t55_v3
1557650788,f_cl_clo_awf_o_g_0_t8_v12
1557735928,packed_mp_veh_wheel_type_0_v390
1557781462,packed_mp_veh_colour2_0_v235
1557807277,packed_mp_veh_mod_idx_s_21_v407
1557808337,f_cl_clo_ltsfu_1_2_t11_v1
1557837587,vem_smod5_whlv127_t66_v3
1557843446,f_ta_tat_bi_018_t0_v0
1557894406,f_cl_clo_h2f_f_3_23_t6_v1
1557897888,packed_mp_veh_mod_idx_6_v80
1557912062,f_cl_clo_h3f_ph_5_20_t14_v1
1558054112,m_ta_tat_bi_043_t0_v0
1558100217,packed_mp_veh_mod_idx_s_14_v358
1558233488,packed_mp_veh_primary_colour_group_v247
1558337237,m_cl_clo_smm_u_2_23_t11_v1
1558491765,packed_mp_veh_mod_idx_s_4_v333
1558546764,m_cl_clo_scm_f_0_9_t6_v1
1558626614,f_ha_cc_mkup_41_t7_v1
1558680635,packed_mp_veh_mod_idx_s_11_v126
1558710467,vem_supermod_14_17_t55_v3
1558730309,m_cl_clo_vwm_ph_1_9_t14_v1
1558742104,dec_vw_aw_mf_2
1558782398,m_cl_clo_h3m_ph_6_10_t14_v1
1558804417,vem_insurance_maverick
1558879547,packed_mp_veh_mod_idx_s_21_v120
1558919850,m_cl_clo_h4m_decl_16_t100_v0
1559032855,vem_colour_2_mct_matte_blue_t25_v3
1559111542,f_cl_clo_bhf_u_1_8_t11_v1
1559161168,vem_cmod_col5_33_t29_v3
1559175279,packed_mp_veh_livery2_0_v9
1559251393,dec_vw_aw_wv_1d
1559287913,m_cl_he_fmm_16_4_t14_v0
1559523117,f_cl_clo_lxf_u_6_5_t11_v1
1559531829,m_cl_clo_arm_u_2_4_t11_v1
1559553928,ve_issi7_t0_v3
1559619672,dec_vw_aw_wv_66
1559640532,f_cl_clo_hp_f_d_9_t8_v1
1559742786,vem_colour_extra_1_mct_pearlescent_white_t24_v1
1560003992,packed_mp_veh_colour_extra1_0_v349
1560068137,packed_mp_veh_mod_idx_14_v262
1560139243,vem_colour_2_mct_metallic_bright_purple_t25_v3
1560179656,vem_insurance_nero2
1560186714,packed_mp_veh_mod_idx_s_23_v342
1560210833,wp_gsa_type_r_t0_v4
1560233931,f_ha_cc_mkup_85_t5_v0
1560258087,m_cl_clo_vwm_pw_5_4_t14_v1
1560270013,m_cl_clo_vwm_b_8_1_t1_v1
1560372515,packed_ng_vehicle_bpt_v269
1560374057,m_cl_clo_h4m_decl_3_t100_v0
1560396215,packed_mp_veh_mod_idx_s_18_v196
1560399986,f_cl_clo_awf_l_1_11_t4_v1
1560411444,vem_rwd_hiend_08_t19_v3
1560419845,packed_mp_veh_mod_idx_s_8_v72
1560486025,vem_rwd_drft_08_t19_v0
1560556252,packed_mp_veh_mod_idx_23_v228
1560579083,f_cl_clo_awf_f_8_3_t6_v1
1560595222,f_cl_u_fmf_13_7_t8_v0
1560602048,m_cl_clo_exm_au_21_0_t11_v1
1560845380,ve_marshall_n1_t1_v5
1560909685,vem_supermod_0_0_t41_v34
1560917056,m_ta_tat_bi_004_t0_v0_cesp
1560926019,vem_spoiler_8_t14_v28
1560945947,vem_colour_1_mct_matte_black_t24_v2
1560958754,vem_engine_1_t5_v32
1561026730,f_cl_clo_bif_u_8_6_t11_v1
1561105334,f_cl_clo_x6f_ph_8_0_t14_v1
1561184758,packed_mp_veh_mod_idx_5_v8
1561306672,packed_mp_veh_colour2_0_v326
1561397189,packed_mp_veh_mod_idx_10_v198
1561564012,vem_smod3_whlv2_t66_v3
1561761170,m_cl_clo_awm_f_8_0_t6_v1
1561772439,m_cl_clo_hp_f_1_13_t6_v1
1561801853,vem_drft_22_t19_v12
1562010156,f_cl_clo_awf_f_0_9_t6_v1
1562117445,f_cl_clo_sbf_ph_5_14_t14_v1
1562260261,vem_supermod_6_15_t47_v3
1562358551,packed_mp_veh_mod_idx_s_9_v253
1562359134,f_cl_clo_v2f_f_1_6_t6_v1
1562359204,vem_smod4_whlv152_t66_v3
1562360968,f_cl_clo_hstf_u_8_0_t11_v1
1562361299,m_cl_clo_fxm_ph_2_20_t14_v1
1562404006,vem_supermod_1_5_t42_v26
1562632937,ve_marshall_n1_t1_v13
1562692759,m_cl_clo_busm_g0_5_t14_v0
1562787484,packed_mp_veh_mod_idx_4_v170
1562853418,vem_colour_mct_none_121
1562916898,vem_colour_2_mct_classic_shadow_silver_t25_v2
1562944721,vem_truck_slot_8_mod_0_t0_v0
1562960465,dbase_index_2_t0_v0
1562961765,packed_mp_veh_colour2_0_v29
1562980267,packed_mp_veh_mod_idx_4_v321
1563086584,packed_ng_vehicle_smoke_v314
1563115148,packed_mp_veh_mod_idx_s_13_v120
1563150659,packed_mp_veh_mod_idx_5_v210
1563236123,vem_smod2_whlv189_t66_v3
1563303222,vem_colour_extra_1_mct_pearlescent_diamond_blue_t24_v1
1563351697,packed_mp_veh_mod_idx_s_19_v154
1563372833,fa_upgrade_cash_equip_0_t0_v0
1563427733,packed_ng_vehicle_neon_kit_v242
1563429444,packed_mp_veh_mod_idx_18_v272
1563522591,packed_ng_vehicle_bpt_v251
1563542181,f_cl_outfit_clo_x6f_o_o_24_t12_v0
1563568209,vem_bikew_10_t19_v3
1563585934,m_ha_cc_eyebrw_19_t2_v0
1563600347,packed_mp_veh_window_tint_0_v386
1563858309,packed_lr_vehicle_colour_6_v43
1563889448,ve_tyrant_t0_v3
1563913058,f_cl_clo_suf_u_19_11_t11_v1
1563944473,packed_ng_vehicle_smoke_v242
1563971605,m_cl_clo_bhm_l_0_12_t4_v1
1564187564,f_cl_clo_vwf_b_3_0_t1_v1
1564216722,vem_supermod_6_6_t47_v3
1564417824,packed_mp_veh_mod_idx_s_21_v150
1564429144,vem_cmod_tyr_lg_t30_v10
1564491442,packed_mp_veh_mod_idx_s_13_v122
1564500379,ve_luxor2_t1_v0
1564537328,service_spend_impromptu_race_fee
1564586191,vem_colour_5_racing_blue_t38_v3
1564615803,f_cl_f_fmf_13_10_t6_v0
1564655098,packed_mp_veh_mod_idx_s_10_v128
1564799219,m_cl_f_fmm_7_7_t6_v0
1564905823,m_cl_clo_busm_s_0_6_t8_v1
1564955802,f_cl_clo_exf_eu_1511_t11_v1
1565010314,packed_mp_veh_primary_colour_group_v159
1565046414,packed_mp_veh_wheel_type_0_v230
1565116584,f_cl_clo_scf_u_4_21_t11_v1
1565131407,f_cl_clo_bif_s_16_19_t8_v1
1565226328,packed_mp_veh_mod_idx_6_v273
1565378592,vem_cmod_col5_11_t29_v1
1565383526,packed_mp_veh_mod_idx_s_11_v228
1565405330,m_cl_outfit_clo_l2m_o_3_t12_v0
1565443433,vem_colour_mct_none_59
1565469651,packed_mp_veh_mod_idx_s_10_v82
1565503927,vem_supermod_18_14_t59_v28
1565508547,m_cl_clo_h4m_decl_0_t11_v1
1565543071,vem_colour_6_blaze_red_t65_v3
1565604067,packed_mp_veh_mod_idx_24_v191
1565667657,packed_mp_veh_mod_idx_s_1_v18
1565672315,f_cl_clo_bif_s_15_0_t8_v2
1565687341,vem_supermod_23_1_t64_v13
1565744213,m_cl_clo_arm_o_18_t7_v12
1565795031,packed_mp_veh_livery_0_v210
1565800501,packed_mp_veh_colour2_0_v404
1565864194,mba_graphics_6_t0_v0
1565902536,f_cl_outfit_clo_trf_o_bs_0_t12_v0
1565937061,packed_mp_veh_colour_extra2_0_v310
1565991306,m_cl_clo_sum_u_13_10_t11_v1
1566006215,packed_mp_veh_mod_idx_10_v355
1566151798,m_cl_outfit_clo_arm_o_28_t12_v0
1566225009,packed_mp_veh_mod_idx_s_9_v268
1566327201,f_cl_clo_bbf_104_t4_v1
1566440041,packed_mp_veh_wheel_type_0_v196
1566481856,m_cl_clo_indm_b_4_1_t1_v1
1566483761,f_cl_clo_scf_u_1_4_t11_v1
1566514245,packed_mp_veh_livery_0_v238
1566547428,packed_mp_veh_mod_idx_6_v61
1566597815,f_cl_clo_bhf_u_7_6_t11_v1
1566645866,packed_mp_veh_mod_idx_2_v18
1566746563,packed_mp_veh_mod_idx_s_20_v111
1566786369,f_cl_clo_exm_decl_2_t11_v1
1566871547,f_cl_ht_fmf_13_5_t14_v0
1566892806,packed_mp_veh_mod_idx_14_v136
1566925005,m_cl_clo_h3m_l_5_10_t4_v1
1566936445,vem_colour_1_mct_classic_dark_blue_t24_v4
1567010710,vem_smod4_whlv141_t66_v1
1567059160,packed_mp_veh_mod_idx_11_v71
1567108441,wp_wct_tint_21_t2_v1_n2
1567142111,packed_mp_veh_mod_idx_s_2_v179
1567196636,m_cl_clo_bim_s_10_8_t8_v1
1567232060,packed_mp_veh_mod_idx_s_18_v174
1567242948,m_ha_hair_beard0_t1_v0
1567245765,m_cl_clo_bim_u_1_0_t11_v1
1567312410,m_cl_clo_grm_u_10_9_t11_v1
1567342762,m_cl_clo_x6m_u_22_4_t11_v1
1567343431,packed_mp_veh_mod_idx_14_v282
1567379962,vem_cmod_tyr_3_t18_v29
1567387994,m_cl_sp_fmm_10_8_t8_v1
1567402670,packed_mp_veh_mod_idx_s_10_v75
1567418951,m_cl_clo_grm_u_6_1_t11_v1
1567518870,f_cl_clo_x6f_u_3_6_t11_v1
1567552668,packed_lr_vehicle_colour_6_v246
1567681410,vem_cmod_neonlay_1_t21_v31
1567765414,m_cl_clo_x6m_ph_1020_t14_v1
1567797010,packed_mp_veh_mod_idx_s_1_v31
1567871546,mp_stat_fixer_hq_veh_workshop_v0
1567897327,packed_mp_veh_colour1_0_v90
1567993508,f_cl_clo_ltsft_0_3_t3_v1
1568033725,packed_mp_veh_mod_idx_s_6_v278
1568062556,vem_smod5_whlv27_t66_v0
1568136356,packed_mp_veh_mod_idx_s_17_v201
1568186541,vem_truck_slot_8_mod_3_t0_v0
1568220185,packed_mp_veh_livery_0_v129
1568414324,packed_mp_veh_mod_idx_s_14_v209
1568420754,vem_colour_extra_1_mct_metallic_nautical_blue_t24_v3
1568546998,packed_mp_veh_window_tint_0_v396
1568556745,dec_vw_aw_wv_60a
1568599687,f_cl_clo_vwf_u_8_13_t11_v1
1568624671,packed_mp_veh_mod_idx_5_v181
1568649777,packed_mp_veh_mod_idx_s_20_v233
1568654580,m_cl_l_fmm_15_0_t4_v0
1568659720,service_earn_casino_heist_award_professional
1568705764,packed_mp_veh_mod_var_1_v412
1568710724,veu_buffalo5_t0_v0
1568838094,vem_smod5_whl_10_t19_v3
1568840827,packed_mp_veh_mod_idx_2_v167
1568871445,f_cl_clo_h2f_b_3_8_t1_v1
1568932115,packed_mp_veh_mod_idx_18_v179
1568946503,packed_mp_veh_mod_idx_6_v7
1569129972,f_cl_clo_fxf_ph_1_9_t14_v1
1569158922,m_cl_g_fmm_10_2_t14_v0
1569179032,vem_fender_l_13_t36_v38
1569226645,f_cl_clo_fxf_u_9_14_t11_v1
1569235659,packed_ng_vehicle_neon_v368
1569247443,packed_mp_veh_mod_idx_23_v336
1569253574,packed_mp_veh_mod_idx_s_14_v407
1569410561,vem_colour_extra_1_mct_pearlescent_bleeched_brown_t24_v1
1569484833,m_cl_clo_sbm_b_10_10_t1_v1
1569491843,f_cl_clo_h2f_b_4_23_t1_v1
1569518066,packed_mp_veh_mod_idx_6_v308
1569541317,packed_mp_veh_mod_idx_8_v57
1569576271,m_cl_clo_s1m_u_8_2_t11_v1
1569577827,f_cl_clo_grf_decl_8_t11_v1
1569757671,vem_smod4_whlv105_t66_v0
1569853327,f_cl_clo_lxf_u_6_1_t11_v1
1569953094,m_cl_outfit_clo_s2m_o_5_t12_v0
1569961965,f_cl_clo_x5f_u_16_5_t11_v1
1569968134,mp_stat_mpsv_model_380
1569977331,vem_colour_2_mct_classic_anthr_black_t25_v1
1570013572,packed_mp_veh_mod_idx_s_14_v46
1570052401,packed_mp_veh_livery_0_v349
1570071311,vem_engine_2_t5_v27
1570134881,m_cl_clo_fxm_u_1_7_t11_v1
1570166672,packed_mp_veh_mod_idx_s_3_v142
1570265746,vem_insurance_cerberus2
1570303857,vem_chassis_16_t4_v3
1570339232,m_ha_cc_eyebrw_20_t2_v1
1570363493,ve_chernobog_t1_v33
1570379732,packed_mp_veh_mod_idx_s_1_v386
1570405370,ve_mamba_t0_v3
1570511684,packed_mp_veh_mod_idx_s_11_v118
1570571254,packed_mp_veh_mod_idx_s_6_v179
1570582306,vem_supermod_1_6_t42_v28
1570753056,f_cl_clo_grf_f_0_4_t6_v1
1570835838,packed_mp_veh_mod_idx_18_v257
1570862552,wp_wct_camo_7_t1_v5_n2
1570913688,packed_mp_veh_mod_idx_4_v156
1571001563,vem_colour_extra_1_mct_metallic_cabernet_red_t24_v0
1571002325,vem_supermod_19_2_n1_t60_v3
1571043071,mp_stat_factoryupgrades2_1_v0
1571109415,packed_mp_veh_mod_idx_s_2_v229
1571176663,f_cl_clo_x2f_ht_2_2_t14_v1
1571345585,f_cl_clo_grf_g_1_9_t3_v1
1571352579,f_cl_outfit_clo_s1f_o_2_t12_v0
1571464596,vem_rwd_offr_07_t19_v0
1571466643,f_cl_clo_smf_u_4_0_t11_v1
1571482725,packed_mp_veh_plate_id_v261
1571538348,m_cl_clo_s2m_u_5_12_t11_v1
1571547043,vem_colour_extra_1_mct_pearlescent_black_graphite_t24_v1
1571557361,m_cl_l_fmm_0_0_t4_v0
1571711319,packed_mp_veh_colour_extra1_0_v100
1571714896,dec_vw_aw_mf_1f
1571775360,vem_smod_whlv100_t66_v0
1571783906,f_cl_clo_h2f_o_g_8_t3_v12
1571821005,packed_mp_veh_mod_idx_s_10_v142
1571887976,f_cl_clo_l2f_o_4_t3_v12
1571998998,f_cl_clo_x6f_ph_2_22_t14_v1
1572075025,vem_colour_5_salmon_pink_t38_v3
1572089519,m_cl_clo_x6m_f_7_1_t6_v1
1572178623,packed_mp_veh_mod_idx_s_6_v167
1572195277,vem_hiend_16_t19_v1
1572242111,packed_mp_veh_colour1_0_v57
1572410786,vem_cmod_neonlay_7_t21_v26
1572428329,packed_mp_veh_colour2_0_v247
1572442363,m_cl_clo_x4m_u_10_10_t11_v1
1572451938,vem_colour_2_mct_metallic_sunrise_orange_t25_v3
1572486327,packed_mp_veh_mod_idx_8_v250
1572535021,dec_vw_aw_mf_4a
1572650803,packed_mp_veh_mod_idx_3_v180
1572783641,m_cl_clo_busm_t_2_0_t7_v1
1572785267,m_cl_clo_bim_s_10_14_t8_v1
1572928773,packed_mp_veh_livery2_0_v238
1572933829,m_ta_tat_bus_006_t0_v0
1572934825,f_cl_clo_grf_f_3_6_t6_v1
1572985511,f_ta_tat_sb_001_t0_v0
1573017341,f_cl_clo_awf_o_g_4_t8_v12
1573097151,m_cl_f_fmm_9_6_t6_v0
1573139118,packed_mp_veh_mod_idx_11_v126
1573291398,packed_mp_veh_mod_idx_10_v71
1573311552,m_cl_clo_fxm_l_5_2_t4_v1
1573322937,f_cl_clo_h3f_u_14_3_t11_v1
1573472344,m_cl_l_fmm_7_8_t4_v0
1573549291,packed_mp_veh_mod_idx_s_4_v161
1573600859,f_cl_clo_bhf_u_13_1_t11_v1
1573783085,m_cl_clo_bhm_u_4_20_t11_v1
1573834485,vem_supermod_62_13_t62_v7
1573847963,packed_mp_veh_mod_idx_s_11_v335
1573950495,vem_suv_01_t19_v1
1573982432,m_cl_clo_bbm_h_0_4_t14_v1
1574030007,m_cl_he_fmm_17_6_t14_v0
1574036532,m_cl_clo_grm_ph_6_8_t14_v1
1574193262,vem_roof_0_t12_v35
1574443734,m_cl_clo_x6m_ph_0_17_t14_v1
1574472899,m_cl_clo_exm_eu_16_7_t11_v1
1574552366,m_cl_clo_x6m_l_7_18_t4_v1
1574609437,m_cl_o_fmm_s5_t3_v12
1574724182,packed_mp_veh_mod_idx_s_19_v350
1574761899,f_cl_clo_ief_u_3_7_t11_v1
1574819526,packed_mp_veh_mod_idx_s_3_v112
1574849298,vem_colour_1_mct_metallic_might_purple_t24_v33
1574851323,vem_cmod_win_1_t33_v1
1575013945,m_cl_clo_x6m_f_10_9_t6_v1
1575050968,packed_mp_veh_mod_idx_3_v148
1575058224,vem_supermod_7_6_t48_v7
1575074579,mt_snk_item1_t0_v0
1575109956,m_cl_clo_smm_b_8_16_t1_v1
1575206689,f_cl_clo_awf_u_9_20_t11_v1
1575220958,m_cl_clo_grm_b_5_1_t1_v1
1575241915,packed_ng_vehicle_smoke_v384
1575254882,f_cl_clo_sbf_u_0_4_t11_v1
1575257272,f_cl_g_fmf_11_2_t14_v0
1575293424,f_cl_clo_bhf_u_5_1_t11_v1
1575466494,vem_smod2_whlv123_t66_v3
1575500963,ve_cuban800_t1_v0
1575622777,m_cl_clo_trm_u_4_0_t11_v1
1575635328,f_ha_clo_bif_h_5_0_t0_v0
1575666859,packed_mp_veh_mod_idx_s_15_v121
1575701867,m_cl_clo_sbm_b_6_1_t1_v1
1575709003,m_cl_clo_grm_u_13_13_t11_v1
1575714218,packed_mp_veh_mod_idx_s_4_v214
1575727850,vem_cmod_neoncol_11_t21_v30
1575891524,f_cl_clo_bif_ph_1_1_t14_v1
1575918380,f_cl_clo_suf_u_18_13_t11_v1
1575954833,vem_colour_2_mct_metallic_white_t25_v33
1575962901,mp_stat_mpsv_model_395
1576017054,packed_mp_veh_mod_idx_s_22_v152
1576052629,packed_mp_veh_mod_idx_s_21_v235
1576088174,vem_insurance_champion
1576089063,packed_mp_veh_mod_idx_15_v90
1576162116,wp_wct_tint_26_t2_v70_n2
1576238267,m_cl_clo_x6m_u_5_0_t11_v1
1576249047,ve_comet6_t1_v3
1576261009,f_cl_clo_lxf_u_6_8_t11_v1
1576372384,packed_mp_veh_mod_idx_7_v158
1576425114,m_cl_clo_hstm_u_6_2_t11_v1
1576444555,casino_heist_vehicle_colour_v1
1576475859,f_cl_clo_vwf_u_15_14_t11_v1
1576521052,vem_supermod_0_5_t41_v27
1576539822,f_cl_clo_trf_o_r3_t3_v12
1576547302,packed_mp_veh_mod_idx_s_15_v264
1576619545,f_cl_clo_indf_d_3_t100_v0
1576661226,vem_supermod_10_22_t51_v11
1576853577,f_ha_cc_mkup_58_t5_v0
1576925217,f_cl_clo_h3f_o_clb_4_t8_v12
1576962889,vem_supermod_3_14_t44_v7
1576967644,packed_mp_veh_mod_idx_14_v408
1576986369,vem_roof_1_n2_t12_v33
1577010946,m_cl_clo_h2m_ph_211_t14_v1
1577052861,packed_mp_veh_mod_idx_18_v316
1577056830,packed_mp_veh_mod_idx_s_5_v251
1577081471,m_cl_clo_smm_b_7_10_t1_v1
1577139343,packed_mp_veh_mod_idx_24_v177
1577194445,mp_stat_mpsv_model_195
1577273014,f_cl_clo_bhf_u_0_11_t11_v1
1577444009,f_cl_clo_hp_f_g_0_3_t14_v1
1577569064,f_cl_clo_bif_decl_0_t100_v0
1577569270,packed_lr_vehicle_colour_5_v386
1577592906,f_cl_t_fmf_2_1_t7_v0
1577598334,m_cl_clo_stm_h_9_17_t14_v1
1577652165,packed_mp_veh_mod_idx_s_15_v365
1577654563,m_cl_clo_x3m_dec_00_t100_v0
1577669604,f_cl_clo_h2f_o_c_3_t3_v12
1577775835,f_cl_clo_bhf_decl_52_t11_v1
1577781788,service_earn_ambient_job_pass_parcel
1577821685,vem_smod_whl6_t19_v12
1577834215,packed_ng_vehicle_insurance_v241
1577844519,packed_mp_veh_colour1_0_v373
1577849491,packed_mp_veh_livery2_0_v61
1577850596,vem_chassis_6_t4_v39
1577879915,wp_wct_camo_3_t1_v56_n2
1577899615,vem_colour_extra_1_mct_matte_matte_desert_t24_v0
1577904549,m_ha_cc_m_hs_11_t0_v2
1577920469,m_cl_f_fmm_7_2_t6_v0
1577924307,vem_colour_2_mct_classic_surf_blue_t25_v33
1578003193,m_cl_outfit_clo_h3m_o_sl_21_t12_v0
1578071723,packed_ng_vehicle_smoke_v172
1578137743,packed_ng_vehicle_neon_kit_v152
1578158165,vem_rwd_hiend_17_t19_v2
1578237491,vem_skirt_0_t13_v3
1578326349,m_ta_tat_gr_018_t0_v0
1578346859,packed_mp_veh_mod_idx_0_v230
1578354741,packed_mp_veh_mod_idx_s_12_v241
1578438559,packed_mp_veh_mod_idx_s_0_v285
1578439093,packed_mp_veh_mod_idx_s_1_v215
1578453504,packed_mp_veh_colour2_0_v393
1578512302,vem_hood_8_t9_v38
1578526737,packed_mp_veh_mod_idx_s_21_v394
1578597174,m_cl_clo_x6m_u_26_19_t11_v1
1578702865,f_cl_l_fmf_3_13_t4_v0
1578740880,mp_stat_businesshub_mod_6_v0
1578794361,m_cl_clo_exm_g_2_8_t14_v0
1578853580,packed_mp_veh_mod_idx_1_v178
1578858898,packed_mp_veh_mod_idx_s_4_v250
1578890680,packed_mp_veh_mod_idx_8_v405
1578923738,f_cl_clo_ief_o_0_t3_v12
1579020344,ve_cheburek_t0_v3
1579027356,casweb_lounge_0_t0_v0
1579146668,packed_mp_veh_mod_idx_s_7_v6
1579199387,vem_supermod_5_0_t46_v28
1579205326,vem_insurance_deveste
1579240912,f_cl_clo_x6f_b_2_7_t1_v1
1579263957,packed_mp_veh_primary_colour_group_v167
1579331404,packed_mp_veh_mod_idx_24_v331
1579427392,packed_mp_veh_mod_idx_s_11_v180
1579430904,packed_mp_veh_mod_idx_s_15_v97
1579438630,m_ta_tat_hp_009_t0_v0
1579495384,f_cl_clo_ief_u_20_11_t11_v1
1579501251,mp_stat_mpsv_model_91
1579528419,vem_colour_1_mct_classic_torino_red_t24_v33
1579594980,f_ha_cc_blush_5_t6_v0
1579595032,m_cl_t_fmm_12_1_t7_v1
1579794468,vem_supermod_20_12_t61_v26
1579873248,dbase_index_9_t0_v0
1579879863,vem_smod4_whlv128_t66_v3
1579887940,m_cl_clo_apm_u_17_2_t11_v1
1579917315,packed_mp_veh_mod_idx_s_4_v383
1579993304,vem_colour_extra_1_mct_metallic_light_blue_t24_v33
1580000761,pr_pm_bfont_4_t1_v0
1580072066,m_cl_clo_s2m_f_2_2_t6_v1
1580090837,ve_dukes2_t1_v0
1580244711,vem_colour_extra_1_mct_metallic_bleeched_brown_t24_v0
1580309031,packed_mp_veh_mod_idx_12_v249
1580385264,wp_gsa_type_c_t0_v72
1580387478,mp_stat_mpsv_model_84
1580461804,packed_mp_veh_mod_idx_s_18_v328
1580531365,vem_cmod_tyr_pat_t18_v28
1580602136,vem_smod3_whlv137_t66_v3
1580627440,packed_mp_veh_mod_idx_s_9_v345
1580698736,mp_stat_mpsv_model_121
1580777731,m_cl_clo_s2m_d_9_t11_v1
1580897677,packed_mp_veh_mod_idx_s_11_v132
1580940562,wp_pm_tint10_t4_v33
1580943557,packed_mp_veh_primary_colour_group_v203
1580945856,f_cl_clo_x6f_l_9_1_t4_v1
1581014831,vem_colour_1_mct_metals_gold_p_t24_v33
1581208404,packed_lr_vehicle_colour_5_v270
1581302884,vem_smod2_whl6_t19_v3
1581306665,packed_mp_veh_mod_idx_0_v271
1581325613,wp_ps_can_2_t3_v33
1581360967,m_cl_clo_lxm_dec_6_t11_v1
1581469482,packed_mp_veh_mod_idx_4_v200
1581628882,packed_mp_veh_primary_colour_group_v229
1581644998,wp_wct_camo_1_t1_v70_n2
1581686099,wp_wm_tint2_t3_v23
1581726434,f_cl_clo_assf_o_3_t8_v12
1581727937,m_cl_clo_l2m_dec_7_t100_v0
1581742559,f_cl_clo_h2f_u_7_9_t11_v1
1582012458,m_cl_clo_v2m_l_1_13_t4_v1
1582044870,m_cl_clo_grm_ph_2_3_t14_v1
1582071590,vem_smod_whlv20_t66_v3
1582098588,vem_horn_lowrder2_t10_v37
1582140267,packed_mp_veh_mod_idx_7_v238
1582149360,f_cl_clo_grf_u_21_18_t11_v1
1582215658,f_cl_clo_h3f_b_18_13_t1_v1
1582237372,packed_mp_veh_mod_idx_11_v139
1582248836,m_cl_clo_bhm_u_7_4_t11_v1
1582322739,vem_supermod_55_2_t55_v7
1582547660,vem_colour_extra_1_mct_metallic_creek_brown_t24_v0
1582556863,vem_supermod_1_8_t42_v28
1582641409,f_cl_clo_bif_ph_11_0_t14_v1
1582727653,vem_skirt_2_t13_v4
1582834844,packed_mp_veh_mod_idx_s_23_v78
1582866132,vem_insurance_inductor
1582944255,packed_mp_veh_mod_idx_s_6_v320
1583035170,m_ta_tat_gr_009_t0_v0
1583046444,dec_vw_aw_ls_26
1583076375,m_cl_clo_bhm_u_6_6_t11_v1
1583119826,packed_mp_veh_colour_extra2_0_v164
1583128309,m_cl_clo_v2m_l_1_0_t4_v1
1583136206,wp_wct_c_tint_11_t2_v48_n2
1583176412,vem_cmod_tyr_9_t18_v1
1583197566,f_cl_clo_bhf_u_10_17_t11_v1
1583206172,packed_lr_vehicle_colour_5_v165
1583206715,packed_mp_veh_primary_colour_group_v42
1583223121,vem_cmod_col5_35_t29_v1
1583247022,packed_mp_veh_mod_idx_s_3_v310
1583310426,m_cl_clo_bus_m_o_17_t8_v12
1583414802,m_cl_clo_sum_b_4_0_t1_v1
1583429652,f_cl_clo_exf_g_3_9_t14_v0
1583714957,vem_smod4_whlv76_t66_v0
1583861559,packed_mp_veh_primary_colour_group_v64
1583871256,f_cl_clo_suf_l_5_15_t4_v1
1583895041,f_cl_clo_smf_b_6_5_t1_v1
1584030617,ve_omnis_t0_v3
1584068280,vem_smod4_whlv16_t66_v3
1584105274,f_cl_clo_exf_el_0_4_t4_v1
1584150083,m_cl_clo_h3m_l_4_15_t4_v1
1584164683,vem_cmod_neoncol_10_t21_v1
1584190726,m_cl_clo_sbm_f_3_4_t6_v1
1584193666,m_cl_clo_busm_s_1_9_t8_v2
1584286049,m_ta_tat_bi_013_t0_v0_cesp
1584394953,f_cl_o_fmf_b4_t3_v12
1584397252,vem_rwd_drft_17_t19_v12
1584492846,f_cl_clo_sbf_pe_1_9_t14_v1
1584568099,vem_armour_2_t1_v1
1584576178,packed_mp_veh_mod_idx_s_21_v78
1584606723,m_cl_clo_iem_u_5_11_t11_v1
1584758014,packed_mp_veh_colour_extra1_0_v19
1584769306,f_cl_clo_h4f_b_4_7_t1_v1
1584786555,vem_cmod_hrn_mus1_t10_v0
1584800684,vem_supermod_61_10_t61_v7
1584814284,packed_mp_veh_mod_idx_16_v269
1584953197,m_cl_clo_hstm_u_6_1_t11_v1
1585024759,f_cl_clo_fxf_pe_4_11_t14_v1
1585027365,wp_wct_tint_2_t2_v13_n2
1585218810,vem_supermod_22_0_t63_v33
1585422109,m_cl_clo_hstm_s_1_1_t8_v1
1585470054,vem_colour_extra_1_mct_classic_cream_t24_v3
1585499795,vem_engine_1_t5_v26
1585535175,vem_colour_5_surf_blue_t38_v0
1585550046,packed_mp_int_truck_mod_slot_2_v0
1585766806,wp_wct_muzz7_t1_v48_n2
1585826706,m_cl_clo_x6m_f_0_9_t6_v1
1585831987,m_cl_clo_busm_g1_6_t14_v1
1585876800,packed_mp_veh_livery_0_v163
1586093708,vem_supermod_3_26_t44_v7
1586129261,vem_cmod_neonlay_2_t21_v11
1586141254,m_cl_clo_smm_b_4_1_t1_v1
1586149471,m_cl_clo_x2m_ht_1_0_t14_v0
1586301643,packed_ng_vehicle_neon_kit_v209
1586366166,f_cl_clo_grf_u_9_3_t11_v1
1586428391,vem_cmod_tyr_3_t18_v7
1586448715,vem_exhaust_7_t6_v4
1586452865,packed_mp_veh_colour2_0_v269
1586481698,packed_mp_veh_mod_idx_8_v96
1586550411,f_ta_tat_x6_018_t0_v0
1586679026,vem_smod3_whlv139_t66_v3
1586816869,ve_bodhi2_t0_v0
1586836794,m_cl_l_fmm_15_9_t4_v0
1586885593,packed_mp_veh_wheel_type_0_v113
1586969916,vem_supermod_15_7_t56_v6
1587079305,packed_mp_veh_mod_idx_s_9_v45
1587085136,wp_wct_clip_inc_t1_v5_n2
1587211943,f_cl_clo_stf_u_6_7_t11_v1
1587215947,m_ha_clo_grm_h_1_0_t0_v0
1587562631,m_cl_clo_h2m_u_7_9_t11_v1
1587596881,vem_colour_2_mct_metals_br_aluminium_t25_v2
1587757560,packed_mp_veh_mod_idx_1_v94
1587861275,vem_supermod_19_13_t60_v28
1587885840,m_ta_tat_fm_008_t0_v0
1587888944,f_cl_clo_val_decl_q_t11_v1
1587941328,f_cl_clo_awf_l_5_7_t4_v1
1587955270,packed_mp_veh_mod_idx_9_v363
1587963038,vem_colour_1_mct_classic_wine_red_t24_v1
1588028708,f_cl_clo_sbf_u_0_6_t11_v1
1588039636,packed_mp_veh_mod_idx_s_7_v79
1588114933,packed_mp_veh_mod_idx_s_15_v82
1588120633,packed_mp_veh_mod_idx_5_v216
1588175378,f_cl_clo_grf_ph_2_14_t14_v1
1588183420,f_cl_clo_h2f_o_g_12_t3_v12
1588201201,packed_ng_vehicle_neon_kit_v279
1588205860,vem_cmod_pla_2_t23_v36
1588491282,packed_mp_veh_mod_idx_s_8_v106
1588496989,packed_mp_veh_mod_idx_s_18_v90
1588522174,m_cl_clo_bhm_u_11_4_t11_v1
1588557632,packed_mp_veh_mod_idx_6_v283
1588582569,vem_supermod_2_0_t43_v6
1588606447,packed_mp_veh_mod_idx_24_v323
1588696222,f_cl_clo_sbf_l_2_25_t4_v1
1588700826,wp_wct_tint_18_t2_v1_n2
1588737251,ve_krieger_t0_v3
1588838129,packed_mp_veh_mod_idx_s_13_v148
1588852057,packed_mp_veh_mod_idx_11_v69
1588974488,f_cl_clo_vwf_u_15_8_t11_v1
1589082701,packed_mp_veh_mod_idx_s_5_v260
1589165098,vem_colour_1_mct_metallic_ultra_blue_t24_v2
1589185228,vem_colour_2_mct_metallic_black_graphite_t25_v0
1589313547,packed_mp_veh_mod_idx_10_v57
1589440115,packed_mp_veh_mod_idx_1_v270
1589451550,packed_lr_vehicle_colour_6_v391
1589457756,packed_mp_veh_mod_idx_s_20_v226
1589584784,vem_insurance_roosevelt
1589647644,f_cl_clo_indf_b_1_0_t1_v1
1589673160,f_cl_clo_suf_decl_27_t11_v1
1589687668,packed_mp_veh_mod_idx_2_v231
1589697732,packed_ng_vehicle_insurance_v333
1589707879,wp_wm_tint2_t2_v72
1589788695,packed_mp_veh_mod_idx_s_2_v60
1589794892,packed_mp_veh_mod_idx_12_v2
1589811208,m_cl_clo_sbm_f_3_3_t6_v1
1589858565,f_cl_clo_fxf_l_5_5_t4_v1
1589884492,m_cl_f_fmm_3_5_t6_v0
1589953515,packed_mp_veh_mod_idx_s_12_v275
1590018804,packed_ng_vehicle_bpt_v344
1590026888,f_cl_clo_x2f_ht_0_3_t14_v1
1590145600,m_cl_clo_bim_ht_8_1_t14_v1
1590151846,f_cl_outfit_clo_h3f_o_jan_2_t12_v0
1590160616,packed_mp_veh_mod_var_1_v317
1590166566,vem_engine_4_t5_v26
1590225392,packed_mp_veh_colour_extra2_0_v281
1590296157,m_cl_clo_sbm_b_10_25_t1_v1
1590301418,vem_smod4_whlv31_t66_v1
1590331394,packed_mp_veh_mod_idx_7_v131
1590371483,packed_mp_veh_mod_idx_11_v43
1590386470,packed_mp_veh_mod_idx_18_v89
1590463263,f_cl_clo_ief_b_10_7_t1_v1
1590479272,f_cl_clo_bhf_u_10_7_t11_v1
1590593848,vem_spt_05_t19_v1
1590632110,packed_mp_veh_secondary_colour_group_v17
1590654640,m_cl_clo_bus_p_0_10_t14_v1
1590734852,vem_smod5_whlv118_t66_v3
1590854595,m_cl_clo_stm_ht1514_t14_v1
1590896293,vem_horn_indi_2_t10_v32
1590908229,f_cl_clo_hst_f_a_5_t8_v1
1590979267,f_cl_outfit_clo_bus_f_o_15_t12_v0
1591003909,m_cl_clo_sbm_u_11_25_t11_v1
1591270224,vem_cmod_col5_32_t29_v4
1591396722,f_cl_clo_x6f_ph_1010_t14_v1
1591467990,m_cl_clo_h3m_f_0_0_t6_v1
1591518994,packed_mp_veh_mod_idx_11_v26
1591568301,vem_horn_cnote_c1_t10_v28
1591583305,m_cl_clo_s2m_d_25_t100_v0
1591614965,m_cl_clo_awm_u_10_0_t11_v1
1591749846,vem_supermod_0_23_t41_v3
1591816876,packed_mp_veh_primary_colour_group_v119
1591832986,vem_bikew_28_t19_v3
1591870235,packed_mp_veh_mod_idx_s_14_v308
1591873321,vem_insurance_zion2
1591937863,fcarcade_qrt0_t0_v0
1592016749,packed_ng_vehicle_smoke_v125
1592025768,f_cl_outfit_clo_h2f_o_g_1_t12_v0
1592140782,vem_spoiler_7_t14_v3
1592152788,f_cl_clo_pif_l_0_0_t4_v1
1592284604,packed_mp_veh_mod_idx_0_v260
1592409124,vem_cmod_pla_1_t23_v29
1592434250,f_cl_clo_vwf_u_6_8_t11_v1
1592483079,vem_horn_cnote_e0_t10_v0
1592675995,f_cl_clo_v2f_o_3_t3_v12
1592681518,packed_mp_veh_mod_idx_1_v287
1592724001,packed_mp_veh_window_tint_0_v227
1592735891,packed_mp_veh_mod_idx_s_1_v194
1592821949,m_ta_tat_gr_006_t0_v0
1592834601,packed_mp_veh_colour1_0_v138
1592845949,packed_mp_veh_mod_var_1_v184
1592863265,vem_colour_extra_1_mct_metallic_harbor_blue_t24_v0
1593027439,m_cl_clo_sbm_ph_4_0_t14_v1
1593085339,vem_grill_6_t8_v38
1593149819,vem_smod4_whlv106_t66_v0
1593384685,vem_bumper_r_10_t35_v1
1593402969,f_cl_clo_awf_b_8_6_t1_v1
1593480749,vem_supermod_0_2_t41_v7
1593494084,wp_wct_c_tint_8_t2_v22_n2
1593516218,f_cl_clo_exf_al_4_2_t4_v1
1593528180,m_cl_clo_indm_ht_3_0_t14_v0
1593553408,m_cl_clo_hp_d_5_t8_v2
1593649523,packed_lr_vehicle_colour_6_v172
1593709744,m_cl_clo_vwm_d_1_4_t10_v1
1593737157,vem_insurance_sandking
1593776108,vem_spoiler_8_t14_v1
1593875688,packed_mp_veh_mod_idx_8_v45
1593954344,f_cl_clo_ief_u_5_23_t11_v1
1593955035,wp_wm_tint6_t2_v2
1593960694,packed_ng_vehicle_neon_v151
1594019847,m_cl_clo_hp_d_9_t8_v1
1594144589,packed_mp_veh_mod_idx_s_4_v89
1594162866,f_cl_ht_fmf_12_7_t14_v0
1594224516,wp_wct_camo_5_t1_v56_n2
1594240501,vem_horn_indi_2_t10_v1
1594240932,m_cl_clo_sbm_l_3_19_t4_v1
1594274954,packed_mp_veh_mod_idx_s_1_v125
1594460519,vem_skirt_6_t13_v1
1594551098,packed_mp_veh_mod_idx_10_v342
1594720760,vem_smod4_whlv191_t66_v2
1594750804,vem_supermod_7_1_t48_v27
1594887243,wp_pm_tint9_t4_v33
1594910210,f_cl_clo_x6f_u_24_6_t11_v1
1595052459,wp_wct_clip1_t1_v47
1595159635,f_cl_clo_h4f_ph_0_8_t14_v1
1595231698,packed_mp_veh_colour_extra2_0_v22
1595250038,m_cl_clo_lxm_u_8_10_t11_v1
1595437903,packed_mp_veh_colour_extra2_0_v208
1595454503,f_cl_clo_grf_ph_4_6_t14_v1
1595657056,m_cl_clo_val_decl_b_t8_v1
1595736200,vem_cmod_hrn_mus4_t10_v33
1595895239,packed_mp_veh_mod_idx_s_21_v369
1595986160,m_cl_sp_fmm_6_13_t8_v1
1596008628,vem_cmod_win_2_t33_v32
1596034346,packed_mp_veh_mod_idx_10_v161
1596079213,packed_mp_veh_wheel_type_0_v212
1596147089,f_cl_clo_bif_decl_46_t100_v0
1596248794,vem_supermod_4_2_t45_v26
1596257035,vem_cmod_tyr_5_t18_v5
1596334784,m_cl_clo_bim_decl_14_t100_v0
1596385540,vem_spt_16_t19_v3
1596490954,packed_mp_veh_mod_idx_s_8_v364
1596533280,packed_mp_veh_mod_idx_s_13_v182
1596551382,m_cl_clo_sbm_lw_2_1_t14_v1
1596567140,packed_mp_veh_wheel_type_0_v97
1596586777,vem_cmod_tyr_3_t18_v1
1596617822,vem_rwd_loride_09_t19_v3
1596668459,f_cl_clo_grf_l_4_4_t4_v1
1596714283,f_cl_clo_h2f_s_9_13_t8_v1
1596854247,packed_mp_veh_mod_idx_s_14_v336
1596885347,f_cl_clo_x6f_t_6_3_t7_v1
1596906484,vem_cmod_col5_32_t29_v0
1596908805,vem_cmod_col5_34_t29_v1
1596939937,vem_smod2_whl26_t19_v12
1596957920,packed_mp_veh_livery_0_v2
1597058621,vem_smod4_whlv142_t66_v3
1597065646,packed_mp_veh_mod_idx_1_v7
1597081379,packed_mp_veh_mod_idx_s_5_v112
1597101899,packed_mp_veh_mod_idx_0_v295
1597114034,packed_mp_veh_mod_idx_18_v399
1597115807,fcarcade_b_up3_c_8
1597132514,packed_mp_veh_mod_idx_s_23_v296
1597275344,vem_colour_1_mct_metallic_anthr_black_t24_v1
1597331255,vem_supermod_23_9_t64_v38
1597349059,packed_lr_vehicle_colour_6_v351
1597362272,packed_mp_veh_mod_idx_s_6_v262
1597370454,m_ta_tat_gr_019_t0_v0
1597520096,packed_mp_veh_mod_idx_s_4_v52
1597562838,packed_mp_veh_mod_idx_s_23_v116
1597643130,m_cl_clo_hstm_u_0_0_t11_v1
1597943759,f_cl_clo_bif_u_0_3_t11_v1
1597963897,packed_mp_veh_mod_idx_6_v192
1598026567,vem_cmod_hrn_cop_t10_v39
1598109381,vem_drft_10_t19_v2
1598178676,vem_colour_1_mct_metallic_pink_t24_v33
1598229843,packed_mp_veh_mod_idx_12_v91
1598343302,packed_mp_veh_colour_extra2_0_v399
1598384782,packed_mp_veh_mod_var_1_v197
1598519148,vem_colour_extra_1_mct_pearlescent_blue_t24_v0
1598535904,fcarcade_v_up_rem
1598736877,packed_ng_vehicle_insurance_v224
1598785747,vem_cmod_hrn_mus3_t10_v11
1598821739,vem_colour_extra_1_mct_pearlescent_creek_brown_t24_v0
1598884129,packed_mp_veh_mod_idx_4_v100
1598957035,vem_supermod_7_1_t48_v7
1598966289,f_ha_cc_eyebrw_21_t2_v0
1599011921,f_cl_f_fmf_3_5_t6_v0
1599030871,vem_insurance_glendale2
1599095638,packed_mp_veh_mod_idx_1_v92
1599103952,m_cl_clo_bbm_f_0_2_t6_v1
1599177844,vem_cmod_col5_40_t29_v1
1599233263,packed_mp_veh_mod_var_0_v309
1599323802,m_cl_clo_sum_b_3_10_t1_v1
1599426089,f_cl_clo_l2f_dec_10_t100_v0
1599447122,f_cl_clo_awf_f_0_3_t6_v1
1599452744,vem_cmod_neoncol_7_t21_v1
1599486580,vem_cmod_tyr_stt_t30_v28
1599505867,packed_mp_veh_mod_idx_15_v386
1599692539,vem_supermod_18_13_t59_v28
1599931511,packed_mp_veh_colour_extra2_0_v128
1600006702,vem_suv_13_t19_v0
1600103640,mp_stat_missionforfactory4_v0
1600228234,packed_mp_veh_livery_0_v199
1600253178,wp_wct_camo_1_t1_v47_n2
1600279273,wp_wct_clip_inc_t1_v46_n2
1600283977,vem_hood_0_t9_v31
1600420023,vem_supermod_3_24_t44_v7
1600428801,f_cl_clo_fxf_u_4_2_t11_v1
1600487574,vem_colour_6_shadow_silver_t65_v3
1600522561,m_cl_clo_xmasm_l_0_1_t4_v1
1600531398,f_cl_clo_fxf_u_7_25_t11_v1
1600535887,f_cl_f_fmf_3_8_t6_v0
1600585526,vem_colour_1_mct_metallic_garnet_red_t24_v0
1600603198,m_cl_clo_bim_u_0_1_t11_v1
1600741138,m_cl_clo_busm_u_1_9_t11_v1
1600786699,packed_mp_veh_window_tint_0_v256
1600966210,vem_cmod_neoncol_0_t21_v1
1601023836,f_cl_clo_l2f_lw_7_2_t14_v1
1601161745,packed_mp_veh_mod_idx_s_3_v222
1601164332,m_cl_clo_hp_d_17_t11_v1
1601408297,mp_stat_multi_property_5_v0
1601498307,f_cl_clo_sbf_b_10_25_t1_v1
1601553325,m_cl_clo_scm_ey_4_4_t14_v1
1601606862,vem_colour_5_racing_green_t38_v3
1601638983,m_cl_clo_bhm_u_14_10_t11_v1
1601669332,vem_colour_2_mct_classic_midnight_silver_t25_v4
1601736171,f_cl_clo_grf_u_21_2_t11_v1
1601758189,vem_horn_cnote_b0_t10_v34
1601758281,m_cl_clo_grm_u_2_14_t11_v1
1601798339,packed_mp_veh_mod_idx_s_22_v262
1601810300,vem_supermod_3_5_t44_v11
1601864753,m_cl_clo_vwm_pw_9_1_t14_v1
1601922059,packed_mp_veh_mod_idx_s_9_v118
1601961161,f_cl_clo_awf_ph_2_11_t14_v1
1601987474,f_cl_clo_fxf_pe_1_10_t14_v1
1602094440,packed_mp_veh_mod_var_0_v173
1602129668,packed_mp_veh_mod_idx_10_v179
1602192672,m_cl_clo_vwm_pey_0_9_t14_v1
1602195914,m_cl_clo_hstm_t_3_1_t7_v1
1602357301,vem_supermod_4_2_t45_v7
1602414387,f_ta_tat_st_025_t0_v0
1602534273,packed_mp_veh_colour1_0_v130
1602584301,packed_ng_vehicle_neon_kit_v185
1602654503,ve_roosevelt_t0_v0
1602717187,vem_hiend_11_t19_v3
1602718650,packed_mp_veh_mod_idx_10_v109
1602754238,vem_insurance_inductor2
1602808316,vem_roof_1_t12_v11
1602827678,packed_mp_veh_mod_idx_s_9_v233
1602861902,packed_mp_veh_mod_idx_s_5_v249
1602863000,packed_ng_vehicle_smoke_v134
1602906783,packed_mp_veh_mod_var_0_v392
1602987296,packed_mp_veh_wheel_type_0_v89
1603060883,packed_mp_veh_mod_idx_s_12_v93
1603243270,f_cl_l_fmf_1_15_t4_v0
1603300133,packed_mp_veh_mod_idx_s_9_v105
1603363477,m_cl_clo_h3m_o_jan_3_t3_v12
1603366386,packed_mp_veh_mod_idx_s_19_v46
1603370887,m_cl_clo_bim_u_26_2_t11_v1
1603419725,packed_mp_veh_mod_idx_14_v74
1603441916,vem_skirt_2_t13_v26
1603641387,f_ta_tat_s2_019_t0_v0
1603658783,m_cl_clo_h2m_ph_414_t14_v1
1603683092,packed_mp_veh_mod_idx_9_v75
1603719464,vem_roof_1_t12_v32
1604019271,vem_colour_5_lava_red_t38_v3
1604087343,f_cl_l_fmf_8_1_t4_v0
1604119565,m_ha_brd_hp_0_t1_v0
1604200696,vem_supermod_8_6_t49_v3
1604353824,packed_mp_veh_plate_id_v369
1604393200,m_cl_outfit_clo_h3m_o_sh_11_t12_v0
1604591109,packed_mp_veh_mod_var_0_v42
1604617622,vem_colour_extra_1_mct_metallic_torino_red_t24_v33
1604654036,mp_stat_contotalforwhouse3_v0
1604703780,packed_mp_veh_mod_idx_0_v142
1604729996,packed_mp_veh_mod_idx_s_16_v39
1604749104,vem_smod_whlv112_t66_v0
1604753167,packed_mp_veh_mod_idx_s_16_v341
1604812343,m_cl_clo_grm_u_7_2_t11_v1
1604816038,f_cl_clo_smf_u_0_2_t11_v1
1604862494,service_earn_jbonus_no_fall
1605027181,vem_supermod_5_2_t46_v27
1605141997,m_cl_clo_hstm_b_10_0_t1_v1
1605170057,packed_mp_veh_mod_idx_0_v74
1605179173,m_cl_clo_x6m_u_1_16_t11_v1
1605184967,packed_mp_veh_mod_var_1_v227
1605210116,f_cl_clo_exf_eu_16_1_t11_v1
1605255893,vem_bumper_f_0_t34_v35
1605319457,vem_supermod_54_9_t54_v7
1605341827,packed_mp_veh_mod_idx_s_23_v177
1605411507,ve_kuruma2_t0_v3
1605546498,f_ha_clo_hp_f_hr_0_0_t0_v1
1605626517,f_cl_clo_hp_f_l_0_4_t4_v1
1605653712,f_cl_m_fmf_4_0_t1_v0
1605677403,f_cl_clo_x6f_l_1_6_t4_v1
1605697221,packed_mp_veh_mod_idx_s_14_v26
1605698691,packed_mp_veh_mod_idx_s_8_v356
1605821024,m_cl_clo_smm_f_0_4_t6_v1
1605834333,vem_supermod_4_0_t45_v31
1605847003,f_cl_clo_h2f_b_9_1_t1_v1
1605856843,m_cl_clo_h2m_b_3_1_t1_v1
1605887682,f_cl_clo_h3f_o_sl_26_t3_v12
1605945723,m_cl_clo_awm_u_17_2_t11_v1
1605980819,ve_chino2_t0_v0
1605986494,f_cl_clo_ief_u_4_5_t11_v1
1606149295,vem_supermod_1_1_t42_v10
1606160989,f_cl_clo_s2f_o_0_t3_v12
1606246054,f_cl_clo_sbf_l_2_7_t4_v1
1606271879,packed_mp_veh_primary_colour_group_v7
1606302097,vem_supermod_7_9_t48_v11
1606351934,m_cl_clo_x6m_ph_1_16_t14_v1
1606413118,packed_mp_veh_mod_idx_s_19_v220
1606445106,m_cl_ht_fmm_7_1_t14_v0
1606451288,ve_gargoyle_t1_v3
1606559409,f_cl_clo_ief_o_10_t3_v12_cesp
1606606616,f_cl_clo_bif_u_32_1_t11_v1
1606661268,packed_mp_veh_mod_idx_s_1_v21
1606671827,vem_supermod_13_5_t54_v26
1606719829,packed_mp_veh_mod_idx_s_13_v320
1606805193,packed_mp_veh_plate_id_v144
1606851924,packed_mp_veh_mod_idx_8_v33
1606889938,m_cl_clo_hstm_t_1_14_t7_v1
1606918666,f_cl_clo_l2f_g_0_0_t14_v1
1606938832,packed_mp_veh_primary_colour_group_v405
1606998449,packed_mp_veh_mod_idx_0_v288
1607048189,vem_supermod_20_8_t61_v27
1607114536,fcclub_dj4_0_t0_v1
1607258009,packed_mp_veh_mod_idx_s_15_v48
1607295851,f_cl_clo_smf_ph_0_12_t14_v1
1607380113,packed_mp_veh_mod_idx_3_v29
1607509011,packed_mp_veh_mod_idx_24_v210
1607513150,packed_ng_vehicle_bpt_v330
1607556671,mp_stat_owned_ie_warehouse_v0
1607581959,dec_vw_aw_wv_11b
1607632617,m_cl_clo_hstm_o_15_t3_v12
1607711150,vem_supermod_57_1_t57_v7
1607717131,m_cl_clo_sbm_l_3_13_t4_v1
1607729144,vem_supermod_1_3_t42_v26
1607754905,packed_mp_veh_mod_idx_s_23_v102
1607776316,ve_deveste_t1_v3
1607782474,packed_mp_veh_mod_idx_s_6_v42
1607820217,wp_wct_c_tint_19_t2_v70_n2
1607834661,packed_mp_veh_window_tint_0_v312
1607890306,m_ha_cc_m_hs_13_t0_v0
1607898371,vem_cmod_col5_37_t29_v4
1607971158,vem_supermod_22_9_t63_v27
1608109079,packed_ng_vehicle_insurance_v239
1608172599,packed_mp_veh_mod_idx_9_v335
1608204182,packed_mp_veh_mod_idx_s_23_v407
1608226102,packed_mp_veh_mod_idx_10_v187
1608287903,vem_cmod_col5_36_t29_v1
1608553444,packed_mp_veh_window_tint_0_v290
1608715197,vem_trans_1_t16_v30
1608747912,vem_grill_2_t8_v10
1608753273,packed_mp_veh_mod_idx_24_v250
1608755027,packed_mp_veh_mod_idx_s_5_v77
1608803344,vem_insurance_mesa3
1608884422,packed_mp_veh_mod_idx_1_v335
1608892559,m_cl_clo_vwm_pey_1_3_t14_v1
1608895337,packed_lr_vehicle_colour_5_v93
1608935665,packed_mp_veh_mod_idx_14_v148
1609031435,m_cl_clo_grm_b_3_10_t1_v1
1609050569,vem_supermod_5_13_t46_v26
1609082352,packed_mp_veh_livery_0_v395
1609194369,vem_grill_0_t8_v38
1609220317,vem_supermod_17_12_t58_v26
1609263566,vem_fender_l_6_t36_v6
1609292291,wp_wct_c_tint_16_t2_v22_n2
1609330244,f_cl_clo_val_decl_h_t8_v1
1609388477,vem_colour_extra_1_mct_classic_red_t24_v33
1609414342,packed_mp_veh_mod_idx_s_7_v169
1609467086,m_cl_clo_hp_h_1_3_t14_v1
1609509556,packed_mp_veh_wheel_type_0_v380
1609519422,f_cl_clo_grf_u_21_1_t11_v1
1609531406,packed_mp_veh_livery2_0_v240
1609600742,vem_colour_extra_1_mct_metallic_saxon_blue_t24_v3
1609665514,packed_mp_veh_livery2_0_v29
1609712406,packed_mp_veh_secondary_colour_group_v230
1609781604,packed_lr_vehicle_colour_5_v284
1609784538,packed_mp_veh_mod_idx_16_v272
1609872733,packed_mp_veh_mod_idx_23_v258
1609908606,f_cl_clo_arf_u_2_4_t11_v1
1609921495,packed_mp_veh_mod_idx_s_18_v332
1609990858,f_cl_clo_smf_b_8_19_t1_v1
1610034165,dec_vw_aw_wh_37c
1610170882,m_cl_clo_x6m_u_0_15_t11_v1
1610181841,vem_smod_whlv178_t66_v0
1610188376,f_cl_outfit_clo_l2f_o_3_t12_v0
1610196137,vem_spoiler_6_t14_v1
1610398517,packed_mp_veh_colour1_0_v129
1610414190,packed_mp_veh_mod_idx_s_17_v60
1610416888,packed_mp_veh_mod_idx_s_10_v380
1610420892,f_cl_clo_h4f_pey_3_9_t14_v1
1610421540,f_cl_clo_hstf_o_c_2_t8_v12
1610427061,m_cl_clo_s1m_ph_0_20_t14_v1
1610469793,m_cl_clo_s2m_d_29_t100_v0
1610477131,packed_mp_veh_colour2_0_v30
1610580248,packed_mp_veh_colour_extra2_0_v167
1610583883,m_cl_clo_lxm_w_3_1_t14_v1
1610638212,vem_rwd_musc_01_t19_v12
1610678738,packed_ng_vehicle_smoke_v411
1610746760,packed_mp_veh_mod_idx_7_v283
1610768392,m_ta_tat_bi_026_t0_v0
1610922016,packed_mp_veh_mod_idx_s_5_v408
1610983604,f_cl_clo_hstf_o_f_3_t8_v12
1611038717,packed_mp_veh_mod_idx_s_14_v104
1611123608,vem_colour_extra_1_mct_metallic_woodbeech_brown_t24_v4
1611139879,vem_supermod_8_22_t49_v3
1611163319,vem_cmod_hrn_clo_t10_v4
1611217599,packed_mp_veh_mod_idx_s_1_v190
1611325824,f_cl_clo_x6f_f_15_3_t6_v1
1611381147,vem_supermod_4_0_t45_v3
1611412629,packed_mp_veh_mod_idx_4_v317
1611425971,wp_wct_grip_t1_v13_n2
1611593747,wp_wct_muzz4_t1_v13_n2
1611602018,pr_mp_prop_offg1_t0_v0
1611679616,packed_mp_veh_mod_idx_16_v241
1611725804,packed_mp_veh_mod_idx_15_v325
1611817834,f_cl_clo_stf_l_3_10_t4_v1
1611835812,ve_superd_t0_v3
1611964740,packed_mp_veh_mod_idx_s_13_v20
1612001867,f_cl_clo_exf_eu_9_2_t11_v1
1612003353,f_cl_clo_fxf_l_4_5_t4_v1
1612072658,service_spend_passive
1612110742,vem_supermod_21_3_t62_v6
1612158348,m_cl_clo_fxm_pe_1_8_t14_v1
1612282218,packed_mp_veh_mod_idx_6_v137
1612293770,f_cl_clo_x6f_f_3_20_t6_v1
1612370332,vem_supermod_13_6_t54_v3
1612409175,packed_mp_veh_mod_idx_12_v171
1612438479,vem_supermod_23_20_t64_v3
1612462772,vem_smod_whlv124_t66_v3
1612462845,packed_mp_veh_wheel_type_0_v259
1612500427,f_cl_clo_ief_u_7_9_t11_v1
1612508110,f_cl_clo_x6f_ey_0_6_t14_v1
1612718416,packed_mp_veh_secondary_colour_group_v16
1612797439,wp_wct_tint_21_t2_v48_n2
1612843782,f_cl_clo_smf_f_0_6_t6_v1
1612852383,f_cl_clo_h2f_o_c_8_t3_v12
1612852815,f_cl_clo_lxf_lw_6_2_t14_v1
1612857972,m_cl_clo_sbm_u_11_0_t11_v1
1612883852,packed_mp_veh_livery_0_v287
1612990567,f_cl_clo_fxf_pe_0_0_t14_v1
1613234079,f_cl_clo_ief_o_5_t3_v12_cesp
1613382772,f_cl_clo_h2f_b_4_3_t1_v1
1613415255,f_cl_clo_stf_o_13_t11_v12
1613538375,packed_mp_veh_mod_idx_s_13_v235
1613598428,packed_ng_vehicle_neon_kit_v236
1613651559,f_cl_clo_sbf_pe_1_16_t14_v1
1613675661,vem_cmod_tyr_stt_t30_v37
1613679245,packed_mp_veh_mod_idx_s_21_v300
1613769530,f_cl_clo_busf_u_3_5_t11_v1
1613935521,m_cl_clo_grm_u_4_11_t11_v1
1613979292,m_cl_clo_ltsm_o_1_t8_v12
1613999689,f_cl_clo_indf_o_4_t3_v12
1614015530,packed_mp_veh_mod_idx_8_v6
1614021020,vem_horn_cnote_b0_t10_v0
1614022636,packed_mp_veh_mod_idx_s_6_v184
1614050451,m_ta_tat_x6_048_t0_v0
1614113909,packed_mp_veh_colour2_0_v285
1614138876,packed_mp_veh_mod_idx_s_9_v163
1614153324,vem_smod_whlv71_t66_v3
1614249913,m_cl_clo_fxm_ph_4_3_t14_v1
1614255343,packed_ng_vehicle_insurance_v163
1614374475,vem_insurance_insurgent
1614428268,packed_lr_vehicle_colour_6_v307
1614533266,vem_colour_1_mct_metallic_light_blue_t24_v3
1614617886,packed_mp_veh_mod_idx_s_0_v60
1614700600,packed_mp_veh_colour1_0_v264
1614857059,mp_stat_nightclub_mod_7_v0
1614900459,f_cl_clo_awf_u_1_11_t11_v1
1614921812,packed_mp_veh_mod_idx_s_2_v277
1614953252,vem_armour_0_t1_v31
1614981001,packed_mp_veh_mod_idx_s_22_v352
1614986751,vem_exhaust_4_t6_v7
1615004936,m_cl_clo_stm_o_11_t11_v12_cesp
1615060349,vem_smod4_whlv135_t66_v2
1615166346,vem_colour_1_mct_classic_sunset_red_t24_v1
1615195592,packed_mp_veh_mod_idx_s_21_v380
1615486656,m_cl_clo_vwm_ph_1_21_t14_v1
1615492575,m_ta_tat_sm_017_t0_v0
1615534230,vem_supermod_6_7_t47_v26
1615560096,vem_exhaust_20_t6_v35
1615619896,vem_supermod_15_22_t56_v3
1615819607,f_cl_clo_vwf_pw_7_1_t14_v1
1615949743,m_cl_clo_lxm_w_13_0_t14_v1
1615989307,dbase_index_6_t0_v0
1616008386,packed_mp_veh_colour_extra1_0_v389
1616049181,wp_wm_tint4_t2_v56
1616096486,f_cl_clo_bhf_f_1_1_t6_v1
1616187033,vem_supermod_3_7_t44_v6
1616220799,m_cl_clo_h2m_f_5_11_t6_v1
1616230124,f_cl_clo_grf_l_4_7_t4_v1
1616301321,packed_mp_veh_colour_extra2_0_v31
1616304256,m_cl_clo_sbm_ph_6_5_t14_v1
1616306272,m_cl_clo_bim_decl_65_t10_v1
1616324363,m_cl_u_fmm_10_1_t11_v0
1616368032,f_cl_clo_stf_ht6_12_t14_v1
1616417090,f_cl_clo_h4f_b_0_19_t1_v1
1616562925,f_cl_clo_hp_f_o_5_t8_v12
1616662789,f_cl_clo_stf_o_14_t3_v12_cesp
1616862280,vem_supermod_8_13_t49_v10
1616915190,vem_cmod_col5_5_t29_v3
1617011474,vem_colour_extra_1_mct_classic_spin_purple_t24_v4
1617104413,m_cl_clo_grm_g_0_15_t3_v1
1617120732,packed_mp_veh_mod_idx_s_7_v207
1617171408,vem_insurance_carbon
1617219451,packed_mp_veh_mod_idx_s_15_v172
1617219939,f_cl_clo_trf_o_r6_t3_v12
1617281105,m_cl_outfit_clo_awm_o_b_0_t12_v0
1617295768,fcclub_name_8_t0_v0
1617365414,vem_supermod_14_9_t55_v28
1617417702,f_cl_clo_hp_f_d_14_t100_v0
1617507225,m_cl_clo_exm_g_19_10_t14_v1
1617612650,packed_mp_veh_mod_idx_3_v254
1617683571,factory_index_29_t0_v0
1617766882,m_cl_clo_vwm_u_10_4_t11_v1
1617794918,vem_colour_2_mct_metallic_blue_t25_v3
1617866837,packed_ng_vehicle_insurance_v112
1617932989,vem_cmod_tyr_6_t18_v11
1617980313,vem_cmod_neonlay_0_t21_v28
1618019860,vem_bumper_r_16_t35_v35
1618138359,f_cl_clo_h3f_o_ff_2_t3_v12
1618198194,vem_colour_1_mct_classic_black_t24_v3
1618218288,f_cl_t_fmf_1_2_t7_v0
1618232727,packed_mp_veh_mod_idx_s_7_v125
1618277386,vem_smod4_whlv158_t66_v3
1618298197,f_cl_t_fmf_3_2_t7_v0
1618372324,f_cl_clo_smf_b_2_1_t1_v1
1618444103,packed_mp_veh_mod_var_0_v113
1618457813,packed_mp_veh_primary_colour_group_v109
1618665815,packed_mp_veh_mod_idx_s_18_v266
1618690978,m_cl_clo_exm_g_5_9_t14_v0
1618779347,vem_supermod_0_7_t41_v11
1618844157,f_cl_clo_ief_b_10_1_t1_v1
1618870333,vem_supermod_17_3_n1_t58_v38
1619036378,packed_mp_veh_mod_idx_s_0_v221
1619145467,vem_colour_1_mct_classic_red_t24_v33
1619226294,wp_wm_tint1_t2_v20
1619240658,f_cl_clo_trf_u_14_8_t11_v1
1619359478,packed_mp_veh_mod_idx_6_v105
1619537714,packed_mp_veh_secondary_colour_group_v331
1619571688,f_cl_he_fmf_16_2_t14_v0
1619632229,m_cl_g_fmm_13_2_t14_v0
1619743925,vem_smod4_whlv68_t66_v0
1619786343,packed_mp_veh_mod_idx_6_v134
1619923355,f_cl_clo_awf_b_8_7_t1_v1
1619959812,packed_mp_veh_mod_idx_8_v44
1619993856,packed_mp_veh_mod_idx_s_22_v120
1620166539,vem_colour_mct_none_99
1620190168,f_cl_clo_h2f_f_7_4_t6_v1
1620228946,vem_horn_xm15_2_t10_v33
1620233437,packed_mp_veh_mod_idx_15_v262
1620254284,wp_wct_c_tint_1_t2_v5_n2
1620257429,m_cl_clo_x6m_ey_011_t14_v1
1620305342,f_cl_clo_h2f_o_g_8_t8_v12
1620307225,packed_mp_veh_colour2_0_v116
1620310055,packed_mp_veh_mod_idx_6_v110
1620316223,m_cl_clo_indm_d_20_t8_v1
1620329106,vem_colour_1_mct_metallic_galaxy_blue_t24_v3
1620401277,m_cl_clo_awm_f_0_9_t6_v1
1620583225,vem_colour_mct_none_0
1620606448,f_ta_tat_gr_023_t0_v0
1620609399,service_earn_ambient_job_hot_target_deliver
1620626169,vem_cmod_col5_27_t29_v1
1620725756,packed_mp_veh_colour_extra2_0_v10
1620737141,vem_horn_clas1_t10_v36
1620797807,f_cl_ht_fmf_4_6_t14_v0
1621009227,packed_mp_veh_mod_idx_2_v171
1621271443,f_cl_clo_s1f_o_1_t8_v12
1621271956,vem_smod4_whl_20_t19_v3
1621352783,f_cl_clo_x2f_u_1_0_t11_v1
1621385346,m_ta_tat_h3_003_t0_v0
1621413836,f_cl_clo_sbf_l_3_4_t4_v1
1621474111,packed_mp_veh_mod_idx_23_v217
1621504696,f_cl_clo_ief_b_8_5_t1_v1
1621518428,f_cl_clo_sbf_l_3_2_t4_v1
1621662890,mp_stat_mpsv_model_182
1621684689,packed_mp_veh_colour1_0_v274
1621708435,m_cl_clo_l2m_w_6_2_t14_v1
1621781096,packed_lr_vehicle_colour_6_v276
1621800490,vem_insurance_trailer
1621817355,ve_oracle_t0_v1
1621914208,m_cl_clo_sbm_lw_2_2_t14_v1
1621946437,m_cl_clo_grm_ph_4_11_t14_v1
1622014874,f_cl_clo_h3f_u_11_16_t11_v1
1622043449,m_cl_clo_hp_u_3_0_t8_v1
1622170371,m_cl_clo_h3m_b_18_23_t1_v1
1622302408,packed_mp_veh_mod_idx_s_14_v387
1622332520,vem_loride_06_t19_v2
1622333702,packed_mp_veh_mod_idx_s_1_v72
1622428428,packed_mp_veh_mod_idx_s_16_v67
1622463327,m_cl_clo_arm_o_27_t7_v12
1622496609,m_cl_clo_smm_ph_3_24_t14_v1
1622527105,packed_mp_veh_mod_idx_s_15_v143
1622547550,f_cl_clo_half_12_1_t1_v1
1622549976,m_cl_clo_grm_decl_7_t100_v0
1622643297,f_cl_clo_bhf_u_14_13_t11_v1
1622655095,f_cl_clo_ltsf_o_13_t8_v12
1622658587,f_cl_clo_sbf_l_3_14_t4_v1
1622782111,m_cl_clo_hp_f_0_1_t6_v1
1622815749,ve_michelli_t0_v3
1622944203,vem_yacht_col_13_v0
1622982964,packed_mp_veh_mod_idx_15_v377
1622989375,vem_colour_2_mct_classic_cabernet_red_t25_v33
1623008412,vem_cmod_col5_7_t29_v3
1623070598,m_cl_clo_hilf_o_24_t3_v12
1623071671,packed_ng_vehicle_bpt_v110
1623157176,packed_mp_veh_mod_idx_s_11_v373
1623161384,vem_colour_extra_1_mct_classic_yellow_t24_v33
1623163543,f_cl_clo_grf_ph_5_4_t14_v1
1623196385,f_ha_cc_mkup_44_t5_v0
1623283336,packed_mp_veh_mod_idx_11_v222
1623317236,vem_rwd_suv_05_t19_v1
1623335126,packed_mp_veh_mod_idx_16_v346
1623411738,vem_cmod_hrn_mus4_t10_v6
1623625963,packed_mp_veh_mod_idx_s_11_v21
1623684772,packed_mp_veh_mod_idx_18_v371
1623764557,packed_mp_veh_plate_id_v203
1623815222,f_cl_clo_h2f_o_g_24_t8_v12
1623944388,m_cl_clo_x6m_ph_0_5_t14_v1
1623975516,ve_pbus2_t1_v1
1624117533,f_cl_clo_hp_f_h_0_6_t14_v1
1624192054,f_cl_clo_fxf_l_4_12_t4_v1
1624225687,m_cl_clo_hilf_s_2_0_t8_v2
1624409179,m_cl_clo_vwm_ph_1_22_t14_v1
1624412319,vem_cmod_neoncol_12_t21_v36
1624438068,vem_hood_20_t9_v35
1624588464,packed_mp_veh_mod_idx_s_15_v219
1624628093,m_cl_clo_grm_decl_10_t11_v1
1624644893,m_cl_clo_hp_d_23_t8_v1
1624648529,m_cl_clo_scm_d_22_2_t10_v1
1624924085,packed_mp_veh_mod_idx_s_5_v179
1624934645,m_cl_clo_scm_b_1_0_t1_v1
1625016351,m_cl_clo_val_decl_p_t8_v2
1625081606,packed_ng_vehicle_neon_kit_v46
1625088726,f_cl_clo_grf_u_22_13_t11_v1
1625144005,packed_ng_vehicle_insurance_v377
1625230760,f_cl_clo_h2f_u_3_22_t11_v1
1625264309,mp_stat_mpsv_model_346
1625265954,packed_mp_veh_mod_idx_s_10_v405
1625434216,fa_upgrade_weapons_trnpt_1_t0_v0
1625440538,vem_smod4_whlv139_t66_v1
1625466847,m_cl_clo_s2m_u_1_0_t11_v1
1625478503,vem_fender_r_5_t37_v37
1625484283,packed_mp_veh_mod_idx_s_19_v366
1625540045,m_cl_outfit_clo_exm_ob_6_t12_v0
1625561715,vem_supermod_3_6_t44_v38
1625603122,packed_mp_veh_mod_idx_14_v32
1625611711,f_cl_clo_bhf_u_16_8_t11_v1
1625620472,packed_mp_veh_mod_idx_s_8_v391
1625646038,vem_cmod_col5_0_t29_v1
1625646861,vem_supermod_4_4_t45_v3
1625753635,packed_mp_veh_mod_idx_10_v82
1625769823,packed_mp_veh_mod_idx_24_v123
1625806476,mp_stat_mpsv_model_45
1625958590,vem_truck_slot_7_mod_0_t0_v0
1625997759,m_ta_tat_hp_048_t0_v0
1626178213,packed_ng_vehicle_neon_kit_v192
1626202286,vem_supermod_9_15_t50_v11
1626266094,wp_wct_tint_16_t2_v56_n2
1626313681,m_ha_face_e_c_17_t4_v0
1626397899,ve_alkonost_t1_v34
1626499241,packed_mp_veh_mod_idx_6_v326
1626708708,m_cl_outfit_clo_arm_o_9_t12_v0
1626786801,f_cl_clo_lxf_t_12_0_t7_v1
1626962471,vem_colour_1_mct_metallic_race_yellow_t24_v2
1627017085,vem_spoiler_16_t14_v6
1627023664,f_cl_clo_arf_o_27_t11_v12
1627074093,m_cl_clo_scm_d_22_3_t10_v1
1627142207,packed_mp_veh_mod_idx_4_v83
1627171255,packed_mp_veh_mod_idx_s_8_v222
1627198805,packed_mp_veh_mod_idx_10_v125
1627234322,f_cl_clo_bhf_u_12_0_t11_v1
1627281956,packed_mp_veh_colour1_0_v414
1627353910,multistorey_garage_tint_3_v1
1627403274,m_ha_clo_s2m_h_1_0_t0_v2
1627470663,packed_mp_veh_mod_idx_5_v115
1627573527,packed_mp_veh_mod_idx_s_15_v141
1627638079,packed_mp_veh_mod_idx_14_v275
1627665479,vem_insurance_buffalo4
1627830485,f_cl_clo_hstf_u_11_2_t11_v1
1628043834,packed_mp_veh_mod_idx_s_1_v294
1628085891,m_cl_outfit_clo_bim_o_10_t12_v0
1628102835,vem_insurance_sentinel4
1628163450,vem_grill_1_t8_v5
1628295555,m_cl_clo_busm_u_3_0_t11_v1
1628316236,vem_spt_18_t19_v3
1628412596,service_earn_yohan_source_goods
1628487208,pr_mp_prop_32_t0_v0
1628511876,vem_smod_whlv41_t66_v3
1628521086,packed_mp_veh_mod_idx_5_v258
1628550609,f_cl_clo_h3f_b_19_1_t1_v1
1628569044,packed_ng_vehicle_bpt_v257
1628580440,m_ha_cc_mkup_83_t5_v0
1628642325,m_cl_clo_scm_f_0_17_t6_v1
1628693243,packed_mp_veh_colour1_0_v252
1628698001,vem_smod_whlv12_t66_v0
1628849598,m_cl_clo_vwm_l_1_4_t4_v1
1628902525,f_cl_clo_hp_f_u_2_7_t11_v1
1628938554,vem_colour_extra_1_mct_metallic_bison_brown_t24_v1
1628966305,f_cl_clo_x6f_ph_2_9_t14_v1
1629004309,packed_mp_veh_mod_idx_12_v260
1629128401,packed_mp_veh_mod_idx_18_v210
1629133936,vem_colour_2_mct_classic_bright_orange_t25_v2
1629176022,m_cl_clo_x17m_b_6_3_t1_v1
1629186271,vem_cmod_smoke_4_t18_v34
1629187144,m_cl_m_fmm_1_3_t1_v0
1629301433,packed_mp_veh_mod_idx_2_v403
1629312380,vem_smod4_whlv27_t66_v3
1629321137,packed_mp_veh_mod_idx_14_v399
1629338177,vem_supermod_63_7_t63_v7
1629359553,f_cl_clo_grf_b_3_0_t1_v1
1629443473,packed_mp_veh_colour2_0_v7
1629473927,packed_mp_veh_colour_extra2_0_v41
1629492005,vem_supermod_18_11_t59_v3
1629502864,vem_armour_0_t1_v27
1629509354,f_cl_clo_h3f_ph_6_17_t14_v1
1629555960,m_cl_clo_v2m_h_0_1_t14_v1
1629587466,packed_mp_veh_mod_idx_7_v322
1629599586,vem_colour_extra_1_mct_metallic_ultra_blue_t24_v33
1629680289,f_cl_clo_h2f_s_6_0_t8_v1
1629727863,vem_hood_23_t9_v3
1629749338,f_ta_tat_bi_033_t0_v0
1629772668,pr_pm_off_var_0_t1_v0
1629830200,m_cl_clo_h2m_u_6_13_t11_v1
1629904103,packed_mp_veh_mod_idx_1_v378
1629912617,wp_wct_tint_25_t2_v1_n2
1629939115,packed_mp_veh_colour2_0_v173
1629951596,packed_mp_veh_colour_extra1_0_v252
1630074288,packed_mp_veh_mod_idx_14_v302
1630076031,packed_mp_veh_mod_idx_22_v318
1630090071,f_cl_clo_awf_o_f_8_t8_v12
1630187157,packed_mp_veh_mod_idx_15_v275
1630249535,vem_horn_cnote_d0_t10_v5
1630289273,f_ta_tat_bus_f_005_t0_v0
1630299431,packed_mp_veh_mod_idx_23_v199
1630348020,ve_sparrow2_t0_v33
1630484880,packed_ng_vehicle_neon_v389
1630576186,f_cl_clo_x6f_o_o_15_t3_v12
1630638689,m_cl_clo_sum_decl_8_t11_v1
1630685126,packed_mp_veh_mod_idx_s_12_v90
1630797398,wp_wct_camo_4_t1_v1_n2
1630806989,vem_cmod_neoncol_13_t21_v35
1630861961,m_cl_clo_hst_a_1_t8_v1
1630925538,vem_colour_extra_1_mct_matte_blue_t24_v4
1630945400,packed_mp_veh_mod_idx_5_v230
1630952201,f_cl_clo_smf_u_4_2_t11_v1
1630993199,m_cl_f_fmm_1_11_t6_v0
1631022746,vem_supermod_18_11_t59_v26
1631046741,packed_mp_veh_secondary_colour_group_v218
1631083936,packed_mp_veh_mod_idx_14_v216
1631232577,vem_rwd_drft_06_t19_v0
1631253093,packed_mp_veh_plate_id_v256
1631420528,m_cl_clo_awm_u_7_12_t11_v1
1631429223,m_ta_tat_x2_010_t0_v0
1631430511,packed_mp_veh_mod_idx_s_22_v339
1631492921,packed_mp_veh_mod_idx_22_v241
1631640693,multistorey_garage_tint_9_v1
1631646635,m_cl_clo_s1m_f_0_1_t6_v1
1631726503,vem_colour_extra_1_mct_classic_black_t24_v1
1631801315,packed_mp_veh_mod_idx_s_16_v241
1631935641,f_cl_clo_x6f_f_6_3_t6_v1
1632034326,fcncl_style_3_t0_v0
1632073510,wp_wm_tint4_t2_v68
1632131706,vem_colour_extra_1_mct_classic_galaxy_blue_t24_v3
1632194544,packed_mp_veh_mod_idx_s_3_v202
1632220216,f_cl_clo_bus_f_o_8_t8_v12
1632378654,f_cl_clo_x6f_l_7_15_t4_v1
1632381849,packed_mp_veh_mod_idx_7_v175
1632387358,f_cl_clo_vwf_u_17_7_t11_v1
1632500497,m_cl_clo_hp_u_8_0_t11_v1
1632889511,f_cl_clo_h3f_decl_1_t11_v1
1632901550,wp_wt_snip_hvy2_t0_v0_n2
1632918308,f_cl_clo_h3f_ph_2_1_t14_v1
1632926508,vem_colour_1_mct_classic_racing_green_t24_v33
1632967745,vem_smod4_whlv39_t66_v2
1632970599,vem_horn_cnote_f0_t10_v3
1632976272,packed_mp_veh_mod_idx_s_20_v262
1633006513,wp_wt_mkrifle2_t1_v56
1633029363,m_cl_clo_smm_b_0_15_t1_v1
1633099865,f_cl_outfit_clo_scf_o_9_t12_v0
1633102997,f_cl_clo_grf_b_2_15_t1_v1
1633116913,service_earn_juggalo_story_mission
1633192681,packed_mp_veh_mod_idx_13_v154
1633335712,packed_mp_veh_mod_idx_s_10_v275
1633428895,vem_smod4_whlv6_t66_v3
1633503145,m_cl_clo_ltsmu_0_3_t11_v1
1633507657,f_cl_clo_awf_decl_96_t100_v0
1633536301,m_cl_clo_sbm_ph_5_0_t14_v1
1633548625,wp_wt_smg2_t0_v0_n2
1633580568,f_cl_clo_indf_ht_1_0_t14_v1
1633663798,f_cl_clo_fxf_u_6_25_t11_v1
1633713104,f_cl_clo_smf_ph_4_2_t14_v1
1633876982,f_cl_clo_h2f_b_9_0_t1_v1
1633897264,vem_supermod_41_6_t41_v7
1633963405,packed_mp_veh_mod_idx_2_v214
1634040855,vem_colour_2_mct_matte_grey_t25_v3
1634116055,packed_ng_vehicle_neon_kit_v337
1634220950,wp_wt_gusenberg_t0_v0
1634345042,f_cl_outfit_clo_x6f_o_1_t12_v0
1634357237,packed_mp_veh_mod_idx_s_16_v243
1634388594,vem_insurance_coquette2
1634390716,f_cl_clo_x6f_o_o_17_t3_v12
1634456273,vem_offr_08_t19_v3
1634516244,packed_mp_veh_mod_idx_s_10_v247
1634528816,packed_mp_veh_mod_idx_14_v319
1634651731,packed_mp_veh_mod_idx_9_v399
1634879828,packed_mp_veh_mod_idx_4_v225
1634956587,f_cl_clo_grf_u_2_12_t11_v1
1634989937,packed_mp_veh_livery2_0_v342
1635005467,vem_supermod_1_14_t42_v3
1635019350,wp_wct_c_tint_24_t2_v9_n2
1635056293,vem_armour_4_t1_v33
1635057999,mp_stat_casinoapt_mod_i_v0
1635081946,packed_ng_vehicle_insurance_v254
1635144171,packed_lr_vehicle_colour_5_v399
1635188596,mp_stat_dbase_facility_graphic_v0
1635195691,packed_mp_veh_mod_idx_s_7_v355
1635224306,m_cl_clo_fxm_u_1_1_t11_v1
1635274691,vem_supermod_2_17_t43_v3
1635307398,vem_horn_hips3_t10_v26
1635338621,f_cl_clo_h3f_o_pr_2_t3_v12
1635372473,vem_colour_extra_1_mct_classic_anthr_black_t24_v33
1635402354,wp_wt_hatchet_t1_v0
1635419800,vem_colour_5_nautical_blue_t38_v0
1635444921,f_cl_clo_scf_l_13_15_t4_v1
1635462223,vem_rwd_spt_11_t19_v3
1635501784,packed_mp_veh_mod_idx_s_6_v91
1635558934,vem_cmod_col5_10_t29_v1
1635567878,f_cl_l_fmf_3_11_t4_v0
1635636679,vem_smod4_whlv104_t66_v2
1635644387,vem_smod4_whlv36_t66_v0
1635661394,vem_exhaust_2_t6_v11
1635725448,mp_stat_mpsv_model_291
1636012788,mp_stat_mpsv_model_129
1636014452,vem_hlight_1_t11_v1
1636035744,packed_mp_veh_primary_colour_group_v411
1636087033,wp_wct_c_tint_11_t2_v8_n2
1636093535,mp_stat_mpsv_model_236
1636137656,f_cl_clo_vwf_ph_1_5_t14_v1
1636175737,m_cl_clo_bim_decl_9_t11_v1
1636206068,packed_mp_veh_mod_idx_s_14_v97
1636216252,vem_insurance_dominato
1636246014,packed_mp_veh_mod_idx_12_v212
1636272528,packed_mp_veh_mod_idx_22_v70
1636304275,packed_mp_veh_mod_idx_3_v358
1636325423,wp_wct_tint_18_t2_v22_n2
1636359758,packed_mp_veh_mod_idx_0_v185
1636419160,vem_bumper_f_19_t34_v26
1636559668,packed_mp_veh_mod_idx_s_2_v264
1636623068,m_cl_clo_fxm_ph_2_7_t14_v1
1636637162,vem_spt_13_t19_v2
1636777498,packed_mp_veh_livery2_0_v109
1636846394,vem_cmod_pla_1_t23_v4
1636864048,vem_cmod_hrn_mus1_t10_v38
1636893598,packed_mp_veh_mod_idx_s_1_v333
1636911233,m_cl_outfit_clo_bus_m_o_11_t12_v0
1637079678,vem_colour_extra_1_mct_metallic_garnet_red_t24_v2
1637093446,m_cl_clo_grm_decl_30_t11_v1
1637238632,m_cl_u_fmm_1_0_t8_v1
1637284728,f_cl_clo_bif_o_16_t8_v12
1637319998,vem_skirt_0_t13_v1
1637394636,m_cl_clo_iem_b_1_3_t1_v1
1637453708,packed_mp_veh_mod_idx_s_7_v27
1637524221,vem_colour_extra_1_mct_classic_anthr_black_t24_v2
1637636225,vem_smod2_whl27_t19_v3
1637719590,f_cl_clo_grf_b_1_0_t1_v1
1637721301,packed_mp_veh_mod_idx_s_22_v105
1637817605,service_spend_fixer_hq_concierge
1637836538,packed_mp_veh_mod_idx_11_v380
1637851561,m_cl_clo_s2m_l_0_1_t4_v1
1637936226,vem_horn_hips2_t10_v3
1637951217,m_cl_clo_iem_u_5_25_t11_v1_cesp
1638042787,packed_mp_veh_mod_idx_s_10_v320
1638089904,vem_rwd_drft_05_t19_v0
1638150594,f_cl_clo_ltsf_d_1_t100_v0
1638195497,m_cl_clo_bhm_u_2_13_t11_v1
1638284425,f_ha_face_e_c_6_t4_v0
1638321013,packed_mp_veh_mod_idx_23_v204
1638411201,vem_supermod_4_8_t45_v26
1638421406,packed_mp_veh_colour2_0_v370
1638449397,vem_horn_hween2_t10_v28
1638464178,vem_rwd_drft_09_t19_v12
1638488852,mp_stat_mpsv_model_280
1638559124,m_cl_clo_bim_u_26_3_t11_v1
1638811968,packed_mp_veh_mod_idx_5_v288
1638841642,f_ta_tat_st_027_t0_v0
1638855908,f_cl_outfit_clo_exf_ob_11_t12_v0
1638910142,vem_colour_1_mct_classic_light_blue_t24_v2
1639078128,packed_mp_veh_colour1_0_v303
1639113610,vem_cmod_tyr_0_t31_v35
1639214693,fcarcade_flr_2_t0_v0
1639253158,pr_mp_prop_3_t0_v0
1639258507,m_cl_clo_awm_u_9_21_t11_v1
1639298634,packed_mp_veh_mod_idx_4_v71
1639312024,f_cl_clo_exf_au_16_4_t11_v1
1639355466,packed_ng_vehicle_neon_kit_v212
1639360710,packed_mp_veh_mod_idx_6_v57
1639399946,vem_brake_2_t2_v4
1639528482,packed_lr_vehicle_colour_6_v312
1639644402,packed_ng_vehicle_bpt_v231
1639653059,f_cl_clo_hp_f_d_0_t11_v1
1639938932,vem_drft_02_t19_v12
1639961343,vem_colour_2_mct_classic_sandy_brown_t25_v3
1639973783,packed_mp_veh_colour_extra1_0_v17
1639982499,packed_mp_veh_mod_idx_10_v285
1640011074,f_cl_clo_val_decl_q_t100_v0
1640071003,m_cl_clo_awm_b_3_1_t1_v1
1640084042,f_cl_f_fmf_3_4_t6_v0
1640257997,f_cl_clo_lxf_t_11_0_t7_v1
1640318415,packed_mp_veh_mod_idx_s_18_v75
1640394233,packed_mp_veh_livery2_0_v168
1640502838,ve_gauntlet3_t1_v3
1640553869,packed_mp_veh_primary_colour_group_v37
1640619400,vem_supermod_23_9_t64_v26
1640691317,m_cl_clo_vwm_decl_27_t100_v0
1640694421,packed_mp_veh_mod_idx_s_19_v69
1640718242,f_ta_tat_bi_037_t0_v0
1640724502,vem_supermod_20_0_t61_v5
1640793191,packed_ng_vehicle_neon_kit_v197
1640826398,packed_mp_veh_mod_idx_22_v192
1640885831,m_cl_clo_exm_decl_3_t100_v0
1640919388,pr_pm_bfurniture_0_t0_v0
1640987832,packed_mp_veh_mod_idx_s_6_v104
1641007767,vem_colour_2_mct_classic_candy_red_t25_v33
1641056151,vem_colour_2_mct_classic_rolled_steel_t25_v2
1641245766,f_cl_clo_vwf_u_8_6_t11_v1
1641286690,vem_suv_19_t19_v12
1641365761,packed_mp_veh_mod_idx_s_5_v210
1641373761,vem_colour_extra_1_mct_classic_lime_green_t24_v33
1641411560,packed_mp_veh_mod_var_1_v309
1641464853,m_ha_cc_mkup_41_t7_v1
1641497296,f_cl_clo_vwf_b_10_1_t1_v1
1641568831,f_cl_clo_grf_ph_3_11_t14_v1
1641683388,packed_mp_veh_mod_idx_13_v190
1641722086,m_cl_clo_indm_d_2_t8_v2
1641822570,f_cl_clo_vwf_u_7_16_t11_v1
1641930146,f_cl_outfit_clo_ief_o_6_t12_v0_cesp
1642172670,packed_mp_veh_mod_idx_12_v300
1642199031,vem_supermod_17_16_t58_v3
1642262554,packed_ng_vehicle_bpt_v273
1642286970,packed_mp_veh_mod_idx_15_v260
1642356709,packed_mp_veh_mod_idx_0_v195
1642396775,packed_mp_veh_mod_idx_s_0_v366
1642398346,packed_mp_veh_mod_idx_18_v19
1642401470,mp_stat_arenagarage_mod_bennymech_v0
1642415282,packed_mp_veh_mod_idx_4_v145
1642482890,packed_mp_veh_mod_idx_s_17_v170
1642627848,packed_ng_vehicle_insurance_v54
1642642873,packed_mp_veh_mod_idx_23_v210
1642645764,packed_mp_veh_mod_idx_13_v296
1642713517,packed_mp_veh_colour2_0_v395
1642735108,packed_mp_veh_secondary_colour_group_v29
1642758887,packed_mp_veh_mod_idx_s_5_v280
1642765501,packed_mp_veh_mod_idx_22_v151
1642909081,vem_colour_mct_none_63
1642961827,packed_mp_veh_mod_idx_22_v160
1643065767,f_cl_clo_s2f_d_19_t11_v1
1643130103,packed_mp_veh_mod_idx_10_v267
1643142975,mp_stat_hub_prod_total_0_v0
1643180270,f_ta_tat_lx_013_t0_v0
1643185988,m_cl_clo_smm_b_5_5_t1_v1
1643340257,vem_supermod_22_1_t63_v26
1643381486,packed_mp_veh_mod_idx_s_16_v366
1643402840,packed_mp_veh_primary_colour_group_v68
1643440972,f_cl_clo_v2f_u_5_1_t11_v1
1643468353,packed_mp_veh_colour_extra1_0_v177
1643549894,f_cl_clo_ief_o_10_t3_v12
1643571546,f_cl_clo_trf_u_5_5_t11_v1
1643594874,vem_colour_1_mct_metallic_saxon_blue_t24_v4
1643616538,packed_ng_vehicle_neon_v234
1643630922,wp_wct_tint_16_t2_v48_n2
1643651675,veu_avenger3_t0_v0
1643659499,service_spend_fairground
1643709851,f_cl_clo_s1f_l_0_3_t4_v1
1643710951,m_cl_clo_h3m_decl_16_t11_v1
1643722495,packed_mp_veh_mod_idx_11_v255
1643849898,vem_smod4_whlv199_t66_v0
1643856912,packed_mp_veh_mod_idx_3_v171
1643895990,wp_wm_tint7_t2_v50
1643925800,f_cl_clo_indf_d_10_t100_v0
1643945907,packed_mp_veh_secondary_colour_group_v260
1643987574,m_cl_clo_awm_b_12_15_t1_v1
1644175980,packed_mp_veh_mod_idx_22_v184
1644192249,f_cl_clo_bif_u_17_0_t11_v1
1644207110,m_cl_clo_smm_o_0_t3_v12
1644252750,vem_supermod_7_12_t48_v7
1644375053,packed_mp_veh_livery_0_v119
1644401922,packed_mp_veh_livery2_0_v255
1644493529,vem_hood_26_t9_v3
1644535915,m_cl_clo_busm_u_1_8_t11_v1
1644637392,m_cl_clo_exm_eu_1113_t11_v1
1644649416,pr_mp_prop_clubh4_t0_v0_cesp
1644669571,vem_drft_24_t19_v12
1644761066,f_cl_clo_grf_ph_3_16_t14_v1
1644784651,vem_supermod_9_17_t50_v3
1644862601,packed_mp_veh_mod_idx_s_4_v367
1644914185,packed_mp_veh_mod_var_0_v313
1644932872,packed_ng_vehicle_neon_kit_v263
1645009030,f_cl_clo_x3f_u_1_0_t11_v1
1645180257,f_cl_clo_vwf_ph_0_16_t14_v1
1645205190,m_cl_clo_h4m_decl_65_t100_v0
1645303584,vem_cmod_hrn_cop_t10_v2
1645321780,f_cl_outfit_clo_x17f_o_m_5_t12_v0
1645323622,m_ta_tat_sb_050_t0_v0
1645398684,m_cl_clo_fxm_u_4_10_t11_v1
1645411810,packed_mp_veh_colour1_0_v3
1645434330,packed_mp_veh_mod_idx_s_13_v380
1645550442,packed_mp_veh_mod_idx_13_v160
1645612688,packed_mp_veh_mod_idx_22_v129
1645635368,packed_mp_veh_plate_id_v61
1645643314,f_cl_clo_arf_o_22_t8_v12
1645731707,packed_mp_veh_mod_idx_5_v414
1645756021,packed_mp_veh_mod_idx_s_1_v94
1645788856,vem_chassis_0_t4_v6
1645874030,packed_mp_veh_mod_idx_18_v402
1645995668,f_cl_clo_h4f_decl_36_t11_v1
1646000264,f_cl_clo_vwf_ph_0_15_t14_v1
1646008477,vem_colour_2_mct_classic_chocolate_brown_t25_v0
1646169952,vem_rwd_suv_07_t19_v2
1646171536,wp_wct_c_tint_30_t2_v47_n2
1646209268,m_cl_clo_sum_u_17_12_t11_v2
1646226700,packed_mp_veh_mod_idx_s_19_v330
1646274686,wp_ps_bag_17_t1_v33
1646276558,packed_mp_veh_mod_idx_s_20_v298
1646304589,packed_mp_veh_mod_idx_s_9_v411
1646315659,f_cl_outfit_o_fmf_s2_t12_v0
1646319933,packed_mp_veh_mod_idx_s_9_v208
1646387340,m_cl_clo_h3m_ph_5_14_t14_v1
1646400453,vem_supermod_3_39_t44_v3
1646480506,dec_vw_aw_wh_50
1646489348,mp_stat_mattotalforfactory0_v0
1646493940,packed_mp_veh_window_tint_0_v92
1646711107,packed_mp_veh_colour2_0_v383
1646754460,f_cl_clo_s1f_u_5_7_t11_v1
1646883867,packed_mp_veh_mod_idx_s_17_v251
1646893254,packed_mp_veh_mod_idx_10_v132
1647031284,vem_cmod_neonlay_7_t21_v35
1647070676,dec_vw_aw_wh_46
1647103368,packed_mp_veh_primary_colour_group_v258
1647149652,vem_colour_1_mct_metallic_dark_green_t24_v33
1647156913,packed_mp_veh_mod_idx_2_v107
1647157849,m_cl_clo_sbm_l_3_12_t4_v1
1647181921,vem_bumper_f_3_t34_v28
1647192522,packed_mp_veh_mod_idx_24_v207
1647234430,m_cl_clo_fxm_l_0_23_t4_v1
1647274968,vem_supermod_63_18_t63_v7
1647292327,pr_mp_prop_clubh12_t0_v0
1647343879,m_cl_clo_x6m_b_2_13_t1_v1
1647365073,packed_mp_veh_livery_0_v43
1647376865,f_ta_tat_vw_004_t0_v0
1647392375,packed_mp_veh_mod_idx_s_10_v95
1647436005,f_cl_clo_suf_u_17_19_t11_v1
1647475296,m_cl_clo_hp_u_8_1_t8_v1
1647505417,vem_bumper_f_0_t34_v33_n0
1647509481,packed_ng_vehicle_smoke_v3
1647518736,f_cl_clo_awf_decl_116_t100_v0
1647535027,packed_mp_veh_mod_idx_s_5_v128
1647593127,vem_rwd_drft_10_t19_v2
1647659773,wh_index_19_t0_v0
1647722146,f_cl_clo_grf_u_21_13_t11_v1
1647732806,vem_cmod_tyr_13_t18_v29
1647777703,packed_mp_veh_mod_idx_22_v47
1647783331,vem_supermod_22_3_t63_v28
1647955294,m_cl_clo_bim_decl_17_t100_v0
1648057338,m_cl_clo_x6m_u_21_1_t11_v1
1648127734,packed_ng_vehicle_smoke_v251
1648173923,wp_wt_smg_mcr_t0_v0
1648175468,wp_wt_rifle_asl2_t0_v0_n2
1648185508,vem_colour_1_mct_classic_spin_purple_t24_v3
1648206432,packed_mp_veh_mod_idx_4_v376
1648213259,packed_mp_veh_colour1_0_v173
1648237389,mp_stat_mpsv_model_145
1648337413,vem_colour_1_mct_classic_cream_t24_v33
1648366938,wp_wct_scope_sml2_t1_v5_n2
1648622512,wp_wct_c_tint_2_t2_v21_n2
1648630105,f_cl_clo_scf_l_0_2_t4_v1
1648936255,m_cl_clo_h4m_b_3_4_t1_v1
1648949310,vem_colour_1_mct_matte_light_grey_t24_v1
1649190824,f_cl_clo_x6f_f_5_25_t6_v1
1649301128,f_cl_clo_awf_u_9_6_t11_v1
1649395668,vem_supermod_15_8_t56_v28
1649600979,f_cl_clo_s2f_t_1_1_t7_v1
1649713440,m_cl_clo_ltsm_o_3_t8_v12
1649769006,m_cl_clo_bhm_f_1_13_t6_v1
1649796446,m_cl_clo_grm_l_4_0_t4_v1
1649938716,vem_colour_2_mct_metallic_maple_brown_t25_v3
1650082835,m_cl_clo_indm_d_18_t8_v2
1650150527,m_cl_clo_indm_g_1_0_t14_v1
1650234769,f_ta_tat_h4_028_t0_v0
1650531883,m_cl_clo_h4m_s_1_12_t8_v1
1650566118,m_cl_ht_fmm_7_7_t14_v0
1650609266,vem_smod4_whlv79_t66_v0
1650732228,vem_chassis_4_t4_v1
1651057514,packed_mp_veh_mod_idx_22_v186
1651079422,packed_mp_veh_mod_idx_0_v76
1651195853,f_cl_clo_vwf_d_1_10_t10_v1
1651215699,packed_mp_veh_mod_idx_s_21_v379
1651220991,mp_stat_bunker_gunlocker_v0
1651399960,packed_ng_vehicle_insurance_v290
1651441189,packed_mp_veh_mod_idx_7_v373
1651490137,wp_wct_scope_sml2_t1_v22_n2
1651536163,m_cl_outfit_o_fmm_p8_t12_v0
1651655386,packed_mp_veh_mod_idx_1_v75
1651677772,f_cl_clo_trf_u_16_7_t11_v1
1651811729,packed_lr_vehicle_colour_6_v79
1651838545,packed_mp_veh_mod_idx_4_v134
1651852395,vem_roof_2_t12_v32
1651971671,vem_colour_1_mct_matte_dark_red_t24_v33
1651976551,packed_mp_veh_mod_idx_4_v392
1652019093,f_cl_clo_h2f_ph_4_4_t14_v1
1652040480,m_cl_clo_vwm_pw_0_2_t14_v1
1652086069,f_cl_clo_h3f_decl_21_t11_v1
1652098086,pr_pm_modshop_3_t0_v0
1652224025,f_cl_clo_grf_ph_1_25_t14_v1
1652273167,m_cl_clo_assm_o_1_t3_v12
1652293891,m_cl_clo_h2m_u_3_1_t11_v1
1652375891,f_cl_outfit_clo_ltsf_o_1_t12_v0
1652446150,f_cl_clo_ief_f_0_1_t6_v1
1652488285,packed_mp_veh_plate_id_v245
1652545573,m_ta_tat_x6_050_t0_v0
1652547385,wp_wct_clip_inc_t0_v9_n2
1652555034,vem_bumper_f_1_t34_v30
1652568354,ve_shamal_t1_v0
1652579669,f_cl_clo_hstf_l_9_3_t4_v1
1652614922,vem_colour_2_mct_classic_might_purple_t25_v1
1652689668,vem_supermod_5_14_t46_v28
1652726729,packed_mp_veh_mod_idx_7_v228
1652753755,vem_colour_2_mct_classic_black_t25_v3
1652869108,f_ta_tat_hp_022_t0_v0
1652872070,packed_mp_veh_mod_idx_s_16_v232
1652884147,service_earn_lottery
1652911948,packed_mp_veh_mod_idx_s_11_v312
1652914965,dec_vw_aw_mt_5
1652993615,m_cl_clo_grm_u_3_7_t11_v1
1653107608,f_cl_clo_h3f_ph_11_2_t14_v1
1653147168,f_cl_clo_h4f_decl_20_t100_v0
1653296830,packed_mp_veh_mod_idx_s_16_v69
1653309847,f_cl_clo_fxf_l_3_4_t4_v1
1653351352,vem_colour_1_mct_metallic_creek_brown_t24_v4
1653549492,vem_smod_whlv83_t66_v0
1653568791,f_ha_cc_blush_13_t5_v0
1653569394,vem_supermod_21_17_t62_v3
1653599524,f_cl_clo_s2f_o_6_t3_v12
1653731528,m_cl_clo_grm_ph_2_9_t14_v1
1653732162,wp_wct_bat_xm304_t1_v37
1653755097,f_cl_clo_awf_ph_1_3_t14_v1
1653849268,packed_mp_veh_mod_idx_s_21_v99
1653867862,packed_mp_veh_mod_idx_s_16_v394
1653882391,packed_mp_veh_colour_extra1_0_v168
1654164568,packed_mp_veh_mod_idx_s_3_v21
1654205844,packed_mp_veh_mod_idx_s_22_v163
1654294505,m_cl_clo_bbm_u_2_3_t8_v1
1654328647,packed_mp_veh_mod_idx_s_16_v105
1654361142,vem_supermod_3_44_t44_v11
1654379631,packed_mp_veh_mod_idx_s_18_v138
1654402950,m_cl_clo_h2m_ph_4_2_t14_v1
1654403627,packed_mp_veh_mod_idx_0_v3
1654414517,ve_emperor_t0_v0
1654565049,m_cl_clo_l2m_o_6_t3_v12
1654681717,fchub_sta_3_t0_v1
1654685194,packed_mp_veh_mod_idx_11_v98
1654723160,vem_rwd_drft_02_t19_v2
1654733733,packed_mp_veh_mod_idx_13_v288
1654764996,m_cl_clo_grm_l_2_19_t4_v1
1654812651,f_cl_clo_x6f_l_0_12_t4_v1
1654961868,service_spend_call_player
1654972573,m_cl_clo_fxm_pe_5_8_t14_v1
1654989130,m_cl_clo_grm_b_1_4_t1_v1
1654996811,m_cl_clo_sum_u_7_22_t11_v1
1655023248,m_cl_clo_bhm_u_1_5_t11_v1
1655026583,packed_mp_veh_mod_idx_8_v189
1655029461,vem_supermod_10_15_t51_v27
1655078656,packed_mp_veh_colour2_0_v17
1655131529,mp_stat_casinoapt_mod_k_v0
1655286203,packed_mp_veh_mod_idx_12_v229
1655342270,packed_mp_veh_mod_idx_s_17_v372
1655423343,m_cl_clo_smm_b_4_0_t1_v1
1655532336,vem_hood_2_t9_v35
1655612848,hangar_mod_savebed_2_t0_v1
1655639066,m_cl_clo_h2m_o_g_4_t3_v12
1655728129,packed_mp_veh_mod_idx_s_23_v125
1655841055,f_cl_outfit_clo_h2f_o_g_25_t12_v0
1655939847,packed_lr_vehicle_colour_6_v98
1656023247,packed_mp_veh_mod_idx_1_v230
1656143139,f_cl_clo_bbf_u_1_6_t11_v1
1656164500,packed_mp_veh_mod_var_0_v278
1656166569,ve_monster_t1_v0
1656195484,wp_wct_flash_t1_v46
1656210908,packed_mp_veh_mod_var_0_v191
1656260628,packed_mp_veh_mod_idx_18_v167
1656393088,vem_hlight_8_t11_v3
1656448541,packed_ng_vehicle_insurance_v343
1656585567,vem_supermod_3_30_t44_v10
1656794532,f_cl_clo_smf_ph_4_12_t14_v1
1656817978,vem_supermod_23_1_t64_v14
1656884766,vem_colour_5_chocolate_brown_t38_v3
1657068456,f_cl_clo_grf_ph_1_24_t14_v1
1657147984,f_cl_clo_bif_ph_4_0_t14_v1
1657190141,m_cl_clo_h2m_b_9_8_t1_v1
1657259019,vem_horn_cnote_f0_t10_v39
1657279933,packed_mp_veh_mod_idx_7_v128
1657320028,vem_rwd_suv_19_t19_v0
1657405656,vem_horn_clas1_t10_v34
1657548541,packed_mp_veh_colour2_0_v319
1657580895,f_cl_clo_ief_b_1_0_t1_v1
1657583977,vem_supermod_7_22_t48_v3
1657672828,packed_mp_veh_mod_idx_18_v289
1657701897,packed_ng_vehicle_smoke_v400
1657754598,packed_mp_veh_mod_idx_4_v295
1657795009,packed_mp_veh_mod_idx_s_0_v324
1657830771,packed_mp_veh_mod_idx_0_v345
1657959856,packed_mp_veh_mod_idx_s_9_v82
1658006675,f_cl_clo_stf_u_6_19_t11_v1
1658028318,f_cl_clo_scf_f_0_2_t6_v1
1658090902,packed_mp_veh_mod_idx_23_v387
1658151988,f_cl_clo_smf_ph_4_21_t14_v1
1658361069,f_cl_clo_h4f_s_2_17_t8_v1
1658390798,vem_colour_extra_1_mct_pearlescent_gold_t24_v4
1658402430,vem_cmod_col5_15_t29_v4
1658471155,packed_mp_veh_colour1_0_v66
1658606325,vem_supermod_13_0_t54_v34
1658684173,ve_cerberus_t1_v38
1658739261,m_cl_clo_grm_u_13_21_t11_v1
1658845417,f_cl_clo_stf_o_e_5_t8_v12
1659042884,vem_chassis_0_t4_v36
1659054603,ve_cuban800_t0_v33
1659154775,packed_mp_veh_mod_idx_s_15_v1
1659212721,f_cl_clo_s1f_dec_9_t100_v0
1659243514,packed_mp_veh_mod_idx_s_8_v266
1659279369,vem_smod_whlv198_t66_v3
1659287826,m_cl_clo_x2m_b_2_0_t1_v1
1659358412,packed_mp_veh_mod_idx_s_10_v30
1659414927,packed_mp_veh_window_tint_0_v336
1659448828,ve_brutus3_t1_v38
1659473506,f_ta_tat_bi_032_t0_v0_cesp
1659473527,m_cl_clo_v2m_f_0_5_t6_v1
1659507510,f_cl_clo_awf_l_0_2_t4_v1
1659574925,f_cl_outfit_o_fmf_b6_t12_v0
1659605186,packed_mp_veh_mod_idx_s_9_v21
1659630671,vem_smod5_whlv53_t66_v3
1659648811,packed_mp_veh_mod_idx_13_v47
1659701390,m_cl_clo_smm_ph_1_12_t14_v1
1659705877,f_cl_clo_trf_o_ms_0_t3_v12
1659786240,f_cl_l_fmf_3_0_t4_v0
1659790497,wp_wct_tint_6_t2_v9_n2
1659794823,packed_mp_veh_colour_extra2_0_v297
1659814869,f_cl_clo_s2f_d_4_t11_v1
1659898080,packed_ng_vehicle_smoke_v106
1660011883,packed_mp_veh_mod_idx_s_6_v341
1660028066,vem_supermod_23_0_t64_v9
1660102968,f_cl_clo_fxf_pe_3_11_t14_v1
1660185987,packed_mp_veh_mod_idx_s_11_v209
1660197762,packed_mp_veh_mod_idx_12_v39
1660204499,m_cl_clo_grm_u_16_18_t11_v1
1660257598,packed_mp_veh_mod_idx_s_14_v22
1660263630,vem_smod4_whlv201_t66_v3
1660310757,dec_vw_aw_wv_2c
1660344152,vem_horn_luxe3_t10_v0
1660461972,packed_ng_vehicle_bpt_v100
1660564762,packed_mp_veh_mod_idx_s_17_v413
1660597805,f_ha_cc_eyebrw_23_t2_v1
1660668996,f_cl_clo_grf_b_5_6_t1_v1
1660718135,packed_mp_veh_mod_idx_15_v398
1660737754,wp_wct_c_tint_22_t2_v56_n2
1660859758,m_cl_clo_x2m_l_0_1_t4_v1
1660862676,packed_mp_veh_colour1_0_v89
1660927962,candc_hacker_dec_12_t0_v0
1660940851,m_cl_clo_busm_u_1_10_t11_v1
1661020487,m_cl_clo_vwm_u_8_6_t11_v1
1661033607,f_cl_clo_bhf_decl_25_t11_v1
1661063470,m_cl_clo_h3m_b_18_13_t1_v1
1661176890,packed_mp_veh_colour1_0_v348
1661296670,packed_mp_veh_mod_idx_0_v280
1661299894,packed_mp_veh_mod_idx_s_0_v188
1661306842,m_cl_clo_sum_u_0_11_t11_v1
1661322349,packed_mp_veh_mod_idx_s_19_v319
1661367360,vem_colour_extra_1_mct_pearlescent_dark_blue_t24_v2
1661430433,f_cl_clo_smf_ph_4_10_t14_v1
1661496654,m_cl_clo_awm_decl_96_t100_v0
1661579888,wp_wct_clip_tr_t1_v8_n2
1661692204,vem_insurance_valkyrie
1661790914,m_cl_clo_vwm_pe_3_1_t14_v1
1661815942,packed_mp_veh_mod_idx_4_v227
1661816599,packed_mp_veh_mod_idx_s_16_v289
1661837046,f_cl_clo_sbf_u_0_12_t11_v1
1661973582,f_cl_clo_ief_u_1_3_t11_v1
1662002927,packed_mp_veh_mod_idx_s_3_v99
1662039324,m_cl_clo_fxm_pe_5_3_t14_v1
1662068010,packed_mp_veh_mod_idx_s_4_v340
1662088984,wp_rwt_tint1_t2_v82
1662141809,f_cl_clo_indf_d_19_t100_v0
1662198396,m_cl_outfit_clo_l2m_o_8_t12_v0
1662221940,packed_mp_veh_mod_idx_s_21_v18
1662222883,vem_rwd_hiend_11_t19_v1
1662228019,packed_mp_veh_mod_idx_10_v399
1662358128,vem_suv_19_t19_v0
1662413678,f_cl_clo_sbf_f_3_17_t6_v1
1662448042,f_cl_clo_trf_decl_15_t11_v1
1662514397,m_cl_clo_x6m_l_6_4_t4_v1
1662529916,ve_hustler_t0_v3
1662561761,m_cl_he_fmm_16_7_t14_v0
1662584446,packed_mp_veh_mod_idx_1_v402
1662651239,vem_insurance_firetruk
1662843057,f_cl_clo_apf_u_23_0_t11_v1
1663028727,service_earn_jbonus
1663074822,f_cl_clo_h3f_decl_3_t100_v0
1663088803,vem_armour_4_t1_v6
1663159469,vem_colour_2_mct_metallic_cast_iron_sil_t25_v1
1663251796,packed_mp_veh_secondary_colour_group_v304
1663259807,vem_chassis_1_t4_v37
1663265046,m_cl_clo_stm_l_3_17_t4_v1
1663274851,m_ta_tat_h27_013_t0_v0
1663514962,packed_mp_veh_mod_idx_s_9_v279
1663583023,m_cl_clo_s1m_u_3_3_t11_v1
1663588169,packed_mp_veh_mod_idx_s_10_v168
1663878220,m_cl_f_fmm_12_11_t6_v0
1663893300,m_cl_clo_trm_u_6_3_t11_v1
1663893815,packed_mp_veh_mod_idx_s_0_v381
1663915158,m_cl_clo_awm_l_0_11_t4_v1
1664028081,packed_mp_veh_colour1_0_v338
1664057606,packed_mp_veh_mod_idx_s_9_v330
1664076672,packed_mp_veh_mod_idx_15_v39
1664088401,m_cl_clo_scm_u_0_1_t11_v1
1664136241,packed_mp_veh_plate_id_v275
1664181165,vem_cmod_exp_0_t20_v30
1664206795,packed_mp_veh_mod_idx_5_v244
1664214723,f_cl_clo_scf_d_12_1_t10_v1
1664330799,vem_supermod_49_10_t49_v7
1664342682,wp_wct_muzz4_t1_v8_n2
1664476066,m_cl_clo_hstm_o_15_t4_v12
1664489769,vem_hlight_0_t11_v35
1664657710,vem_insurance_hauler2
1664782979,packed_mp_veh_mod_var_0_v288
1664789564,vem_supermod_57_23_t57_v7
1664823344,packed_mp_veh_mod_idx_s_20_v160
1664856276,f_cl_clo_vwf_u_20_18_t11_v1
1664897959,f_cl_clo_hstfb_14_25_t1_v1
1665004228,packed_ng_vehicle_bpt_v275
1665010982,packed_mp_veh_mod_idx_11_v181
1665055634,m_cl_clo_grm_ph_2_0_t14_v1
1665250268,m_cl_clo_stm_ht6_11_t14_v1_cesp
1665316536,f_cl_clo_h2f_b_4_0_t1_v1
1665341592,f_cl_clo_stf_ht8_13_t14_v1
1665367106,m_cl_clo_fxm_l_3_19_t4_v1
1665382510,packed_mp_veh_mod_idx_24_v389
1665414411,m_cl_outfit_clo_h3m_o_fib_2_t12_v0
1665451824,m_ta_tat_fm_011_t0_v0
1665538113,vem_supermod_5_11_t46_v10
1665591045,packed_mp_veh_mod_idx_s_19_v106
1665636632,f_cl_clo_h2f_u_7_14_t11_v1
1665642948,wp_wct_tint_8_t2_v56_n2
1665664390,vem_supermod_6_1_t47_v3
1665698651,vem_truck_slot_4_mod_4_t0_v0
1665706279,m_cl_clo_lxm_t_10_1_t7_v1
1665735734,packed_mp_veh_mod_idx_7_v219
1665767919,f_cl_clo_exf_eu_105_t11_v1
1665773025,vem_cmod_pla_text_t23_v26
1665791870,f_cl_clo_x2f_b_2_0_t1_v1
1665841515,packed_lr_vehicle_colour_5_v35
1665862128,m_cl_clo_trm_u_19_6_t11_v1
1665872135,packed_mp_veh_mod_idx_s_2_v9
1666003235,f_cl_clo_x2f_o_2_t3_v12
1666019547,vem_supermod_16_11_t57_v27
1666254971,m_cl_clo_indm_d_1_t8_v2
1666310767,f_cl_clo_bhf_u_15_1_t11_v1
1666314756,packed_mp_veh_mod_idx_12_v150
1666315232,f_cl_clo_s2f_d_10_t100_v0
1666470908,f_cl_clo_v2f_l_1_9_t4_v1
1666472698,f_cl_clo_busf_l_0_2_t4_v1
1666505505,vem_smod4_whlv196_t66_v2
1666645384,m_cl_clo_x6m_f_6_2_t6_v1
1666647283,f_cl_clo_h3f_s_1_6_t8_v1
1666718170,vem_horn_luxe1_t10_v1
1666850572,packed_mp_veh_mod_idx_13_v177
1666875027,vem_rwd_musc_11_t19_v3
1666901807,f_cl_clo_bif_decl_10_t11_v1
1666948872,vem_colour_1_mct_metallic_grace_red_t24_v2
1667016722,f_cl_clo_x17f_o_m_6_t8_v12
1667017503,vem_supermod_3_45_t44_v3
1667033435,vem_supermod_11_8_t52_v3
1667042832,packed_mp_veh_colour1_0_v59
1667100706,packed_mp_veh_mod_var_0_v377
1667253525,f_cl_u_fmf_15_11_t8_v0
1667315550,packed_mp_veh_mod_idx_22_v250
1667317419,m_cl_outfit_clo_arm_o_4_t12_v0
1667336783,vem_chassis_4_t4_v27
1667404361,vem_insurance_picador
1667411804,vem_livery2_0_t39_v4
1667419798,packed_mp_veh_mod_idx_24_v105
1667562069,vem_skirt_0_t13_v11
1667576172,packed_mp_veh_mod_idx_s_20_v280
1667607274,f_cl_clo_vwf_pey_119_t14_v1
1667654251,f_cl_outfit_clo_stf_o_e_3_t12_v0
1667664563,packed_mp_veh_mod_idx_15_v331
1667678179,f_cl_clo_vwf_u_4_9_t11_v1
1667784448,packed_mp_veh_colour1_0_v410
1667791217,vem_colour_5_sea_green_t38_v0
1668033779,m_cl_clo_trm_u_8_12_t11_v1
1668056908,vem_skirt_9_t13_v26
1668114499,packed_mp_veh_mod_idx_s_5_v189
1668195589,vem_cmod_win_2_t33_v5
1668273229,packed_mp_veh_mod_idx_s_12_v253
1668308579,packed_mp_veh_mod_idx_s_3_v182
1668440469,m_cl_clo_x6m_u_20_1_t11_v1
1668477034,vem_cmod_neonlay_0_t21_v37
1668520140,vem_cmod_col5_12_t29_v1
1668610896,service_earn_casino_heist_setup_mission
1668657974,m_cl_clo_x4m_u_12_7_t11_v1
1668750913,packed_mp_veh_plate_id_v324
1668785356,m_cl_clo_vwm_pw_6_3_t14_v1
1668789381,m_cl_clo_smm_ph_1_4_t14_v1
1668789745,multistorey_garage_tint_7_v0
1668797622,m_cl_clo_sum_u_14_17_t11_v1
1668854313,vem_cmod_exp_0_t20_v4
1668857478,vem_cmod_pla_3_t23_v3
1668919048,f_cl_clo_busf_u_4_6_t11_v1
1668948109,wp_wct_tint_28_t2_v21_n2
1669051931,m_cl_clo_sum_u_2_5_t11_v1
1669058563,service_earn_tuner_car_club_membership
1669113791,f_cl_clo_vwf_pe_2_0_t14_v1
1669177327,m_cl_clo_hstm_s_0_0_t8_v1
1669189664,packed_mp_veh_wheel_type_0_v270
1669235098,m_cl_clo_bim_l_4_0_t4_v1
1669298344,vem_smod_whlv35_t66_v0
1669329297,packed_mp_veh_colour2_0_v106
1669513078,packed_mp_veh_mod_idx_s_2_v204
1669530303,vem_horn_cnote_g0_t10_v27
1669564730,vem_supermod_22_15_t63_v3
1669583569,packed_mp_veh_mod_idx_s_12_v55
1669615103,vem_supermod_5_6_t46_v10
1669622753,vem_colour_extra_1_mct_metallic_gold_t24_v0
1669679856,vem_supermod_16_0_t57_v3
1669685773,m_cl_clo_busm_s_0_0_t8_v1
1669821509,f_cl_clo_x6f_l_8_5_t4_v1
1669900069,f_cl_clo_stf_l_3_1_t4_v1
1669901860,packed_mp_veh_mod_idx_2_v286
1669920274,packed_mp_veh_livery2_0_v125
1669936555,m_cl_clo_sum_b_3_4_t1_v1
1669986143,f_cl_clo_sbf_f_6_14_t6_v1
1670285672,packed_mp_veh_mod_idx_s_19_v57
1670326951,packed_mp_veh_mod_idx_s_7_v66
1670346513,m_cl_clo_x17m_u_4_5_t11_v1
1670401824,vem_colour_mct_none_106
1670465739,packed_mp_veh_mod_idx_24_v180
1670499757,vem_supermod_3_36_t44_v3
1670692043,vem_colour_extra_1_mct_classic_wine_red_t24_v33
1670945504,m_cl_clo_grm_u_14_3_t11_v1
1671242963,m_cl_clo_awm_decl_98_t100_v0
1671258242,f_cl_clo_busf_t_0_0_t7_v1
1671499239,m_cl_clo_trm_ph_1_12_t14_v1
1671517310,packed_mp_veh_mod_idx_4_v245
1671535231,service_spend_casino_heist_door_security
1671569788,m_cl_outfit_clo_exm_ob_0_t12_v0
1671592187,f_ha_clo_bif_h_1_0_t0_v0
1671637005,pr_pm_modshop_4_t0_v0
1671643370,m_cl_clo_fxm_u_2_9_t11_v1
1671646804,m_cl_clo_smm_b_3_4_t1_v1
1671682184,fcclub_lght_1_t1_v0
1671870706,f_cl_clo_h3f_b_9_17_t1_v1
1671892126,m_cl_ht_fmm_6_5_t14_v0
1671898422,m_ta_tat_bus_004_t0_v0
1671947565,vem_smod_whlv3_t66_v0
1671948747,fixer_hq_art_3_t0_v0
1671952305,packed_mp_veh_mod_idx_s_8_v126
1671969468,f_ha_cc_blush_15_t5_v0
1671985237,ve_veto_t0_v3
1672040819,packed_ng_vehicle_bpt_v382
1672057173,ve_revolter_t0_v3
1672156038,wp_wct_muzz6_t1_v13_n2
1672192571,m_cl_clo_iem_u_4_19_t11_v1
1672279539,dec_vw_aw_ls_6g
1672294235,m_cl_clo_hilf_o_28_t3_v12
1672363662,vem_colour_1_mct_metallic_torino_red_t24_v4
1672363996,m_cl_clo_hp_d_8_t8_v1
1672410169,m_cl_clo_iem_u_17_16_t11_v1
1672420079,packed_mp_veh_mod_idx_s_7_v46
1672426365,m_ta_tat_x6_012_t0_v0
1672589354,f_cl_clo_h3f_b_18_10_t1_v1
1672799089,m_cl_clo_grm_g_1_13_t3_v1
1672804226,vem_cmod_neonlay_6_t21_v36
1672817785,vem_bumper_r_0_t35_v4
1672836727,f_cl_clo_h2f_ph_214_t14_v1
1672836974,m_cl_clo_bhm_b_0_0_t1_v1
1672875938,vem_rwd_offr_02_t19_v0
1672921076,ve_autarch_t0_v3
1672923186,packed_mp_veh_mod_idx_3_v295
1673112178,packed_mp_veh_mod_idx_10_v408
1673123924,packed_mp_veh_mod_idx_s_1_v57
1673148119,f_cl_clo_h4f_b_4_14_t1_v1
1673236337,mp_stat_hangar_contraband_total_v0
1673267906,pr_pm_modshop_20_t88_v0
1673316456,f_cl_clo_sbf_u_0_5_t11_v1
1673340006,f_cl_clo_hp_f_f_0_5_t6_v1
1673370537,packed_mp_veh_mod_idx_s_16_v334
1673406026,f_cl_clo_bif_u_25_5_t11_v1
1673430767,f_cl_ht_fmf_9_0_t14_v0
1673465998,m_cl_clo_exm_ef_0_4_t6_v1
1673528108,packed_mp_veh_mod_idx_s_5_v109
1673552690,vem_cmod_exp_1_t20_v31
1673654205,f_cl_clo_indf_b_2_1_t1_v1
1673791786,vem_hlight_2_t11_v38
1673829359,m_ha_clo_scm_h_0_0_t0_v0
1673955207,packed_mp_veh_mod_idx_s_17_v9
1674008293,vem_roof_0_n2_t12_v3
1674021378,m_cl_clo_grm_ph_1_3_t14_v1
1674183470,m_cl_clo_scm_ey_0_23_t14_v1
1674227953,m_cl_clo_h2m_u_3_14_t11_v1
1674272537,f_cl_f_fmf_11_0_t6_v0
1674300604,packed_mp_veh_mod_idx_2_v205
1674458886,wp_wct_tint_3_t2_v70_n2
1674461219,m_cl_outfit_clo_exm_oa_2_t12_v0
1674527453,packed_mp_veh_colour_extra1_0_v141
1674636305,wp_wct_tint_29_t2_v8_n2
1674762273,packed_mp_veh_mod_idx_s_18_v120
1674897216,m_cl_clo_grm_b_4_2_t1_v1
1674904690,m_cl_clo_scm_ph_0_0_t14_v1
1674915242,m_cl_clo_hp_d_7_t100_v0
1674939024,m_cl_clo_exm_eu_12_0_t11_v1
1674983670,vem_supermod_53_4_t53_v7
1675108802,f_cl_clo_awf_u_9_2_t11_v1
1675117580,vem_colour_1_mct_matte_white_t24_v4
1675193438,packed_mp_veh_livery_0_v66
1675225144,m_cl_clo_hp_u_7_0_t11_v1
1675260964,packed_lr_vehicle_colour_6_v288
1675279630,f_cl_clo_l2f_lw_4_2_t14_v1
1675303989,vem_fender_l_0_t36_v26
1675471784,f_cl_clo_bhf_u_15_0_t11_v1
1675543490,vem_supermod_1_12_t42_v11
1675612936,vem_rwd_spt_09_t19_v3
1675809974,m_cl_clo_bbm_t_2_0_t7_v1
1675825967,packed_ng_vehicle_neon_kit_v223
1675837109,f_cl_clo_h3f_ph_6_9_t14_v1
1675856509,m_cl_clo_smm_ph_8_3_t14_v1
1675902515,vem_colour_2_mct_metallic_bleeched_brown_t25_v3
1675919956,packed_mp_veh_mod_idx_7_v383
1675931064,packed_mp_veh_livery_0_v271
1675985537,vem_colour_2_mct_metallic_race_yellow_t25_v3
1676033325,vem_colour_extra_1_mct_classic_lime_green_t24_v2
1676055536,packed_mp_veh_mod_idx_12_v370
1676071798,m_ta_tat_sb_010_t0_v0
1676139704,vem_supermod_17_0_t58_v31
1676199439,wp_wct_tint_18_t2_v8_n2
1676276849,fchub_sec_0_t0_v0
1676301112,packed_mp_veh_mod_idx_5_v209
1676377182,f_cl_clo_smf_b_3_18_t1_v1
1676426703,m_cl_clo_valm_b_0_0_t1_v1
1676473834,f_cl_clo_stf_u_7_5_t11_v1
1676497589,f_cl_clo_grf_u_7_8_t11_v1
1676642306,packed_mp_veh_mod_idx_s_19_v73
1676670201,vem_colour_2_mct_metallic_bronze_t25_v4
1676679320,f_cl_clo_vwf_u_4_14_t11_v1
1676708311,vem_horn_clas5_t10_v33
1676766577,vem_horn_hips1_t10_v6
1676782722,f_cl_clo_bif_ph_7_0_t14_v1
1676845749,fixer_hq_arm_0_t0_v0
1676849408,vem_colour_2_mct_classic_saddle_brown_t25_v3
1676971958,wp_wm_tint2_t2_v85
1677052251,dec_vw_aw_wv_11e
1677244474,packed_mp_veh_mod_idx_6_v20
1677284197,ve_issi8_t0_v3
1677306233,packed_mp_veh_mod_idx_16_v365
1677355381,packed_mp_veh_mod_idx_s_23_v112
1677385227,pm_weapon_discount_gun_van_1_1
1677539895,packed_mp_veh_mod_idx_23_v88
1677552522,packed_mp_veh_mod_idx_s_19_v160
1677567971,packed_mp_veh_mod_idx_12_v262
1677568959,packed_mp_veh_mod_idx_s_14_v244
1677671969,vem_insurance_titan
1677720223,packed_mp_veh_mod_idx_s_0_v123
1677807866,packed_mp_veh_window_tint_0_v133
1677826305,packed_mp_veh_colour_extra1_0_v266
1677907146,packed_mp_veh_colour_extra1_0_v312
1677972334,packed_lr_vehicle_colour_5_v345
1678112166,service_spend_nightclub_dj_rehire
1678197876,ve_streiter_t0_v3
1678221645,m_cl_clo_iem_b_8_0_t1_v1
1678241158,packed_ng_vehicle_neon_v115
1678337574,packed_mp_veh_mod_idx_16_v282
1678341086,f_cl_clo_smf_ph_2_13_t14_v1
1678363144,vem_supermod_63_8_t63_v7
1678365016,m_cl_clo_h3m_b_11_0_t1_v1
1678417553,vem_bumper_r_11_t35_v39
1678432413,vem_colour_extra_1_mct_classic_racing_blue_t24_v33
1678474033,m_cl_clo_vwm_pe_3_0_t14_v1
1678490939,vem_supermod_1_6_t42_v10
1678583220,f_ta_tat_l2_026_t0_v0
1678733285,vem_cmod_win_1_t33_v26
1678748877,f_cl_clo_bif_ph_12_4_t14_v1
1678764401,ve_omnisegt_t0_v38
1678823009,packed_mp_veh_mod_idx_16_v231
1678825501,f_cl_clo_h3f_u_14_7_t11_v1
1678828176,f_cl_clo_fxf_b_0_0_t1_v1
1678887972,packed_mp_veh_mod_idx_15_v29
1678968714,packed_mp_veh_mod_var_0_v123
1679060598,packed_mp_veh_mod_idx_s_3_v372
1679257538,m_cl_clo_arm_o_9_t3_v12
1679375336,f_cl_clo_awf_f_0_8_t6_v1
1679536115,m_cl_clo_ltsml_0_3_t4_v1
1679637634,cb_sell_0_t0_v0
1679702085,packed_mp_veh_mod_idx_s_4_v406
1679822756,packed_ng_vehicle_insurance_v155
1679825273,packed_mp_veh_mod_idx_7_v113
1679841574,f_cl_clo_bhf_l_4_0_t4_v1
1680118950,packed_ng_vehicle_neon_kit_v254
1680127915,m_cl_outfit_clo_awm_o_c_7_t12_v0
1680132980,f_ha_cc_mkup_43_t5_v0
1680178972,m_ha_hair_beard1_t1_v0
1680230836,f_cl_clo_fxf_ph_4_11_t14_v1
1680320785,vem_bumper_r_14_t35_v38
1680336305,f_cl_clo_x3f_b_14_0_t1_v1
1680353717,vem_sub_heli_c_29
1680488174,packed_mp_veh_mod_idx_s_16_v201
1680500154,vem_colour_extra_1_mct_classic_cream_t24_v0
1680548614,f_cl_clo_suf_u_17_13_t11_v1
1680591527,vem_brake_1_t2_v4
1680692398,vem_armour_5_t1_v37
1680706114,packed_mp_veh_plate_id_v387
1680718173,f_cl_clo_trf_f_1_4_t6_v1
1680721028,m_cl_clo_exm_ef_0_3_t6_v1
1680800391,packed_mp_veh_livery2_0_v374
1680813950,packed_mp_veh_mod_idx_s_22_v350
1680857660,packed_mp_veh_livery_0_v409
1680945430,vem_musc_03_t19_v12
1680960950,f_cl_clo_h4f_s_1_5_t8_v1
1681049249,f_cl_clo_sbf_pe_1_12_t14_v1
1681150476,f_cl_clo_fxf_ph_2_15_t14_v1
1681307111,f_ta_tat_st_048_t0_v0
1681528189,vem_cmod_hrn_clo_t10_v29
1681537709,packed_mp_veh_mod_idx_23_v82
1681640505,f_cl_clo_h2f_o_g_21_t3_v12
1681658648,packed_mp_veh_mod_idx_2_v5
1681688673,f_cl_clo_exf_au_11_0_t11_v1
1681754236,packed_mp_veh_colour_extra2_0_v155
1681772423,m_cl_clo_val_decl_n_t8_v1
1681861272,packed_mp_veh_mod_idx_s_21_v139
1681878219,f_cl_clo_h4f_decl_57_t11_v1
1682081501,m_cl_clo_x6m_u_0_14_t11_v1
1682092680,wp_wct_c_tint_4_t2_v13_n2
1682100104,m_cl_clo_x6m_b_2_16_t1_v1
1682362656,f_cl_clo_x6f_ph_1_2_t14_v1
1682367199,packed_mp_veh_mod_idx_15_v148
1682376318,wp_wct_camo_9_t1_v13_n2
1682413325,packed_mp_veh_mod_idx_s_11_v98
1682422349,packed_ng_vehicle_neon_v399
1682462393,vem_smod_whlv115_t66_v3
1682481435,f_ta_tat_h3_016_t0_v0
1682500409,packed_mp_veh_mod_idx_18_v73
1682620571,packed_mp_veh_mod_idx_11_v111
1682665860,f_cl_clo_fxf_pe_0_2_t14_v1
1682678291,m_cl_outfit_clo_hstm_o_l_3_t12_v0
1682680054,vem_smod4_whlv54_t66_v2
1682822040,wp_wct_comp_t1_v1_n2
1682838079,m_cl_clo_h3m_ph_9_13_t14_v1
1683126638,packed_mp_veh_livery2_0_v363
1683156428,packed_ng_vehicle_insurance_v303
1683179853,vem_supermod_23_30_n1_t64_v33
1683250785,vem_colour_1_mct_metallic_bright_purple_t24_v33
1683313595,packed_mp_veh_mod_idx_s_16_v226
1683383908,packed_mp_veh_mod_idx_14_v239
1683508568,m_cl_clo_bim_u_15_1_t11_v1
1683624733,f_cl_clo_bif_decl_24_t11_v1
1683764686,packed_mp_veh_mod_idx_s_13_v173
1683782408,vem_supermod_8_1_t49_v3
1683798242,service_spend_submarine_relocation
1683888621,m_cl_u_fmm_9_14_t11_v0
1683972949,vem_brake_3_t2_v3
1684167174,f_cl_outfit_clo_exf_oa_3_t12_v0
1684202425,packed_mp_veh_mod_idx_s_19_v117
1684272292,m_cl_clo_apm_u_17_10_t11_v1
1684309701,vem_cmod_tyr_lg_t30_v9
1684440605,vem_colour_1_mct_metallic_might_purple_t24_v2
1684571629,packed_mp_veh_mod_idx_s_1_v341
1684627810,packed_ng_vehicle_insurance_v264
1684746212,f_cl_clo_busf_t_0_3_t7_v1
1684750750,f_cl_clo_ief_u_5_15_t11_v1
1684918234,packed_mp_veh_mod_idx_s_7_v181
1684920780,packed_ng_vehicle_bpt_v54
1685007974,vem_supermod_52_6_t52_v7
1685060282,f_cl_clo_vwf_pw_2_2_t14_v1
1685070820,m_cl_clo_sbm_f_3_17_t6_v1
1685126198,dec_vw_aw_mt_8c
1685158606,wp_wct_c_tint_28_t2_v9_n2
1685208903,packed_mp_veh_mod_idx_24_v343
1685275827,m_cl_clo_smm_b_8_22_t1_v1
1685294876,f_cl_clo_vwf_u_6_2_t11_v1
1685303758,m_ha_cc_body_1_17_t3_v1
1685373678,packed_ng_vehicle_neon_kit_v61
1685389872,f_cl_clo_half_11_2_t1_v1
1685565380,f_cl_clo_smf_b_9_3_t1_v1
1685589417,f_cl_clo_hstf_l_1_0_t4_v1
1685655629,packed_mp_veh_mod_var_1_v113
1685718807,packed_ng_vehicle_insurance_v48
1685752706,veu_minivan2_t0_v0
1685756311,packed_mp_veh_mod_idx_2_v335
1685757549,packed_mp_veh_mod_idx_s_15_v410
1685919671,m_cl_clo_vwm_s_2_10_t8_v1
1685929664,packed_mp_veh_mod_idx_2_v195
1685996641,f_cl_clo_fxf_l_5_23_t4_v1
1686024280,vem_truck_slot_7_mod_2_t0_v0
1686357630,packed_mp_veh_mod_idx_s_10_v218
1686393268,m_cl_clo_grm_decl_30_t100_v0
1686487548,vem_supermod_10_0_t51_v27
1686656194,f_cl_clo_hp_f_u_4_9_t11_v1
1686720139,ve_pounder2_t1_v36
1686725210,packed_mp_veh_colour1_0_v407
1686735974,vem_cmod_tyr_pat_t18_v38
1686781104,packed_lr_vehicle_colour_6_v346
1686790994,wp_wct_none_t1_v5_n2
1686860493,m_cl_clo_vwm_f_2_5_t6_v1
1686963144,packed_mp_veh_mod_idx_s_4_v177
1687003067,vem_colour_1_mct_metallic_pink_t24_v0
1687008226,vem_colour_extra_1_mct_metallic_black_steel_t24_v3
1687012560,packed_mp_veh_mod_idx_s_2_v234
1687233863,veu_impaler2_t0_v0
1687237906,wp_wm_tint7_t3_v23
1687284115,packed_mp_veh_secondary_colour_group_v186
1687302578,wp_wm_tint5_t2_v98
1687393582,packed_mp_veh_colour1_0_v28
1687413964,f_cl_clo_bif_u_9_0_t11_v1
1687439339,vem_smod4_whlv30_t66_v0
1687485187,packed_mp_veh_mod_idx_1_v260
1687531975,packed_mp_veh_mod_idx_s_13_v359
1687561700,m_cl_clo_bbm_l_2_11_t4_v1
1687569527,packed_mp_veh_mod_idx_s_10_v231
1687576636,m_cl_clo_x6m_u_1_20_t11_v1
1687589866,packed_mp_veh_livery2_0_v313
1687640167,vem_colour_extra_1_mct_metallic_black_steel_t24_v33
1687821274,vem_supermod_17_1_t58_v26
1688209266,packed_mp_veh_mod_idx_s_5_v256
1688321624,packed_mp_veh_mod_idx_s_1_v157
1688325329,packed_mp_veh_wheel_type_0_v102
1688354380,vem_colour_extra_1_mct_metallic_sandy_brown_t24_v0
1688415372,m_cl_clo_l2m_t_8_1_t7_v1
1688445714,vem_supermod_3_6_t44_v27
1688525567,m_ta_tat_st_027_t0_v0
1688543815,packed_mp_veh_mod_idx_s_23_v316
1688574748,dec_vw_aw_ss_39c
1688579322,m_cl_clo_h2m_b_7_3_t1_v1
1688658932,m_ta_tat_fm_238_t0_v0
1688677028,f_cl_outfit_clo_h3f_o_sl_22_t12_v0
1688749271,f_cl_outfit_clo_hstf_o_14_t12_v0
1688784551,m_cl_clo_busm_s_0_8_t8_v1
1688836146,vem_fender_l_0_t36_v35
1688854499,vem_supermod_58_22_t58_v7
1689004805,packed_mp_veh_secondary_colour_group_v376
1689052500,wp_wm_tint7_t2_v66
1689095734,m_cl_clo_hstm_b_15_2_t1_v1
1689110248,packed_mp_veh_colour2_0_v402
1689193275,vem_brake_0_t2_v3
1689206453,packed_mp_veh_mod_idx_13_v45
1689265937,packed_mp_veh_mod_var_0_v15
1689279962,vem_smod5_whlv28_t66_v0
1689289384,packed_mp_veh_mod_idx_7_v375
1689337329,vem_supermod_21_11_t62_v26
1689342811,packed_mp_veh_colour_extra2_0_v397
1689407272,packed_mp_veh_colour_extra2_0_v88
1689469858,f_cl_clo_stf_u_3_5_t11_v1
1689489830,m_cl_clo_x6m_ey_0_6_t14_v1
1689653221,f_cl_g_fmf_14_6_t14_v0
1689674216,f_cl_clo_s1f_f_1_7_t6_v1
1689764543,f_cl_clo_lxf_dec_3_t11_v1
1689789988,f_cl_clo_smf_ph_1_1_t14_v1
1689866180,packed_mp_veh_mod_idx_9_v246
1689889964,m_cl_clo_trm_u_4_1_t11_v1
1689994539,f_cl_outfit_clo_h3f_o_sh_12_t12_v0
1690014037,wp_wct_no_liv_t1_v56_n2
1690108820,ve_frogger_t1_v0_cesp
1690175028,f_cl_clo_h2f_o_g_13_t8_v12
1690323661,packed_mp_veh_mod_idx_0_v113
1690331347,wp_wct_clip1_rv_t1_v70_n2
1690430790,m_cl_clo_h3m_u_16_0_t11_v1
1690432661,packed_mp_veh_mod_idx_s_3_v334
1690442614,packed_mp_veh_mod_idx_16_v385
1690455871,packed_mp_veh_mod_idx_s_7_v133
1690517337,ve_barrage_t0_v35
1690609206,packed_mp_veh_mod_idx_8_v327
1690609554,vem_insurance_faction3
1690629260,vem_colour_2_mct_matte_purple_t25_v4
1690650335,wp_wct_c_tint_17_t2_v5_n2
1690665199,packed_mp_veh_mod_idx_s_22_v215
1690683742,packed_mp_veh_mod_idx_2_v113
1690687284,packed_ng_vehicle_bpt_v394
1690849154,vem_supermod_3_23_t44_v11
1690850239,m_cl_clo_x6m_l_0_3_t4_v1
1690937919,vem_spoiler_17_t14_v3
1690979403,m_cl_clo_hstmb_14_11_t1_v1
1690987477,wp_wct_tint_28_t2_v1_n2
1691000468,m_cl_clo_awm_o_h_2_t3_v12
1691003373,f_cl_outfit_clo_h3f_o_dl_16_t12_v0
1691023737,packed_mp_veh_mod_idx_s_0_v107
1691033207,f_cl_clo_vwf_l_1_10_t4_v1
1691130133,m_cl_clo_indm_d_12_t11_v1
1691146458,packed_mp_veh_mod_idx_3_v405
1691200771,vem_colour_extra_1_mct_classic_gold_t24_v33
1691273660,wp_wt_spcarbine2_t1_v46
1691281887,vem_insurance_stingertt
1691311029,m_ta_tat_fm_025_t0_v0
1691341899,vem_colour_1_mct_metals_gold_p_t24_v0
1691472508,packed_ng_vehicle_bpt_v357
1691492317,m_cl_clo_exm_decl_15_t100_v0
1691601873,packed_mp_veh_mod_idx_9_v303
1691645742,m_cl_clo_h3m_b_18_24_t1_v1
1691693648,packed_ng_vehicle_neon_v315
1691711583,packed_mp_veh_mod_idx_s_17_v249
1691731956,packed_mp_veh_mod_idx_10_v8
1691757040,f_cl_clo_h2f_o_s_11_t3_v12
1691822764,m_cl_clo_sum_u_10_3_t11_v1
1691866475,dec_vw_aw_wh_27
1691867885,f_cl_clo_h2f_u_6_0_t11_v1
1692004704,packed_ng_vehicle_neon_v95
1692067948,packed_mp_veh_mod_idx_4_v40
1692159034,f_cl_clo_bhf_decl_57_t100_v0
1692373437,packed_mp_veh_mod_idx_11_v196
1692526308,m_ha_cc_body_1_14_t3_v0
1692601565,fcncl_light_1_t0_v0
1692625278,m_cl_g_fmm_5_7_t14_v0
1692727649,packed_mp_veh_mod_idx_5_v326
1692753087,packed_mp_veh_mod_idx_s_6_v65
1692778277,packed_lr_vehicle_colour_5_v84
1692792150,packed_mp_veh_mod_idx_23_v127
1692798102,f_cl_clo_exf_g_7_9_t14_v0
1692919771,packed_mp_veh_mod_idx_11_v396
1692955332,vem_colour_1_mct_metallic_bright_orange_t24_v0
1692960859,packed_mp_veh_mod_idx_s_13_v60
1693016408,m_cl_g_fmm_2_6_t14_v0
1693051506,vem_supermod_59_8_t59_v7
1693111546,packed_mp_veh_mod_idx_s_10_v195
1693139020,f_cl_clo_hstf_u_11_6_t11_v1
1693208611,f_cl_outfit_o_fmf_p3_t12_v0
1693221812,packed_mp_veh_mod_idx_18_v65
1693250583,vem_cmod_neonlay_7_t21_v5
1693259139,f_cl_clo_vwf_u_17_5_t11_v1
1693288899,vem_supermod_4_7_t45_v26
1693290816,m_cl_clo_x6m_t_2_6_t7_v1
1693296465,m_cl_clo_apm_u_17_9_t11_v1
1693322922,m_cl_clo_hp_d_29_t11_v1
1693346207,packed_mp_veh_mod_idx_8_v206
1693471719,packed_lr_vehicle_colour_5_v353
1693473205,packed_mp_veh_mod_idx_5_v159
1693572985,packed_mp_veh_window_tint_0_v14
1693592674,m_cl_clo_h4m_s_2_5_t8_v1
1693597835,wp_ps_bag_40_t1_v33
1693764263,f_ta_tat_bb_008_t0_v0
1693871168,wp_wm_tint2_t2_v4
1693917521,m_cl_clo_bim_s_11_19_t8_v1
1693992198,f_cl_clo_smf_ph_0_4_t14_v1
1694022791,packed_mp_veh_wheel_type_0_v379
1694129129,vem_colour_1_mct_metallic_black_steel_t24_v33
1694142860,packed_mp_veh_mod_idx_s_14_v327
1694155872,f_cl_clo_h2f_u_7_19_t11_v1
1694173281,f_cl_clo_grf_u_6_11_t11_v1
1694276453,vem_colour_2_mct_metallic_pink_t25_v2
1694520920,vem_armour_5_t1_v35
1694542040,vem_loride_11_t19_v2
1694558605,vem_supermod_3_39_t44_v11
1694640044,packed_mp_veh_mod_idx_s_1_v399
1694644286,packed_mp_veh_mod_idx_s_12_v214
1694673200,wp_ps_bag_2_t1_v33
1694733169,packed_ng_vehicle_smoke_v221
1694755039,packed_mp_veh_mod_idx_14_v245
1694784384,vem_musc_02_t19_v12
1694828116,m_cl_clo_valm_u_0_0_t11_v1
1694849711,vem_grill_8_t8_v27
1694850674,f_cl_clo_hstf_o_11_t4_v12
1694887913,packed_mp_veh_plate_id_v137
1694941684,packed_mp_veh_mod_idx_s_10_v268
1694961945,m_cl_clo_grm_b_5_23_t1_v1
1694963541,packed_mp_veh_mod_idx_s_14_v68
1695116480,packed_mp_veh_mod_idx_s_15_v192
1695183538,wp_wct_c_tint_16_t2_v47_n2
1695192143,kosatk_fla_16_t0_v0
1695406663,vem_cmod_win_3_t33_v32
1695474893,f_cl_clo_s2f_l_0_2_t4_v1
1695492500,packed_mp_veh_mod_idx_2_v358
1695497051,packed_lr_vehicle_colour_6_v125
1695521001,m_cl_clo_smm_decl_15_t100_v0
1695535498,vem_colour_2_mct_classic_sea_green_t25_v0
1695536723,f_cl_clo_busf_u_1_8_t11_v1
1695590036,vem_smod4_whlv177_t66_v2
1695742440,vem_cmod_win_1_t33_v10
1695911442,m_cl_clo_trm_ph_1_1_t14_v1
1695934238,packed_mp_veh_mod_idx_1_v398
1695954424,packed_mp_veh_mod_idx_2_v80
1696072910,packed_lr_vehicle_colour_6_v233
1696110010,vem_cmod_hrn_clo_t10_v33
1696156719,f_cl_clo_awf_ph_1_9_t14_v1
1696175045,packed_mp_veh_mod_idx_18_v387
1696315811,vem_smod_whl29_t19_v3
1696341464,packed_ng_vehicle_insurance_v190
1696394998,f_cl_clo_half_d_5_t100_v0
1696491255,m_cl_outfit_clo_ltsm_o_5_t12_v0
1696535108,m_cl_clo_h4m_t_4_0_t7_v1
1696551618,packed_mp_veh_mod_idx_s_16_v57
1696574260,f_ta_tat_s1_004_t0_v0
1696611007,packed_mp_veh_mod_idx_s_11_v263
1696611012,m_cl_clo_bim_ph_6_0_t14_v1
1696677332,vem_mct_pearlescent_t2_v0
1696684339,packed_mp_veh_mod_idx_22_v363
1696707040,m_cl_clo_sbm_u_11_11_t11_v1
1696774475,ve_imorgon_t0_v3
1696842431,m_cl_clo_busm_g1_2_t14_v1
1696861710,wp_wct_clip1_t1_v64
1696891447,m_cl_outfit_clo_hstm_o_n_3_t12_v0
1696902045,packed_mp_veh_mod_idx_12_v234
1697028779,packed_ng_vehicle_neon_kit_v404
1697029643,vem_cmod_tyr_4_t18_v27
1697069913,packed_lr_vehicle_colour_5_v302
1697098149,packed_mp_veh_mod_idx_16_v344
1697116104,vem_colour_2_mct_classic_sea_green_t25_v33
1697121883,vem_supermod_23_21_n1_t64_v3
1697153465,wp_wct_tint_2_t2_v5_n2
1697158362,vem_grill_2_t8_v29
1697207977,packed_mp_veh_mod_idx_13_v90
1697239218,vem_supermod_8_6_t49_v11
1697358335,f_cl_clo_stf_u_3_8_t11_v1
1697432981,packed_mp_veh_colour1_0_v126
1697444698,m_cl_clo_vem_dec_43_t100_v0
1697454196,packed_mp_veh_mod_idx_s_18_v1
1697483903,vem_colour_2_mct_metallic_racing_green_t25_v3
1697511613,packed_mp_veh_mod_idx_s_0_v344
1697527884,vem_supermod_16_18_t57_v3
1697595838,packed_mp_veh_mod_idx_9_v33
1697610238,m_cl_clo_apm_u_23_0_t11_v1
1697700866,packed_mp_veh_colour_extra2_0_v306
1697826302,m_cl_clo_hstm_g_3_1_t3_v1
1697870215,packed_mp_veh_mod_idx_s_9_v130
1697958219,vem_colour_1_mct_metallic_formula_red_t24_v3
1697986925,m_ha_face_e_c_19_t4_v0
1698005895,m_cl_clo_h3m_b_19_2_t1_v1
1698163741,vem_fender_l_2_t36_v2
1698177728,packed_mp_veh_mod_idx_s_17_v39
1698190908,f_cl_clo_bif_u_16_5_t11_v1
1698191913,packed_mp_veh_mod_idx_3_v220
1698192795,f_cl_clo_scf_u_0_23_t11_v1
1698247406,packed_mp_veh_mod_idx_2_v75
1698266545,packed_mp_veh_mod_idx_s_19_v232
1698287432,m_cl_clo_h3m_b_18_10_t1_v1
1698296032,packed_mp_veh_mod_idx_13_v404
1698319980,vem_supermod_3_4_t44_v27
1698323649,packed_mp_veh_mod_idx_22_v370
1698377888,vem_colour_2_mct_metallic_petrol_green_t25_v0
1698406203,packed_mp_veh_mod_idx_s_21_v277
1698417709,service_earn_casino_mission_reward
1698606761,packed_mp_veh_mod_idx_s_13_v398
1698661923,m_cl_clo_ltsm_o_12_t8_v12
1698669690,pr_pm_font_8_t0_v0
1698788102,vem_colour_extra_1_mct_metallic_red_t24_v1
1698835073,m_cl_outfit_clo_awm_o_d_1_t12_v0
1698959801,f_cl_clo_x6f_lw_1_3_t14_v1
1698981977,m_ha_hair_beard5_t1_v1
1698985672,vem_supermod_13_11_t54_v27
1698993508,packed_mp_veh_mod_idx_8_v136
1699025099,packed_mp_veh_mod_idx_s_0_v249
1699093181,m_cl_clo_vwm_ph_0_23_t14_v1
1699355846,packed_mp_veh_colour_extra1_0_v231
1699408614,packed_mp_veh_mod_idx_s_23_v149
1699409738,f_cl_clo_exf_al_5_4_t4_v1
1699460369,fcarcade_c_up3_c_18
1699488758,m_cl_clo_h2m_o_g_22_t3_v12
1699593861,m_cl_clo_h4m_b_2_15_t1_v1
1699742541,vem_horn_luxe1_t10_v32
1699754396,m_cl_clo_h3m_ph_5_6_t14_v1
1699807921,packed_mp_veh_mod_idx_0_v325
1699820199,vem_colour_1_mct_classic_bright_orange_t24_v3
1699986688,packed_mp_veh_mod_idx_s_14_v281
1699988324,packed_ng_vehicle_neon_kit_v80
1700026229,f_cl_clo_bif_s_17_22_t8_v1
1700032353,f_cl_clo_bhf_f_1_16_t6_v1
1700071731,f_cl_clo_exf_au_18_0_t11_v1
1700089571,pr_pm_modshop_17_t88_v0
1700107210,vem_cmod_smoke_6_t18_v31
1700213078,f_ta_tat_sm_016_t0_v0
1700269373,packed_mp_veh_mod_idx_s_17_v329
1700271813,mba_colour_7_t0_v0
1700315755,m_cl_clo_bhm_decl_59_t11_v1
1700431511,packed_mp_veh_mod_idx_14_v371
1700454174,packed_mp_veh_mod_idx_16_v133
1700490551,f_cl_clo_grf_ph_3_6_t14_v1
1700540335,vem_colour_1_mct_classic_racing_green_t24_v4
1700546160,packed_mp_veh_mod_idx_s_4_v69
1700740156,packed_mp_veh_primary_colour_group_v138
1700814164,m_cl_clo_x6m_ph_2_23_t14_v1
1700814789,vem_colour_1_mct_classic_sunrise_orange_t24_v33
1700825579,fcclub_name_9_t0_v0
1700828004,f_cl_clo_trf_u_9_9_t11_v1
1700835807,ve_romero_t0_v0
1700881828,f_ha_cc_mkup_14_t7_v0
1700935802,vem_smod_whlv116_t66_v0
1700937336,m_cl_clo_x6m_rw_0_3_t14_v1
1701074865,f_cl_clo_bhf_u_16_10_t11_v1
1701152763,f_cl_clo_hp_f_u_6_1_t11_v1
1701176642,vem_smod3_whlv116_t66_v3
1701190941,f_cl_clo_fxf_ph_0_18_t14_v1
1701270661,m_cl_clo_hstmb_16_1_t1_v1
1701306773,f_cl_clo_trf_u_18_5_t11_v1
1701316840,m_cl_clo_sbm_b_10_16_t1_v1
1701433945,packed_mp_veh_mod_idx_s_15_v280
1701448615,f_cl_clo_grf_b_1_14_t1_v1
1701452717,m_cl_clo_vwm_u_4_9_t11_v1
1701461398,packed_mp_veh_mod_idx_s_2_v181
1701552631,vem_rwd_spt_05_t19_v12
1701603885,wp_wct_shell_ex_t1_v22_n2
1701630195,m_cl_clo_awm_u_9_9_t11_v1
1701662623,m_cl_clo_v2m_l_0_0_t4_v1
1701676701,vem_turbo_0_t17_v1
1701687513,vem_supermod_1_11_t42_v27
1701728120,packed_mp_veh_mod_var_1_v13
1701732715,packed_mp_veh_mod_idx_s_3_v154
1701866812,wp_wm_tint2_t2_v8
1702014685,m_cl_ht_fmm_14_6_t14_v0
1702153524,m_cl_clo_awm_f_0_14_t6_v1
1702308677,packed_mp_veh_livery_0_v369
1702384892,vem_trans_3_t16_v36
1702417530,packed_mp_veh_mod_idx_3_v216
1702461745,m_cl_clo_stm_o_15_t3_v12
1702577771,f_cl_clo_x6f_lw_0_4_t14_v1
1702600992,vem_colour_2_mct_classic_surf_blue_t25_v4
1702659991,m_cl_g_fmm_15_3_t14_v0
1702683254,packed_mp_veh_mod_var_1_v363
1702743666,packed_mp_veh_livery_0_v290
1702847715,vem_rwd_hiend_10_t19_v2
1702850897,packed_ng_vehicle_neon_v140
1702968849,packed_mp_veh_mod_idx_5_v385
1702987898,f_cl_clo_busf_u_2_12_t8_v2
1702992796,f_cl_clo_hstf_b_12_0_t1_v1
1703038111,m_cl_clo_grm_ph_3_0_t14_v1
1703083231,packed_mp_veh_mod_idx_s_2_v117
1703202266,packed_mp_veh_mod_idx_s_6_v88
1703312572,packed_mp_veh_colour2_0_v61
1703379747,m_cl_clo_bbm_l_2_5_t4_v1
1703421526,m_cl_f_fmm_7_11_t6_v0
1703523685,ve_hexer_t0_v4
1703538843,packed_mp_veh_mod_idx_s_0_v173
1703596701,vem_colour_mct_none_89
1703658939,vem_cmod_neoncol_8_t21_v29
1703679183,packed_mp_veh_colour_extra1_0_v96
1703683167,m_cl_clo_vwm_pey_111_t14_v1
1703699787,vem_horn_xm15_3_t10_v39
1703857256,f_cl_clo_suf_u_10_0_t11_v1
1703916181,packed_mp_veh_mod_idx_s_13_v261
1703963776,m_cl_clo_grm_u_8_12_t11_v1
1704068908,vem_smod_whlv179_t66_v3
1704186130,m_cl_clo_hp_u_2_6_t11_v1
1704198609,m_cl_clo_vwm_l_3_15_t4_v1
1704229094,wp_wct_clip_fmj_t1_v13_n2
1704299733,packed_mp_veh_mod_idx_s_10_v396
1704445500,service_spend_betting
1704606916,packed_mp_veh_mod_idx_s_22_v381
1704685826,packed_mp_veh_mod_idx_s_19_v141
1704699945,mp_stat_owned_ie_warehouse_var_v0
1704736611,packed_mp_veh_mod_idx_24_v399
1704751313,packed_mp_veh_livery2_0_v182
1704782145,multistorey_garage_tint_10_v1
1704805519,packed_mp_veh_mod_idx_s_1_v184
1704838013,f_cl_clo_x6f_l_1_5_t4_v1
1704907996,m_cl_g_fmm_3_0_t14_v0
1704919871,m_cl_clo_h2m_f_3_18_t6_v1
1704969700,packed_mp_veh_mod_idx_5_v101
1705020238,packed_mp_veh_colour_extra2_0_v153
1705030234,f_ta_tat_x6_012_t0_v0
1705030851,vem_supermod_5_0_t46_v39
1705054507,packed_mp_veh_mod_idx_s_10_v307
1705361373,kosatk_fla_38_t0_v1
1705410412,m_cl_clo_grm_f_1_1_t6_v1
1705520373,m_cl_clo_vwm_decl_32_t100_v0
1705526714,packed_mp_veh_mod_idx_s_20_v266
1705627753,vem_supermod_23_2_t64_v17
1705645426,f_cl_clo_smf_ph_6_9_t14_v1
1705840044,vem_smod4_whlv33_t66_v0
1705887047,f_cl_clo_arf_o_14_t8_v12
1705921391,packed_mp_veh_mod_idx_s_13_v76
1705996354,vem_horn_cnote_b0_t10_v39
1706116152,packed_mp_veh_mod_idx_s_15_v273
1706124136,vem_cmod_tyr_3_t18_v10
1706138333,m_cl_clo_grm_u_4_10_t11_v1
1706163034,vem_horn_xm15_1_t10_v4
1706221971,packed_mp_veh_mod_idx_15_v107
1706332962,m_cl_clo_h2m_b_4_12_t1_v1
1706450455,m_cl_clo_v2m_u_1_7_t11_v1
1706498256,packed_mp_veh_colour_extra1_0_v273
1706516297,dec_vw_aw_ss_10c
1706553976,packed_mp_veh_mod_idx_14_v124
1706640988,vem_smod_whlv190_t66_v3
1706657829,f_cl_clo_exf_al_5_3_t4_v1
1706692774,packed_mp_veh_mod_idx_s_10_v367
1706757861,f_cl_clo_ief_b_3_4_t1_v1
1706781450,f_cl_clo_smf_u_2_18_t11_v1
1706816123,packed_mp_veh_wheel_type_0_v413
1706823694,vem_smod5_whlv5_t66_v0
1706935747,vem_insurance_monster4
1706966478,f_cl_clo_stf_u_5_0_t11_v1
1706970138,f_cl_clo_h4f_s_1_2_t8_v1
1707011821,packed_mp_veh_mod_idx_14_v207
1707025670,f_cl_m_fmf_7_2_t1_v0
1707096294,packed_lr_vehicle_colour_6_v222
1707151328,packed_mp_veh_plate_id_v167
1707220610,packed_mp_veh_mod_idx_s_11_v54
1707348087,m_ha_cc_m_hs_18_t0_v1
1707452417,m_cl_clo_vwm_u_2_12_t11_v1
1707570403,m_cl_clo_apm_l_10_1_t4_v1
1707587262,packed_mp_veh_mod_idx_5_v339
1707592130,service_earn_ambient_job_source_research
1707675856,packed_mp_veh_mod_idx_s_10_v365
1707680211,m_cl_clo_hp_u_8_2_t8_v1
1707819202,vem_colour_1_mct_classic_sunset_red_t24_v33
1707950655,m_cl_clo_x6m_ph_2_10_t14_v1
1708017743,packed_mp_veh_primary_colour_group_v260
1708036998,f_cl_clo_hp_f_f_1_10_t6_v1
1708060892,m_cl_clo_s1m_u_7_4_t11_v1
1708103831,m_cl_clo_h3m_u_2_4_t11_v2
1708340321,packed_mp_veh_mod_idx_s_15_v326
1708505148,packed_mp_veh_mod_idx_s_23_v377
1708541169,packed_mp_veh_mod_idx_5_v114
1708545076,packed_mp_veh_mod_idx_s_16_v59
1708747007,service_earn_tuner_award_union_depository
1708771274,vem_smod_whlv57_t66_v0
1708794819,packed_mp_veh_mod_idx_8_v21
1708901067,vem_loride_03_t19_v1
1708947980,f_cl_clo_bhf_u_14_1_t11_v1
1708968527,packed_mp_veh_mod_idx_s_17_v103
1709027616,packed_mp_veh_mod_idx_6_v46
1709040979,f_cl_clo_fxf_l_3_9_t4_v1
1709265546,packed_mp_veh_livery_0_v54
1709404577,packed_mp_veh_mod_idx_s_3_v1
1709447588,m_cl_clo_awm_u_10_10_t11_v1
1709475204,wp_gsa_type_r_t0_v56_n2
1709487200,m_cl_clo_awm_u_3_14_t11_v1
1709499092,packed_mp_veh_mod_idx_1_v340
1709501458,f_cl_clo_h4f_s_2_12_t8_v1
1709528557,vem_brake_4_t2_v38
1709530555,packed_mp_veh_mod_idx_s_6_v268
1709650874,vem_cmod_neoncol_2_t21_v30
1709690139,m_cl_clo_bim_s_11_1_t8_v1
1709692987,packed_ng_vehicle_neon_v409
1709714921,f_cl_clo_bus_p_1_9_t14_v1
1709815559,packed_mp_veh_mod_idx_0_v216
1709899182,pr_pm_font_2_t0_v0
1709919558,wp_wt_prxmine_t2_v0
1709982146,f_cl_clo_h2f_u_7_25_t11_v1
1709982845,packed_mp_veh_wheel_type_0_v287
1709989285,packed_mp_veh_mod_idx_3_v203
1709997896,m_cl_clo_x6m_f_10_25_t6_v1
1710165246,packed_mp_veh_mod_idx_s_14_v139
1710215923,m_cl_clo_x6m_f_13_0_t6_v1
1710297189,packed_mp_veh_mod_idx_7_v315
1710356838,vem_cmod_win_1_t33_v33
1710704169,packed_mp_veh_mod_idx_s_10_v249
1710759456,vem_rwd_spt_19_t19_v0
1710768462,packed_lr_vehicle_colour_5_v80
1710822144,packed_mp_veh_mod_idx_s_8_v252
1710836716,m_cl_clo_h2m_b_4_9_t1_v1
1710861974,packed_mp_veh_livery_0_v240
1710899492,m_cl_clo_h2m_b_4_2_t1_v1
1710977620,wp_wct_c_tint_10_t2_v46_n2
1710991435,f_cl_clo_smf_u_3_8_t11_v1
1711092396,vem_colour_2_mct_metallic_chocolate_brown_t25_v1
1711149224,m_cl_clo_grm_u_15_9_t11_v1
1711292373,packed_mp_veh_mod_idx_s_8_v98
1711309861,f_cl_clo_fxf_ph_0_2_t14_v1
1711382326,packed_mp_veh_mod_var_1_v403
1711433151,packed_mp_veh_mod_idx_1_v368
1711535179,packed_ng_vehicle_neon_v72
1711552197,packed_mp_veh_wheel_type_0_v44
1711567040,f_cl_clo_exf_g_8_9_t14_v0
1711685897,mp_stat_auto_shop_owned_v0
1711703026,f_cl_clo_hstm_u_3_1_t8_v1
1712202137,wp_wct_tint_12_t2_v8_n2
1712347597,vem_horn_hips3_t10_v34
1712362617,f_cl_u_fmf_15_11_t11_v0
1712445402,packed_mp_veh_mod_idx_13_v83
1712478552,m_cl_clo_grm_b_2_15_t1_v1
1712493339,packed_mp_veh_plate_id_v188
1712514851,vem_colour_extra_1_mct_metals_gold_p_t24_v1
1712521190,packed_mp_veh_mod_idx_s_14_v179
1712595072,packed_mp_veh_mod_idx_s_15_v409
1712633737,vem_cmod_neoncol_2_t21_v27
1712758579,packed_mp_veh_mod_idx_s_20_v79
1712787708,f_cl_clo_h4f_u_2_10_t11_v1
1712852469,packed_mp_veh_mod_idx_s_16_v151
1712892281,vem_colour_extra_1_mct_classic_bright_green_t24_v33
1712985168,m_cl_clo_awm_decl_22_t100_v0
1713024719,packed_mp_veh_mod_idx_s_13_v226
1713406254,f_cl_l_fmf_4_11_t4_v0
1713442862,packed_mp_veh_mod_idx_s_1_v302
1713587020,f_cl_clo_vwf_decl_17_t100_v0
1713633093,m_cl_clo_bim_s_10_9_t8_v1
1713725435,vem_colour_2_mct_classic_black_graphite_t25_v4
1713739821,vem_supermod_49_4_t49_v7
1713760297,vem_cmod_tyr_6_t18_v4
1713799033,vem_smod4_whlv158_t66_v1
1713808583,f_cl_clo_grf_u_13_19_t11_v1
1713941153,m_cl_clo_x3m_u_1_7_t11_v1
1714149688,f_cl_clo_h3f_u_12_3_t11_v1
1714215006,vem_smod5_whlv10_t66_v3
1714261404,packed_mp_veh_mod_idx_s_17_v317
1714299595,f_cl_clo_x5f_o_a_1_b_t8_v12
1714317823,f_cl_clo_x6f_f_5_1_t6_v1
1714408976,packed_mp_veh_mod_idx_s_6_v74
1714434151,mp_stat_mpsv_model_409
1714483003,m_cl_clo_iem_u_17_25_t11_v1
1714494593,packed_mp_veh_livery_0_v143
1714523044,vem_smod5_whlv88_t66_v3
1714592388,f_cl_clo_grf_u_21_22_t11_v1
1714596473,vem_colour_2_mct_classic_black_steel_t25_v3
1714752679,vem_hood_4_t9_v0
1714769991,f_cl_clo_hp_f_d_17_t11_v1
1714824982,f_cl_clo_smf_ph_8_9_t14_v1
1714896920,packed_ng_vehicle_neon_v374
1714899228,f_cl_clo_bhf_u_17_17_t11_v1
1715010569,pr_pm_off_gar_2_t0_v0
1715148905,vem_trans_1_t16_v36
1715284943,vem_fender_l_4_t36_v35
1715299226,f_cl_outfit_o_fmf_p2_t12_v0
1715349112,f_cl_clo_vwf_l_2_13_t4_v1
1715370643,f_cl_clo_bbf_p2_0_t14_v1
1715397089,packed_mp_veh_secondary_colour_group_v73
1715474654,vem_livery_1_t26_v3
1715488809,vem_horn_indi_3_t10_v34
1715528710,po_coupon_spray
1715584449,kosatk_col_1_t0_v0
1715610440,f_cl_clo_awf_decl_95_t100_v0
1715657274,dec_vw_aw_wv_3d
1715674546,packed_mp_veh_mod_idx_10_v389
1715702656,wp_wct_tint_18_t2_v21_n2
1715767700,packed_ng_vehicle_insurance_v77
1715836968,wp_wct_c_tint_15_t2_v56_n2
1715850093,vem_fender_l_8_t36_v26
1715952216,vem_supermod_21_1_t62_v27
1715952970,m_cl_u_fmm_14_8_t8_v1
1715962340,m_cl_clo_bhm_decl_32_t11_v1
1716044829,packed_mp_veh_mod_idx_s_4_v324
1716097882,packed_mp_veh_colour_extra1_0_v36
1716127786,packed_mp_veh_mod_idx_s_4_v149
1716288512,m_cl_clo_stm_o_14_t3_v12_cesp
1716330335,f_cl_clo_x6f_f_6_20_t6_v1
1716352439,vem_supermod_14_1_t55_v3
1716423010,vem_cmod_tyr_3_t18_v6
1716507428,m_ta_tat_hp_030_t0_v0
1716592763,wp_wm_tint2_t2_v25
1716647248,packed_mp_veh_mod_idx_14_v90
1716721227,vem_grill_2_t8_v30
1716845941,wp_wct_camo_3_t1_v47_n2
1716936373,packed_ng_vehicle_neon_v5
1716944078,packed_mp_veh_mod_idx_s_19_v401
1716986283,m_cl_clo_indm_d_11_t8_v1
1716986437,vem_supermod_11_2_t52_v28
1716996996,packed_mp_veh_mod_idx_1_v61
1717185770,vem_rwd_spt_08_t19_v0
1717192891,packed_mp_veh_colour1_0_v93
1717250869,packed_mp_veh_mod_idx_10_v248
1717392779,packed_ng_vehicle_bpt_v352
1717399773,packed_ng_vehicle_neon_v139
1717516568,vem_rwd_spt_15_t19_v2
1717540306,wp_wm_tint4_t2_v86
1717614434,packed_mp_veh_colour2_0_v309
1717620446,wp_wct_c_tint_30_t2_v46_n2
1717694727,packed_mp_veh_mod_idx_3_v385
1717723999,f_cl_clo_ief_l_3_0_t4_v1
1717784981,vem_smod_whlv1_t66_v3
1717786503,packed_mp_veh_mod_idx_2_v213
1717896917,f_ta_tat_bi_051_t0_v0_cesp
1717922069,packed_ng_vehicle_neon_v196
1718050903,f_cl_clo_h2f_o_c_0_t3_v12
1718093213,packed_mp_veh_mod_idx_11_v90
1718114794,f_cl_clo_suf_u_3_1_t11_v1
1718186973,f_ta_tat_st_007_t0_v0
1718187310,f_cl_clo_vwf_f_1_0_t6_v1
1718285811,packed_ng_vehicle_smoke_v260
1718311771,packed_mp_veh_mod_idx_s_10_v189
1718400183,m_cl_clo_sum_l_1_2_t4_v1
1718438689,service_earn_initial_cash
1718532972,vem_insurance_ratel
1718585188,m_cl_clo_x2m_t_0_3_t7_v1
1718590361,wp_wm_tint5_t2_v25
1718593936,f_cl_clo_awf_decl_50_t100_v0
1718604381,packed_mp_veh_mod_idx_s_12_v264
1718710676,m_cl_clo_exm_au_2_2_t11_v1
1718736003,packed_mp_veh_mod_idx_9_v404
1718928883,packed_mp_veh_mod_idx_s_20_v254
1718988833,pr_pm_modshop_12_t90_v0
1719066059,mp_stat_mpsv_model_221
1719080368,f_cl_clo_h2f_f_5_18_t6_v1
1719137601,m_cl_clo_sum_u_11_0_t11_v1
1719138235,f_cl_clo_hstf_l_5_4_t4_v1
1719161563,vem_chassis_6_t4_v1
1719182060,packed_mp_veh_mod_idx_s_12_v196
1719194275,vem_colour_1_mct_metallic_purple_t24_v4
1719226161,vem_colour_extra_1_mct_matte_red_t24_v0
1719270540,f_cl_clo_h2f_b_5_11_t1_v1
1719418069,packed_lr_vehicle_colour_6_v132
1719607106,m_cl_clo_h4m_ph_0_20_t14_v1
1719610239,m_cl_clo_lxm_f_1_3_t6_v1
1719738389,f_cl_clo_vwf_u_21_8_t11_v1
1719825266,packed_mp_veh_mod_idx_s_7_v221
1719891667,f_cl_clo_vwf_l_2_2_t4_v1
1719922143,f_cl_clo_vwf_u_4_24_t11_v1
1719980810,m_cl_clo_sum_u_5_1_t11_v1
1719998011,packed_mp_veh_livery2_0_v320
1720192775,packed_mp_veh_colour1_0_v387
1720355271,m_cl_clo_x6m_u_20_5_t11_v1
1720378665,m_cl_clo_trm_ph_2_2_t14_v1
1720402750,packed_mp_veh_mod_idx_9_v27
1720403208,ve_boxville_t1_v3
1720406765,f_ha_cc_mkup_10_t7_v1
1720413840,f_cl_clo_fxf_u_9_20_t11_v1
1720486753,packed_mp_veh_mod_idx_s_22_v277
1720501482,m_cl_clo_x6m_l_7_21_t4_v1
1720515744,f_cl_clo_suf_u_5_7_t11_v1
1720760518,packed_mp_veh_mod_var_1_v268
1720913546,packed_mp_veh_mod_idx_s_18_v378
1720930570,m_cl_clo_h3m_l_5_18_t4_v1
1720941737,vem_drft_14_t19_v0
1721171032,f_cl_clo_smf_ph_0_19_t14_v1
1721283852,f_cl_clo_ief_ph_0_3_t14_v1
1721358185,packed_mp_veh_mod_idx_s_15_v135
1721399304,packed_mp_veh_colour2_0_v49
1721415031,packed_mp_veh_mod_idx_s_20_v155
1721462808,vem_cmod_tyr_13_t18_v33
1721463487,packed_mp_veh_wheel_type_0_v409
1721563293,f_cl_clo_hp_f_l_0_3_t4_v1
1721602895,vem_colour_2_mct_classic_ultra_blue_t25_v33
1721654481,packed_mp_veh_mod_idx_7_v27
1721777555,f_cl_clo_fxf_u_9_12_t11_v1
1721851511,packed_ng_vehicle_insurance_v2
1721869207,m_cl_clo_sbm_b_10_6_t1_v1
1722159893,vem_cmod_hrn_trk_t10_v31
1722192244,m_cl_clo_h4m_decl_46_t100_v0
1722210175,packed_mp_veh_mod_idx_s_15_v133
1722311473,vem_grill_0_t8_v28
1722404270,vem_supermod_0_0_t41_v11
1722476242,m_ha_cc_mkup_16_t5_v0
1722618727,kosatk_fla_23_t0_v1
1722652449,m_ta_tat_h4_005_t0_v0
1722672171,f_cl_clo_grf_ph_6_3_t14_v1
1722811698,packed_mp_veh_mod_idx_0_v343
1722845740,m_cl_clo_hst_a_0_t8_v2
1722863720,packed_mp_veh_mod_idx_0_v365
1722867716,f_cl_clo_bif_u_10_14_t11_v1
1722939614,f_cl_clo_ief_l_5_1_t4_v1
1722982398,vem_colour_extra_1_mct_classic_saxon_blue_t24_v0
1723000422,autoshop_tnt_8_t0_v0
1723011174,m_ha_cc_body_1_13_t3_v1
1723018353,vem_cmod_neoncol_5_t21_v3
1723096533,packed_mp_veh_mod_idx_5_v149
1723105913,m_cl_clo_h2m_u_3_9_t11_v1
1723168017,m_cl_clo_h2m_ph_214_t14_v1
1723182855,packed_mp_veh_mod_idx_s_4_v8
1723186419,vem_supermod_23_5_t64_v27
1723226868,packed_ng_vehicle_insurance_v200
1723359780,m_cl_clo_h3m_o_jan_3_t11_v12
1723639035,packed_mp_veh_colour_extra1_0_v247
1723801719,vem_colour_2_mct_metallic_woodbeech_brown_t25_v2
1723819174,vem_colour_1_mct_classic_grace_red_t24_v4
1724079672,f_cl_clo_fxf_u_1_3_t11_v1
1724082503,m_cl_clo_indm_t_0_1_t7_v1
1724089653,f_ta_tat_vw_027_t0_v0
1724110970,m_cl_clo_bim_s_10_23_t8_v1
1724204656,vem_supermod_9_2_t50_v3
1724442027,vem_cmod_neoncol_2_t21_v0
1724472419,vem_grill_5_t8_v30
1724473465,m_cl_clo_bim_ph_12_1_t14_v1
1724479769,packed_mp_veh_mod_idx_23_v121
1724529468,packed_mp_veh_mod_idx_5_v66
1724629040,vem_colour_1_mct_classic_ultra_blue_t24_v1
1724641163,vem_horn_hween2_t10_v4
1724799244,packed_mp_veh_colour_extra2_0_v56
1724846317,packed_mp_veh_mod_idx_24_v67
1724859848,packed_ng_vehicle_insurance_v368
1724897576,packed_ng_vehicle_bpt_v69
1724962745,f_cl_clo_hstfb_14_23_t1_v1
1724993530,packed_mp_veh_mod_idx_4_v152
1725037887,packed_mp_veh_mod_idx_0_v30
1725106976,m_cl_clo_grm_b_2_19_t1_v1
1725157569,packed_mp_veh_mod_idx_9_v319
1725175039,packed_mp_veh_colour1_0_v335
1725227014,packed_mp_veh_mod_idx_16_v153
1725333272,f_cl_clo_awf_b_3_1_t1_v1
1725348254,vem_colour_2_mct_classic_midnight_blue_t25_v0
1725425972,vem_exhaust_12_t6_v3
1725437855,m_ha_clo_fxm_h_0_0_t0_v1
1725516979,packed_mp_veh_wheel_type_0_v227
1725539534,vem_smod4_whlv126_t66_v1
1725657286,m_cl_clo_indm_d_3_t8_v2
1725693689,packed_mp_veh_mod_idx_s_8_v114
1725700904,vem_bumper_f_2_t34_v27
1725726307,f_cl_clo_awf_o_e_4_t8_v12
1725752275,vem_insurance_calico
1725804343,packed_mp_veh_mod_idx_s_22_v329
1725851589,vem_insurance_bruiser2
1726030176,m_cl_clo_halm_d_3_t100_v0
1726046438,m_cl_clo_smm_b_8_20_t1_v1
1726072684,packed_mp_veh_mod_var_1_v282
1726077472,vem_supermod_12_4_t53_v26
1726099491,veu_monster4_t0_v0
1726112758,vem_colour_2_mct_metallic_racing_blue_t25_v3
1726187759,m_cl_outfit_clo_awm_o_b_8_t12_v0
1726222124,vem_supermod_6_0_t47_v37
1726236247,vem_colour_extra_1_mct_pearlescent_wine_red_t24_v0
1726372772,f_cl_clo_vwf_u_19_7_t11_v1
1726576466,m_cl_clo_l2m_o_5_t3_v12
1726614412,packed_mp_veh_mod_idx_s_14_v127
1726618671,wp_wct_tint_7_t2_v70_n2
1726672345,wp_wm_tint1_t2_v61
1726759527,vem_bumper_f_6_t34_v7
1726856831,vem_livery_4_t26_v2
1726874085,f_cl_clo_fxf_u_9_15_t11_v1
1726913543,vem_insurance_entity2
1726938538,fcclub_lght_4_t0_v0
1726990421,m_cl_clo_fxm_ph_2_15_t14_v1
1727002773,vem_supermod_8_0_t49_v34
1727047019,vem_colour_2_mct_metals_gold_s_t25_v33
1727051000,vem_rwd_loride_05_t19_v12
1727129247,m_cl_clo_x2m_ht_5_2_t14_v1
1727201851,f_cl_t_fmf_6_1_t7_v0
1727375464,m_cl_clo_vwm_u_10_23_t11_v1
1727479109,f_cl_outfit_clo_h3f_o_dh_15_t12_v0
1727506191,m_cl_outfit_clo_h3m_o_grp_3_t12_v0
1727616353,vem_colour_extra_1_mct_pearlescent_orange_t24_v4
1727700460,packed_mp_veh_mod_idx_5_v81
1727722533,vem_colour_1_mct_metallic_chocolate_brown_t24_v3
1727740096,packed_mp_veh_secondary_colour_group_v350
1727751799,packed_mp_veh_mod_var_1_v357
1727848434,f_ta_tat_x6_009_t0_v0
1727890342,vem_rwd_drft_24_t19_v12
1727903330,vem_colour_1_mct_classic_bleeched_brown_t24_v0
1727915960,packed_mp_veh_mod_var_1_v341
1727917718,packed_mp_veh_mod_idx_s_13_v276
1727960699,packed_mp_veh_mod_idx_s_10_v330
1728065835,m_cl_clo_arm_u_2_7_t11_v1
1728210869,packed_mp_veh_mod_idx_0_v174
1728240315,packed_mp_veh_mod_idx_3_v100
1728290863,m_cl_clo_x6m_f_3_12_t6_v1
1728333626,m_cl_clo_trm_u_12_7_t11_v1
1728433869,m_cl_m_fmm_2_0_t1_v0
1728454298,m_ta_tat_hp_029_t0_v0
1728504390,packed_mp_veh_mod_idx_5_v197
1728526031,vem_supermod_2_4_n1_t43_v38
1728540405,packed_mp_veh_mod_idx_s_3_v102
1728606892,vem_supermod_1_10_t42_v11
1728681249,packed_mp_veh_mod_idx_s_10_v341
1728747443,packed_mp_veh_mod_var_1_v97
1728763641,packed_mp_veh_mod_idx_s_2_v328
1728790175,m_cl_clo_grm_ph_1_19_t14_v1
1728840329,f_ta_tat_bi_054_t0_v0_cesp
1728894448,packed_mp_veh_mod_idx_s_7_v194
1728987799,packed_mp_veh_colour_extra1_0_v123
1729020472,packed_mp_veh_mod_idx_s_12_v1
1729106829,packed_mp_veh_mod_idx_s_16_v143
1729137043,m_cl_clo_trm_d_17_0_t10_v1
1729157092,vem_supermod_0_8_t41_v28
1729194425,f_cl_clo_smf_b_4_4_t1_v1
1729217840,packed_mp_veh_mod_idx_14_v42
1729218759,m_cl_clo_bim_decl_2_t100_v0
1729337256,vem_colour_extra_1_mct_classic_flur_yellow_t24_v1
1729367319,packed_mp_veh_mod_idx_6_v187
1729385869,f_cl_clo_hp_f_u_4_3_t11_v1
1729405997,pr_fc_mural_7_t0_v0
1729445369,f_cl_clo_fxf_ph_0_4_t14_v1
1729448412,packed_mp_veh_mod_idx_s_20_v277
1729490357,vem_bikew_19_t19_v4
1729498039,packed_mp_veh_mod_idx_s_4_v257
1729547650,ve_weevil_t0_v3
1729560036,vem_colour_2_mct_matte_orange_t25_v3
1729576668,m_cl_clo_awm_b_4_11_t1_v1
1729747435,f_cl_clo_x6f_lw_1_4_t14_v1
1729748021,packed_mp_veh_mod_idx_23_v326
1729755785,packed_mp_veh_plate_id_v116
1729801386,f_ta_tat_sb_038_t0_v0
1729824418,packed_mp_veh_mod_idx_s_17_v67
1729824805,m_cl_clo_bim_u_10_10_t11_v1
1729851246,m_cl_clo_sum_b_3_11_t1_v1
1730048525,f_cl_clo_vwf_u_19_16_t11_v1
1730073245,f_cl_clo_h3f_u_10_19_t11_v1
1730100454,packed_mp_veh_mod_idx_s_4_v18
1730256220,m_cl_clo_hstm_o_n_0_t3_v12
1730280203,packed_mp_veh_secondary_colour_group_v120
1730285712,packed_mp_veh_mod_idx_18_v237
1730299842,f_cl_clo_bus_p_0_6_t14_v1
1730417366,m_cl_clo_h4m_b_3_6_t1_v1
1730475355,m_cl_clo_trm_ph_2_11_t14_v1
1730477516,wp_gsa_type_r_t0_v10
1730522802,f_cl_clo_x6f_u_30_7_t11_v1
1730532285,vem_smod_whlv144_t66_v3
1730710026,vem_brake_0_t2_v38
1730727682,f_cl_clo_x6f_l_0_7_t4_v1
1730767886,packed_mp_veh_mod_idx_24_v27
1730782472,packed_mp_veh_wheel_type_0_v20
1730905519,vem_colour_2_mct_metallic_gold_t25_v33
1730918910,mba_graphics_4_t0_v0
1730980037,packed_mp_veh_mod_idx_s_11_v127
1731052674,packed_mp_veh_mod_idx_s_5_v400
1731080136,packed_mp_veh_mod_idx_s_22_v320
1731085931,m_cl_clo_grm_ph_1_13_t14_v1
1731148719,f_cl_clo_awf_b_2_7_t1_v1
1731155562,packed_mp_veh_mod_idx_s_4_v96
1731161364,mp_stat_mpsv_model_263
1731165047,packed_mp_veh_mod_var_1_v334
1731256437,wp_wct_tint_10_t2_v1_n2
1731278023,wp_wm_tint6_t2_v46
1731295675,packed_mp_veh_mod_idx_s_2_v294
1731310210,packed_mp_veh_mod_idx_s_3_v42
1731321376,m_cl_clo_exm_eu_15_7_t11_v1
1731335123,vem_colour_2_mct_classic_spin_purple_t25_v0
1731404450,mp_stat_missionforfactory1_v0
1731442987,m_cl_clo_stm_o_12_t11_v12
1731450199,packed_mp_veh_colour_extra2_0_v92
1731536300,ve_manchez_t0_v3
1731624888,ve_cerberus_t0_v38
1731628736,packed_mp_veh_mod_var_1_v131
1731683693,f_cl_clo_h4f_decl_27_t11_v1
1731697729,packed_mp_veh_mod_idx_s_8_v233
1731742620,packed_mp_veh_mod_idx_9_v90
1731794426,packed_mp_veh_mod_var_0_v189
1731834488,f_cl_clo_bbf_100_t4_v1
1731919446,packed_mp_veh_mod_idx_12_v193
1731930844,packed_mp_veh_window_tint_0_v319
1731933427,m_cl_clo_lxm_u_5_17_t11_v1
1731945623,m_cl_clo_iem_u_17_11_t11_v1
1731971721,vem_smod4_whlv148_t66_v3
1732100299,vem_rwd_spt_07_t19_v2
1732161916,f_cl_clo_hp_f_d_3_t100_v0
1732180074,m_cl_outfit_clo_trm_o_l2_t12_v0
1732357474,f_cl_clo_suf_u_8_0_t11_v1
1732375659,f_cl_outfit_clo_x6f_o_o_3_t12_v0
1732406448,packed_mp_veh_mod_idx_s_19_v120
1732439692,m_ta_tat_s1_014_t0_v0
1732448156,packed_mp_veh_mod_idx_13_v367
1732518619,packed_mp_veh_mod_idx_16_v412
1732598005,packed_ng_vehicle_smoke_v320
1732670125,vem_colour_extra_1_mct_pearlescent_midnight_silver_t24_v2
1732744454,packed_mp_veh_mod_idx_s_14_v319
1732846254,pr_pm_bfont_9_t1_v0
1732852529,wp_wct_tint_28_t2_v9_n2
1732892013,f_cl_clo_suf_b_2_2_t1_v1
1732955436,packed_mp_veh_colour_extra1_0_v193
1733013936,packed_mp_veh_mod_idx_6_v76
1733103302,f_cl_clo_suf_decl_32_t100_v0
1733121632,f_cl_clo_busf_g0_2_t14_v1
1733185465,f_cl_clo_s2f_o_10_t8_v12
1733186984,vem_supermod_42_4_t42_v7
1733234814,f_cl_outfit_clo_exf_ob_13_t12_v0
1733275877,vem_supermod_16_14_t57_v27
1733347363,f_cl_clo_h4f_pey_2_9_t14_v1
1733354941,packed_ng_vehicle_insurance_v284
1733387823,packed_mp_veh_mod_idx_s_11_v407
1733449599,f_cl_clo_hp_f_u_2_8_t11_v1
1733464746,packed_mp_veh_mod_idx_s_16_v137
1733470170,m_ta_tat_x6_017_t0_v0
1733479436,packed_mp_veh_mod_idx_s_10_v211
1733514387,packed_ng_vehicle_bpt_v33
1733589210,packed_mp_veh_mod_idx_1_v258
1733611897,packed_mp_veh_mod_idx_0_v254
1733798502,f_cl_clo_smf_u_3_11_t11_v1
1733802046,vem_spt_17_t19_v12
1733931895,packed_mp_veh_mod_idx_s_4_v399
1733992480,m_cl_clo_stm_u_7_0_t11_v1
1734082639,packed_mp_veh_colour_extra1_0_v25
1734110548,packed_mp_veh_mod_idx_s_14_v397
1734181621,f_cl_clo_h3f_b_12_2_t1_v1
1734210379,mba_mechanic_2_1_t0_v0
1734319897,packed_ng_vehicle_neon_kit_v406
1734339048,dec_vw_aw_mt_23
1734416597,vem_colour_extra_1_mct_metallic_sienna_brown_t24_v4
1734466567,packed_mp_veh_mod_idx_s_2_v365
1734738661,packed_mp_veh_wheel_type_0_v132
1734753165,vem_smod4_whlv172_t66_v2
1734778251,vem_colour_1_mct_classic_orange_t24_v33
1734805203,service_earn_holdups
1734832168,packed_mp_veh_mod_idx_s_15_v180
1734877765,packed_mp_veh_mod_idx_s_0_v286
1734942119,f_cl_clo_fxf_ph_4_16_t14_v1
1735100770,vem_bumper_f_8_t34_v26
1735208717,f_cl_outfit_clo_h3f_o_sh_13_t12_v0
1735365085,packed_mp_veh_mod_idx_15_v346
1735400258,wp_wct_supp_t1_v46_n2
1735428795,m_cl_clo_arm_o_8_t11_v12
1735510237,f_cl_clo_scf_d_28_2_t10_v1
1735621262,packed_mp_veh_secondary_colour_group_v114
1735735160,f_cl_clo_sbf_f_4_3_t6_v1
1735769701,m_cl_clo_trm_b_1_2_t1_v1
1735786028,m_cl_outfit_clo_x17m_o_m_3_t12_v0
1735797900,m_cl_clo_bhm_u_14_14_t11_v1
1735848927,f_cl_clo_hp_f_h_0_0_t14_v1
1735854223,vem_colour_extra_1_mct_pearlescent_beechwood_brown_t24_v3
1735875282,f_cl_clo_vwf_pw_1_5_t14_v1
1735949573,m_cl_f_fmm_3_10_t6_v0
1735979244,packed_mp_veh_mod_idx_s_13_v284
1735989130,vem_colour_extra_1_mct_classic_white_t24_v33
1736069926,packed_mp_veh_mod_idx_s_13_v123
1736163726,m_cl_clo_grm_decl_20_t10_v1
1736392219,m_cl_clo_smm_ph_6_16_t14_v1
1736409194,wp_wct_tint_20_t2_v1_n2
1736465056,f_cl_clo_suf_l_3_6_t4_v1
1736495305,vem_insurance_deathbike3
1736592294,vem_spt_15_t19_v2
1736654400,packed_mp_veh_primary_colour_group_v156
1736668598,f_ha_clo_s1f_h_1_0_t0_v0
1736688281,vem_supermod_23_36_n1_t64_v3
1736729849,vem_truck_slot_3_mod_3_t0_v0
1736806328,f_cl_clo_grf_ph_3_8_t14_v1
1736839534,f_cl_clo_vwf_pw_6_2_t14_v1
1736933716,service_earn_ambient_job_time_trial
1737067466,f_cl_clo_fxf_l_4_15_t4_v1
1737105138,mp_stat_mpsv_model_331
1737111635,pr_mp_prop_72_t0_v0
1737136034,m_cl_clo_h3m_decl_13_t100_v0
1737167281,packed_mp_veh_livery2_0_v222
1737192895,packed_mp_veh_livery2_0_v197
1737260243,f_cl_outfit_clo_hstf_o_d_3_t12_v0
1737326312,dec_vw_aw_ls_7a
1737425047,packed_mp_veh_livery2_0_v352
1737441258,packed_ng_vehicle_neon_v209
1737450950,packed_mp_veh_mod_idx_0_v272
1737451704,wp_wct_scope_mac_t1_v98
1737460313,vem_horn_clas5_t10_v10
1737461598,f_cl_clo_x17f_u_4_5_t11_v1
1737490041,f_cl_clo_smf_b_6_2_t1_v1
1737642973,f_cl_clo_hstf_u_11_1_t11_v1
1737672811,m_cl_clo_x6m_f_3_1_t6_v1
1737708976,m_cl_clo_awm_o_b_15_t3_v12
1737712929,packed_ng_vehicle_smoke_v302
1737872555,packed_mp_veh_mod_idx_4_v188
1737891618,m_cl_clo_grm_u_13_5_t11_v1
1737898249,packed_mp_veh_mod_idx_6_v98
1737907970,packed_mp_veh_mod_idx_s_6_v144
1738008594,packed_mp_veh_mod_idx_s_3_v172
1738023470,packed_mp_veh_mod_idx_s_11_v57
1738087076,f_cl_clo_og_decl_6_t100_v0
1738157241,packed_mp_veh_mod_idx_8_v313
1738223084,packed_mp_veh_secondary_colour_group_v293
1738297813,m_cl_outfit_clo_s2m_o_9_t12_v0
1738338300,packed_mp_veh_colour2_0_v224
1738431697,vem_supermod_48_20_t48_v7
1738458841,f_cl_clo_grf_ph_2_16_t14_v1
1738484177,packed_mp_veh_mod_idx_12_v146
1738513390,packed_mp_veh_mod_idx_10_v107
1738522991,f_cl_clo_awf_u_9_16_t11_v1
1738566535,packed_ng_vehicle_neon_v194
1738580018,vem_bumper_f_1_t34_v6
1738599324,f_ta_tat_h3_002_t0_v0
1738600694,packed_mp_veh_mod_idx_s_17_v200
1738610960,vem_cmod_tyr_3_t18_v31
1738644153,packed_mp_veh_mod_idx_11_v148
1738816734,m_ta_tat_x6_020_t0_v0
1738832770,vem_supermod_0_12_t41_v11
1738934374,m_cl_clo_h2m_b_4_22_t1_v1
1738950366,f_cl_clo_grf_u_21_5_t11_v1
1738952164,m_cl_clo_grm_b_1_24_t1_v1
1738955726,vem_colour_2_mct_classic_white_t25_v3
1738965343,m_ta_tat_ie_009_t0_v0
1738990005,packed_mp_veh_primary_colour_group_v65
1739048713,f_cl_clo_hstf_f_2_0_t6_v1
1739149392,vem_smod3_whlv74_t66_v3
1739202498,vem_colour_extra_1_mct_classic_bleeched_brown_t24_v4
1739330373,packed_mp_veh_mod_idx_s_17_v339
1739357555,vem_insurance_stalion
1739362152,wp_wct_scope_med2_t1_v56_n2
1739393188,f_cl_clo_ltsfb_0_0_t1_v1
1739394520,m_cl_clo_smm_decl_3_t100_v0
1739526369,packed_mp_veh_livery2_0_v237
1739564750,packed_mp_veh_mod_idx_12_v397
1739633108,vem_armour_3_t1_v3
1739719778,f_cl_clo_vwf_u_8_16_t11_v1
1739728393,vem_colour_extra_1_mct_metallic_surf_blue_t24_v2
1739758548,vem_rwd_offr_05_t19_v1
1739771360,packed_mp_veh_mod_idx_s_5_v227
1739783533,vem_horn_cnote_a0_t10_v0
1739971506,f_ha_face_e_c_28_t4_v0
1740013966,m_cl_clo_grm_u_6_16_t11_v1
1740040332,packed_ng_vehicle_smoke_v351
1740068661,packed_lr_vehicle_colour_5_v335
1740132893,packed_mp_veh_mod_idx_24_v159
1740193424,vem_bumper_r_23_t35_v3
1740293935,vem_supermod_6_10_t47_v28
1740309871,m_ha_cc_mkup_1_t7_v0
1740378446,m_cl_clo_h3m_ph_0_0_t14_v1
1740492976,packed_mp_veh_mod_idx_14_v52
1740626292,packed_mp_veh_mod_idx_7_v92
1740690190,vem_horn_luxe2_t10_v1
1740707595,m_ta_tat_hp_042_t0_v0
1740760471,f_cl_clo_v2f_l_0_7_t4_v1
1740781537,wp_wct_c_tint_9_t2_v5_n2
1740804552,ve_sugoi_t0_v3
1740874163,m_cl_clo_fxm_l_1_8_t4_v1
1740884585,f_cl_clo_trf_u_6_1_t11_v1
1741024827,m_cl_clo_smm_ph_2_16_t14_v1
1741070109,packed_mp_veh_mod_idx_18_v273
1741078142,packed_mp_veh_mod_var_1_v255
1741184465,packed_mp_veh_mod_idx_s_16_v234
1741198976,f_cl_clo_smf_b_0_18_t1_v1
1741309904,vem_colour_1_mct_metallic_rolled_steel_t24_v4
1741321587,packed_mp_veh_mod_idx_s_3_v3
1741355285,vem_roof_18_t12_v1
1741358379,packed_ng_vehicle_smoke_v231
1741711772,m_cl_clo_grm_u_9_0_t11_v1
1741728615,f_cl_clo_arf_o_15_t8_v12
1741790831,m_ta_tat_gr_007_t0_v0
1741801526,m_cl_clo_grm_u_9_4_t11_v1
1741895796,vem_drft_06_t19_v12
1741924251,vem_colour_2_mct_metallic_sea_green_t25_v0
1742000174,packed_ng_vehicle_smoke_v135
1742011990,vem_yacht_flag_18_v0
1742027449,packed_mp_veh_mod_idx_s_15_v302
1742080397,packed_mp_veh_mod_idx_6_v285
1742093841,wp_wct_tint_9_t2_v8_n2
1742113348,vem_supermod_4_9_t45_v28
1742132930,packed_ng_vehicle_bpt_v21
1742236658,f_cl_clo_vwf_decl_1_t100_v0
1742274056,wp_gsa_type_r_t0_v64
1742296948,f_ta_tat_bus_f_009_t0_v0
1742323324,packed_mp_veh_mod_idx_23_v34
1742424955,m_cl_clo_stm_u_6_14_t11_v1
1742545251,f_cl_clo_awf_decl_46_t100_v0
1742552425,m_cl_clo_grm_ph_4_6_t14_v1
1742572965,packed_mp_veh_mod_idx_s_6_v414
1742610749,f_cl_clo_smf_ph_1_5_t14_v1
1742627115,packed_mp_veh_mod_idx_16_v187
1742769349,vem_supermod_23_34_n1_t64_v33
1742782388,f_cl_clo_scf_d_27_0_t10_v1
1742805952,vem_colour_2_mct_metallic_stone_silver_t25_v33
1742924393,m_cl_outfit_clo_jam_o_3_t12_v0
1742940743,vem_smod5_whl_28_t19_v3
1743004113,packed_mp_veh_mod_idx_s_0_v294
1743020405,f_ta_tat_st_015_t0_v0
1743166476,m_cl_clo_sbm_u_12_19_t11_v1
1743217017,packed_mp_veh_mod_idx_8_v56
1743296438,packed_mp_veh_mod_idx_12_v410
1743325227,m_ha_cc_mkup_30_t5_v0
1743327702,m_cl_clo_v2m_u_1_8_t11_v1
1743406791,vem_horn_hips2_t10_v27
1743527190,vem_cmod_tyr_10_t18_v38
1743641751,f_cl_clo_h3f_o_jan_5_t4_v12
1743644721,packed_mp_veh_mod_idx_s_7_v262
1743741793,f_cl_clo_indf_o_3_t8_v12
1743790222,packed_mp_veh_mod_idx_s_11_v39
1743792720,packed_mp_veh_mod_idx_s_0_v80
1743890227,m_cl_clo_bhm_u_6_4_t11_v1
1743925862,vem_cmod_tyr_0_t31_v3
1743967949,packed_mp_veh_mod_var_1_v79
1744028469,f_cl_clo_smf_ph_4_3_t14_v1
1744065140,packed_mp_veh_mod_idx_5_v278
1744072663,packed_mp_veh_mod_idx_s_11_v218
1744108509,packed_mp_veh_mod_var_1_v191
1744115305,m_cl_clo_grm_b_2_23_t1_v1
1744289319,m_cl_clo_fxm_l_1_13_t4_v1
1744322452,f_ta_tat_l2_023_t0_v0
1744338613,m_ta_tat_bi_010_t0_v0_cesp
1744423643,vem_supermod_9_7_t50_v28
1744622588,packed_mp_veh_mod_idx_s_5_v238
1744630958,m_cl_clo_indm_o_4_t100_v0
1744646677,m_cl_clo_grm_f_0_10_t6_v1
1744675769,ve_granger2_t0_v38
1744681775,m_cl_clo_iem_u_7_25_t11_v1
1744873340,m_cl_clo_vwm_ph_1_7_t14_v1
1744882854,f_cl_clo_sbf_l_3_25_t4_v1
1744974244,packed_mp_veh_mod_idx_s_18_v100
1745025075,m_cl_u_fmm_1_1_t8_v1
1745070536,m_cl_clo_vwm_pey_1_4_t14_v1
1745077414,f_cl_clo_ief_ph_0_8_t14_v1
1745096100,f_cl_clo_indf_o_2_t3_v12
1745106451,m_cl_clo_grm_b_0_20_t1_v1
1745150255,f_cl_clo_x6f_u_3_0_t11_v1
1745170016,packed_mp_veh_mod_idx_24_v278
1745296492,packed_mp_veh_mod_idx_11_v156
1745336806,packed_mp_veh_mod_idx_s_20_v344
1745379143,vem_colour_2_mct_classic_harbor_blue_t25_v33
1745572755,packed_mp_veh_mod_idx_s_10_v124
1745604396,m_cl_clo_lxm_u_5_10_t11_v1
1745644296,dec_vw_aw_mt_14c
1745652561,f_cl_clo_bbf_009_t4_v1
1745655647,vem_roof_6_n2_t12_v3
1745673948,packed_ng_vehicle_smoke_v369
1745983752,vem_horn_clas6_t10_v31
1746012896,packed_ng_vehicle_bpt_v247
1746056280,packed_mp_veh_mod_idx_s_20_v377
1746091891,packed_mp_veh_mod_var_1_v235
1746125191,f_cl_clo_hp_f_b_1_1_t1_v1
1746236064,dec_vw_aw_ls_25
1746250238,vem_colour_1_mct_metallic_straw_brown_t24_v2
1746266118,m_cl_clo_bim_u_26_4_t11_v1
1746431131,packed_mp_veh_colour2_0_v265
1746621382,m_cl_clo_bhm_u_2_6_t11_v1
1746635983,f_cl_clo_ief_l_4_4_t4_v1
1746647279,packed_mp_veh_mod_idx_s_22_v308
1746696129,vem_smod4_whlv81_t66_v3
1746936805,m_cl_clo_bhm_u_9_4_t11_v1
1747025754,packed_ng_vehicle_neon_v15
1747032160,mp_stat_prop_office_gar1_var_v0
1747032398,f_ta_tat_sb_006_t0_v0
1747042592,wp_wct_grip_t1_v93
1747114633,f_cl_clo_suf_decl_29_t100_v0
1747201040,packed_mp_veh_mod_idx_13_v120
1747269041,packed_mp_veh_mod_idx_s_9_v380
1747300813,m_cl_clo_fxm_ph_4_8_t14_v1
1747333299,packed_ng_vehicle_neon_v296
1747434793,packed_mp_veh_mod_idx_s_12_v201
1747480627,packed_mp_veh_mod_idx_8_v203
1747528514,packed_mp_veh_mod_idx_s_13_v310
1747622814,m_ta_tat_bus_003_t0_v0
1747702909,packed_mp_veh_mod_idx_s_17_v130
1747788214,m_cl_outfit_clo_awm_o_g_1_t12_v0
1747800500,vem_hlight_2_t11_v3
1747805533,packed_mp_veh_mod_idx_s_20_v333
1747854105,vem_hlight_0_t11_v36
1748117074,wp_wct_c_tint_12_t2_v8_n2
1748163775,f_cl_clo_smf_b_0_8_t1_v1
1748236351,vem_colour_extra_1_mct_pearlescent_surf_blue_t24_v2
1748245957,service_earn_ambient_job_underwater_cargo
1748363942,vem_horn_xm15_3_t10_v35
1748366814,packed_ng_vehicle_neon_v116
1748396980,m_cl_clo_fxm_ph_1_16_t14_v1
1748578836,packed_mp_veh_mod_idx_s_22_v100
1748586959,m_cl_clo_bhm_f_1_3_t6_v1
1748736112,ve_pariah_t0_v3
1748795726,packed_mp_veh_wheel_type_0_v188
1748910724,packed_mp_veh_mod_idx_23_v241
1748934800,packed_mp_veh_window_tint_0_v279
1748957867,vem_insurance_virgo2
1749014868,packed_mp_veh_mod_idx_7_v82
1749056289,vem_colour_2_mct_classic_dark_silver_t25_v0
1749102832,packed_ng_vehicle_neon_kit_v324
1749132273,vem_supermod_42_21_t42_v7
1749149918,wp_gsa_type_r_t0_v20
1749268561,packed_mp_veh_mod_idx_s_21_v164
1749295962,m_cl_clo_h2m_f_5_15_t6_v1
1749296754,vem_insurance_sanctus
1749339883,f_cl_clo_h4f_s_2_13_t8_v1
1749504214,packed_mp_veh_mod_idx_23_v279
1749558108,f_cl_clo_bbf_u_1_5_t11_v1
1749565621,packed_mp_veh_mod_idx_23_v61
1749592552,f_cl_clo_grf_u_19_16_t11_v1
1749617385,vem_spt_25_t19_v3
1749625408,vem_colour_extra_1_mct_metallic_midnight_silver_t24_v4
1749646064,m_ta_tat_sb_028_t0_v0
1749673705,m_cl_outfit_clo_h3m_o_sh_33_t12_v0
1749694748,packed_mp_veh_mod_idx_s_13_v353
1749980620,packed_mp_veh_mod_idx_8_v102
1750051090,wp_wct_c_tint_11_t2_v70_n2
1750059162,m_cl_clo_indm_d_14_t100_v0
1750085803,f_ha_clo_s2f_h_2_0_t0_v1
1750093072,vem_colour_mct_none_15
1750111880,vem_spt_07_t19_v3
1750179812,wp_wct_camo_ind_t1_v46_n2
1750240329,packed_mp_veh_mod_idx_s_5_v105
1750266729,f_cl_clo_x4f_b_7_0_t1_v1
1750328106,vem_smod_whlv155_t66_v0
1750477435,packed_mp_veh_mod_idx_16_v93
1750501270,m_ha_cc_body_1_10_t3_v0
1750513076,packed_mp_veh_livery_0_v267
1750535934,f_ta_tat_h4_027_t0_v0
1750687958,m_cl_clo_lxm_dec_0_t11_v1
1750797498,packed_ng_vehicle_smoke_v169
1750877389,vem_smod2_whl13_t19_v3
1750961020,packed_mp_veh_mod_idx_6_v276
1750996620,wp_wct_scope_mac_t1_v6
1751020296,f_cl_outfit_clo_hstf_o_g_1_t12_v0
1751044014,vem_colour_extra_1_mct_metallic_grace_red_t24_v1
1751118126,vem_cmod_win_3_t33_v4
1751141658,vem_hood_1_t9_v6
1751159448,packed_mp_veh_mod_idx_s_4_v211
1751203532,vem_horn_hips4_t10_v10
1751237216,vem_supermod_19_17_t60_v3
1751341871,packed_ng_vehicle_bpt_v74
1751390407,packed_mp_veh_mod_idx_10_v140
1751399619,vem_supermod_4_17_t45_v3
1751448683,packed_mp_veh_mod_idx_s_11_v302
1751457601,packed_mp_veh_mod_idx_12_v317
1751460827,vem_colour_2_mct_metallic_black_steel_t25_v2
1751469082,vem_insurance_speeder
1751471439,packed_mp_veh_mod_idx_s_18_v13
1751488222,packed_mp_veh_mod_idx_s_3_v19
1751523927,packed_mp_veh_mod_idx_s_14_v333
1751590189,packed_mp_veh_mod_idx_16_v414
1751779747,packed_mp_veh_mod_idx_11_v333
1751787409,packed_mp_veh_mod_idx_s_23_v332
1751794090,f_cl_clo_x6f_ph_8_3_t14_v1
1751828181,m_cl_clo_x6m_ph_0_14_t14_v1
1751881677,vem_roof_24_t12_v1
1751939349,packed_mp_veh_livery_0_v91
1752013147,packed_mp_veh_mod_idx_22_v402
1752030189,m_cl_clo_vwm_pw_6_4_t14_v1
1752115580,f_cl_clo_fxf_l_5_18_t4_v1
1752146480,f_cl_clo_x6f_u_30_25_t11_v1
1752159253,f_ta_tat_sb_023_t0_v0
1752184169,packed_mp_veh_mod_idx_s_23_v43
1752254587,m_ha_hair_beard12_t1_v1
1752362544,m_cl_u_fmm_1_6_t11_v0
1752412456,m_cl_clo_fxm_ph_1_2_t14_v1
1752421374,packed_mp_veh_livery_0_v295
1752427455,packed_mp_veh_mod_idx_0_v18
1752454662,packed_mp_veh_mod_idx_s_13_v190
1752514064,vem_supermod_48_7_t48_v7
1752645905,vem_hood_1_t9_v30
1752666405,m_cl_clo_vwm_b_11_2_t1_v1
1752667816,m_cl_clo_awm_b_2_4_t1_v1
1752696241,vem_cmod_tyr_5_t18_v1
1752706026,packed_mp_veh_mod_idx_2_v397
1752827126,vem_supermod_8_14_t49_v27
1752985947,f_cl_clo_hstf_o_f_2_t3_v12
1753023132,f_cl_clo_sbf_u_22_11_t11_v1
1753045461,m_ta_tat_ar_007_t0_v0
1753064002,f_cl_clo_og_decl_5_t100_v0
1753174685,m_cl_clo_vwm_u_14_9_t11_v1
1753347929,m_cl_clo_hp_h_1_7_t14_v0
1753369472,f_cl_clo_hstf_o_10_t8_v12
1753382381,packed_mp_veh_mod_idx_s_7_v315
1753437474,packed_mp_veh_mod_idx_4_v236
1753440201,m_cl_clo_vwm_u_8_23_t11_v1
1753484483,m_cl_clo_iem_u_7_15_t11_v1
1753489981,m_cl_clo_bhm_decl_42_t100_v0
1753586782,f_ta_tat_h4_010_t0_v0
1753621193,f_cl_clo_apf_u_17_9_t11_v1
1753655009,pr_mp_prop_85_t0_v0
1753799842,packed_mp_veh_mod_idx_22_v393
1753868090,vem_turbo_1_t17_v1
1753918698,pr_pm_apt_var_1_t0_v0
1754056967,vem_colour_extra_1_mct_matte_matte_dirt_t24_v3
1754089196,f_cl_o_fmf_p7_t8_v12
1754145517,packed_mp_veh_mod_idx_22_v57
1754165545,m_cl_clo_scm_ey_4_1_t14_v1
1754229387,f_cl_clo_bbf_p0_2_t14_v1
1754341762,wp_wct_c_tint_24_t2_v46_n2
1754359316,packed_mp_veh_mod_idx_15_v150
1754365518,ccu_purchase_shop_item
1754432285,f_cl_clo_smf_b_2_6_t1_v1
1754485451,packed_ng_vehicle_smoke_v126
1754537504,m_cl_clo_s1m_ph_0_12_t14_v1
1754541165,packed_mp_veh_mod_idx_8_v331
1754572629,vem_colour_extra_1_mct_classic_pink_t24_v33
1754609484,packed_mp_veh_mod_idx_s_22_v148
1754648167,packed_mp_veh_mod_idx_9_v206
1754685632,packed_mp_veh_mod_idx_s_21_v339
1754832604,f_cl_outfit_clo_ltsf_o_10_t12_v0
1754836540,f_ta_tat_x2_018_t0_v0
1754883174,packed_mp_veh_plate_id_v80
1754935794,packed_mp_veh_mod_idx_s_22_v153
1755072786,f_cl_clo_ief_b_4_3_t1_v1
1755200392,m_cl_clo_smm_b_9_13_t1_v1
1755227105,f_cl_clo_x2f_ht_0_2_t14_v1
1755257366,m_cl_clo_lxm_t_16_0_t7_v1
1755272754,m_cl_clo_smm_u_0_5_t11_v1
1755342001,m_cl_clo_h2m_u_7_7_t11_v1
1755372681,f_cl_clo_suf_u_7_1_t11_v1
1755440616,m_cl_clo_grm_u_3_8_t11_v1
1755450638,packed_mp_veh_mod_idx_15_v321
1755467882,f_cl_u_fmf_10_7_t11_v0
1755547935,packed_mp_veh_wheel_type_0_v200
1755556743,f_cl_u_fmf_9_5_t11_v0
1755568034,f_cl_clo_fxf_u_9_21_t11_v1
1755667547,packed_ng_vehicle_bpt_v372
1755682204,packed_mp_veh_mod_idx_22_v98
1755765431,f_cl_clo_suf_u_17_2_t11_v1
1755900422,fcclub_sty_1_t0_v0
1755907660,ve_submers2_t0_v0
1755957017,packed_mp_veh_mod_idx_2_v193
1756049986,ve_pbus2_n1_t1_v8
1756100431,m_cl_clo_vwm_b_7_2_t1_v1
1756164166,vem_colour_extra_1_mct_pearlescent_mariner_blue_t24_v3
1756202212,vem_loride_08_t19_v1
1756206174,packed_mp_veh_mod_idx_s_4_v226
1756211147,vem_smod4_whlv125_t66_v0
1756294333,vem_cmod_airhorn_02_t10_v3
1756332841,m_cl_clo_s2m_u_5_13_t11_v1
1756514645,m_cl_clo_exm_g_2_9_t14_v0
1756551283,packed_mp_veh_mod_idx_s_5_v350
1756565051,f_cl_clo_apf_u_19_2_t11_v1
1756682669,vem_insurance_hellion
1756687279,vem_colour_extra_1_mct_matte_matte_desert_t24_v1
1756696189,vem_colour_extra_1_mct_pearlescent_race_yellow_t24_v1
1756727399,packed_mp_veh_mod_idx_s_14_v188
1756805720,packed_mp_veh_mod_idx_s_13_v33
1756819076,packed_mp_veh_mod_idx_4_v58
1756900543,vem_colour_extra_1_mct_metallic_sandy_brown_t24_v33
1756934926,f_cl_clo_scf_l_13_17_t4_v1
1756936295,packed_mp_veh_mod_idx_s_2_v403
1757206441,m_cl_outfit_clo_h2m_o_s_10_t12_v0
1757261977,f_cl_clo_awf_l_5_2_t4_v1
1757328240,vem_smod4_whlv51_t66_v3
1757360541,vem_supermod_21_0_t62_v31
1757447082,packed_mp_veh_livery2_0_v372
1757458411,vem_colour_extra_1_mct_matte_orange_t24_v4
1757563359,m_ta_tat_fm_216_t0_v0
1757609766,vem_engine_2_t5_v11
1757610052,m_ta_tat_bi_024_t0_v0
1757861966,vem_smod5_whlv132_t66_v3
1757919006,f_cl_clo_smf_ph_4_1_t14_v1
1757930480,packed_lr_vehicle_colour_5_v166
1758001277,packed_mp_veh_livery_0_v85
1758081137,vem_colour_1_mct_metallic_blaze_red_t24_v3
1758082741,packed_mp_veh_wheel_type_0_v71
1758232562,packed_mp_veh_mod_var_0_v217
1758334381,m_cl_clo_indm_ht_6_0_t14_v1
1758555148,vem_supermod_8_13_t49_v28
1758671910,vem_bumper_f_5_t34_v27
1758690237,f_cl_clo_scf_ph_5_2_t14_v1
1758719308,vem_grill_0_t8_v35
1758737711,m_cl_clo_stm_u_5_6_t11_v1
1758784143,wp_wct_grip_t1_v24
1758812512,packed_mp_veh_mod_idx_s_15_v288
1758894459,vem_smod4_whlv107_t66_v0
1758941759,packed_ng_vehicle_smoke_v149
1758965269,m_cl_clo_hstm_o_b_1_t3_v12
1759047676,m_cl_clo_x6m_u_26_9_t11_v1
1759061655,wp_wt_snip_hvy_t0_v0
1759070459,vem_colour_extra_1_mct_pearlescent_sienna_brown_t24_v1
1759189338,m_ta_tat_sb_016_t0_v0
1759191721,packed_mp_veh_livery2_0_v252
1759230335,vem_supermod_11_7_t52_v28
1759256285,m_ta_tat_sb_049_t0_v0
1759257553,vem_smod_whlv92_t66_v3
1759260695,ve_bati2_t0_v4
1759417017,vem_supermod_16_12_t57_v3
1759431560,wp_wt_crowbar_t1_v1
1759562939,m_cl_clo_valm_l_1_0_t4_v1
1759589781,vem_supermod_46_9_t46_v7
1759617088,vem_cmod_hrn_clo_t10_v11
1759666937,packed_ng_vehicle_insurance_v3
1759715319,packed_mp_veh_mod_idx_10_v33
1759719840,wp_wct_c_tint_3_t2_v48_n2
1759901047,f_cl_clo_trf_u_12_18_t11_v1
1759943954,vem_supermod_14_2_t55_v26
1760049195,packed_mp_veh_mod_idx_s_3_v67
1760059721,f_cl_clo_x6f_u_6_1_t11_v1
1760098879,packed_mp_veh_plate_id_v154
1760112373,m_cl_clo_stm_h_9_14_t14_v1
1760203590,m_cl_clo_stm_ht13_2_t14_v1
1760227865,packed_mp_veh_mod_idx_11_v374
1760271788,packed_mp_veh_mod_idx_7_v169
1760277421,ve_lazer_t0_v0
1760301974,vem_colour_2_mct_metallic_bison_brown_t25_v33
1760364581,m_cl_clo_x6m_u_22_1_t11_v1
1760386012,vem_bumper_r_18_t35_v1
1760583306,packed_mp_veh_mod_idx_1_v22
1760584450,packed_mp_veh_mod_idx_s_6_v138
1760601095,packed_mp_veh_mod_idx_s_4_v107
1760632217,f_cl_clo_grf_u_20_6_t11_v1
1760724267,m_cl_clo_x6m_o_o_3_t3_v12
1760762639,f_cl_clo_x6f_ph_1_24_t14_v1
1760893410,m_cl_clo_l2m_t_7_1_t7_v1
1760916456,m_cl_clo_fxm_u_6_1_t11_v1
1761042275,packed_mp_veh_mod_idx_s_10_v178
1761083724,packed_mp_veh_mod_var_1_v316
1761093886,mba_colour_5_t0_v0
1761096670,vem_insurance_baller2
1761098439,packed_ng_vehicle_smoke_v46
1761100190,vem_smod_whlv38_t66_v3
1761113335,packed_mp_veh_colour2_0_v202
1761153908,m_cl_clo_sum_u_4_6_t11_v1
1761167806,m_cl_clo_awm_ph_3_3_t14_v1
1761272334,f_cl_clo_x6f_b_2_23_t1_v1
1761325135,packed_lr_vehicle_colour_6_v350
1761387367,f_ha_cc_blush_1_t6_v0
1761398125,f_ha_clo_bif_h_6_0_t0_v0
1761477245,wp_wt_vpistol_t0_v1
1761602063,vem_supermod_56_15_t56_v7
1761605219,vem_colour_2_mct_metallic_dark_silver_t25_v3
1761635672,packed_mp_veh_colour1_0_v221
1761678229,m_cl_clo_sbm_b_6_0_t1_v1
1761755249,packed_mp_veh_mod_var_1_v228
1761774353,packed_mp_veh_mod_var_0_v132
1761808348,m_cl_clo_v2m_l_0_4_t4_v1
1761859797,f_cl_clo_v2f_f_1_1_t6_v1
1761866794,packed_mp_veh_colour2_0_v234
1761971145,packed_lr_vehicle_colour_6_v240
1761986184,f_cl_he_fmf_17_4_t14_v0
1762045244,f_cl_clo_h3f_l_5_11_t4_v1
1762060449,vem_spoiler_2_t14_v7
1762076178,m_cl_clo_smm_b_1_25_t1_v1
1762108059,vem_supermod_0_14_t41_v26
1762195159,m_cl_clo_bim_u_10_3_t11_v1
1762245795,m_cl_clo_sbm_f_0_12_t6_v1
1762270259,f_cl_clo_vwf_pey_115_t14_v1
1762275756,vem_cmod_neoncol_4_t21_v35
1762288010,m_cl_clo_v2m_o_6_t3_v12
1762392340,packed_mp_veh_mod_idx_s_2_v253
1762396145,wp_wm_tint3_t2_v93
1762410054,packed_lr_vehicle_colour_6_v207
1762433912,packed_mp_veh_mod_idx_4_v137
1762579427,f_cl_clo_s2f_u_3_12_t11_v1
1762626980,f_cl_clo_trf_u_11_10_t11_v1
1762741572,m_cl_clo_xmasm_l_0_0_t4_v1
1762836758,packed_mp_veh_mod_var_1_v254
1762884060,f_cl_clo_scf_d_25_5_t10_v1
1762924434,f_cl_outfit_clo_hstf_o_i_1_t12_v0
1762969067,packed_lr_vehicle_colour_5_v66
1763007568,vem_supermod_10_9_t51_v26
1763051819,packed_mp_veh_mod_idx_0_v351
1763071088,f_cl_clo_hstf_u_3_1_t11_v1
1763107193,vem_supermod_23_18_t64_v3
1763206142,f_cl_outfit_clo_h2f_o_g_6_t12_v0
1763308646,f_cl_g_fmf_4_2_t14_v0
1763438970,packed_ng_vehicle_insurance_v332
1763471088,m_cl_he_fmm_17_7_t14_v0
1763539130,packed_mp_veh_secondary_colour_group_v145
1763721154,vem_colour_extra_1_mct_metallic_saddle_brown_t24_v4
1763749137,packed_mp_veh_mod_idx_22_v265
1763774100,vem_smod4_whlv119_t66_v3
1763777048,packed_mp_veh_plate_id_v177
1763882585,packed_mp_veh_mod_idx_s_12_v382
1764033435,m_cl_clo_h3m_ph_0_2_t14_v1
1764077627,m_cl_f_fmm_1_0_t6_v0
1764079681,vem_colour_1_mct_classic_black_graphite_t24_v0
1764097634,wp_wct_tint_16_t2_v22_n2
1764140906,m_cl_clo_trm_u_16_9_t11_v1
1764145292,packed_ng_vehicle_smoke_v61
1764163746,wp_wct_tint_20_t2_v48_n2
1764182197,packed_mp_veh_mod_idx_24_v346
1764188140,f_cl_clo_val_decl_g_t100_v0
1764203091,m_ta_tat_fm_204_t0_v0
1764215087,m_cl_outfit_clo_awm_o_h_1_t12_v0
1764242607,packed_mp_veh_mod_idx_s_12_v161
1764246637,packed_lr_vehicle_colour_6_v115
1764288244,packed_ng_vehicle_smoke_v315
1764464571,m_cl_clo_s1m_dec_15_t11_v1
1764489934,packed_mp_veh_mod_var_0_v380
1764494811,packed_ng_vehicle_smoke_v7
1764617623,m_cl_clo_scm_u_22_0_t11_v1
1764626466,packed_mp_veh_mod_idx_s_16_v374
1764679119,f_cl_clo_awf_l_3_1_t4_v1
1764742324,vem_horn_hips3_t10_v11
1764837202,packed_mp_veh_mod_idx_s_12_v126
1764869276,packed_mp_veh_mod_idx_23_v84
1764907229,packed_ng_vehicle_neon_kit_v39
1764942379,kosatk_spr_0_t0_v0
1764952083,packed_mp_veh_mod_idx_s_18_v211
1764952411,m_cl_clo_smm_ph_0_2_t14_v1
1765186781,vem_supermod_23_15_t64_v33
1765189075,vem_offr_04_t19_v0
1765203893,packed_mp_veh_mod_idx_s_2_v367
1765312298,vem_brake_3_t2_v34
1765365450,ve_apc_t0_v29
1765390804,m_cl_clo_grm_u_17_11_t11_v1
1765419494,packed_mp_veh_mod_idx_16_v372
1765462166,casweb_medrm_0_t0_v0
1765477782,packed_mp_veh_mod_idx_s_22_v282
1765654391,vem_smod_whlv185_t66_v3
1765926407,m_ha_cc_mkup_44_t5_v0
1766024027,packed_mp_veh_mod_idx_s_6_v271
1766058333,f_cl_outfit_clo_stf_o_5_t12_v0
1766100700,m_cl_clo_h3m_u_9_13_t11_v1
1766107967,wp_wm_tint3_t2_v68
1766161094,packed_mp_veh_secondary_colour_group_v177
1766181879,f_cl_clo_hstfb_17_10_t1_v1
1766241394,vem_cmod_smoke_3_t18_v34
1766367300,packed_mp_veh_mod_idx_s_20_v409
1766374033,vem_cmod_neoncol_2_t21_v36
1766388949,vem_supermod_3_18_t44_v27
1766398212,vem_smod2_whl25_t19_v12
1766441106,f_cl_clo_busf_f_0_9_t6_v1
1766478432,vem_supermod_43_2_t43_v7
1766603397,f_cl_clo_busf_f_0_4_t6_v1
1766621081,packed_mp_veh_mod_idx_s_21_v389
1766723145,f_cl_clo_stf_u_6_16_t11_v1
1766733102,vem_smod5_whlv1_t66_v0
1766764856,vem_colour_2_mct_classic_sienna_brown_t25_v0
1766872182,packed_mp_veh_mod_idx_9_v308
1766889848,f_cl_clo_fxf_l_0_6_t4_v1
1766998751,vem_colour_1_mct_metallic_frost_white_t24_v4
1767029944,vem_horn_cnote_a0_t10_v33
1767033705,vem_colour_1_mct_metallic_shadow_silver_t24_v4
1767056578,vem_colour_extra_1_mct_classic_bright_green_t24_v0
1767087524,pr_pm_modshop_10_t90_v0
1767200953,pr_pm_modshop_9_t90_v0
1767201527,m_cl_clo_l2m_e_15_0_t14_v1
1767262250,m_cl_clo_iem_u_17_19_t11_v1
1767343090,vem_colour_extra_1_mct_metallic_midnight_blue_t24_v4
1767351291,packed_mp_veh_mod_idx_s_5_v191
1767405896,packed_mp_veh_colour1_0_v204
1767463176,packed_mp_veh_mod_idx_s_3_v264
1767511180,m_ta_tat_st_011_t0_v0
1767556682,packed_mp_veh_mod_var_0_v89
1767701465,fchub_mod6_1_t0_v0
1767805220,vem_colour_1_mct_metallic_anthr_black_t24_v2
1767860059,packed_mp_veh_mod_idx_16_v138
1767994554,vem_horn_hween2_t10_v6
1768233711,packed_mp_veh_mod_idx_s_0_v229
1768367324,f_cl_clo_vwf_pey_1_4_t14_v1
1768368330,vem_colour_2_mct_metallic_creek_brown_t25_v0
1768465621,packed_mp_veh_mod_idx_s_23_v188
1768480866,packed_mp_veh_mod_idx_s_9_v160
1768756506,vem_supermod_1_2_t42_v26
1768763436,vem_smod4_whlv209_t66_v2
1768817608,f_cl_clo_h2f_b_5_5_t1_v1
1768826585,vem_smod2_whlv182_t66_v3
1768837993,packed_mp_veh_mod_idx_24_v178
1768947435,m_cl_clo_awm_u_17_5_t11_v1
1769034649,m_cl_clo_exm_ob_2_t3_v12
1769093257,vem_smod4_whlv69_t66_v3
1769128785,pr_pm_bfont_6_t1_v0
1769183536,f_cl_clo_awf_b_12_16_t1_v1
1769187903,packed_mp_veh_mod_var_0_v409
1769191482,packed_mp_veh_mod_idx_s_15_v330
1769291385,packed_mp_veh_livery_0_v302
1769505369,m_cl_outfit_clo_h3m_o_sh_23_t12_v0
1769568107,packed_mp_veh_livery2_0_v172
1769645147,m_cl_clo_s1m_u_2_9_t11_v1
1769749566,m_cl_clo_h2m_f_3_20_t6_v1
1769794505,f_cl_clo_bif_l_1_3_t4_v1
1769970424,vem_colour_1_mct_matte_lime_green_t24_v3
1769975296,f_cl_clo_s1f_o_4_t3_v12
1769989622,packed_mp_veh_mod_idx_s_20_v311
1770100194,vem_colour_2_mct_classic_race_yellow_t25_v1
1770202597,vem_supermod_19_0_n1_t60_v3
1770455723,m_cl_clo_sum_u_5_7_t11_v1
1770458865,m_cl_ht_fmm_12_7_t14_v0
1770471732,packed_mp_veh_secondary_colour_group_v334
1770472735,vem_bumper_f_4_t34_v27
1770586500,vem_spt_02_t19_v3
1770716454,packed_mp_veh_mod_idx_s_17_v288
1770724628,vem_supermod_2_12_t43_v26
1770861680,vem_smod_whlv152_t66_v3
1770882265,packed_mp_veh_mod_idx_s_1_v278
1770908907,ve_conada_t0_v3
1770948631,vem_smod4_whlv130_t66_v1
1770969013,packed_mp_veh_mod_var_1_v14
1771128085,wp_wct_c_tint_5_t2_v22_n2
1771144028,f_cl_clo_trf_u_8_8_t11_v1
1771165187,f_cl_clo_lxf_u_4_1_t11_v1
1771230804,f_cl_clo_x6f_u_12_2_t11_v1
1771262968,packed_mp_veh_mod_idx_s_3_v278
1771290982,packed_mp_veh_mod_idx_18_v135
1771408008,packed_mp_veh_mod_idx_s_2_v166
1771412786,m_cl_clo_grm_u_7_15_t11_v1
1771465173,wp_wct_supp_t1_v88
1771594093,packed_mp_veh_mod_idx_3_v414
1771622490,m_cl_clo_bim_l_5_0_t4_v1
1771751524,packed_mp_veh_mod_idx_4_v99
1771764738,packed_ng_vehicle_neon_v80
1771779171,wp_wct_supp_t1_v22_n2
1771786449,f_cl_clo_sbf_l_4_14_t4_v1
1771827893,m_cl_clo_s2m_d_3_t100_v0
1771859639,vem_hood_7_t9_v4
1771863433,m_ta_tat_ie_005_t0_v0
1771930485,packed_mp_veh_mod_idx_s_19_v268
1771954845,packed_mp_veh_mod_idx_23_v315
1772105136,packed_mp_veh_mod_idx_12_v255
1772134226,m_cl_g_fmm_9_6_t14_v0
1772246562,packed_mp_veh_mod_idx_s_8_v29
1772511123,packed_lr_vehicle_colour_5_v378
1772536267,packed_mp_veh_mod_idx_s_13_v160
1772541505,packed_mp_veh_mod_idx_9_v69
1772547403,m_cl_clo_fxm_l_4_16_t4_v1
1772643106,packed_mp_veh_window_tint_0_v42
1772678157,vem_colour_2_mct_metallic_garnet_red_t25_v3
1772701673,m_cl_clo_h3m_ph_6_21_t14_v1
1772791344,m_cl_u_fmm_14_4_t8_v1
1772819380,f_cl_clo_h4f_t_6_2_t7_v1
1772880236,packed_mp_veh_mod_idx_s_7_v302
1772986265,packed_mp_veh_mod_idx_s_11_v74
1773036228,vem_supermod_7_10_t48_v11
1773093929,m_cl_g_fmm_10_4_t14_v0
1773103066,vem_smod_whlv23_t66_v3
1773117725,f_cl_clo_bif_o_13_t8_v12
1773118831,packed_mp_veh_mod_idx_6_v399
1773159366,m_cl_clo_s1m_dec_21_t11_v1
1773274863,m_cl_clo_scm_u_48_2_t11_v1
1773318463,packed_mp_veh_mod_idx_2_v380
1773333889,packed_mp_veh_colour1_0_v233
1773334379,wp_wct_supp_t1_v1_n2
1773351112,vem_supermod_0_0_t41_v33
1773412088,packed_mp_veh_mod_idx_7_v281
1773422017,packed_mp_veh_mod_idx_s_14_v283
1773468079,vem_supermod_12_0_t53_v38
1773537100,f_ta_tat_fm_240_t0_v0
1773584116,vem_cmod_tyr_7_t18_v1
1773599297,f_cl_clo_hstfb_21_2_t1_v1
1773609227,vem_chassis_2_t4_v32
1773707614,packed_mp_veh_mod_idx_12_v82
1773755829,f_cl_clo_h3f_ph_2_0_t14_v1
1773762557,vem_cmod_neoncol_5_t21_v11
1773783678,f_cl_clo_hstf_b_15_8_t1_v1
1773807130,vem_supermod_17_1_t58_v27
1773863686,m_cl_clo_h4m_prw_011_t14_v1
1773899534,f_ha_cc_mkup_34_t7_v1
1774084611,packed_lr_vehicle_colour_5_v393
1774098060,packed_mp_veh_mod_idx_s_4_v228
1774149118,vem_rwd_hiend_15_t19_v2
1774257963,ve_xa21_t0_v3
1774263435,f_cl_clo_vwf_u_15_15_t11_v1
1774279826,packed_mp_veh_mod_idx_s_21_v313
1774302015,m_cl_clo_grm_u_7_8_t11_v1
1774425573,packed_mp_veh_mod_idx_s_13_v1
1774487879,wp_wct_c_tint_17_t2_v70_n2
1774511701,packed_mp_veh_mod_idx_4_v254
1774511911,m_cl_clo_bhm_u_14_8_t11_v1
1774517224,m_cl_clo_sum_decl_20_t11_v1
1774549886,m_cl_clo_x6m_f_0_6_t6_v1
1774589685,m_cl_clo_fxm_pe_2_11_t14_v1
1774597452,f_cl_clo_suf_b_3_15_t1_v1
1774603431,packed_mp_veh_mod_idx_s_10_v255
1774627361,packed_mp_veh_mod_idx_s_18_v168
1774657447,casweb_bedrm_1_t0_v0
1774897306,f_cl_clo_awf_o_c_0_t8_v12
1774924700,vem_grill_0_t8_v5
1774949195,m_cl_clo_sbm_u_11_15_t11_v1
1775044445,packed_mp_veh_mod_idx_11_v369
1775056768,packed_mp_veh_mod_idx_s_13_v238
1775080499,vem_colour_1_mct_metallic_garnet_red_t24_v1
1775149066,m_cl_clo_lxm_t_16_1_t7_v1
1775151152,vem_colour_extra_1_mct_classic_race_yellow_t24_v0
1775300304,m_cl_clo_smm_ph_8_4_t14_v1
1775376287,packed_mp_veh_mod_var_1_v107
1775416741,packed_mp_veh_mod_idx_s_23_v161
1775455239,packed_mp_veh_mod_idx_s_1_v179
1775480598,f_cl_clo_ief_u_14_3_t11_v1
1775496491,f_cl_l_fmf_0_15_t4_v0
1775532062,m_cl_clo_busm_l_1_10_t4_v1
1775554728,packed_mp_veh_mod_idx_8_v296
1775727792,f_cl_clo_bus_m_2_8_t1_v1
1775732458,packed_mp_veh_mod_idx_7_v410
1775794026,m_cl_clo_x2m_o_3_t3_v12
1775867283,packed_ng_vehicle_smoke_v113
1775874423,packed_mp_veh_mod_idx_12_v246
1775876058,service_earn_collectable_item
1775878795,m_ta_tat_vw_018_t0_v0
1775991594,packed_mp_veh_secondary_colour_group_v158
1775999863,m_cl_clo_hstm_o_e_3_t8_v12
1776019896,packed_mp_veh_mod_idx_5_v133
1776083806,m_cl_clo_hst_a_5_t8_v2
1776152977,packed_mp_veh_mod_idx_s_18_v284
1776242445,pm_coupon_mil_site
1776345451,vem_offr_09_t19_v0
1776360122,f_cl_clo_h2f_f_3_20_t6_v1
1776437205,vem_aam_interior_2_t0_v0
1776459850,vem_smod_whlv118_t66_v0
1776620008,m_cl_clo_h4m_u_3_13_t11_v1
1776726106,m_cl_clo_awm_decl_119_t100_v0
1776735860,packed_mp_veh_primary_colour_group_v231
1776791310,vem_colour_1_mct_metallic_woodbeech_brown_t24_v1
1776795117,f_cl_clo_awf_decl_67_t100_v0
1776813882,f_cl_clo_vwf_u_6_7_t11_v1
1776847078,packed_mp_veh_mod_idx_18_v376
1776858053,packed_mp_veh_mod_idx_s_1_v370
1776906811,m_cl_clo_vwm_u_10_17_t11_v1
1776933308,packed_ng_vehicle_bpt_v35
1777089540,vem_bumper_f_5_t34_v35
1777188276,m_ta_tat_bi_047_t0_v0_cesp
1777276724,ve_zion2_t0_v1
1777317354,m_cl_clo_grm_u_0_18_t11_v1
1777337938,vem_cmod_neoncol_10_t21_v5
1777383266,vem_colour_1_mct_metallic_moss_brown_t24_v4
1777421429,packed_mp_veh_mod_idx_13_v266
1777438405,m_cl_clo_smm_b_3_5_t1_v1
1777450136,packed_ng_vehicle_neon_kit_v286
1777514804,packed_mp_veh_mod_idx_s_15_v336
1777605288,ve_longfin_t1_v3
1777710739,packed_mp_veh_mod_idx_s_23_v153
1777716910,m_cl_clo_trm_d_23_0_t10_v1
1777780497,vem_supermod_20_0_t61_v34
1777845931,packed_mp_veh_mod_idx_s_5_v22
1777960038,f_cl_t_fmf_4_2_t7_v0
1778092856,packed_mp_veh_mod_idx_s_2_v158
1778114176,packed_mp_veh_colour_extra1_0_v336
1778124407,packed_mp_veh_mod_idx_0_v312
1778144727,f_cl_clo_vwf_u_19_19_t11_v1
1778196719,vem_spoiler_1_t14_v7
1778230239,vem_horn_clas1_t10_v1
1778239805,m_cl_clo_sum_u_15_10_t11_v1
1778328418,vem_smod_whlv142_t66_v3
1778430287,f_ta_tat_hp_026_t0_v0
1778447410,f_cl_clo_stf_o_e_4_t11_v12
1778474549,vem_cmod_neoncol_5_t21_v27
1778526231,packed_ng_vehicle_neon_v246
1778551519,vem_colour_extra_1_mct_classic_bronze_t24_v4
1778574760,wp_wct_tint_22_t2_v22_n2
1778604463,packed_mp_veh_mod_idx_s_21_v411
1778627351,packed_ng_vehicle_neon_v103
1778639570,vem_supermod_21_2_t62_v26
1778873449,f_cl_clo_jaf_decl_0_t100_v0
1778883090,wp_wct_camo_8_t1_v70_n2
1778974607,packed_mp_veh_plate_id_v102
1779010061,vem_cmod_tyr_8_t18_v3
1779092766,f_cl_clo_busf_u_4_0_t11_v1
1779184959,f_cl_clo_smf_b_0_13_t1_v1
1779261623,f_cl_clo_grf_u_20_10_t11_v1
1779334636,vem_smod4_whlv91_t66_v2
1779368286,packed_mp_veh_mod_idx_s_21_v381
1779638882,f_cl_clo_smf_b_9_17_t1_v1
1779662909,packed_mp_veh_colour2_0_v282
1779711267,f_cl_clo_exf_eu_9_0_t11_v1
1779776485,packed_ng_vehicle_smoke_v59
1779793791,m_ha_cc_mkup_80_t5_v0
1779857126,m_cl_u_fmm_0_11_t11_v0
1779985334,wp_wct_grip_t1_v10
1780118062,m_cl_clo_grm_u_7_0_t11_v1
1780194033,vem_supermod_16_2_t57_v7
1780279466,m_ta_tat_gr_023_t0_v0
1780309069,kosatk_fla_19_t0_v0
1780360477,m_cl_clo_awm_b_2_1_t1_v1
1780428822,vem_colour_5_dark_silver_t38_v0
1780438071,packed_mp_veh_colour2_0_v414
1780490373,m_cl_outfit_clo_x6m_o_o_9_t12_v0
1780509555,m_cl_clo_grm_l_3_8_t4_v1
1780666425,service_earn_ambient_job_plane_takedown
1780807375,vem_hiend_05_t19_v12
1780863535,vem_supermod_9_4_t50_v10
1780900928,f_cl_clo_l2f_dec_7_t11_v1
1780968478,m_cl_clo_grm_l_0_16_t4_v1
1780986004,f_cl_clo_hstf_o_20_t11_v12
1780988639,vem_supermod_2_4_t43_v27
1781059207,vem_supermod_5_20_t46_v3
1781082326,m_cl_clo_iem_l_4_9_t4_v1_cesp
1781226441,packed_mp_veh_mod_idx_13_v276
1781236056,vem_supermod_9_0_t50_v7
1781272308,m_cl_clo_x6m_u_22_15_t11_v1
1781298809,m_cl_clo_fxm_ph_2_21_t14_v1
1781324854,m_cl_clo_fxm_pe_1_9_t14_v1
1781365874,vem_smod_whlv197_t66_v0
1781418185,packed_mp_veh_mod_idx_11_v265
1781475002,pr_pm_modshop_15_t87_v0
1781580103,f_cl_clo_sbf_l_4_10_t4_v1
1781580566,vem_cmod_tyr_9_t18_v38
1781662349,f_cl_clo_h4f_b_0_6_t1_v1
1781676552,packed_ng_vehicle_bpt_v414
1781709568,vem_colour_1_mct_classic_saxon_blue_t24_v2
1781744811,packed_mp_veh_mod_idx_6_v22
1781786702,mp_stat_mpsv_model_378
1781957138,f_cl_clo_h2f_u_3_13_t11_v1
1781975786,packed_mp_veh_mod_idx_s_1_v124
1782010169,m_ta_tat_bb_024_t0_v0
1782043069,f_cl_clo_lxf_t_16_0_t7_v1
1782142458,packed_mp_veh_mod_idx_0_v221
1782163573,mp_stat_prop_office_accommodation_v0
1782220800,vem_skirt_0_t13_v10
1782374173,vem_cmod_hrn_mus4_t10_v1
1782474053,packed_mp_veh_mod_idx_s_9_v173
1782480028,packed_mp_veh_mod_idx_s_19_v27
1782555827,packed_mp_veh_mod_idx_7_v247
1782687777,vem_smod4_whlv185_t66_v2
1782742171,vem_supermod_12_23_t53_v3
1782743511,packed_mp_veh_mod_idx_14_v322
1782772047,vem_colour_2_mct_metallic_midnight_silver_t25_v3
1782783840,packed_mp_veh_mod_idx_s_11_v65
1782889576,m_ta_tat_hp_044_t0_v0
1782910954,f_cl_clo_hstf_o_13_t11_v12
1782916493,packed_mp_veh_mod_idx_5_v94
1782927922,f_cl_clo_indf_d_18_t100_v0
1782961279,f_cl_clo_bus_p_0_2_t14_v0
1782977750,m_cl_clo_scm_u_48_3_t11_v1
1783051492,packed_mp_veh_mod_idx_s_13_v204
1783128519,packed_mp_veh_mod_idx_13_v210
1783175287,f_cl_clo_fxf_ph_4_4_t14_v1
1783215027,m_cl_clo_bhm_decl_9_t100_v0
1783216638,packed_mp_veh_mod_idx_10_v229
1783227388,vem_cmod_neoncol_0_t21_v0
1783242074,packed_mp_veh_plate_id_v129
1783261539,m_cl_clo_xmas_h_2_0_t14_v1
1783281718,f_cl_clo_awf_decl_56_t100_v0
1783301529,ve_toros_t0_v3
1783389800,m_cl_clo_awm_ph_1_5_t14_v1
1783409485,f_cl_clo_h2f_f_3_13_t6_v1
1783501660,m_cl_clo_exm_au_7_1_t11_v1
1783503830,packed_ng_vehicle_smoke_v209
1783595957,f_cl_clo_awf_decl_105_t100_v0
1783677420,cf_mission_passed
1783686414,f_ta_tat_bb_009_t0_v0
1783724953,vem_turbo_0_t17_v11
1783761248,f_cl_clo_hp_f_d_29_t8_v1
1783969182,packed_mp_veh_mod_idx_s_12_v338
1783994850,packed_mp_veh_mod_idx_8_v109
1784123814,packed_ng_vehicle_insurance_v75
1784178756,f_cl_clo_bif_prw_7_0_t14_v1
1784209147,mp_stat_mpsv_model_245
1784216498,packed_mp_veh_mod_idx_s_16_v5
1784236774,ve_surano_t0_v3
1784237706,packed_mp_veh_colour1_0_v180
1784261327,vem_insurance_caracara2
1784274771,vem_colour_extra_1_mct_metallic_bright_orange_t24_v2
1784336494,wp_wct_c_tint_28_t2_v5_n2
1784359141,packed_mp_veh_livery2_0_v82
1784374110,packed_ng_vehicle_insurance_v210
1784446751,f_cl_clo_scf_u_55_23_t11_v1
1784579653,vem_cmod_tyr_8_t18_v29
1784592301,vem_supermod_21_14_t62_v28
1784597594,f_cl_clo_exf_g_7_8_t14_v0
1784619321,packed_mp_veh_colour1_0_v31
1784685266,m_cl_clo_v2m_u_1_2_t11_v1
1784746491,m_ha_cc_eyebrw_27_t2_v0
1784749140,f_cl_f_fmf_3_6_t6_v0
1784887603,m_cl_clo_stm_o_3_t3_v12
1784891202,packed_lr_vehicle_colour_6_v335
1784908228,f_ta_tat_bi_012_t0_v0_cesp
1784940157,vem_turbo_1_t17_v30
1785019067,m_cl_ht_fmm_7_0_t14_v0
1785044039,m_cl_clo_indm_d_7_t11_v1
1785057112,f_cl_clo_bhf_u_19_0_t11_v1
1785176036,ve_rhapsody_t0_v3
1785209760,m_cl_clo_bim_b_0_0_t1_v1
1785278531,m_cl_clo_hp_d_23_t8_v2
1785289218,packed_mp_veh_livery_0_v24
1785316670,f_cl_clo_lxf_lw_5_2_t14_v1
1785336732,m_cl_clo_bhm_u_9_10_t11_v1
1785600637,m_cl_clo_vwm_o_1_0_t3_v12
1785612711,veu_sultanrs_t0_v0
1785617525,f_cl_clo_bhf_decl_7_t100_v0
1785625158,f_cl_clo_sbf_l_4_2_t4_v1
1785665685,f_cl_clo_sbf_u_13_15_t11_v1
1785747926,vem_colour_1_mct_metallic_cast_iron_sil_t24_v1
1785780959,packed_mp_veh_mod_idx_9_v345
1785935116,m_cl_clo_bim_s_11_18_t8_v1
1785948646,vem_horn_luxe3_t10_v28
1786016191,f_cl_clo_hp_f_d_15_t8_v1
1786027546,packed_mp_veh_mod_idx_s_7_v381
1786046063,m_ha_cc_eyebrw_12_t2_v0
1786087595,vem_colour_1_mct_classic_bright_green_t24_v2
1786125342,vem_colour_1_mct_classic_maple_brown_t24_v0
1786239872,packed_mp_veh_colour_extra2_0_v366
1786252195,f_cl_clo_x5f_u_16_4_t11_v1
1786313316,vem_cmod_neonlay_3_t21_v36
1786342078,m_cl_clo_vwm_b_7_3_t1_v1
1786349725,vem_spoiler_5_t14_v26
1786354680,packed_mp_veh_colour_extra2_0_v408
1786414958,packed_mp_veh_wheel_type_0_v152
1786486264,packed_mp_veh_mod_idx_7_v140
1786517441,f_cl_clo_x6f_f_0_4_t6_v1
1786576990,packed_mp_veh_mod_idx_12_v154
1786595127,m_cl_clo_v2m_f_0_9_t6_v1
1786838023,packed_mp_veh_mod_idx_s_18_v208
1786857014,f_cl_clo_bif_s_17_13_t8_v1
1786919536,vem_colour_2_mct_metallic_ultra_blue_t25_v2
1787143751,f_cl_l_fmf_9_2_t4_v0
1787163910,f_cl_clo_x6f_ph_8_18_t14_v1
1787173797,f_cl_clo_trf_d_9_0_t10_v1
1787198994,vem_smod2_whlv34_t66_v3
1787200208,f_cl_clo_vwf_ph_1_7_t14_v1
1787274104,vem_insurance_surfer3
1787287943,vem_smod_whlv76_t66_v3
1787307723,m_cl_u_fmm_9_0_t8_v0
1787466449,vem_hood_16_t9_v1
1787498062,m_cl_u_fmm_9_15_t8_v0
1787563474,m_cl_clo_indm_u_1_2_t11_v1
1787578285,packed_ng_vehicle_bpt_v315
1787650227,m_ta_tat_gr_029_t0_v0
1787675237,vem_colour_2_mct_classic_olive_green_t25_v3
1787675259,packed_mp_veh_mod_idx_0_v233
1787681906,f_cl_clo_hp_f_g_0_7_t14_v0
1787692416,packed_mp_veh_mod_idx_s_14_v164
1787713195,f_cl_clo_h3f_decl_12_t11_v1
1787737797,ve_khamel_t0_v3
1787764176,f_cl_clo_x2f_ht_5_4_t14_v1
1787784342,f_cl_clo_arf_ph_0_21_t14_v1
1787789103,vem_cmod_neonlay_1_t21_v11
1787809097,packed_mp_veh_mod_idx_s_20_v246
1787826659,m_cl_outfit_clo_hp_o_9_t12_v0
1787930534,casweb_office_1_t0_v0
1787998393,packed_lr_vehicle_colour_6_v30
1788091183,fcbase_wind0_t0_v0
1788204213,packed_mp_veh_mod_idx_s_20_v122
1788241064,m_cl_clo_h4m_b_2_18_t1_v1
1788269933,vem_colour_2_mct_metallic_moss_brown_t25_v4
1788323078,vem_supermod_8_7_t49_v28
1788362740,m_cl_outfit_clo_grm_o_7_t12_v0
1788384679,m_cl_l_fmm_3_3_t4_v0
1788395451,f_cl_clo_trf_decl_12_t100_v0
1788420816,packed_mp_veh_mod_idx_13_v395
1788453826,m_ta_tat_fm_236_t0_v0
1788546899,m_cl_clo_s2m_u_1_6_t11_v1
1788650672,packed_mp_veh_colour1_0_v11
1788677617,wp_wct_c_tint_6_t2_v1_n2
1788766828,vem_rwd_drft_23_t19_v1
1788823640,arc_mac_sp_mon_t0_v0
1788830802,packed_mp_veh_primary_colour_group_v370
1788868663,packed_mp_veh_secondary_colour_group_v191
1788896785,packed_mp_veh_mod_idx_s_6_v277
1789058265,wp_wct_tint_3_t2_v9_n2
1789080384,f_cl_clo_sbf_u_14_3_t11_v1
1789187126,m_cl_clo_smm_u_7_16_t11_v1
1789204124,packed_mp_veh_mod_idx_s_16_v380
1789392383,vem_smod4_whlv29_t66_v0
1789461190,packed_ng_vehicle_bpt_v286
1789510104,packed_mp_veh_mod_var_1_v277
1789548662,packed_mp_veh_mod_idx_s_12_v72
1789572878,vem_colour_5_sunset_red_t38_v3
1789603187,packed_mp_veh_mod_idx_s_7_v84
1789644834,f_cl_clo_x2f_ht_5_6_t14_v1
1789667524,vem_supermod_0_20_t41_v3
1789680210,vem_cmod_tyr_pat_t18_v3
1789800409,packed_mp_veh_mod_idx_s_7_v332
1789832211,vem_colour_2_mct_classic_saddle_brown_t25_v33
1789867822,packed_mp_veh_mod_idx_3_v82
1789876259,packed_mp_veh_mod_idx_15_v16
1789918883,vem_grill_4_t8_v2
1789950919,vem_supermod_23_33_n1_t64_v33
1790088718,f_cl_clo_l2f_t_4_0_t7_v1
1790139402,f_cl_u_fmf_0_0_t11_v0
1790232523,vem_armour_4_t1_v4
1790251249,packed_mp_veh_mod_idx_7_v395
1790254998,f_cl_clo_bhf_u_7_14_t11_v1
1790332524,f_cl_clo_grf_b_5_20_t1_v1
1790426487,m_cl_clo_h3m_b_13_0_t1_v1
1790475135,vem_grill_5_t8_v4
1790545252,vem_bumper_r_29_t35_v3
1790564145,m_cl_clo_x6m_u_20_22_t11_v1
1790569060,wp_wct_c_tint_29_t2_v22_n2
1790655009,vem_hlight_1_t11_v35
1790937255,m_cl_clo_smm_b_8_7_t1_v1
1790948047,vem_colour_2_mct_metallic_sunset_red_t25_v3
1790955052,f_cl_clo_s2f_d_11_t11_v1
1791003737,dbase_index_3_t0_v0
1791053311,m_cl_clo_vwm_u_2_13_t11_v1
1791138842,packed_mp_veh_window_tint_0_v409
1791139179,m_cl_clo_trm_decl_10_t100_v0
1791258505,vem_supermod_43_7_t43_v7
1791298859,packed_mp_veh_mod_idx_6_v262
1791321002,m_cl_clo_h3m_u_7_0_t11_v2
1791346491,vem_supermod_23_22_n1_t64_v33
1791428450,packed_mp_veh_mod_idx_s_21_v342
1791491845,vem_colour_2_mct_classic_black_t25_v33
1791516589,packed_mp_veh_mod_idx_s_16_v277
1791537850,vem_colour_extra_1_mct_pearlescent_bison_brown_t24_v2
1791544466,mp_stat_arcade_bus_hub_v0
1791615222,vem_grill_1_t8_v6
1791744101,packed_mp_veh_mod_idx_s_17_v144
1791813197,packed_mp_veh_mod_idx_s_2_v356
1791831858,packed_mp_veh_mod_idx_s_4_v370
1791866855,packed_mp_veh_mod_idx_12_v206
1791943646,m_cl_clo_iem_f_0_3_t6_v1_cesp
1792007306,vem_colour_1_mct_metallic_blue_t24_v4
1792031837,packed_mp_veh_livery_0_v0
1792061893,m_cl_clo_lxm_e_8_0_t14_v1
1792120733,packed_mp_veh_mod_idx_s_10_v296
1792157233,pr_pm_bfont_8_t1_v0
1792360962,vem_colour_2_mct_metallic_cabernet_red_t25_v33
1792442439,packed_mp_veh_mod_idx_23_v178
1792526226,packed_mp_veh_mod_idx_24_v384
1792571925,vem_cmod_neoncol_4_t21_v5
1792577666,packed_mp_veh_mod_idx_s_0_v380
1792626265,packed_ng_vehicle_bpt_v188
1792716072,f_cl_clo_exf_ah_1_2_t14_v1
1792766374,vem_smod4_whlv96_t66_v0
1792846397,packed_mp_veh_mod_idx_7_v208
1793094140,packed_mp_veh_primary_colour_group_v16
1793186488,f_cl_clo_fxf_b_2_3_t1_v1
1793196736,packed_mp_veh_mod_idx_s_7_v317
1793228136,packed_mp_veh_mod_idx_9_v109
1793342849,m_cl_clo_scm_u_48_20_t11_v1
1793409273,packed_mp_veh_mod_idx_5_v338
1793443511,vem_smod4_whlv123_t66_v1
1793482577,packed_mp_veh_mod_idx_3_v210
1793544263,vem_insurance_hotknife
1793572403,packed_mp_veh_mod_idx_2_v71
1793712070,f_cl_clo_suf_u_6_0_t11_v1
1793733379,f_ha_clo_x6f_h_0_0_t0_v1
1793771178,m_ta_tat_sm_010_t0_v0
1793825107,vem_supermod_7_0_t48_v36
1793931104,f_cl_clo_ief_u_3_1_t11_v1
1794003927,vem_cmod_hrn_0_t10_v4
1794059604,packed_mp_veh_mod_idx_16_v374
1794289197,packed_mp_veh_mod_idx_13_v170
1794297103,packed_mp_veh_mod_idx_11_v128
1794353772,vem_smod4_whlv23_t66_v3
1794372501,pr_pm_bemblem_6_t0_v0
1794380862,packed_mp_veh_mod_idx_15_v307
1794412601,vem_supermod_14_4_t55_v26
1794523580,dec_vw_aw_ss_8c
1794623925,packed_mp_veh_mod_idx_s_2_v191
1794625350,f_cl_clo_scf_l_0_0_t4_v1
1794705518,m_cl_clo_s2m_d_13_t11_v1
1794723317,m_cl_clo_smm_b_2_12_t1_v1
1794734590,packed_mp_veh_mod_idx_s_19_v192
1794813872,vem_smod2_whlv30_t66_v3
1794819109,vem_colour_2_mct_matte_black_t25_v33
1794822080,packed_mp_veh_mod_idx_13_v230
1794834095,packed_mp_veh_mod_var_0_v249
1794891250,f_cl_clo_exf_eu_16_9_t11_v1
1794963140,packed_mp_veh_mod_idx_s_11_v225
1794985727,packed_mp_veh_mod_idx_14_v26
1795105446,f_cl_outfit_clo_trf_o_d3_t12_v0
1795245477,f_cl_clo_suf_u_4_0_t11_v1
1795275983,packed_lr_vehicle_colour_6_v15
1795276771,wp_wct_c_tint_27_t2_v56_n2
1795299807,packed_mp_veh_mod_idx_18_v0
1795309624,vem_smod5_whlv137_t66_v3
1795329289,f_cl_clo_vwf_pw_9_1_t14_v1
1795404128,mp_stat_mpsv_model_183
1795411608,m_cl_clo_vwm_s_2_8_t8_v2
1795416665,vem_supermod_10_19_t51_v3
1795537967,packed_mp_veh_mod_idx_2_v57
1795545689,candc_hacker_tnt_2_t0_v0
1795596019,f_cl_clo_suf_u_19_6_t11_v1
1795610297,packed_mp_veh_mod_idx_s_12_v106
1795634357,m_cl_clo_s1m_ph_1_3_t14_v1
1795677433,vem_colour_2_mct_matte_matte_od_t25_v2
1795706817,packed_mp_veh_mod_var_1_v286
1795830798,m_cl_clo_vwm_ph_0_4_t14_v1
1795916815,m_cl_outfit_clo_x6m_o_o_19_t12_v0
1796015198,vem_smod_whlv151_t66_v3
1796024145,m_cl_clo_h2m_o_s_21_t3_v12
1796240003,packed_mp_veh_mod_idx_s_3_v145
1796278527,f_ta_tat_h3_007_t0_v0
1796377838,f_ha_clo_grf_h_0_0_t0_v2
1796396301,packed_mp_veh_window_tint_0_v123
1796464304,m_cl_clo_val_decl_t_t11_v1
1796474401,packed_mp_veh_mod_idx_15_v184
1796534683,mp_stat_ie_wh_owned_vehicle_27_v0
1796536080,packed_mp_veh_colour2_0_v229
1796567269,f_cl_clo_h3f_o_bs_4_t4_v12
1796754686,packed_ng_vehicle_neon_v380
1796899221,f_cl_clo_h2f_b_1114_t1_v1
1797028847,f_cl_clo_bif_u_4_1_t11_v1
1797127804,vem_supermod_5_1_t46_v3
1797202393,packed_mp_veh_window_tint_0_v238
1797226037,ve_schafter_t0_v1
1797289040,m_cl_clo_sbm_f_3_0_t6_v1
1797336233,packed_mp_veh_mod_idx_5_v21
1797382147,vem_colour_mct_none_64
1797441284,m_cl_clo_lxm_u_0_5_t11_v1
1797449254,cb_buy_1_t1_v6
1797488957,f_cl_clo_fxf_l_1_5_t4_v1
1797684340,m_cl_clo_bhm_u_7_5_t11_v1
1797741031,vem_insurance_kuruma
1797760041,vem_supermod_23_0_t64_v28
1797766908,packed_ng_vehicle_neon_kit_v282
1797835883,m_cl_clo_smm_b_3_19_t1_v1
1797931939,m_cl_clo_grm_b_5_16_t1_v1
1797935887,m_cl_f_fmm_3_7_t6_v0
1797952637,packed_mp_veh_mod_var_0_v112
1798004508,packed_mp_veh_mod_idx_s_3_v249
1798044692,packed_mp_veh_mod_idx_10_v313
1798204184,m_cl_clo_h4m_t_13_15_t7_v1
1798285920,m_cl_clo_x6m_u_26_22_t11_v1
1798404284,f_cl_clo_l2f_rw_0_0_t14_v1
1798490748,vem_smod4_whlv93_t66_v3
1798493902,m_cl_u_fmm_5_2_t8_v0_cesp
1798506662,vem_supermod_53_10_t53_v7
1798577175,vem_rwd_hiend_08_t19_v12
1798629653,packed_mp_veh_mod_idx_s_18_v141
1798722187,m_cl_clo_l2m_e_16_0_t14_v1
1798724606,packed_mp_veh_mod_idx_1_v80
1798847351,vem_smod4_whlv197_t66_v1
1798958528,m_cl_outfit_clo_stm_o_9_t12_v0
1799017746,vem_supermod_18_6_t59_v3
1799058945,packed_mp_veh_colour2_0_v259
1799078974,f_cl_clo_h2f_b_5_2_t1_v1
1799092799,vem_fender_r_7_t37_v34
1799176658,f_cl_clo_fxf_ph_4_21_t14_v1
1799212567,m_cl_clo_valm_s_0_3_t8_v1
1799248727,packed_mp_veh_mod_idx_8_v284
1799311614,m_cl_outfit_clo_hstm_o_d_2_t12_v0
1799357288,f_cl_clo_h2f_o_c_11_t8_v12
1799444868,packed_mp_veh_mod_idx_s_3_v255
1799447768,m_cl_clo_sbm_f_5_3_t6_v1
1799494223,packed_mp_veh_mod_idx_18_v198
1799511852,f_cl_clo_fxf_u_10_0_t11_v1
1799593008,ve_miljet_t1_v0
1799640428,packed_mp_veh_window_tint_0_v125
1799717375,m_ha_clo_scm_h_1_0_t0_v2
1799736932,packed_mp_char_yacht_flag_v0
1799741672,packed_ng_vehicle_bpt_v387
1799769069,vem_colour_extra_1_mct_classic_lime_green_t24_v4
1799930504,vem_rwd_musc_20_t19_v2
1799934303,packed_mp_veh_mod_idx_s_15_v258
1799969124,packed_mp_veh_mod_idx_s_13_v130
1800086223,m_cl_clo_lxm_u_7_7_t11_v1
1800099029,packed_mp_veh_mod_idx_6_v8
1800115642,m_cl_clo_halm_3_1_t1_v1
1800135468,vem_horn_hips3_t10_v27
1800208675,vem_colour_1_mct_metallic_gold_t24_v0
1800334431,packed_mp_veh_mod_idx_23_v339
1800404797,packed_mp_veh_mod_idx_s_3_v391
1800492593,m_cl_clo_halm_8_2_t1_v1
1800504003,vem_smod4_whlv193_t66_v0
1800633286,f_cl_clo_x6f_o_o_12_t3_v12
1800666137,packed_mp_veh_mod_idx_1_v298
1800774697,packed_mp_veh_mod_idx_s_11_v89
1800814954,packed_mp_veh_mod_idx_s_20_v131
1800838234,vem_insurance_dynasty
1800870373,m_cl_clo_x6m_ph_1012_t14_v1
1800887192,vem_colour_extra_1_mct_matte_matte_foil_t24_v4
1800892941,packed_ng_vehicle_smoke_v332
1800978780,packed_ng_vehicle_smoke_v27
1801050699,vem_rwd_loride_14_t19_v12
1801110061,packed_mp_veh_mod_idx_s_4_v45
1801133131,packed_ng_vehicle_neon_kit_v397
1801141093,f_cl_clo_x6f_b_2_22_t1_v1
1801213348,vem_colour_2_mct_classic_blue_t25_v33
1801224680,packed_mp_veh_mod_idx_9_v137
1801390781,vem_colour_1_mct_metallic_red_t24_v1
1801396972,vem_supermod_14_8_t55_v38
1801484500,f_cl_clo_awf_ph_1_5_t14_v1
1801574601,m_cl_u_fmm_14_14_t8_v1
1801638117,f_cl_clo_x6f_u_24_0_t11_v1
1801642913,m_cl_clo_s1m_u_7_10_t11_v1
1801805559,m_cl_outfit_clo_h3m_o_clb_3_t12_v0
1801853586,packed_mp_veh_mod_idx_s_10_v370
1801861375,ve_marshall_n1_t1_v4
1801899100,packed_mp_veh_colour_extra1_0_v110
1802030447,packed_mp_veh_primary_colour_group_v147
1802066839,m_cl_clo_sum_decl_23_t11_v1
1802102317,mp_stat_businesshub_mod_3_v0
1802258857,f_cl_ht_fmf_6_7_t14_v0
1802311344,m_cl_clo_grm_ph_3_24_t14_v1
1802322750,ve_technical_n1_t1_v0
1802512786,vem_colour_1_mct_classic_dark_blue_t24_v3
1802577999,vem_supermod_8_21_t49_v3
1802579371,wp_wct_clip2_t1_v56_n2
1802591021,packed_mp_veh_primary_colour_group_v294
1802723373,m_cl_clo_grm_u_16_5_t11_v1
1802729780,dec_vw_aw_ls_22
1802746059,wp_wct_c_tint_20_t2_v22_n2
1802749690,packed_mp_veh_livery_0_v205
1802977630,vem_loride_09_t19_v3
1802991497,vem_sub_heli_c_9
1802998314,packed_ng_vehicle_insurance_v99
1803151767,packed_mp_veh_mod_idx_4_v201
1803160005,vem_smod4_whlv210_t66_v1
1803166374,vem_bumper_f_26_t34_v3
1803182007,m_cl_clo_s1m_f_0_2_t6_v1
1803311445,packed_mp_veh_mod_idx_s_10_v113
1803411275,fa_upgrade_fakeid_sec_0_t0_v0
1803452560,f_cl_clo_scf_u_2_0_t11_v1
1803526335,packed_ng_vehicle_insurance_v132
1803527894,packed_mp_veh_livery2_0_v48
1803579259,f_cl_clo_half_11_0_t1_v1
1803586034,m_cl_u_fmm_9_6_t8_v0
1803696994,vem_smod4_whlv22_t66_v3
1803708940,packed_mp_veh_mod_idx_s_2_v333
1803711682,f_cl_clo_stf_h_105_t14_v1
1803802305,vem_livery2_4_t39_v3
1803832387,packed_ng_vehicle_bpt_v192
1803883484,packed_mp_veh_mod_idx_s_5_v264
1803919573,vem_engine_4_t5_v11
1803978256,mp_stat_contotalforwhouse1_v0
1804004197,f_cl_u_fmf_1_6_t11_v0
1804007031,packed_lr_vehicle_colour_5_v246
1804024416,packed_ng_vehicle_neon_kit_v107
1804107705,f_cl_clo_bhf_u_6_10_t11_v1
1804239076,packed_mp_veh_mod_idx_s_19_v186
1804317053,vem_truck_slot_7_mod_1_t0_v0
1804318371,packed_mp_veh_mod_idx_22_v176
1804319875,packed_mp_veh_window_tint_0_v193
1804360820,f_cl_clo_ltsf_o_7_t8_v12
1804376377,f_cl_clo_smf_b_7_14_t1_v1
1804380075,f_cl_clo_hstf_u_11_0_t11_v1
1804395121,packed_ng_vehicle_insurance_v225
1804407361,pr_pm_font_14_t0_v0
1804435581,m_cl_clo_stm_u_6_20_t11_v1
1804520616,ve_calico_t0_v3
1804667390,vem_colour_2_mct_classic_race_yellow_t25_v33
1804694506,f_cl_outfit_clo_hstf_o_16_t12_v0
1804712570,ve_penetrator_t0_v3
1804724297,packed_mp_veh_mod_idx_s_6_v132
1804848132,m_ha_cc_eyebrw_14_t2_v1
1804886756,m_cl_clo_h4m_pey_2_3_t14_v1
1804907099,vem_armour_1_t1_v5
1804910216,vem_supermod_23_20_t64_v33
1805000557,vem_suspension_0_t15_v39
1805035584,packed_mp_veh_livery_0_v153
1805056579,packed_mp_veh_mod_idx_3_v147
1805102600,packed_mp_veh_mod_idx_4_v359
1805119482,f_cl_clo_h4f_t_13_7_t7_v1
1805138191,packed_mp_veh_mod_idx_14_v407
1805150749,packed_mp_veh_mod_idx_s_6_v61
1805179405,packed_ng_vehicle_neon_kit_v6
1805182406,m_cl_clo_scm_u_48_16_t11_v1
1805258160,packed_mp_veh_mod_idx_s_22_v243
1805292853,vem_cmod_tyr_lg_t30_v7
1805315800,f_cl_clo_bif_pe_1_4_t14_v1
1805365850,packed_mp_veh_mod_idx_23_v407
1805453071,packed_mp_veh_mod_idx_s_11_v344
1805462591,f_cl_clo_trf_o_r7_t3_v12
1805499586,mp_stat_clbhos_garage_v0
1805523215,packed_mp_veh_mod_idx_s_4_v213
1805601764,m_cl_clo_vwm_u_9_15_t11_v1
1805608102,m_cl_clo_x6m_lw_0_1_t14_v1
1805739249,packed_mp_veh_primary_colour_group_v212
1805854725,vem_colour_6_candy_red_t65_v3
1805866351,packed_mp_veh_wheel_type_0_v217
1805926471,vem_horn_indi_2_t10_v31
1805943694,m_cl_outfit_clo_hstm_o_i_2_t12_v0
1806005491,m_cl_outfit_clo_arm_o_23_t12_v0
1806052569,f_cl_clo_stf_h_9_9_t14_v1
1806121156,packed_mp_veh_mod_idx_2_v166
1806125993,vem_smod_whl22_t19_v12
1806140368,vem_colour_1_mct_classic_sienna_brown_t24_v1
1806211749,f_ta_tat_fm_213_t0_v0
1806216467,vem_smod4_whlv76_t66_v1
1806372223,packed_mp_veh_mod_idx_22_v9
1806452535,vem_horn_indi_2_t10_v10
1806455781,packed_mp_veh_mod_idx_s_2_v244
1806834976,packed_mp_veh_mod_idx_18_v200
1806910284,vem_spt_22_t19_v1
1807014589,m_cl_clo_bim_ph_4_0_t14_v1
1807184505,packed_mp_veh_mod_idx_s_3_v113
1807229255,f_ta_tat_bi_000_t0_v0
1807288005,f_cl_clo_x5f_o_a_3_t3_v12
1807297588,vem_supermod_23_33_n1_t64_v3
1807303527,pr_pm_modshop_11_t87_v0
1807400016,packed_mp_veh_mod_idx_s_12_v180
1807421690,vem_rwd_suv_02_t19_v3
1807802175,vem_smod2_whlv213_t66_v3
1807835139,m_cl_clo_sum_u_9_1_t11_v1
1807865703,f_cl_clo_h2f_o_g_3_t3_v12
1807976539,m_cl_clo_awm_b_12_12_t1_v1
1807983384,vem_cmod_hrn_clo_t10_v37
1808064975,m_cl_clo_fxm_ph_0_4_t14_v1
1808115011,packed_mp_veh_mod_idx_18_v295
1808127565,vem_supermod_1_13_t42_v26
1808142055,f_cl_clo_h3f_l_5_13_t4_v1
1808254032,vem_skirt_19_t13_v38
1808302845,f_cl_clo_h2f_o_c_12_t3_v12
1808369304,pr_mp_prop_19_t0_v0
1808561368,veu_bruiser3_t0_v0
1808666031,packed_mp_veh_mod_idx_11_v340
1808776706,packed_mp_veh_mod_idx_s_20_v399
1808794513,packed_mp_veh_colour2_0_v112
1808815820,packed_mp_veh_mod_idx_s_14_v350
1808819749,packed_mp_veh_mod_idx_s_10_v188
1808880286,packed_mp_veh_livery2_0_v108
1808921987,wp_wct_tint_12_t2_v70_n2
1809094179,f_cl_clo_hp_f_d_32_t11_v1
1809103886,vem_colour_extra_1_mct_metallic_might_purple_t24_v3
1809151180,packed_mp_veh_mod_idx_s_18_v279
1809156260,packed_mp_veh_mod_idx_1_v273
1809297730,packed_mp_veh_plate_id_v345
1809302671,wp_wct_c_tint_14_t2_v47_n2
1809323340,packed_mp_veh_mod_idx_18_v22
1809425530,vem_fender_l_10_t36_v38
1809492840,packed_mp_veh_mod_idx_s_15_v364
1809524870,vem_insurance_lm87
1809610436,packed_mp_veh_mod_idx_16_v299
1809624795,f_cl_clo_bhf_decl_12_t11_v1
1809683725,m_cl_ht_fmm_2_0_t14_v0
1809760470,f_cl_clo_lxf_lw_0_0_t14_v1
1809832395,ve_surfer3_t1_v3
1809907880,f_ta_tat_vw_011_t0_v0
1809995997,packed_mp_veh_mod_idx_s_2_v287
1810100909,f_cl_clo_ief_u_4_17_t11_v1
1810125382,m_cl_clo_x6m_u_3_2_t11_v1
1810202894,vem_grill_4_t8_v0
1810326882,f_cl_clo_ief_l_2_5_t4_v1
1810369161,f_cl_clo_hstfb_23_8_t1_v1
1810388520,vem_insurance_emperor
1810421517,packed_mp_veh_mod_idx_s_14_v359
1810506918,service_earn_casino_award_mission_two_first_time
1810528848,vem_colour_2_mct_classic_lime_green_t25_v33
1810563801,m_cl_clo_h4m_decl_32_t100_v0
1810577495,wp_wct_tint_27_t2_v56_n2
1810650560,f_cl_clo_s2f_f_0_2_t6_v1
1810674943,packed_ng_vehicle_neon_kit_v354
1810693409,packed_mp_veh_secondary_colour_group_v135
1811049536,packed_mp_veh_plate_id_v90
1811058824,vem_colour_extra_1_mct_metallic_creek_brown_t24_v33
1811063299,packed_mp_veh_mod_idx_11_v138
1811202733,packed_mp_veh_mod_idx_2_v90
1811317387,m_cl_clo_exm_eu_6_4_t11_v1
1811402879,packed_mp_veh_colour1_0_v174
1811404482,wp_wct_c_tint_9_t2_v13_n2
1811469742,vem_offr_01_t19_v1
1811471290,vem_colour_extra_1_mct_classic_sunset_red_t24_v3
1811564940,vem_horn_cnote_c0_t10_v7
1811594403,f_cl_clo_l2f_t_6_0_t7_v1
1811640015,vem_smod5_whlv185_t66_v3
1811664665,m_cl_clo_smm_u_7_14_t11_v1
1811833100,packed_mp_veh_mod_idx_s_21_v312
1811833242,packed_mp_veh_mod_idx_s_13_v158
1811898273,f_ta_tat_bb_000_t0_v0
1811912674,vem_colour_2_mct_classic_bronze_t25_v1
1811921643,f_cl_clo_h2f_o_s_0_t3_v12
1811927841,f_ha_cc_mkup_9_t7_v1
1811943392,vem_exhaust_2_t6_v0
1811954862,vem_smod4_whlv118_t66_v0
1812046365,packed_mp_veh_mod_idx_11_v136
1812102239,m_cl_clo_x2m_l_0_0_t4_v1
1812188343,packed_lr_vehicle_colour_6_v311
1812227821,dec_vw_aw_wv_26
1812263663,packed_lr_vehicle_colour_5_v206
1812276513,vem_cmod_hrn_mus1_t10_v36
1812350264,packed_mp_veh_mod_idx_8_v155
1812394841,packed_mp_veh_mod_idx_5_v413
1812435418,vem_colour_extra_1_mct_pearlescent_dark_silver_t24_v3
1812448164,vem_musc_16_t19_v12
1812552637,packed_mp_veh_mod_idx_s_13_v81
1812590728,packed_mp_veh_mod_idx_s_6_v209
1812598647,m_cl_clo_x2m_l_0_3_t4_v1
1812675323,packed_mp_veh_wheel_type_0_v56
1812702522,packed_mp_veh_mod_idx_16_v55
1812736486,m_ta_tat_vw_020_t0_v0
1812765280,vem_supermod_1_0_t42_v31
1812781441,f_cl_clo_x6f_f_5_20_t6_v1
1812796035,vem_smod_whlv134_t66_v0
1812846914,vem_horn_lowrder1_t10_v37
1812882853,vem_spoiler_16_t14_v3
1812884577,packed_mp_veh_mod_idx_s_22_v14
1812891958,packed_mp_veh_wheel_type_0_v182
1812938387,m_cl_clo_lxm_e_25_2_t14_v1
1812952640,vem_cmod_tyr_9_t18_v2
1812963716,m_cl_clo_bhm_decl_50_t11_v1
1813012089,vem_cmod_win_0_t33_v36
1813094051,f_cl_clo_trf_d_22_0_t10_v1
1813153536,vem_colour_extra_1_mct_metallic_lime_green_t24_v33
1813159448,packed_mp_veh_mod_idx_s_19_v95
1813168117,packed_mp_veh_mod_idx_14_v153
1813242404,packed_mp_veh_colour_extra2_0_v398
1813371740,vem_colour_2_mct_classic_bison_brown_t25_v0
1813533796,m_cl_clo_fxm_u_6_12_t11_v1
1813556659,packed_mp_veh_mod_idx_s_16_v321
1813722442,vem_colour_extra_1_mct_classic_woodbeech_brown_t24_v3
1813748060,vem_smod2_whlv63_t66_v3
1813755887,packed_mp_veh_mod_idx_s_12_v342
1813769344,f_cl_clo_awf_u_1_5_t11_v1
1814019911,packed_mp_veh_mod_idx_3_v34
1814028187,packed_mp_veh_mod_idx_15_v223
1814040717,m_cl_clo_awm_f_4_1_t6_v1
1814085848,vem_livery2_0_t39_v5
1814089651,f_cl_clo_x6f_f_12_19_t6_v1
1814150082,packed_mp_veh_mod_idx_s_12_v151
1814197076,service_earn_fixer_award_sec_con
1814276916,vem_supermod_11_21_t52_v3
1814286797,f_cl_clo_x6f_l_0_0_t4_v1
1814355453,m_ta_tat_bi_058_t0_v0_cesp
1814371232,f_cl_clo_hp_f_d_16_t100_v0
1814466842,f_cl_clo_exf_g_6_8_t14_v0
1814532028,vem_smod4_whlv9_t66_v1
1814599592,f_cl_clo_grf_l_3_25_t4_v1
1814612328,packed_mp_veh_mod_idx_s_1_v412
1814682360,m_cl_clo_vwm_s_6_5_t8_v1
1814693801,packed_mp_veh_mod_idx_1_v154
1814740321,packed_mp_veh_mod_idx_s_12_v374
1814875354,packed_mp_veh_mod_idx_8_v353
1814885140,m_cl_clo_grm_ph_3_9_t14_v1
1814931810,f_cl_clo_x6f_u_2_4_t11_v1
1814956790,packed_mp_veh_mod_idx_s_1_v260
1814972408,packed_mp_veh_mod_idx_9_v43
1814983608,vem_brake_2_t2_v36
1815057067,vem_supermod_14_4_t55_v28
1815109942,packed_mp_veh_mod_idx_s_15_v122
1815185399,vem_bumper_r_12_t35_v6
1815206394,vem_roof_5_t12_v27
1815251080,m_cl_clo_x6m_f_5_22_t6_v1
1815310351,vem_colour_1_mct_classic_black_t24_v33
1815361070,f_cl_clo_grf_u_9_16_t11_v1
1815385725,f_cl_clo_grf_u_0_8_t11_v1
1815466081,packed_mp_veh_mod_idx_s_15_v265
1815541181,service_spend_make_it_rain
1815552435,packed_mp_veh_secondary_colour_group_v392
1815587233,packed_mp_veh_mod_idx_13_v384
1815600549,ve_buffalo4_t0_v38
1815634432,f_cl_clo_grf_b_3_17_t1_v1
1815655892,packed_mp_veh_mod_idx_10_v259
1815690444,factory_index_4_t0_v0_cesp
1815820597,packed_mp_veh_mod_idx_23_v412
1816048339,packed_mp_veh_mod_idx_2_v106
1816296729,f_cl_clo_vwf_u_6_15_t11_v1
1816417358,f_cl_clo_bhf_u_1_10_t11_v1
1816468702,wp_pm_tint7_t2_v33
1816506517,m_cl_clo_lxm_u_5_3_t11_v1
1816519416,f_cl_clo_s1f_e_2_0_t14_v1
1816538595,packed_mp_veh_livery2_0_v93
1816550914,packed_mp_veh_mod_idx_9_v255
1816600485,m_cl_clo_x6m_l_0_8_t4_v1
1816635329,m_cl_outfit_clo_iem_o_10_t12_v0_cesp
1816636041,m_cl_clo_vwm_decl_12_t100_v0
1816662271,packed_mp_veh_mod_idx_0_v83
1816705778,f_cl_clo_x6f_ph_2_15_t14_v1
1816715365,m_cl_clo_vwm_pw_8_0_t14_v1
1816717369,packed_mp_veh_colour_extra2_0_v23
1816750591,vem_supermod_0_5_t41_v28
1816764251,f_cl_clo_trf_u_16_8_t11_v1
1816814474,m_cl_w_fmm_0_0_t14_v0
1816834691,vem_spoiler_8_t14_v0
1816843709,vem_cmod_pla_1_t23_v36
1816995932,m_cl_clo_vem_dec_48_t100_v0
1817044473,f_cl_clo_trf_b_1_2_t1_v1
1817117509,vem_hiend_07_t19_v1
1817130170,packed_mp_veh_mod_idx_22_v237
1817192087,packed_mp_veh_colour1_0_v318
1817206380,packed_mp_veh_window_tint_0_v143
1817282436,packed_mp_veh_colour2_0_v150
1817307989,packed_mp_veh_colour2_0_v359
1817318925,m_cl_clo_x6m_ey_0_4_t14_v1
1817356734,packed_mp_veh_mod_idx_12_v71
1817401505,vem_colour_1_mct_classic_rolled_steel_t24_v2
1817404825,packed_ng_vehicle_smoke_v381
1817428110,vem_engine_3_t5_v36
1817461724,packed_mp_veh_mod_idx_0_v219
1817496204,vem_rwd_hiend_19_t19_v12
1817499035,f_cl_outfit_clo_hstf_o_c_3_t12_v0
1817532033,packed_mp_veh_mod_idx_s_7_v104
1817539550,packed_mp_veh_primary_colour_group_v328
1817829547,packed_mp_veh_colour_extra2_0_v65
1817893122,f_cl_clo_smf_b_8_5_t1_v1
1817930433,fchub_mod4_2_t0_v0
1817940535,packed_ng_vehicle_bpt_v239
1817953731,packed_mp_veh_mod_idx_s_19_v5
1817972908,m_cl_f_fmm_2_13_t6_v0
1818001436,m_cl_clo_halm_d_7_t11_v1
1818185611,vem_colour_1_mct_classic_moss_brown_t24_v1
1818205053,f_cl_clo_exf_al_6_3_t4_v1
1818211573,pr_pm_bfcolour_7_t0_v0
1818250937,vem_colour_1_mct_classic_bison_brown_t24_v2
1818317197,m_cl_t_fmm_12_1_t7_v0
1818351416,packed_mp_veh_mod_idx_24_v197
1818355315,m_cl_clo_bim_u_0_3_t11_v1
1818377496,packed_mp_veh_secondary_colour_group_v30
1818418103,packed_mp_veh_mod_idx_s_17_v146
1818438935,kosatk_fla_34_t0_v1
1818443749,vem_horn_cnote_e0_t10_v11
1818531390,f_cl_clo_lxf_dec_33_t100_v0
1818544761,vem_supermod_14_9_t55_v38
1818569215,packed_mp_veh_plate_id_v412
1818658630,packed_mp_veh_mod_idx_1_v148
1818662165,packed_mp_veh_mod_var_0_v161
1818875211,packed_mp_veh_colour1_0_v131
1818879391,m_cl_clo_x17m_u_4_2_t11_v1
1818909972,vem_suv_13_t19_v12
1818962779,packed_mp_veh_mod_idx_s_7_v78
1819178486,m_cl_clo_bus_m_2_3_t1_v1
1819236404,m_cl_clo_iem_f_0_11_t6_v1
1819341969,packed_mp_veh_mod_idx_s_0_v168
1819342601,packed_mp_veh_mod_idx_s_19_v126
1819345219,packed_mp_veh_plate_id_v159
1819514363,f_cl_g_fmf_3_7_t14_v0
1819535775,vem_supermod_1_5_t42_v3
1819540248,f_cl_clo_scf_ey_1_14_t14_v1
1819549333,m_ta_tat_sm_006_t0_v0
1819550189,f_cl_clo_arf_o_26_t8_v12
1819591673,vem_yacht_col_11_v0
1819649659,packed_mp_veh_mod_idx_22_v212
1819738065,packed_mp_veh_livery_0_v89
1819829910,packed_mp_veh_mod_idx_1_v15
1819932552,m_cl_clo_v2m_l_0_10_t4_v1
1819946775,vem_trans_2_t16_v27
1819955768,packed_mp_veh_mod_idx_s_4_v88
1819956408,vem_supermod_15_14_t56_v28
1820148561,m_cl_clo_smm_b_6_4_t1_v1
1820151978,packed_mp_veh_mod_idx_s_15_v94
1820222914,vem_roof_0_t12_v34
1820341830,f_cl_clo_h3f_l_5_3_t4_v1
1820442597,vem_truck_slot_9_mod_3_t0_v0
1820474250,vem_colour_extra_1_mct_metallic_bleeched_brown_t24_v1
1820636178,packed_mp_veh_mod_var_0_v79
1820799566,vem_cmod_col3_c_t25_v3
1820843369,packed_mp_veh_mod_idx_s_3_v287
1820863329,mp_stat_mpsv_model_109
1820868151,m_ta_tat_bi_035_t0_v0_cesp
1820869663,packed_mp_veh_mod_idx_s_15_v303
1820882792,m_cl_clo_bhm_u_9_8_t11_v1
1820936709,f_cl_clo_grf_u_15_4_t11_v1
1820963727,f_cl_clo_grf_u_23_1_t11_v1
1820969439,m_cl_clo_hstmb_14_16_t1_v1
1820996292,m_cl_clo_scm_b_2_1_t1_v1
1821069365,wp_pm_tint7_t3_v33
1821112316,f_cl_clo_scf_d_25_8_t10_v1
1821113715,packed_mp_veh_mod_idx_3_v382
1821123614,packed_mp_veh_mod_idx_15_v117
1821203132,vem_insurance_manchez3
1821358118,vem_colour_2_mct_metallic_midnight_blue_t25_v33
1821443652,vem_turbo_0_t17_v38
1821458670,vem_supermod_11_7_t52_v26
1821480109,vem_hiend_10_t19_v3
1821554397,packed_mp_veh_mod_idx_13_v101
1821560251,vem_supermod_7_0_t48_v5
1821569407,f_cl_u_fmf_5_9_t11_v0
1821797538,vem_spoiler_23_t14_v38
1821818855,packed_ng_vehicle_neon_v339
1821842818,m_cl_clo_busm_t_2_3_t7_v1
1821882965,packed_mp_veh_window_tint_0_v351
1821946139,dec_vw_aw_ss_43c
1821968190,m_cl_clo_x6m_ph_2_13_t14_v1
1822147711,packed_mp_veh_mod_idx_12_v280
1822165313,m_cl_clo_smm_decl_10_t100_v0
1822212158,packed_mp_veh_mod_idx_11_v44
1822263332,packed_mp_veh_livery2_0_v389
1822277081,m_cl_clo_bus_m_o_19_t3_v12
1822378253,vem_colour_1_mct_metallic_diamond_blue_t24_v0
1822424890,f_cl_clo_bif_decl_34_t100_v0
1822513138,m_cl_clo_grm_ph_0_13_t14_v1
1822749445,f_cl_outfit_clo_h2f_o_s_3_t12_v0
1822796296,f_cl_clo_stf_o_12_t8_v12_cesp
1822820530,vem_colour_extra_1_mct_pearlescent_stone_silver_t24_v3
1822948309,vem_supermod_62_19_t62_v7
1822968223,vem_aam_vehicle_workshop_0_t0_v0
1823005328,m_ta_tat_vw_000_t0_v0
1823118736,vem_offr_13_t19_v1
1823130920,packed_ng_vehicle_smoke_v16
1823149568,m_cl_clo_hp_u_1_1_t8_v1
1823165216,hangar_index_4_t0_v0
1823171323,m_ha_cc_mkup_89_t5_v0
1823244718,vem_hood_2_t9_v2
1823440727,vem_drft_05_t19_v2
1823444356,service_earn_ambient_job_drug_vehicle
1823445377,wp_wct_camo_10_t1_v13_n2
1823514118,packed_mp_veh_colour_extra2_0_v116
1823552928,wp_wt_bat_t1_v0
1823567237,packed_mp_veh_mod_idx_s_20_v320
1823640455,f_cl_clo_h3f_o_clb_1_t8_v12
1823643760,m_cl_clo_h2m_u_7_22_t11_v1
1823743323,vem_drft_17_t19_v2
1823763227,mp_stat_mpsv_model_359
1823801742,packed_mp_veh_livery2_0_v144
1823902066,f_cl_clo_hstf_b_15_4_t1_v1
1824039297,f_cl_clo_awf_ph_2_6_t14_v1
1824040080,vem_bumper_f_21_t34_v3
1824056061,packed_mp_veh_plate_id_v9
1824126700,vem_supermod_8_5_t49_v27
1824357981,f_cl_clo_bhf_l_0_5_t4_v1
1824365007,vem_truck_slot_3_mod_1_t0_v0
1824468144,f_ha_cc_f_hs_11_t0_v1
1824531597,f_cl_clo_h3f_b_14_16_t1_v1
1824619540,f_ha_cc_f_hs_5_t0_v1
1824646168,wp_wct_supp_t1_v0
1824688642,f_cl_clo_stf_ht8_10_t14_v1
1824705320,f_cl_clo_x6f_f_0_9_t6_v1
1824748630,packed_ng_vehicle_insurance_v244
1824826339,f_cl_clo_x6f_u_1_12_t11_v1
1824838507,vem_colour_extra_1_mct_classic_light_blue_t24_v3
1824843669,f_cl_clo_bhf_u_20_2_t11_v1
1824854830,packed_mp_veh_mod_idx_s_22_v231
1824910739,packed_mp_veh_mod_idx_s_2_v385
1824931066,packed_mp_veh_mod_idx_2_v185
1825005824,vem_grill_3_t8_v27
1825189050,packed_mp_veh_mod_idx_s_8_v283
1825223263,dec_vw_aw_ss_42b
1825243549,vem_rwd_suv_12_t19_v2
1825272458,m_cl_clo_grm_g_1_12_t3_v1
1825278342,packed_mp_veh_mod_idx_9_v162
1825284046,packed_mp_veh_colour1_0_v346
1825309428,packed_mp_veh_mod_idx_14_v140
1825343004,vem_supermod_19_12_t60_v3
1825385421,packed_mp_veh_livery_0_v164
1825479019,m_cl_clo_hstm_t_3_10_t7_v1
1825580183,packed_mp_veh_mod_idx_s_9_v26
1825710417,f_cl_clo_suf_b_4_3_t1_v1
1825745185,f_cl_clo_bbf_f_010_t6_v1
1825930003,packed_mp_veh_mod_idx_s_7_v3
1825932977,f_cl_clo_bif_s_16_15_t8_v1
1826198574,vem_insurance_issi5
1826319906,packed_mp_veh_mod_idx_s_6_v396
1826477571,packed_mp_veh_colour1_0_v139
1826501492,vem_smod_whlv52_t66_v0
1826536092,f_cl_clo_sbf_u_11_13_t11_v1
1826617098,packed_mp_veh_colour2_0_v275
1826703651,packed_ng_vehicle_bpt_v309
1826781183,f_cl_clo_awf_u_9_21_t11_v1
1826813972,packed_mp_veh_mod_var_0_v308
1826844993,m_cl_clo_grm_ph_2_16_t14_v1
1826862783,vem_smod_whlv13_t66_v0
1826881982,vem_colour_1_mct_chrome_chrome_t24_v1
1826909263,m_ta_tat_bi_039_t0_v0_cesp
1826943390,packed_mp_veh_mod_idx_0_v153
1827094363,m_cl_outfit_clo_hstm_o_m_2_t12_v0
1827173731,f_cl_f_fmf_13_13_t6_v0
1827198440,vem_spoiler_15_t14_v26
1827309732,packed_mp_veh_mod_idx_s_9_v58
1827360525,mp_stat_casinoapt_mod_d_v0
1827390622,vem_colour_extra_1_mct_metallic_black_steel_t24_v1
1827400741,f_cl_clo_trf_ph_0_0_t14_v1
1827487966,packed_mp_veh_mod_idx_s_22_v355
1827539032,m_cl_clo_hstmb_19_7_t1_v1
1827540086,vem_insurance_previon
1827599530,packed_mp_veh_mod_idx_s_5_v167
1827640827,vem_livery_1_n1_t26_v0
1827677674,packed_mp_veh_mod_var_0_v287
1827691322,packed_mp_veh_wheel_type_0_v121
1827702639,vem_cmod_win_1_t33_v31
1827703074,vem_supermod_15_3_t56_v28
1827887263,vem_colour_1_mct_metallic_ultra_blue_t24_v3
1827961505,vem_supermod_6_14_t47_v27
1827961920,wp_wm_tint1_t2_v89
1827983857,f_cl_clo_vwf_ph_0_8_t14_v1
1827994623,wp_wt_rpg_t0_v1
1828071246,packed_mp_veh_colour_extra1_0_v274
1828077802,f_cl_clo_h4f_pey_3_4_t14_v1
1828164249,packed_mp_veh_colour_extra2_0_v211
1828178740,f_cl_clo_smf_ph_8_1_t14_v1
1828284059,packed_ng_vehicle_bpt_v15
1828308455,f_cl_clo_h4f_o_l1_f4_t3_v12
1828354905,packed_mp_veh_mod_idx_s_23_v117
1828366640,fcarcade_b_up3_c_9
1828382235,vem_colour_1_mct_classic_spin_purple_t24_v2
1828462127,packed_mp_veh_livery2_0_v217
1828557572,m_cl_clo_sum_u_7_4_t11_v1
1828558184,f_cl_clo_vwf_u_20_12_t11_v1
1828632134,wp_wct_tint_9_t2_v21_n2
1828634879,f_cl_clo_h3f_u_2_2_t11_v1
1828644273,f_cl_clo_h3f_o_fib_4_t8_v12
1828735904,ve_technical_t1_v3
1828794065,vem_smod2_whlv187_t66_v3
1828875843,m_cl_clo_trm_u_16_6_t11_v1
1828879161,m_cl_clo_s2m_u_5_6_t11_v1
1828970211,f_ta_tat_x6_030_t0_v0
1829001846,m_cl_clo_vwm_decl_37_t100_v0
1829087373,wp_wm_tint5_t2_v27
1829088741,f_cl_clo_trf_ph_1_1_t14_v1
1829135740,vem_supermod_13_0_t54_v6
1829220100,vem_smod4_whlv72_t66_v0
1829268210,f_cl_clo_fxf_l_4_19_t4_v1
1829273390,packed_mp_veh_mod_var_1_v84
1829348431,vem_cmod_hrn_mus3_t10_v10
1829404736,f_cl_clo_awf_l_3_11_t4_v1
1829436242,f_cl_clo_grf_f_3_1_t6_v1
1829442453,vem_cmod_tyr_2_t30_v35
1829452489,vem_colour_extra_1_mct_matte_green_t24_v0
1829511531,packed_mp_veh_colour1_0_v337
1829528998,vem_colour_2_mct_classic_stone_silver_t25_v33
1829600394,f_cl_clo_smf_o_9_t8_v12
1829650950,packed_mp_veh_window_tint_0_v371
1829716103,fixer_hq_index_3_t0_v0
1829919403,packed_mp_veh_mod_idx_s_1_v2
1829935119,vem_rwd_drft_10_t19_v12
1829948369,f_cl_clo_grf_u_7_10_t11_v1
1830039157,packed_mp_veh_mod_idx_s_0_v274
1830115259,vem_supermod_19_7_t60_v3
1830117244,packed_mp_veh_mod_idx_s_17_v169
1830131801,packed_mp_veh_mod_idx_s_8_v394
1830132911,packed_mp_veh_mod_idx_s_18_v384
1830170627,vem_skirt_2_t13_v27
1830207233,f_ha_cc_mkup_80_t5_v0
1830222258,mp_stat_businesshub_mod_1_v0
1830310166,pr_pm_glight_5_t0_v0
1830316555,packed_mp_veh_mod_idx_5_v9
1830337715,f_ta_tat_h27_022_t0_v0
1830490942,m_cl_clo_grm_u_6_6_t11_v1
1830500359,f_cl_u_fmf_3_3_t11_v0
1830517574,vem_smod4_whlv207_t66_v2
1830524862,m_cl_clo_sbm_u_11_3_t11_v1
1830552609,wp_wct_c_tint_26_t2_v9_n2
1830779249,vem_smod4_whlv66_t66_v2
1830815307,vem_smod3_whlv134_t66_v3
1830861140,m_cl_outfit_clo_h3m_o_sh_21_t12_v0
1830883369,vem_supermod_43_13_t43_v7
1830887839,m_cl_clo_lxm_dec_15_t11_v1
1830965426,f_cl_clo_stf_u_5_2_t11_v1
1831084412,m_cl_clo_hstmb_23_0_t1_v1
1831101285,packed_mp_veh_mod_idx_5_v178
1831116610,f_cl_clo_hstf_h_7_t14_v1
1831193756,packed_mp_veh_mod_idx_8_v371
1831206325,packed_mp_veh_mod_idx_3_v149
1831231685,f_cl_clo_grf_l_2_4_t4_v1
1831244447,packed_mp_veh_mod_idx_s_16_v309
1831254911,vem_colour_1_mct_metallic_cream_t24_v2
1831277719,vem_cmod_neoncol_11_t21_v7
1831445380,packed_mp_veh_mod_idx_s_7_v380
1831456510,m_ta_tat_fm_225_t0_v0
1831516775,packed_mp_veh_mod_idx_2_v150
1831531155,m_ha_cc_m_hs_7_t0_v2
1831579351,packed_mp_veh_mod_idx_s_18_v391
1831735287,m_cl_clo_bbm_l_1_6_t4_v1
1831763299,f_cl_clo_half_d_11_t100_v0
1831780649,packed_lr_vehicle_colour_6_v16
1831823924,f_cl_clo_busf_u_2_5_t11_v1
1831850077,f_ta_tat_h27_010_t0_v0
1831860607,wp_wct_pistmk2_xm3_t1_v1_n2
1831872958,vem_supermod_19_10_t60_v26
1831920882,vem_bumper_f_14_t34_v3
1831930082,ve_ruiner_t0_v3
1832140291,m_cl_clo_awm_decl_120_t100_v0
1832164053,packed_mp_veh_mod_idx_s_22_v294
1832270403,packed_ng_vehicle_bpt_v121
1832288401,packed_mp_veh_mod_idx_s_9_v147
1832289397,packed_mp_veh_mod_idx_6_v353
1832380192,m_cl_clo_xmasm_u_0_0_t11_v1
1832428279,f_ta_tat_bi_049_t0_v0_cesp
1832430263,pr_pm_bfont_14_t0_v0
1832430550,vem_insurance_zion3
1832450725,f_cl_f_fmf_1_15_t6_v0
1832589041,f_cl_clo_ief_b_10_15_t1_v1
1832782347,vem_cmod_hrn_mus1_t10_v1
1832820915,m_cl_clo_v2m_l_0_5_t4_v1
1832841153,vem_bumper_f_7_t34_v6
1832953165,vem_smod5_whlv164_t66_v3
1833018381,vem_supermod_23_15_t64_v3
1833023071,f_cl_clo_hp_f_u_4_5_t11_v1
1833192865,packed_mp_veh_mod_idx_23_v73
1833207694,f_cl_clo_suf_l_2_25_t4_v1
1833246183,m_cl_clo_grm_ph_0_16_t14_v1
1833353125,packed_mp_veh_mod_idx_s_13_v308
1833390751,wp_wct_knuck_dlr_t1_v62
1833431994,vem_insurance_mule4
1833512922,vem_supermod_52_8_t52_v7
1833622125,vem_supermod_3_16_t44_v3
1833674464,wp_wct_c_tint_29_t2_v56_n2
1833710019,f_cl_u_fmf_14_2_t11_v0
1833774299,m_cl_clo_hp_u_2_5_t11_v1
1833793501,vem_cmod_tyr_7_t18_v38
1833810291,packed_mp_veh_mod_idx_13_v110
1834049490,vem_cmod_hrn_mus5_t10_v10
1834067818,packed_mp_veh_livery_0_v196
1834086035,packed_mp_veh_mod_idx_4_v268
1834218187,m_cl_clo_trm_b_2_3_t1_v1
1834228795,f_cl_clo_grf_ph_4_18_t14_v1
1834248450,m_cl_clo_bim_decl_4_t11_v1
1834270866,vem_supermod_3_37_t44_v27
1834305010,m_cl_clo_indm_d_26_t11_v1
1834386032,packed_mp_veh_mod_idx_9_v102
1834388703,vem_supermod_3_23_t44_v3
1834508572,packed_mp_veh_mod_idx_4_v228
1834570140,f_cl_clo_apf_u_23_3_t11_v1
1834600498,packed_mp_veh_mod_idx_5_v350
1834609870,vem_colour_1_mct_metallic_light_blue_t24_v4
1834639869,f_cl_clo_h3f_u_13_14_t11_v1
1834686781,m_cl_clo_x3m_u_1_6_t11_v1
1834688062,f_ha_cc_blush_2_t6_v1
1834909853,packed_mp_veh_mod_idx_6_v318
1834940358,f_cl_clo_arf_u_3_6_t11_v1
1835042771,vem_supermod_10_3_t51_v11
1835047223,f_ta_tat_x6_048_t0_v0
1835069150,packed_mp_veh_mod_var_1_v391
1835096233,ve_duster_t1_v0
1835114603,m_cl_clo_sum_u_2_11_t11_v1
1835147895,mp_stat_prop_clubhouse_v0
1835265458,vem_colour_extra_1_mct_pearlescent_bleeched_brown_t24_v2
1835321693,packed_mp_veh_mod_idx_0_v209
1835408933,f_ha_cc_eyebrw_26_t2_v1
1835440447,f_cl_clo_bif_f_0_5_t6_v1
1835503948,ve_marshall_t1_v3
1835562332,f_cl_clo_vwf_ph_1_8_t14_v1
1835665211,vem_smod4_whlv140_t66_v1
1835672120,packed_ng_vehicle_insurance_v156
1835692726,m_cl_clo_smm_b_2_9_t1_v1
1835697817,m_cl_u_fmm_4_11_t11_v0
1835904455,packed_mp_veh_mod_idx_18_v244
1835931164,vem_supermod_19_9_t60_v28
1835932897,f_cl_t_fmf_2_5_t7_v0
1835999591,m_cl_clo_fxm_pe_3_5_t14_v1
1836080583,packed_mp_veh_mod_idx_8_v261
1836096249,vem_supermod_4_7_t45_v27
1836115594,packed_mp_veh_colour_extra1_0_v347
1836141892,packed_mp_veh_primary_colour_group_v184
1836182101,wp_wct_c_tint_12_t2_v47_n2
1836182262,packed_mp_veh_mod_idx_16_v170
1836288880,vem_horn_clas7_t10_v11
1836362019,m_cl_clo_bhm_decl_40_t100_v0
1836382481,f_cl_clo_stf_h_107_t14_v1
1836412788,vem_supermod_19_23_t60_v3
1836462574,m_cl_clo_iem_o_2_t3_v12
1836540166,vem_supermod_5_2_t46_v28
1836573673,packed_mp_veh_mod_idx_9_v364
1836635146,vem_supermod_20_14_t61_v26
1836698586,m_cl_clo_bim_decl_0_t100_v0
1836780848,vem_supermod_2_0_t43_v10
1836804414,vem_roof_3_t12_v36
1836860679,packed_ng_vehicle_smoke_v31
1836865264,m_cl_clo_x4m_u_11_4_t11_v1
1836956469,packed_mp_veh_mod_idx_s_21_v111
1837132565,vem_colour_2_mct_classic_maple_brown_t25_v2
1837255206,f_cl_clo_h2f_u_7_16_t11_v1
1837281278,packed_mp_veh_mod_idx_s_7_v54
1837284747,casino_heist_vehicle_upgrade_v0
1837332930,m_cl_clo_hilf_o_27_t3_v12
1837347001,m_cl_clo_bim_u_10_13_t11_v1
1837406692,vem_colour_1_mct_classic_anthr_black_t24_v0
1837406696,m_cl_clo_grm_ph_1_9_t14_v1
1837425313,packed_mp_veh_mod_idx_9_v408
1837428421,f_cl_clo_awf_o_h_2_t3_v12
1837484533,f_cl_clo_val_decl_s_t11_v1
1837503307,vem_cmod_hrn_cop_t10_v28
1837527663,m_cl_clo_stm_u_6_5_t11_v1
1837782396,vem_cmod_hrn_mus3_t10_v34
1837836827,vem_colour_extra_1_mct_metallic_saxon_blue_t24_v4
1837838444,vem_cmod_col5_37_t29_v1
1837875813,vem_cmod_pla_text_t23_v27
1837886732,packed_mp_veh_mod_idx_s_6_v261
1837921972,f_cl_clo_trf_decl_0_t11_v1
1838061145,vem_supermod_19_9_t60_v26
1838086033,packed_mp_veh_colour1_0_v210
1838089908,packed_mp_veh_mod_idx_23_v123
1838115869,ve_dodo_t0_v0
1838144851,vem_brake_1_t2_v6
1838181776,packed_mp_veh_primary_colour_group_v69
1838238279,packed_mp_veh_mod_idx_s_23_v353
1838289769,m_cl_clo_vwm_s_2_3_t8_v1
1838301971,packed_mp_veh_mod_idx_10_v270
1838415904,f_cl_clo_h4f_pey_0_9_t14_v1
1838420045,f_cl_clo_bhf_u_0_5_t11_v1
1838470149,m_cl_clo_h2m_o_g_2_t3_v12
1838474548,dec_ch_tr_03a
1838549495,vem_colour_1_mct_metallic_sienna_brown_t24_v1
1838609156,vem_cmod_hrn_0_t10_v27
1838622993,autoshop_tnt_5_t0_v0
1838624686,ve_cog55_t0_v3
1838671720,packed_mp_veh_mod_idx_s_16_v218
1838703765,m_cl_clo_x6m_b_2_4_t1_v1
1838767785,packed_mp_veh_mod_idx_s_2_v77
1838774580,packed_mp_veh_mod_idx_s_18_v289
1838833331,m_cl_clo_vwm_s_2_0_t8_v1
1838859800,dec_vw_aw_wh_38c
1838997300,f_cl_clo_stf_u_3_0_t11_v1
1839158750,vem_armour_0_t1_v36
1839188636,vem_bumper_r_13_t35_v3
1839216903,packed_mp_veh_mod_idx_8_v34
1839221238,factory_index_23_t0_v0
1839255063,packed_lr_vehicle_colour_5_v33
1839331383,packed_mp_veh_mod_idx_16_v271
1839371473,m_cl_clo_x6m_ph_0_3_t14_v1
1839485335,packed_mp_veh_mod_idx_4_v88
1839516446,m_cl_clo_x2m_u_0_1_t11_v1
1839532116,service_spend_robbed_by_mugger
1839551767,packed_mp_veh_mod_idx_s_21_v79
1839783787,packed_mp_veh_secondary_colour_group_v222
1839791720,vem_cmod_neoncol_3_t21_v29
1839838546,packed_mp_veh_mod_idx_10_v208
1839853054,vem_colour_2_mct_classic_pink_t25_v1
1839905872,vem_bumper_r_10_t35_v2
1839930929,vem_colour_2_mct_classic_race_yellow_t25_v3
1839938548,ve_swift_t1_v0
1839942957,packed_mp_veh_mod_idx_13_v13
1840056964,vem_colour_2_mct_metallic_surf_blue_t25_v1
1840112722,vem_colour_extra_1_mct_pearlescent_cast_iron_sil_t24_v0
1840115487,m_cl_clo_busm_u_0_3_t11_v1
1840237989,vem_hood_8_t9_v27
1840284568,vem_insurance_feltzer
1840350132,packed_mp_veh_mod_idx_8_v307
1840359786,packed_mp_veh_mod_idx_s_4_v283
1840498455,m_cl_u_fmm_7_15_t11_v0
1840589848,vem_suv_15_t19_v0
1840743606,vem_insurance_brioso2
1840768635,f_cl_clo_grf_ph_3_15_t14_v1
1840906978,f_cl_u_fmf_4_13_t11_v0
1840964737,vem_colour_mct_none_110
1841129300,m_cl_clo_fxm_l_1_9_t4_v1
1841130323,f_cl_clo_ief_b_10_10_t1_v1
1841176911,m_cl_clo_vwm_u_10_15_t11_v1
1841195727,vem_colour_extra_1_mct_pearlescent_white_t24_v2
1841278072,vem_horn_luxe2_t10_v33
1841298532,f_cl_clo_bbf_p4_5_t14_v1
1841306731,packed_mp_veh_mod_idx_s_4_v244
1841352348,packed_mp_veh_mod_idx_s_11_v289
1841410464,vem_roof_17_t12_v3
1841470243,f_cl_clo_trf_u_12_6_t11_v1
1841499679,packed_mp_veh_mod_idx_1_v182
1841546623,packed_mp_veh_mod_idx_s_11_v187
1841623868,wp_wm_tint7_t2_v27
1841652453,vem_cmod_tyr_1_t32_v11
1841680564,vem_cmod_col5_24_t29_v0
1841761440,packed_mp_veh_mod_idx_s_19_v253
1841814200,packed_mp_veh_mod_idx_14_v75
1841829707,vem_cmod_hrn_cop_t10_v11
1842082758,vem_supermod_23_39_n1_t64_v3
1842098285,m_ta_tat_s1_004_t0_v0
1842206837,m_cl_d_fmm_0_0_t10_v0
1842255175,f_cl_clo_grf_u_2_1_t11_v1
1842341350,f_cl_clo_exf_ef_0_7_t6_v1
1842342876,mp_stat_mpsv_model_82
1842356529,wp_wct_c_tint_27_t2_v8_n2
1842360579,packed_mp_veh_mod_idx_s_10_v408
1842398900,f_ta_tat_lx_014_t0_v0
1842415251,vem_supermod_0_12_t41_v27
1842459553,packed_mp_veh_mod_idx_s_21_v182
1842576435,f_cl_clo_awf_decl_24_t100_v0
1842584908,packed_mp_veh_mod_idx_22_v301
1842600298,f_cl_clo_awf_u_10_14_t11_v1
1842622896,packed_mp_veh_mod_idx_13_v191
1842638335,packed_mp_veh_colour_extra1_0_v176
1842736550,vem_roof_1_t12_v33
1842832269,packed_mp_veh_mod_idx_s_7_v191
1842854195,packed_lr_vehicle_colour_6_v99
1842993830,m_cl_clo_bim_ph_11_7_t14_v1
1843090620,vem_colour_1_mct_classic_blue_silver_t24_v0
1843344889,packed_ng_vehicle_bpt_v111
1843360592,f_cl_clo_bif_l_0_4_t4_v1
1843407425,packed_ng_vehicle_neon_kit_v237
1843459590,m_cl_clo_iem_l_4_7_t4_v1_cesp
1843514768,m_cl_clo_h3m_ph_10_0_t14_v1
1843522459,packed_mp_veh_primary_colour_group_v93
1843581294,vem_supermod_4_3_t45_v3
1843632323,ve_emerus_t0_v3
1843674096,packed_mp_veh_mod_idx_s_4_v355
1843704120,vem_trans_0_t16_v2
1843727769,wp_wct_c_tint_19_t2_v21_n2
1843761155,m_cl_clo_grm_u_11_12_t11_v1
1843828953,packed_mp_veh_mod_idx_s_22_v229
1843843602,m_cl_clo_sbm_l_0_22_t4_v1
1843947572,packed_ng_vehicle_insurance_v238
1843979727,m_cl_clo_bbm_l_2_2_t4_v1
1844008903,vem_colour_extra_1_mct_pearlescent_pink_t24_v4
1844026542,m_cl_clo_busm_s_0_9_t8_v2
1844274062,packed_mp_veh_mod_idx_s_18_v191
1844383058,f_cl_clo_hp_f_d_17_t100_v0
1844392030,packed_ng_vehicle_insurance_v166
1844462620,f_cl_clo_vwf_l_2_22_t4_v1
1844489848,m_cl_clo_fxm_l_1_15_t4_v1
1844577334,m_cl_clo_h2m_u_7_21_t11_v1
1844605544,f_cl_clo_trf_u_3_1_t11_v1
1844757597,dec_vw_aw_ss_30
1844913817,m_cl_clo_scm_ey_1_12_t14_v1
1844979496,f_cl_clo_grf_b_4_18_t1_v1
1845086960,packed_lr_vehicle_colour_6_v141
1845093230,vem_cmod_pla_2_t23_v0
1845174142,f_cl_clo_grf_u_15_1_t11_v1
1845188267,packed_mp_veh_mod_idx_s_1_v191
1845285481,f_ha_cc_mkup_29_t5_v0
1845441541,f_cl_outfit_clo_ief_o_11_t12_v0_cesp
1845575549,f_ta_tat_fm_246_t0_v0
1845873453,veu_moonbeam2_t0_v0
1845899935,vem_drft_07_t19_v12
1845907138,kosatk_fla_42_t0_v1
1845907415,f_cl_clo_bif_b_0_1_t1_v1
1845932038,m_cl_clo_halm_d_2_t100_v0
1846015346,packed_mp_veh_mod_idx_8_v237
1846021648,vem_smod_whlv82_t66_v3
1846033315,fcclub_dj4_0_t0_v0
1846055936,f_ha_clo_s1f_h_2_0_t0_v0
1846064964,m_cl_clo_s1m_ph_0_8_t14_v1
1846068189,f_cl_outfit_clo_awf_o_c_2_t12_v0
1846092592,packed_mp_veh_mod_idx_15_v387
1846224168,m_cl_clo_x5m_u_16_8_t11_v1
1846227386,packed_mp_veh_mod_idx_7_v218
1846270284,m_cl_clo_busm_t_1_2_t7_v1
1846401545,ve_shinobi_t0_v3
1846479899,vem_supermod_2_6_n1_t43_v3
1846493085,f_cl_clo_hp_f_g_0_1_t14_v1
1846539208,f_cl_clo_bhf_u_6_7_t11_v1
1846648736,packed_mp_veh_colour_extra2_0_v106
1846661447,vem_spt_14_t19_v2
1846689609,vem_smod2_whlv214_t66_v3
1846690685,f_ta_tat_bi_008_t0_v0
1846725408,vem_insurance_jackal
1846742979,vem_turbo_1_t17_v11
1846746317,f_cl_clo_suf_u_19_7_t11_v1
1846770913,f_cl_clo_awf_ph_1_15_t14_v1
1846905768,f_cl_clo_h2f_b_7_10_t1_v1
1846918729,packed_mp_veh_mod_idx_s_21_v134
1847013079,m_cl_clo_awm_ph_2_0_t14_v1
1847018091,packed_mp_veh_mod_idx_s_8_v59
1847049236,f_cl_clo_exf_eu_16_6_t11_v1
1847069991,vem_smod4_whlv36_t66_v3
1847093897,vem_chassis_1_t4_v30
1847141931,packed_mp_veh_mod_idx_10_v70
1847145423,packed_mp_veh_mod_idx_s_23_v322
1847234506,f_cl_clo_val_decl_j_t8_v1
1847288918,packed_mp_veh_mod_var_1_v44
1847297745,f_cl_clo_x3f_u_1_3_t11_v1
1847386916,vem_colour_1_mct_metallic_blue_t24_v3
1847472571,packed_mp_veh_mod_idx_10_v188
1847508201,f_cl_clo_ief_u_6_4_t11_v1
1847614922,packed_mp_veh_mod_idx_s_13_v147
1847683828,packed_mp_veh_mod_idx_s_15_v171
1847818490,m_cl_clo_hstm_o_d_3_t8_v12
1847846437,packed_mp_veh_mod_idx_s_12_v220
1847930187,m_cl_clo_h3m_decl_0_t100_v0
1847935958,packed_mp_veh_mod_idx_s_5_v78
1847959329,vem_horn_clas5_t10_v26
1847985712,dec_vw_aw_mt_30
1848122026,m_cl_clo_x6m_ph_0_20_t14_v1
1848230905,packed_mp_veh_secondary_colour_group_v363
1848366667,packed_mp_veh_mod_idx_23_v218
1848445057,wp_wct_tint_11_t2_v9_n2
1848531281,packed_mp_veh_mod_idx_5_v129
1848579746,f_cl_clo_grf_u_22_5_t11_v1
1848585877,packed_mp_veh_window_tint_0_v257
1848587547,m_cl_clo_iem_b_2_0_t1_v1
1848666260,packed_mp_veh_mod_idx_5_v262
1848798713,ccur_daily_bonus
1848798763,m_ta_tat_bi_038_t0_v0
1848892174,wp_wct_c_tint_15_t2_v1_n2
1848907836,m_cl_outfit_clo_h2m_o_s_1_t12_v0
1848927265,packed_ng_vehicle_bpt_v365
1849000873,f_cl_clo_grf_b_5_19_t1_v1
1849131937,f_cl_clo_vwf_decl_24_t100_v0
1849143412,vem_colour_1_mct_metallic_blue_silver_t24_v2
1849216135,packed_mp_veh_primary_colour_group_v123
1849338468,f_cl_clo_indf_ht_3_0_t14_v1
1849348208,packed_mp_veh_mod_idx_4_v65
1849427861,packed_mp_veh_mod_idx_s_19_v399
1849471508,vem_roof_1_n1_t12_v38
1849504717,packed_mp_veh_plate_id_v325
1849558108,dec_vw_aw_mt_1b
1849637656,m_cl_clo_trm_decl_0_t100_v0
1849641304,packed_mp_veh_mod_idx_s_12_v200
1849653422,vem_yacht_flag_41_v0
1849765522,f_cl_clo_h4f_b_4_19_t1_v1
1849803385,vem_supermod_5_5_t46_v6
1849917502,m_cl_clo_hp_g_1_5_t14_v1
1849971912,m_cl_clo_fxm_pe_1_2_t14_v1
1850075069,packed_mp_veh_mod_idx_s_3_v221
1850077427,m_cl_clo_x6m_ph_1_7_t14_v1
1850182158,vem_supermod_15_0_t56_v27
1850185292,f_ha_cc_mkup_13_t7_v0
1850351671,vem_colour_5_nautical_blue_t38_v3
1850428964,packed_mp_veh_mod_idx_s_2_v139
1850439711,m_cl_clo_indm_s_0_4_t8_v1
1850462583,m_cl_clo_l2m_dec_17_t11_v1
1850501200,packed_mp_veh_mod_idx_15_v261
1850504995,ve_svolito_t1_v0
1850679745,m_cl_clo_sum_l_2_4_t4_v1
1850853948,packed_mp_veh_mod_var_1_v242
1850985933,m_cl_clo_vwm_u_4_2_t11_v1
1851023633,vem_supermod_2_3_t43_v10
1851055358,vem_supermod_14_7_t55_v26
1851270747,vem_colour_extra_1_mct_classic_dark_blue_t24_v3
1851349789,packed_mp_veh_colour1_0_v45
1851378702,f_cl_clo_bif_decl_19_t100_v0
1851486419,packed_mp_veh_colour_extra2_0_v320
1851706899,vem_smod4_whlv108_t66_v0
1851808510,packed_mp_veh_mod_idx_s_15_v209
1851878595,dec_vw_aw_wv_13
1851901172,f_ta_tat_vw_009_t0_v0
1851921272,ve_ninef2_t0_v3
1851929860,packed_mp_veh_mod_idx_s_21_v243
1851986136,vem_smod_whlv140_t66_v0
1852007124,packed_mp_veh_mod_idx_s_13_v106
1852007367,m_cl_clo_ltsm_o_6_t8_v12
1852009259,f_cl_clo_sbf_u_18_14_t11_v1
1852017908,f_cl_outfit_clo_hstf_o_g_0_t12_v0
1852024236,service_earn_gangops_elite_xm_submarine
1852073119,m_cl_clo_smm_b_1_10_t1_v1
1852081571,vem_horn_lowrder2_t10_v29
1852096261,f_cl_clo_ief_u_5_19_t11_v1
1852097807,vem_horn_hips4_t10_v27
1852108906,vem_smod5_whl_2_t19_v3
1852144064,vem_smod4_whlv135_t66_v1
1852258632,packed_mp_veh_window_tint_0_v313
1852352048,packed_mp_veh_mod_idx_4_v138
1852373557,packed_mp_veh_mod_idx_s_14_v388
1852441115,packed_mp_veh_secondary_colour_group_v130
1852457449,m_cl_clo_awm_u_10_7_t11_v1
1852538428,f_cl_clo_x6f_u_2_2_t11_v1
1852579777,vem_suv_04_t19_v2
1852607267,vem_supermod_8_0_t49_v27
1852615795,m_cl_clo_trm_ph_1_3_t14_v1
1852631557,vem_roof_0_t12_v0
1852662572,packed_mp_veh_mod_idx_9_v243
1852772877,vem_rwd_spt_02_t19_v3
1852805470,f_cl_u_fmf_2_9_t11_v0
1852813336,packed_mp_veh_mod_idx_22_v48
1852864348,packed_ng_vehicle_insurance_v274
1852924385,m_cl_clo_hstm_u_8_2_t11_v1
1852937368,packed_mp_veh_mod_idx_s_0_v355
1852955795,f_cl_clo_hp_f_u_0_5_t11_v1
1852977015,f_cl_clo_hstfb_14_18_t1_v1
1853011931,packed_mp_veh_mod_idx_2_v399
1853060457,f_ha_cc_mkup_55_t5_v0
1853078776,wp_wct_c_tint_3_t2_v56_n2
1853222212,packed_mp_veh_mod_idx_3_v234
1853238449,packed_mp_veh_mod_idx_s_20_v9
1853261401,packed_mp_veh_livery2_0_v139
1853261476,f_cl_clo_sbf_f_5_2_t6_v1
1853319776,vem_smod_whlv163_t66_v3
1853326203,packed_mp_veh_mod_idx_13_v400
1853340891,packed_ng_vehicle_bpt_v402
1853432950,packed_mp_veh_mod_idx_s_6_v181
1853482787,packed_mp_veh_mod_idx_s_21_v301
1853502558,m_cl_outfit_clo_h3m_o_ff_2_t12_v0
1853525349,vem_colour_5_stone_silver_t38_v0
1853654002,f_cl_clo_exf_eu_8_0_t11_v1
1853669022,vem_smod2_whlv78_t66_v3
1853674358,vem_fender_r_10_t37_v28
1853721497,f_cl_clo_h3f_u_5_2_t11_v1
1853727992,packed_mp_veh_mod_idx_s_11_v336
1853811364,packed_lr_vehicle_colour_5_v363
1853937766,vem_smod4_whlv152_t66_v0
1853975746,packed_mp_veh_mod_idx_s_2_v346
1854095079,packed_mp_veh_mod_idx_s_8_v197
1854135540,packed_ng_vehicle_neon_kit_v97
1854166008,vem_loride_03_t19_v3
1854194695,packed_mp_veh_mod_idx_s_21_v177
1854216944,f_cl_clo_arf_o_16_t7_v12
1854325049,packed_mp_veh_mod_idx_s_13_v393
1854335595,packed_mp_veh_mod_idx_s_3_v203
1854344203,m_cl_clo_iem_u_17_22_t11_v1
1854455787,vem_colour_extra_1_mct_pearlescent_diamond_blue_t24_v2
1854506567,m_cl_clo_awm_b_12_10_t1_v1
1854510829,m_cl_clo_bhm_u_5_17_t11_v1
1854624273,f_cl_clo_bhf_decl_34_t100_v0
1854660848,f_ta_tat_lx_015_t0_v0
1854720694,vem_supermod_22_7_t63_v26
1854727186,packed_mp_veh_mod_idx_s_21_v406
1854734164,m_cl_clo_fxm_u_6_14_t11_v1
1854789381,vem_supermod_8_12_t49_v27
1854794564,f_cl_clo_x6f_u_12_9_t11_v1
1854803823,vem_smod_whlv94_t66_v0
1854866392,ve_kalahari_t0_v0
1854870885,vem_armour_4_t1_v10
1854923023,packed_mp_veh_mod_idx_0_v247
1854958584,vem_horn_hips3_t10_v0
1855033460,vem_brake_3_t2_v28
1855035315,wp_wct_c_tint_1_t2_v48_n2
1855077413,vem_colour_2_mct_classic_dark_blue_t25_v4
1855159257,vem_supermod_18_12_t59_v3
1855171376,vem_cmod_neonlay_4_t21_v35
1855296637,wp_wct_tint_24_t2_v47_n2
1855345559,vem_colour_2_mct_metallic_bleeched_brown_t25_v2
1855345617,f_cl_clo_suf_u_20_14_t11_v1
1855347101,m_cl_clo_bim_f_0_1_t6_v1
1855392541,vem_skirt_0_t13_v26
1855522724,packed_mp_veh_colour_extra1_0_v413
1855596427,f_cl_clo_fxf_l_3_13_t4_v1
1855635301,packed_mp_veh_mod_idx_s_23_v60
1855763312,m_cl_clo_bus_m_0_9_t1_v1
1855817078,packed_mp_veh_secondary_colour_group_v170
1855841514,packed_mp_veh_mod_idx_13_v271
1855841885,packed_mp_veh_mod_idx_9_v377
1855951948,f_cl_clo_busf_u_4_7_t11_v1
1856005065,fcclub_dnc_0_t0_v0
1856038497,wp_wm_tint1_t2_v6
1856040218,packed_mp_veh_mod_idx_5_v158
1856120523,hangar_mod_lighting_22_t0_v0
1856135019,packed_mp_veh_mod_idx_0_v376
1856196047,vem_supermod_3_5_t44_v10
1856215065,kosatk_fla_43_t0_v1
1856235863,vem_colour_mct_none_48
1856385995,f_cl_clo_bhf_u_14_15_t11_v1
1856505027,packed_mp_veh_secondary_colour_group_v152
1856507192,vem_rwd_bikew_36_t19_v4
1856596967,packed_mp_veh_mod_idx_3_v255
1856664853,vem_supermod_21_22_t62_v3
1856727148,packed_mp_veh_mod_idx_s_15_v144
1856768973,m_cl_clo_h2m_u_6_1_t11_v1
1856788453,m_cl_clo_bim_l_4_2_t4_v1
1856872418,vem_roof_4_t12_v26
1856917998,m_cl_clo_x6m_u_20_19_t11_v1
1856991274,m_cl_clo_scm_l_10_19_t4_v1
1856997210,m_cl_clo_h4m_decl_20_t100_v0
1857132959,packed_mp_veh_mod_idx_s_22_v251
1857194005,m_cl_clo_x6m_u_26_8_t11_v1
1857316986,packed_mp_veh_mod_idx_s_15_v142
1857348435,f_cl_clo_suf_l_5_14_t4_v1
1857587918,m_ta_tat_x6_024_t0_v0
1857631171,vem_supermod_8_20_t49_v3
1857640818,vem_colour_extra_1_mct_pearlescent_frost_white_t24_v4
1857663983,vem_bumper_r_11_t35_v38
1857773030,packed_mp_veh_mod_idx_3_v90
1857839433,packed_mp_veh_mod_idx_24_v162
1857904384,packed_mp_veh_mod_idx_s_19_v325
1857958901,vem_bumper_f_9_t34_v38
1858068932,m_cl_clo_l2m_e_30_0_t14_v1
1858176505,packed_mp_veh_mod_var_0_v385
1858191565,f_cl_clo_sbf_ph_6_0_t14_v1
1858204539,f_cl_clo_vwf_u_7_12_t11_v1
1858245243,vem_supermod_23_10_t64_v34
1858273101,vem_supermod_1_1_t42_v26
1858337143,vem_colour_2_mct_metallic_bright_purple_t25_v4
1858410058,vem_fender_r_13_t37_v3
1858512566,packed_ng_vehicle_neon_kit_v247
1858516186,f_cl_clo_v2f_o_4_t8_v12
1858644555,vem_colour_6_diamond_blue_t65_v3
1858765559,f_cl_clo_bif_s_16_0_t8_v1
1858794431,vem_fender_r_5_t37_v11
1858874253,pr_pm_modshop_8_t0_v0
1858901243,packed_mp_veh_mod_idx_s_3_v409
1858903995,f_cl_clo_h4f_u_6_0_t11_v1
1859093331,f_cl_clo_exf_el_0_6_t4_v1
1859094760,vem_supermod_4_6_t45_v3
1859118951,vem_cmod_col5_27_t29_v4
1859216221,packed_mp_veh_mod_idx_s_7_v132
1859281694,packed_mp_veh_mod_idx_s_12_v94
1859454417,f_cl_clo_bus_m_1_3_t1_v1
1859480223,m_cl_clo_vwm_u_8_8_t11_v1
1859553994,vem_colour_2_mct_metallic_bronze_t25_v0
1859596968,f_cl_clo_exf_af_3_1_t6_v1
1859646746,f_cl_clo_awf_ph_1_14_t14_v1
1859677953,packed_mp_veh_mod_idx_15_v60
1859680958,vem_engine_1_t5_v31
1859688990,f_cl_outfit_clo_stf_o_19_t12_v0
1859690123,ve_vestra_t0_v0
1859732738,vem_bumper_f_10_t34_v1
1859733445,vem_horn_cnote_a0_t10_v35
1859807231,ve_dukes3_t0_v3
1859874699,f_cl_clo_hstf_s_6_2_t8_v2
1859881729,f_cl_clo_smf_b_8_9_t1_v1
1859904545,packed_mp_veh_mod_idx_s_17_v159
1860067423,vem_roof_26_t12_v1
1860099284,packed_mp_veh_mod_idx_s_13_v48
1860147506,m_cl_clo_hp_f_1_0_t6_v1
1860173877,packed_mp_veh_colour2_0_v164
1860201245,wp_wct_tint_13_t2_v46_n2
1860234014,packed_mp_veh_mod_idx_s_16_v242
1860263786,packed_mp_veh_mod_idx_9_v56
1860344218,packed_mp_veh_colour_extra2_0_v185
1860349086,m_cl_clo_hp_d_13_t8_v1
1860480017,f_cl_clo_x6f_f_6_9_t6_v1
1860485215,packed_mp_veh_mod_idx_s_13_v221
1860591541,f_cl_clo_hp_f_u_4_4_t11_v1
1860620780,m_cl_clo_fxm_u_2_10_t11_v1
1860693125,f_cl_clo_smf_ph_0_9_t14_v1
1860824573,m_cl_clo_awm_decl_41_t100_v0
1860836600,dec_vw_aw_wv_73
1860857024,packed_mp_veh_mod_idx_5_v211
1860870250,packed_mp_veh_mod_idx_10_v52
1860998084,fcncl_style_5_t0_v0
1861064637,f_cl_clo_h2f_o_g_16_t8_v12
1861115440,packed_mp_veh_mod_idx_3_v92
1861164044,vem_supermod_23_16_n1_t64_v33
1861180342,m_cl_clo_sum_u_4_5_t11_v1
1861212378,m_cl_clo_iem_u_18_9_t11_v1
1861441170,packed_mp_veh_mod_idx_s_4_v330
1861493782,packed_mp_veh_mod_idx_s_8_v267
1861500382,m_cl_clo_sum_decl_10_t100_v0
1861500768,vem_smod4_whlv28_t66_v2
1861616503,vem_exhaust_7_t6_v38
1861682609,vem_bumper_r_10_t35_v34
1861710720,m_cl_clo_lxm_e_5_1_t14_v1
1861893111,m_cl_outfit_clo_jam_o_2_t12_v0
1861977643,packed_mp_veh_livery_0_v98
1862048956,vem_supermod_3_8_t44_v6
1862092334,packed_mp_veh_mod_idx_s_11_v164
1862105819,f_cl_clo_fxf_pe_0_9_t14_v1
1862106670,packed_mp_veh_mod_idx_s_19_v155
1862207895,m_cl_clo_x6m_f_4_23_t6_v1
1862218536,m_cl_outfit_clo_hstm_o_j_1_t12_v0
1862230102,packed_mp_veh_mod_idx_4_v153
1862252384,packed_mp_veh_mod_idx_s_7_v323
1862379320,packed_ng_vehicle_neon_kit_v241
1862396844,packed_ng_vehicle_bpt_v395
1862407563,vem_suspension_4_t15_v32
1862419169,f_cl_clo_s2f_u_0_2_t8_v2_cesp
1862471998,f_cl_clo_hstfb_18_7_t1_v1
1862567156,packed_mp_veh_livery_0_v83
1862575615,vem_engine_4_t5_v35
1862613350,packed_mp_veh_mod_idx_s_11_v159
1862671851,packed_mp_veh_plate_id_v366
1862736861,packed_mp_veh_mod_idx_6_v178
1862869749,f_ha_cc_eyebrw_24_t2_v0
1862875708,f_cl_clo_grf_u_23_7_t11_v1
1862942506,vem_cmod_neoncol_12_t21_v0
1862964543,f_cl_clo_hstfb_21_4_t1_v1
1862983852,wp_wct_muzz7_t1_v9_n2
1862989313,packed_mp_veh_mod_idx_0_v261
1863024620,packed_lr_vehicle_colour_5_v221
1863104877,m_cl_clo_h2m_ph_2_1_t14_v1
1863112983,m_cl_clo_h4m_b_3_1_t1_v1
1863214546,packed_mp_veh_mod_idx_s_17_v187
1863262320,vem_smod4_whlv33_t66_v1
1863345647,packed_mp_veh_primary_colour_group_v248
1863364234,f_ta_tat_x6_033_t0_v0
1863386861,f_cl_clo_vwf_ph_1_0_t14_v1
1863425814,vem_supermod_6_4_t47_v28
1863506686,vem_rwd_hiend_12_t19_v1
1863520576,vem_exhaust_17_t6_v35
1863723807,f_cl_clo_x6f_l_9_0_t4_v1
1863748765,dec_vw_aw_wv_67
1863773209,f_cl_clo_sbf_f_6_8_t6_v1
1863876200,vem_fender_r_4_t37_v1
1863881448,m_cl_clo_bhm_u_16_19_t11_v1
1863911310,vem_colour_1_mct_classic_woodbeech_brown_t24_v3
1864027962,f_cl_clo_sbf_b_10_4_t1_v1
1864050060,packed_mp_veh_colour1_0_v58
1864064930,m_cl_clo_x6m_u_2_5_t11_v1
1864152865,packed_mp_veh_mod_idx_22_v150
1864191720,vem_insurance_oppressor
1864441263,packed_mp_veh_mod_idx_s_17_v370
1864522104,service_earn_refund_orbital_manual
1864539552,packed_mp_veh_mod_idx_s_14_v27
1864604874,f_cl_clo_ief_u_7_25_t11_v1
1864659434,vem_fender_r_5_t37_v36
1864803650,packed_mp_veh_mod_idx_s_11_v380
1864822793,m_cl_clo_grm_decl_16_t100_v0
1864847850,packed_lr_vehicle_colour_6_v343
1864889317,packed_mp_veh_window_tint_0_v15
1865006710,m_cl_clo_h2m_b_11_4_t1_v1
1865114608,m_ha_cc_mkup_17_t5_v0
1865155791,f_cl_clo_sbf_f_3_4_t6_v1
1865591306,m_cl_clo_val_decl_h_t8_v2
1865636513,packed_mp_veh_mod_idx_s_5_v244
1865679181,f_cl_clo_smf_b_1_21_t1_v1
1865713521,packed_mp_veh_mod_idx_6_v341
1865732364,packed_mp_veh_mod_idx_16_v30
1865740055,m_ta_tat_gr_015_t0_v0
1865757941,vem_colour_2_mct_metallic_blue_t25_v2
1865799429,vem_colour_extra_1_mct_metallic_nautical_blue_t24_v2
1865846251,vem_cmod_col5_33_t29_v4
1865888496,f_cl_clo_x6f_ph_2_4_t14_v1
1865958534,vem_supermod_21_4_t62_v3
1866114771,packed_mp_veh_mod_idx_s_8_v207
1866125421,m_cl_clo_vwm_decl_26_t100_v0
1866258778,service_earn_winter_22_award_acid_lab
1866263386,f_cl_clo_vwf_pw_2_7_t14_v1
1866361807,wp_gsa_type_c_t0_v86
1866506708,vem_cmod_tyr_pat_t18_v39
1866573857,packed_mp_veh_mod_var_1_v92
1866650576,packed_mp_veh_mod_idx_s_5_v413
1866660237,m_cl_clo_s1m_ph_0_13_t14_v1
1866681947,packed_mp_veh_mod_idx_s_10_v74
1866740848,f_cl_clo_fxf_l_5_17_t4_v1
1866748910,f_cl_clo_x6f_f_0_3_t6_v1
1866868796,vem_supermod_9_0_t50_v35
1866927372,ve_seminole_t0_v2
1866942529,m_cl_u_fmm_5_1_t11_v0
1867086642,packed_mp_veh_mod_idx_14_v226
1867135273,m_cl_clo_vwm_u_8_7_t11_v1
1867187869,m_cl_clo_indm_s_0_7_t8_v1
1867244914,m_cl_clo_bhm_u_9_9_t11_v1
1867272813,packed_mp_veh_mod_idx_s_8_v95
1867448224,f_cl_clo_hp_f_h_0_5_t14_v1
1867455917,packed_mp_veh_mod_idx_s_19_v61
1867555111,packed_mp_veh_mod_idx_18_v365
1867673227,packed_lr_vehicle_colour_5_v385
1867697652,packed_mp_veh_mod_idx_s_11_v257
1867845014,m_cl_clo_smm_o_7_t3_v12
1867936059,mp_stat_mpsv_model_360
1867958274,packed_mp_veh_mod_idx_11_v21
1867984386,packed_mp_veh_mod_idx_s_6_v168
1867998203,packed_ng_vehicle_neon_kit_v47
1868043300,service_spend_arcade_game
1868078063,f_cl_clo_bhf_u_4_7_t11_v1
1868111357,packed_ng_vehicle_insurance_v56
1868509946,packed_mp_veh_mod_idx_22_v281
1868589618,m_cl_clo_awm_decl_87_t100_v0
1868672490,vem_mct_classic_t1_v0
1868699533,packed_mp_veh_mod_idx_11_v92
1868727542,packed_mp_veh_mod_idx_s_23_v1
1868818929,f_cl_clo_grf_u_9_12_t11_v1
1868839303,ve_sultan3_t0_v3
1869018164,m_cl_clo_hp_d_16_t11_v1
1869142101,f_ha_cc_mkup_42_t5_v0
1869158812,m_cl_outfit_clo_bim_o_17_t12_v0
1869339326,vem_supermod_13_1_t54_v10
1869363937,m_cl_clo_x6m_t_10_2_t7_v1
1869370999,m_cl_clo_sum_u_17_18_t11_v2
1869377059,m_cl_clo_hp_u_6_1_t8_v1
1869462936,packed_mp_veh_mod_var_0_v41
1869475235,packed_mp_veh_colour_extra2_0_v13
1869490922,service_spend_ba_vp_bounty
1869604955,dec_vw_aw_wh_47
1869647856,packed_mp_veh_plate_id_v262
1869704347,m_ha_cc_body_1_2_t3_v0
1869727804,vem_rwd_spt_11_t19_v2
1869729273,f_cl_clo_suf_u_15_0_t11_v1
1869759279,packed_mp_veh_mod_idx_10_v232
1869773396,f_cl_clo_h2f_b_4_21_t1_v1
1869773495,f_cl_f_fmf_2_4_t6_v0
1869872713,vem_insurance_cerberus3
1869883597,vem_colour_2_mct_classic_midnight_silver_t25_v1
1870119456,vem_supermod_58_13_t58_v7
1870139086,m_cl_clo_x6m_u_0_23_t11_v1
1870211223,vem_grill_2_t8_v31
1870234509,packed_ng_vehicle_neon_kit_v110
1870241296,vem_smod2_whl21_t19_v12
1870257276,packed_mp_veh_mod_idx_23_v27
1870335303,vem_offr_07_t19_v3
1870346100,vem_suv_01_t19_v0
1870353600,packed_mp_veh_mod_idx_2_v190
1870354483,vem_insurance_ruffian
1870438780,packed_mp_veh_mod_idx_3_v357
1870620261,f_cl_u_fmf_9_12_t11_v0
1870626675,packed_mp_veh_mod_idx_s_5_v159
1870628800,packed_mp_veh_mod_idx_s_19_v338
1870651040,packed_mp_veh_mod_idx_s_8_v311
1870835433,packed_mp_veh_mod_idx_18_v271
1870837326,f_cl_clo_grf_decl_5_t100_v0
1870971919,f_cl_clo_v2f_o_10_t3_v12
1870976694,packed_mp_veh_mod_idx_11_v296
1870983751,packed_mp_veh_colour_extra1_0_v351
1871230228,packed_mp_veh_mod_idx_12_v102
1871323387,packed_mp_veh_plate_id_v384
1871330135,packed_mp_veh_mod_idx_12_v127
1871341818,packed_mp_veh_secondary_colour_group_v215
1871589958,vem_horn_luxe1_t10_v2
1871594607,m_cl_outfit_clo_hilf_o_10_t12_v0
1871675869,f_cl_outfit_clo_s1f_o_5_t12_v0
1871794426,m_cl_clo_smm_b_5_3_t1_v1
1871819413,m_cl_clo_l2m_e_20_2_t14_v1
1871864409,vem_supermod_15_8_t56_v27
1871924506,packed_mp_veh_plate_id_v271
1872049691,packed_mp_veh_mod_var_0_v34
1872050975,vem_horn_hips1_t10_v38
1872070509,f_cl_u_fmf_3_2_t11_v0
1872459344,packed_mp_veh_mod_idx_15_v138
1872464045,pr_pm_bname_1_t0_v0
1872610553,m_cl_clo_trm_u_12_17_t11_v1
1872672518,mp_stat_mpsv_model_196
1872680870,f_cl_clo_bif_ph_1_5_t14_v1
1872801314,vem_smod4_whlv204_t66_v2
1872993541,vem_supermod_8_10_t49_v10
1873013864,packed_mp_veh_mod_idx_s_16_v244
1873130081,m_cl_clo_vwm_b_8_0_t1_v1
1873239174,packed_mp_veh_mod_idx_9_v98
1873403284,packed_mp_veh_mod_idx_24_v192
1873546574,packed_mp_veh_mod_idx_s_19_v207
1873548169,f_cl_clo_scf_rw_0_1_t14_v1
1873722723,packed_ng_vehicle_neon_kit_v344
1873772516,vem_supermod_5_1_t46_v26
1873840801,f_cl_clo_lxf_u_3_3_t11_v1
1873854572,packed_mp_veh_mod_idx_10_v290
1873861474,ve_everon_t1_v3
1873861709,packed_mp_veh_mod_idx_s_14_v371
1873884570,f_cl_clo_trf_u_7_14_t11_v1
1873930382,packed_mp_veh_mod_idx_13_v67
1873939376,packed_ng_vehicle_bpt_v278
1874091262,vem_horn_cnote_d0_t10_v11
1874132246,m_cl_clo_x6m_f_1_6_t6_v1
1874157780,vem_supermod_3_2_t44_v11
1874206046,packed_mp_veh_mod_idx_s_6_v413
1874213196,f_cl_clo_h2f_u_7_4_t11_v1
1874231521,f_cl_clo_h4f_pey_1_4_t14_v1
1874239861,m_cl_clo_x6m_u_26_13_t11_v1
1874255241,packed_mp_veh_mod_idx_s_14_v344
1874292463,packed_mp_veh_mod_idx_s_6_v34
1874358559,mp_stat_mpsv_model_350
1874391251,service_earn_ambient_job_maze_bank
1874403713,vem_skirt_0_t13_v2
1874426733,f_cl_clo_grf_ph_5_14_t14_v1
1874444710,ve_marshall_n1_t1_v6
1874453153,vem_roof_8_t12_v38
1874476630,vem_rwd_spt_09_t19_v12
1874517767,packed_mp_veh_mod_idx_s_22_v110
1874554742,packed_mp_veh_mod_idx_s_15_v47
1874610325,vem_colour_extra_1_mct_classic_bright_purple_t24_v33
1874634996,m_cl_clo_hp_u_5_0_t11_v1
1874679392,vem_cmod_win_2_t33_v29
1874692160,f_cl_clo_grf_u_4_17_t11_v1
1874713861,packed_mp_veh_mod_idx_1_v71
1874748058,f_cl_clo_grf_u_17_6_t11_v1
1874814808,packed_mp_veh_mod_idx_s_3_v214
1874836609,fcbase_qrt0_t0_v0
1874839744,packed_mp_veh_wheel_type_0_v39
1874946826,packed_mp_veh_mod_idx_s_15_v39
1875036910,m_cl_clo_arm_u_2_0_t11_v1
1875118987,vem_smod3_whlv104_t66_v3
1875126162,f_ha_face_e_c_9_t4_v0
1875132044,packed_ng_vehicle_neon_v109
1875165856,packed_ng_vehicle_smoke_v91
1875175807,wp_wct_c_tint_5_t2_v47_n2
1875185173,m_cl_ht_fmm_12_4_t14_v0
1875192913,packed_mp_veh_window_tint_0_v287
1875237686,m_cl_clo_h4m_ph_2_0_t14_v1
1875241236,packed_mp_veh_mod_idx_3_v217
1875268835,packed_mp_veh_mod_idx_13_v44
1875282168,m_cl_clo_trm_u_12_16_t11_v1
1875293464,packed_mp_veh_mod_idx_s_1_v216
1875306014,packed_mp_veh_colour_extra2_0_v367
1875332445,packed_mp_veh_livery_0_v323
1875391496,packed_mp_veh_mod_idx_s_18_v395
1875426313,packed_mp_veh_mod_idx_s_11_v142
1875446869,f_cl_clo_suf_u_2_4_t11_v1
1875483606,f_cl_clo_suf_u_11_6_t11_v1
1875518077,vem_suv_04_t19_v3
1875521679,packed_mp_veh_livery2_0_v256
1875563327,f_cl_clo_scf_ey_1_6_t14_v1
1875604525,vem_colour_1_mct_metallic_sea_green_t24_v4
1875673640,vem_cmod_whe_0_t19_v10
1875691643,packed_mp_veh_mod_idx_s_5_v309
1875723086,vem_colour_extra_1_mct_classic_cast_iron_sil_t24_v33
1875762812,packed_mp_veh_mod_idx_23_v13
1875851579,m_cl_clo_awm_l_5_6_t4_v1
1875927254,packed_mp_veh_mod_idx_16_v327
1875940911,f_cl_clo_ief_l_2_2_t4_v1
1876002247,vem_smod4_whlv78_t66_v1
1876035785,m_cl_clo_grm_u_7_13_t11_v1
1876233147,packed_mp_veh_mod_idx_s_19_v345
1876244934,fcbase_qrt3_t0_v0
1876261620,vem_supermod_2_0_t43_v5
1876279344,f_ha_clo_vwf_h_0_0_t0_v0
1876307543,f_cl_clo_suf_u_17_22_t11_v1
1876338701,f_cl_clo_grf_u_13_11_t11_v1
1876456969,packed_ng_vehicle_bpt_v89
1876465094,vem_fender_l_0_t36_v4
1876473001,f_cl_outfit_clo_s2f_o_4_t12_v0
1876543433,vem_insurance_rebel01
1876676696,vem_roof_2_t12_v4
1876710202,vem_colour_extra_1_mct_metallic_graphite_t24_v2
1876775330,f_cl_clo_grf_u_4_14_t11_v1
1876780868,packed_mp_veh_mod_idx_s_12_v287
1876819779,packed_mp_veh_plate_id_v32
1876836419,f_cl_clo_hst_b_1_0_t1_v1
1876912618,m_cl_clo_hst_a_7_t11_v1
1876966180,packed_lr_vehicle_colour_6_v373
1876986890,m_cl_clo_arm_o_23_t7_v12
1877146302,m_cl_clo_hilf_o_26_t3_v12
1877224481,packed_mp_veh_mod_idx_s_7_v26
1877234523,f_cl_clo_stf_o_17_t11_v12_cesp
1877299644,packed_lr_vehicle_colour_5_v42
1877328231,packed_mp_veh_mod_idx_s_4_v5
1877337039,f_ta_tat_h3_004_t0_v0
1877342389,f_cl_ht_fmf_9_2_t14_v0
1877361466,packed_mp_veh_mod_idx_2_v180
1877396572,packed_mp_veh_mod_idx_2_v295
1877426657,ve_zr350_t1_v3
1877505044,packed_mp_veh_secondary_colour_group_v60
1877530245,packed_mp_veh_colour1_0_v160
1877578327,f_cl_clo_suf_decl_26_t100_v0
1877584439,packed_mp_veh_mod_idx_22_v120
1877699263,packed_ng_vehicle_bpt_v379
1877815596,vem_supermod_18_12_t59_v26
1877883155,f_ta_tat_vw_021_t0_v0
1877970367,vem_offr_22_t19_v3
1878009650,packed_mp_veh_colour1_0_v56
1878020464,packed_mp_veh_mod_idx_s_22_v382
1878034776,packed_ng_vehicle_neon_v43
1878059078,m_cl_clo_exm_eu_16_6_t11_v1
1878137394,vem_colour_extra_1_mct_metallic_wine_red_t24_v0
1878139051,m_ta_tat_s1_027_t0_v0
1878172047,packed_mp_veh_mod_idx_s_10_v395
1878174093,f_cl_clo_val_decl_c_t11_v1
1878222282,packed_mp_veh_mod_idx_5_v287
1878330582,packed_mp_veh_mod_idx_s_7_v310
1878362716,packed_ng_vehicle_smoke_v257
1878365988,m_cl_clo_exm_g_5_10_t14_v0
1878425852,f_cl_clo_sbf_l_4_19_t4_v1
1878544846,vem_cmod_tyr_6_t18_v10
1878550652,f_cl_clo_bif_decl_27_t11_v1
1878629706,f_ta_tat_fm_237_t0_v0
1878684635,m_cl_clo_iem_f_0_10_t6_v1
1878703104,f_cl_clo_hp_f_b_2_0_t1_v1
1878769737,packed_mp_veh_mod_idx_s_20_v39
1878831955,m_cl_clo_x6m_ph_8_18_t14_v1
1878909498,vem_rwd_drft_10_t19_v3
1878923807,vem_smod4_whlv111_t66_v2
1878959556,packed_mp_veh_mod_idx_7_v321
1878963493,m_cl_clo_grm_u_2_1_t11_v1
1879061580,packed_mp_veh_mod_idx_6_v370
1879107757,ve_zion_t0_v1
1879112535,m_cl_clo_hstm_b_5_0_t1_v1
1879130314,m_cl_clo_smm_decl_2_t100_v0
1879179953,packed_mp_veh_mod_idx_s_18_v249
1879215787,packed_mp_veh_colour_extra2_0_v261
1879364716,packed_lr_vehicle_colour_5_v315
1879414501,f_cl_clo_h2f_b_3_20_t1_v1
1879428218,f_ta_tat_fx_026_t0_v0
1879497456,packed_mp_veh_mod_idx_24_v307
1879508382,packed_mp_veh_wheel_type_0_v404
1879590545,packed_mp_veh_livery_0_v5
1879593301,f_cl_clo_ief_u_14_25_t11_v1
1879672725,f_cl_outfit_clo_hstf_o_c_2_t12_v0
1879698087,vem_cmod_hrn_mus4_t10_v5
1879727617,packed_mp_veh_mod_idx_14_v68
1879785518,packed_mp_veh_mod_idx_s_23_v82
1879817951,autoshop_wal_1_t0_v0
1879821172,vem_cmod_col5_1_t29_v1
1880049674,packed_mp_veh_mod_idx_s_23_v75
1880080509,m_cl_clo_s1m_t_0_0_t7_v1
1880222295,m_cl_clo_x6m_rw_2_0_t14_v1
1880280803,vem_rwd_suv_17_t19_v3
1880289055,m_cl_clo_x3m_u_1_14_t11_v1
1880429211,f_cl_clo_trf_u_14_11_t11_v1
1880435719,m_cl_clo_hstmb_20_0_t1_v1
1880500636,f_cl_clo_bhf_u_14_9_t11_v1
1880701033,f_cl_f_fmf_14_10_t6_v0
1880739429,m_cl_clo_sbm_u_9_1_t11_v1
1880759363,packed_mp_veh_mod_idx_11_v303
1880761157,packed_mp_veh_mod_idx_13_v320
1881018747,fcbase_wea1_t0_v0
1881106729,f_cl_clo_grf_l_0_14_t4_v1
1881117166,packed_mp_veh_colour2_0_v60
1881161637,f_cl_outfit_clo_ief_o_7_t12_v0
1881193259,m_cl_clo_grm_u_13_18_t11_v1
1881248718,vem_colour_1_mct_metallic_surf_blue_t24_v3
1881252072,m_cl_clo_x6m_t_2_5_t7_v1
1881326532,packed_mp_veh_mod_idx_s_12_v150
1881359988,packed_mp_veh_mod_idx_s_13_v250
1881379818,f_cl_clo_grf_ph_2_13_t14_v1
1881412512,vem_smod5_whlv176_t66_v3
1881546816,f_cl_clo_h4f_o_h2_f2_t3_v12
1881548581,vem_colour_1_mct_classic_flur_yellow_t24_v3
1881563924,vem_cmod_hrn_mus5_t10_v33
1881606741,f_cl_clo_smf_b_4_0_t1_v1
1881827821,m_cl_clo_grm_ph_6_6_t14_v1
1881927217,packed_mp_veh_colour2_0_v398
1882020991,packed_mp_veh_mod_idx_s_6_v21
1882058696,vem_supermod_15_7_t56_v26
1882133018,f_cl_clo_exf_eu_11_9_t11_v1
1882167699,vem_smod_whlv77_t66_v0
1882182214,packed_mp_veh_mod_idx_24_v386
1882252808,f_cl_clo_smf_ph_6_23_t14_v1
1882361713,f_cl_clo_awf_decl_42_t100_v0
1882418805,f_cl_clo_x6f_t_6_1_t7_v1
1882453897,m_cl_clo_smm_b_2_15_t1_v1
1882579578,f_cl_clo_trf_u_7_15_t11_v1
1882635956,packed_mp_veh_mod_idx_18_v115
1882673529,packed_lr_vehicle_colour_5_v307
1882680220,packed_mp_veh_mod_idx_s_17_v190
1882699766,f_cl_clo_grf_u_9_13_t11_v1
1882790908,vem_colour_extra_1_mct_matte_light_grey_t24_v1
1882949368,m_cl_clo_h3m_b_9_18_t1_v1
1883055883,vem_insurance_astrope
1883066467,vem_horn_indi_2_t10_v2
1883104795,f_cl_clo_hp_f_d_3_t8_v1
1883108756,packed_mp_veh_mod_idx_s_6_v230
1883150563,f_cl_clo_smf_ph_0_3_t14_v1
1883235032,f_cl_clo_bbf_u_3_5_t11_v1
1883395609,m_cl_clo_arm_u_3_3_t11_v1
1883436275,vem_colour_extra_1_mct_metallic_anthr_black_t24_v1
1883565635,veu_nero2_t0_v0
1883625215,m_cl_clo_grm_decl_1_t11_v1
1883689883,ve_bjxl_t0_v2
1883796202,ve_surfer2_t0_v0
1883824706,packed_mp_veh_mod_idx_s_6_v75
1883838239,packed_mp_veh_mod_idx_s_18_v220
1883875070,m_cl_clo_h3m_decl_2_t100_v0
1883891013,packed_mp_veh_mod_idx_1_v95
1883929553,packed_mp_veh_mod_idx_0_v186
1884003554,packed_ng_vehicle_insurance_v68
1884170214,m_cl_clo_x2m_ht_3_3_t14_v1
1884244154,vem_armour_3_t1_v10
1884336323,vem_cmod_neonlay_4_t21_v2
1884356907,packed_mp_veh_mod_idx_6_v226
1884517307,ve_wastlndr_t0_v3
1884607865,f_cl_clo_grf_b_4_1_t1_v1
1884617895,wp_wct_clip_fmj_t0_v48_n2
1884794630,packed_mp_veh_mod_idx_s_9_v16
1884872695,m_cl_clo_ltsmh_0_1_t14_v2
1884897541,hangar_mod_savebed_2_t0_v0
1884961123,vem_supermod_58_17_t58_v7
1885025632,vem_supermod_10_20_t51_v10
1885153657,pr_mp_prop_38_t0_v1
1885160422,packed_mp_veh_mod_idx_s_5_v32
1885219807,vem_rwd_suv_07_t19_v3
1885299238,packed_mp_veh_mod_idx_5_v245
1885500757,vem_supermod_4_2_t45_v27
1885510481,multistorey_garage_tint_2_v0
1885528109,f_cl_clo_h2f_ph_4_5_t14_v1
1885534550,packed_mp_veh_mod_idx_0_v160
1885543274,vem_colour_1_mct_metallic_midnight_blue_t24_v1
1885583839,packed_mp_veh_mod_idx_s_11_v133
1885586576,packed_mp_veh_wheel_type_0_v63
1885589015,packed_mp_veh_mod_idx_15_v280
1885612671,m_cl_clo_apm_l_10_4_t4_v1
1885703141,vem_colour_2_mct_matte_purple_t25_v2
1885849905,packed_mp_veh_mod_idx_s_22_v164
1885869809,f_cl_clo_x2f_u_1_3_t11_v1
1885879378,vem_armour_1_t1_v28
1885901724,f_cl_clo_hstfb_16_8_t1_v1
1886118332,m_cl_clo_fxm_l_0_1_t4_v1
1886133346,packed_lr_vehicle_colour_6_v262
1886182786,wp_wct_c_tint_13_t2_v21_n2
1886233513,vem_supermod_14_8_t55_v3
1886234775,m_cl_clo_smm_ph_6_23_t14_v1
1886383226,packed_ng_vehicle_smoke_v396
1886453869,packed_mp_veh_plate_id_v39
1886506860,vem_cmod_col5_3_t29_v4
1886542500,packed_mp_veh_livery2_0_v111
1886604503,vem_colour_2_mct_classic_midnight_blue_t25_v1
1886625566,vem_exhaust_1_t6_v2
1886676153,vem_supermod_20_12_t61_v27
1886708556,f_cl_clo_hst_f_a_3_t100_v0
1886738171,f_cl_f_fmf_13_5_t6_v0
1886816985,f_cl_clo_fxf_l_5_1_t4_v1
1886877589,f_ta_tat_bi_057_t0_v0
1886945179,packed_mp_veh_colour2_0_v241
1887068513,packed_mp_veh_mod_var_0_v192
1887149989,wp_gsa_type_g_t0_v74
1887235739,wp_wct_muzz3_t1_v13_n2
1887247306,vem_engine_1_t5_v3
1887489338,f_cl_clo_h4f_u_7_5_t11_v1
1887528078,packed_mp_veh_window_tint_0_v164
1887575051,vem_insurance_landstlkr2
1887580116,packed_mp_veh_mod_idx_7_v237
1887620569,f_cl_clo_grf_u_4_7_t11_v1
1887658898,f_cl_clo_awf_u_3_15_t11_v1
1887663159,vem_smod3_whlv114_t66_v3
1887699735,f_cl_clo_bif_u_14_0_t11_v1
1888001061,packed_mp_veh_mod_idx_s_22_v288
1888080554,m_cl_clo_sbm_u_11_24_t11_v1
1888168399,packed_mp_veh_mod_idx_s_8_v345
1888342850,vem_cmod_neonlay_5_t21_v36
1888388606,vem_supermod_23_16_t64_v34
1888405986,f_cl_clo_grf_ph_3_18_t14_v1
1888492945,packed_mp_veh_mod_idx_22_v333
1888511638,packed_mp_veh_mod_idx_9_v250
1888544975,vem_smod4_whlv79_t66_v1
1888586185,m_cl_clo_x6m_f_15_3_t6_v1
1888602643,f_cl_clo_arf_o_17_t11_v12
1888614535,f_cl_clo_grf_decl_14_t100_v0
1888641218,m_ha_cc_body_1_3_t3_v1
1888739855,packed_mp_veh_mod_idx_4_v146
1888766656,f_cl_clo_bif_prw_5_0_t14_v1
1888826701,packed_mp_veh_window_tint_0_v295
1888868626,f_cl_clo_h2f_u_3_17_t11_v1
1888890947,vem_colour_extra_1_mct_metallic_blaze_red_t24_v0
1888939124,f_cl_clo_x6f_ey_013_t14_v1
1889075507,f_cl_clo_awf_b_4_4_t1_v1
1889217625,packed_mp_veh_window_tint_0_v216
1889230819,vem_supermod_6_0_t47_v6
1889238882,packed_mp_veh_mod_idx_16_v285
1889284696,packed_mp_veh_mod_idx_7_v255
1889367175,f_cl_clo_grf_u_4_19_t11_v1
1889402584,vem_hood_14_t9_v38
1889425306,f_cl_clo_sbf_u_0_16_t11_v1
1889455675,packed_mp_veh_mod_idx_s_20_v116
1889681571,wp_wct_tint_4_t2_v22_n2
1889687340,m_cl_clo_sum_u_0_15_t11_v1
1889736990,vem_exhaust_2_t6_v4
1889911387,packed_mp_veh_secondary_colour_group_v15
1889953699,vem_supermod_61_21_t61_v7
1889979109,wp_wct_c_tint_22_t2_v48_n2
1890055816,packed_mp_veh_mod_var_1_v389
1890081768,packed_mp_veh_mod_idx_s_4_v55
1890104325,f_cl_clo_trf_ph_2_9_t14_v1
1890220916,m_cl_clo_sbm_u_11_19_t11_v1
1890353732,vem_smod4_whlv147_t66_v1
1890372063,vem_smod_whlv10_t66_v3
1890461827,packed_mp_veh_mod_idx_s_3_v22
1890490557,packed_ng_vehicle_bpt_v210
1890540928,f_cl_clo_h2f_u_3_15_t11_v1
1890558303,packed_mp_veh_mod_idx_s_14_v103
1890578607,packed_mp_veh_mod_idx_s_9_v219
1890709146,mp_stat_mpsv_model_398
1890752530,packed_mp_veh_wheel_type_0_v119
1890773999,f_cl_clo_h3f_u_9_9_t11_v1
1891013706,packed_mp_veh_mod_idx_s_2_v123
1891044360,m_cl_clo_hp_d_15_t11_v1
1891130023,m_cl_g_fmm_12_4_t14_v0
1891255514,packed_mp_veh_mod_idx_s_21_v126
1891361916,f_cl_outfit_clo_scf_o_4_t12_v0
1891386865,packed_mp_veh_mod_idx_4_v393
1891418853,m_cl_clo_sbm_l_0_13_t4_v1
1891476618,packed_mp_veh_colour1_0_v371
1891617852,packed_mp_veh_wheel_type_0_v46
1891672127,vem_supermod_23_0_t64_v8
1891674857,m_cl_clo_indm_d_21_t8_v1
1891692464,m_cl_clo_arm_o_29_t7_v12
1891695727,mp_stat_ie_wh_owned_vehicle_37_v0
1891711478,packed_mp_veh_mod_idx_s_4_v366
1891747513,m_cl_clo_scm_ey_4_2_t14_v1
1891888984,f_ta_tat_bi_004_t0_v0
1891902821,vem_smod4_whlv191_t66_v3
1891979479,packed_mp_veh_mod_var_1_v236
1892000109,f_cl_outfit_clo_x2f_o_0_t12_v0
1892072081,vem_smod5_whlv181_t66_v3
1892097161,packed_mp_veh_mod_idx_18_v52
1892097880,m_cl_clo_bim_decl_10_t11_v1
1892127926,vem_supermod_0_18_t41_v7
1892263562,f_cl_clo_smf_b_0_11_t1_v1
1892346587,f_cl_clo_suf_decl_28_t11_v1
1892391363,vem_colour_1_mct_classic_sienna_brown_t24_v33
1892393454,m_cl_clo_fxm_ph_1_6_t14_v1
1892396676,packed_mp_veh_mod_idx_10_v21
1892469308,packed_mp_veh_mod_idx_s_9_v390
1892519052,ve_dominato2_t1_v1
1892537177,packed_ng_vehicle_neon_v398
1892695078,packed_mp_veh_mod_idx_s_20_v44
1892711923,vem_colour_extra_1_mct_classic_chocolate_brown_t24_v4
1892760891,m_cl_clo_v2m_u_0_4_t11_v1
1892794253,packed_mp_veh_secondary_colour_group_v288
1892809418,f_cl_clo_bhf_l_4_11_t4_v1
1892873889,packed_mp_veh_mod_idx_s_9_v207
1892891814,packed_lr_vehicle_colour_6_v389
1893056441,f_cl_outfit_clo_hstf_o_l_3_t12_v0
1893076117,m_cl_clo_hstmb_22_2_t1_v1
1893091224,packed_mp_veh_mod_idx_s_22_v369
1893101796,packed_mp_veh_mod_idx_s_18_v139
1893106928,vem_smod5_whl_18_t19_v3
1893284323,f_cl_clo_sbf_u_13_8_t11_v1
1893302089,vem_cmod_col5_32_t29_v1
1893309480,vem_cmod_neoncol_11_t21_v5
1893316976,f_cl_clo_lxf_u_3_9_t11_v1
1893430819,packed_mp_veh_mod_idx_s_1_v69
1893451864,m_cl_clo_stm_o_e_5_t3_v12
1893584621,vem_supermod_13_3_t54_v11
1893592552,vem_exhaust_7_t6_v3
1893673075,vem_colour_1_mct_matte_matte_od_t24_v4
1893676685,f_cl_clo_bif_u_23_1_t11_v1
1893696950,vem_colour_2_mct_classic_cream_t25_v3
1893730763,wp_wm_tint1_t2_v70
1893794995,packed_mp_veh_mod_idx_6_v241
1893821223,m_cl_g_fmm_13_7_t14_v0
1893868715,packed_mp_veh_mod_idx_s_14_v96
1893906811,f_cl_clo_vwf_u_16_5_t11_v1
1894067839,packed_mp_veh_mod_idx_7_v157
1894080406,f_ta_tat_h4_015_t0_v0
1894221957,f_cl_clo_trf_u_12_0_t11_v1
1894237738,wp_wct_camo_2_t1_v70_n2
1894244016,packed_mp_veh_mod_idx_5_v122
1894313245,packed_mp_veh_mod_idx_1_v6
1894355508,packed_mp_veh_mod_idx_s_8_v127
1894404000,f_ta_tat_x6_010_t0_v0
1894413140,vem_offr_20_t19_v3
1894485634,m_cl_u_fmm_9_1_t8_v0
1894628779,vem_cmod_pla_2_t23_v35
1894705781,m_cl_clo_jam_decl_2_t100_v0
1894741080,packed_mp_veh_window_tint_0_v69
1894751943,f_cl_clo_vwf_pey_1_9_t14_v1
1894760323,packed_lr_vehicle_colour_6_v390
1894810424,m_cl_clo_hp_f_1_12_t6_v1
1894933656,f_cl_clo_sbf_u_18_1_t11_v1
1894992832,packed_ng_vehicle_neon_v346
1895058424,packed_mp_veh_mod_idx_14_v174
1895074861,packed_mp_veh_mod_idx_12_v160
1895083690,mt_snk_item7_t0_v0
1895104309,f_cl_clo_busf_f_0_10_t6_v1
1895110897,m_cl_clo_grm_u_7_14_t11_v1
1895114664,packed_mp_veh_mod_idx_11_v179
1895131482,f_cl_clo_grf_b_1_3_t1_v1
1895149706,vem_rwd_bikew_32_t19_v3
1895175625,vem_supermod_19_5_t60_v26
1895254709,m_cl_clo_fxm_u_2_15_t11_v1
1895283271,packed_mp_veh_mod_idx_13_v178
1895288666,packed_mp_veh_mod_idx_s_9_v359
1895332363,f_cl_clo_busf_l_1_8_t4_v1
1895404068,wp_wct_camo_9_t1_v22_n2
1895442649,wp_wm_tint2_t2_v73
1895484060,m_cl_clo_x3m_u_1_8_t11_v1
1895556551,f_cl_clo_scf_u_4_20_t11_v1
1895557988,m_cl_clo_s2m_u_6_10_t11_v1
1895652822,vem_cmod_neoncol_8_t21_v36
1895762577,vem_horn_xm15_1_t10_v37
1895868169,m_cl_clo_x6m_ph_10_2_t14_v1
1895915113,packed_mp_veh_colour_extra1_0_v139
1895920223,f_cl_clo_h2f_f_5_2_t6_v1
1895981871,packed_mp_veh_mod_idx_s_2_v40
1896031524,packed_ng_vehicle_neon_kit_v175
1896050571,vem_cmod_col5_11_t29_v0
1896092114,f_cl_clo_stf_o_e_6_t8_v12
1896100796,m_cl_clo_trm_f_1_23_t6_v1
1896152273,packed_mp_veh_mod_idx_12_v3
1896158650,vem_colour_1_mct_matte_light_grey_t24_v0
1896235480,vem_rwd_drft_06_t19_v3
1896297799,wp_wm_tint2_t2_v11
1896372222,f_cl_clo_stf_h_9_16_t14_v1
1896522163,f_cl_clo_suf_l_2_15_t4_v1
1896556624,packed_mp_veh_mod_idx_15_v393
1896565285,packed_mp_veh_mod_idx_2_v250
1896699679,vem_smod3_whlv54_t66_v3
1896780729,f_cl_outfit_clo_arf_o_18_t12_v0
1896784268,f_cl_clo_x6f_ey_4_0_t14_v1
1896793882,m_cl_clo_sum_u_12_0_t11_v1
1896795150,packed_mp_veh_mod_idx_7_v180
1896916424,f_cl_clo_vwf_b_5_0_t1_v1
1896999748,m_cl_clo_sum_l_1_5_t4_v1
1897036740,vem_engine_3_t5_v3
1897075208,f_cl_clo_awf_decl_18_t100_v0
1897080620,m_cl_clo_hp_d_26_t100_v0
1897108075,f_cl_clo_hstfb_14_0_t1_v1
1897158815,packed_mp_veh_mod_idx_13_v56
1897161520,vem_supermod_17_12_t58_v27
1897164420,packed_mp_veh_colour_extra2_0_v30
1897172235,vem_smod3_whlv135_t66_v3
1897178231,vem_cmod_hrn_mus4_t10_v34
1897256558,f_cl_clo_bif_ph_0_0_t14_v1
1897256908,m_cl_clo_grm_l_3_5_t4_v1
1897271778,packed_mp_veh_colour_extra2_0_v296
1897338354,packed_mp_veh_mod_idx_s_14_v177
1897671281,m_cl_l_fmm_7_13_t4_v0
1897724882,kosatk_fla_14_t0_v1
1897830267,vem_spoiler_10_t14_v28
1897921785,vem_grill_7_t8_v1
1898076625,packed_mp_veh_mod_idx_s_21_v98
1898115266,f_cl_clo_valf_g_0_0_t3_v1
1898118936,f_cl_clo_exf_oa_1_t8_v12
1898130842,vem_skirt_6_t13_v0
1898144294,packed_mp_veh_mod_idx_s_23_v408
1898176968,vem_roof_2_t12_v33
1898179607,m_cl_clo_stm_ht6_9_t14_v1
1898243991,f_ta_tat_fm_214_t0_v0
1898268485,vem_colour_1_mct_classic_racing_green_t24_v0
1898275817,ve_jester4_t1_v3
1898306139,f_cl_f_fmf_14_5_t6_v0
1898330895,f_cl_clo_scf_b_9_3_t1_v1
1898415351,packed_mp_veh_mod_idx_s_23_v122
1898434083,f_cl_clo_x6f_f_5_21_t6_v1
1898481577,m_cl_clo_h3m_u_5_8_t11_v1
1898533194,packed_mp_veh_wheel_type_0_v0
1898571361,vem_supermod_2_14_t43_v26
1898573979,packed_mp_veh_mod_idx_4_v296
1898585205,vem_rwd_offr_04_t19_v3
1898707849,mp_stat_mpsv_model_271
1898727167,m_cl_clo_sbm_u_11_7_t11_v1
1898752828,wp_wct_none_t1_v9_n2
1898778025,f_cl_clo_x6f_ph_10_0_t14_v1
1898790378,packed_mp_veh_mod_idx_s_0_v92
1898790619,f_cl_clo_ief_u_14_0_t11_v1
1898960932,f_cl_clo_grf_l_2_1_t4_v1
1899006471,packed_mp_veh_mod_idx_s_11_v201
1899024318,vem_cmod_win_0_t33_v0
1899075920,vem_colour_1_mct_metallic_sea_green_t24_v33
1899135072,f_cl_outfit_clo_h3f_o_sl_33_t12_v0
1899171174,f_cl_clo_busf_f_1_7_t6_v1
1899228716,f_cl_clo_sbf_lw_3_1_t14_v1
1899257103,vem_supermod_3_22_t44_v11
1899286927,packed_mp_veh_mod_idx_s_17_v412
1899320579,packed_mp_veh_mod_idx_7_v43
1899384316,packed_mp_veh_mod_idx_s_21_v239
1899466526,f_cl_clo_vwf_pey_0_8_t14_v1
1899466535,f_cl_clo_fxf_ph_1_10_t14_v1
1899541590,vem_cmod_col5_12_t29_v0
1899670720,wp_wm_tint4_t2_v95
1899739577,wp_wct_camo_6_t1_v47_n2
1899761141,packed_mp_veh_plate_id_v106
1899767459,vem_supermod_16_0_t57_v33
1899804097,m_cl_clo_exm_ef_0_2_t6_v1
1899819454,m_cl_clo_vwm_u_15_24_t11_v1
1899911927,vem_spoiler_1_t14_v11
1899938975,m_cl_clo_stm_u_9_5_t11_v1
1900020717,dec_vw_aw_ls_15
1900048468,service_earn_ambient_job_armored_truck
1900105678,wp_wct_none_t1_v13_n2
1900147808,packed_mp_veh_livery_0_v408
1900161207,packed_mp_veh_colour1_0_v347
1900200333,packed_mp_veh_mod_idx_s_4_v341
1900287157,m_cl_outfit_clo_awm_o_f_5_t12_v0
1900290804,packed_ng_vehicle_smoke_v401
1900328873,f_cl_clo_suf_decl_34_t100_v0
1900394191,m_cl_clo_awm_ph_1_7_t14_v1
1900447437,f_cl_clo_s2f_d_17_t11_v1
1900468864,packed_mp_veh_mod_idx_2_v232
1900613829,vem_colour_extra_1_mct_pearlescent_dark_blue_t24_v3
1900668539,packed_mp_veh_mod_idx_9_v76
1900699708,f_cl_clo_awf_decl_92_t100_v0
1900733241,f_ta_tat_h27_020_t0_v0
1900827034,multistorey_garage_tint_7_v1
1900891392,m_ha_hair_beard2_t1_v0
1900951745,m_ha_cc_mkup_84_t5_v0
1901069749,packed_mp_veh_mod_idx_3_v146
1901080974,f_cl_outfit_clo_trf_o_r3_t12_v0
1901099635,vem_cmod_hrn_0_t10_v29
1901109139,vem_colour_1_mct_classic_might_purple_t24_v1
1901145546,vem_smod5_whlv75_t66_v3
1901190034,packed_mp_veh_colour_extra1_0_v167
1901302388,packed_mp_veh_livery2_0_v395
1901369475,vem_smod3_whlv120_t66_v3
1901427452,packed_mp_veh_mod_idx_11_v239
1901543602,m_cl_he_fmm_16_0_t14_v0
1901599889,f_cl_clo_grf_ph_4_14_t14_v1
1901666365,packed_mp_veh_mod_idx_s_4_v256
1901699733,m_cl_clo_x6m_f_6_9_t6_v1
1901846417,vem_supermod_58_16_t58_v7
1901854496,m_cl_clo_grm_u_9_12_t11_v1
1901908401,vem_hiend_12_t19_v2
1901974211,f_cl_clo_ief_u_20_4_t11_v1
1901989595,vem_insurance_cliffhanger
1901994022,pr_pm_glight_8_t0_v0
1902120923,packed_mp_veh_mod_var_1_v147
1902163108,f_cl_clo_h3f_ph_8_0_t14_v1
1902200631,m_cl_clo_h4m_l_1_2_t4_v1
1902232507,vem_supermod_9_5_t50_v26
1902275787,packed_lr_vehicle_colour_5_v354
1902376993,f_cl_clo_bhf_u_10_5_t11_v1
1902481764,dec_vw_aw_ls_6f
1902484979,packed_mp_veh_mod_var_0_v154
1902507626,vem_smod4_whlv68_t66_v3
1902550049,wp_wm_tint5_t2_v6
1902573879,m_cl_clo_s2m_u_0_5_t11_v1
1902604950,packed_mp_veh_primary_colour_group_v91
1902608189,vem_colour_6_racing_blue_t65_v3
1902695138,packed_mp_veh_wheel_type_0_v98
1902705379,packed_mp_veh_mod_idx_15_v169
1902711359,m_cl_clo_x5m_o_a_3_b_t3_v12
1902866885,f_cl_clo_vwf_u_19_9_t11_v1
1903124999,f_cl_l_fmf_8_4_t4_v0
1903236870,hangar_mod_furniture_2_t0_v0
1903332550,f_cl_clo_hstf_o_i_1_t3_v12
1903366471,packed_mp_veh_mod_idx_s_0_v345
1903381828,ve_blista2_t0_v0
1903470434,packed_mp_veh_mod_idx_13_v312
1903549882,packed_mp_veh_mod_idx_13_v241
1903623709,packed_mp_veh_mod_idx_14_v217
1903780547,packed_mp_veh_mod_idx_s_2_v272
1903835188,m_ta_tat_fm_222_t0_v0
1903956973,wp_rwt_tint1_t2_v83
1903957048,f_cl_clo_s1f_ph_1_1_t14_v1
1903968701,packed_mp_veh_mod_idx_4_v368
1903981116,wp_wct_camo_2_t1_v21_n2
1904060642,m_cl_clo_l2m_t_2_1_t7_v1
1904161798,m_cl_clo_x6m_u_0_4_t11_v1
1904193518,vem_supermod_60_23_t60_v7
1904318729,f_cl_clo_h4f_b_3_3_t1_v1
1904328386,packed_mp_veh_mod_idx_12_v114
1904336124,packed_mp_veh_mod_idx_s_21_v73
1904392783,vem_grill_6_t8_v4
1904397508,m_cl_clo_arm_o_27_t11_v12
1904421103,f_cl_clo_hstf_g_5_1_t3_v1
1904446714,mp_stat_arcade_mac_15
1904544118,m_cl_clo_val_decl_j_t8_v1
1904737335,m_cl_clo_awm_decl_70_t100_v0
1904797481,vem_rwd_loride_13_t19_v2
1904801649,packed_mp_veh_plate_id_v92
1904938911,packed_mp_veh_mod_idx_6_v296
1904975672,wp_wct_c_tint_20_t2_v21_n2
1905016248,vem_colour_5_torino_red_t38_v0
1905049441,m_cl_clo_x6m_rw_2_4_t14_v1
1905053246,f_cl_clo_bhf_b_0_7_t1_v1
1905082558,packed_lr_vehicle_colour_6_v392
1905131622,packed_mp_veh_colour2_0_v273
1905173143,m_cl_clo_bim_u_8_2_t11_v1
1905175043,vem_cmod_col5_36_t29_v0
1905183599,f_cl_clo_grf_ph_4_5_t14_v1
1905261231,m_cl_clo_hilf_u_3_4_t11_v1
1905410246,f_cl_clo_trf_o_r1_t3_v12
1905439013,m_cl_ht_fmm_5_1_t14_v0
1905506236,vem_cmod_col5_35_t29_v2
1905533730,packed_mp_veh_mod_idx_s_17_v2
1905630008,packed_mp_veh_mod_idx_s_6_v111
1905647139,packed_mp_veh_mod_idx_s_9_v283
1905771611,f_cl_clo_sbf_u_0_15_t11_v1
1905821376,packed_mp_veh_mod_idx_s_19_v163
1905831708,packed_mp_veh_mod_idx_8_v125
1905837257,packed_mp_veh_mod_idx_s_4_v3
1905998727,vem_colour_1_mct_metallic_grace_red_t24_v1
1906120503,fcarcade_b_up3_c_13
1906143048,packed_mp_veh_mod_idx_s_12_v242
1906235057,f_cl_clo_busf_u_2_2_t11_v1
1906266359,packed_lr_vehicle_colour_6_v155
1906361236,vem_smod4_whlv116_t66_v1
1906374052,m_cl_outfit_clo_h3m_o_sh_32_t12_v0
1906381341,packed_mp_veh_mod_idx_9_v159
1906381997,f_cl_clo_hstf_u_12_5_t11_v1
1906383458,m_cl_clo_exm_decl_7_t100_v0
1906383461,packed_mp_veh_mod_idx_11_v354
1906486444,packed_mp_veh_mod_idx_4_v135
1906501627,packed_mp_veh_mod_idx_1_v93
1906551384,packed_mp_veh_mod_idx_10_v13
1906795862,f_cl_clo_grf_u_3_3_t11_v1
1906816007,vem_cmod_smoke_10_t18_v34
1906892317,packed_mp_veh_mod_idx_9_v222
1906905882,f_cl_clo_vwf_u_21_10_t11_v1
1907021026,f_cl_clo_lxf_u_6_3_t8_v1
1907068031,packed_mp_veh_mod_idx_14_v146
1907136118,m_cl_f_fmm_1_4_t6_v0
1907275439,f_ha_cc_mkup_39_t7_v0
1907375854,m_cl_clo_halm_8_1_t1_v1
1907539654,wh_index_17_t0_v0
1907581519,m_cl_clo_arm_ph_0_19_t14_v1
1907604167,packed_mp_veh_mod_idx_s_17_v40
1907636307,vem_rwd_hiend_20_t19_v3
1907655648,packed_mp_veh_mod_idx_s_19_v107
1907656939,vem_suv_09_t19_v2
1907811632,vem_colour_1_mct_metallic_mariner_blue_t24_v4
1907928412,vem_suv_03_t19_v0
1907939679,packed_ng_vehicle_insurance_v381
1907994260,f_ha_cc_mkup_93_t5_v0
1908005928,vem_supermod_18_0_t59_v31
1908175070,packed_mp_veh_mod_idx_s_12_v250
1908362783,packed_mp_veh_colour2_0_v307
1908396210,m_ta_tat_bi_058_t0_v0
1908456412,m_cl_clo_vwm_decl_15_t100_v0
1908800270,packed_mp_veh_mod_idx_s_3_v183
1908877256,m_cl_clo_iem_u_6_5_t11_v1
1908990476,packed_mp_veh_mod_idx_s_5_v228
1909050333,m_cl_clo_sum_u_11_3_t11_v1
1909107215,wh_index_15_t0_v0
1909133277,m_cl_clo_sbm_b_9_0_t1_v1
1909144967,f_cl_clo_vwf_pw_6_4_t14_v1
1909172875,vem_hiend_11_t19_v0
1909306324,packed_mp_veh_mod_idx_12_v61
1909374494,f_cl_clo_h3f_u_9_10_t11_v1
1909388830,f_cl_outfit_clo_assf_o_4_t12_v0
1909453773,packed_mp_veh_window_tint_0_v40
1909466011,packed_mp_veh_mod_idx_6_v191
1909531835,packed_mp_veh_colour_extra2_0_v166
1909584413,vem_insurance_emperor3
1909594345,vem_musc_14_t19_v0
1909753014,f_cl_clo_s2f_d_3_t11_v1
1909792038,vem_supermod_46_4_t46_v7
1909833255,packed_mp_veh_mod_idx_12_v257
1909838885,packed_mp_veh_mod_idx_s_17_v404
1909840605,vem_colour_1_mct_metallic_torino_red_t24_v3
1909845112,f_cl_clo_ief_u_4_22_t11_v1
1909878530,mp_stat_mpsv_model_235
1909894366,vem_supermod_4_2_t45_v6
1909910818,m_cl_clo_fxm_pe_3_8_t14_v1
1909965637,packed_mp_veh_mod_idx_s_20_v84
1910141218,packed_mp_veh_mod_idx_s_12_v254
1910176077,vem_cmod_win_3_t33_v29
1910309428,m_ta_tat_sm_003_t0_v0
1910310909,packed_mp_veh_mod_idx_3_v389
1910386713,packed_ng_vehicle_neon_kit_v253
1910480117,m_cl_clo_vwm_u_4_7_t11_v1
1910480596,wh_index_1_t0_v0
1910648636,vem_colour_2_mct_metallic_candy_red_t25_v0
1910668297,f_cl_clo_indf_b_5_0_t1_v1
1910742926,packed_mp_veh_mod_idx_s_9_v322
1910784496,vem_cmod_win_2_t33_v6
1910875277,f_cl_clo_h4f_prw_0_0_t14_v1
1910931787,vem_colour_1_mct_classic_blue_t24_v4
1911034978,f_cl_clo_grf_u_11_18_t11_v1
1911079073,f_cl_clo_x2f_o_1_t3_v12
1911101089,packed_mp_veh_colour2_0_v71
1911141612,vem_colour_2_mct_classic_formula_red_t25_v0
1911198944,packed_mp_veh_plate_id_v267
1911235229,f_cl_clo_scf_l_0_24_t4_v1
1911278047,f_cl_clo_grf_ph_0_3_t14_v1
1911376261,m_cl_clo_stm_ht8_11_t14_v1
1911428032,m_cl_clo_smm_u_1_6_t11_v1
1911469022,mp_stat_mpsv_model_122
1911516671,packed_ng_vehicle_bpt_v381
1911527538,vem_supermod_11_14_t52_v27
1911647242,packed_mp_veh_mod_idx_23_v203
1911736296,m_cl_outfit_clo_h4m_o_l1_m4_t12_v0
1911782118,m_cl_clo_s1m_ph_1_4_t14_v1
1911893089,packed_mp_veh_mod_idx_s_4_v233
1911987258,packed_mp_veh_mod_idx_s_21_v16
1912017018,vem_supermod_10_5_t51_v3
1912080872,f_cl_clo_s2f_d_7_t100_v0
1912219917,packed_mp_veh_mod_idx_s_8_v359
1912245635,packed_mp_veh_mod_idx_15_v403
1912337624,packed_mp_veh_mod_idx_s_1_v58
1912345250,m_cl_clo_iem_u_2_2_t11_v1
1912351425,packed_mp_veh_mod_idx_s_10_v317
1912362877,vem_smod5_whlv94_t66_v3
1912378495,f_cl_clo_bbf_u_3_1_t8_v1
1912446208,packed_mp_veh_mod_idx_s_6_v108
1912461759,m_cl_u_fmm_0_7_t11_v0
1912489943,m_cl_clo_smm_o_2_t100_v0
1912529756,m_cl_clo_smm_u_7_19_t100_v0
1912639128,packed_ng_vehicle_neon_v53
1912640791,f_cl_clo_stf_o_9_t11_v12_cesp
1912784071,vem_bumper_r_14_t35_v35
1912797221,f_cl_clo_grf_f_0_5_t6_v1
1912831870,pr_mp_prop_28_t0_v0
1912890509,f_cl_clo_vwf_u_15_21_t11_v1
1912913536,m_cl_clo_x6m_t_10_3_t7_v1
1913011474,f_cl_clo_h4f_ph_2_2_t14_v1
1913048165,m_cl_clo_lxm_u_0_1_t11_v1
1913365442,m_cl_clo_s1m_f_0_0_t6_v1
1913418463,m_cl_clo_pim_ht_0_0_t14_v0
1913462655,vem_colour_2_mct_metallic_dark_green_t25_v3
1913557612,packed_mp_veh_colour2_0_v33
1913643776,packed_mp_veh_mod_idx_23_v14
1913713831,m_cl_clo_sum_u_16_2_t11_v1
1913723678,m_cl_clo_x6m_o_o_15_t3_v12
1913731493,m_cl_clo_fxm_l_0_4_t4_v1
1913740780,f_cl_clo_sbf_ph_5_7_t14_v1
1914019070,f_cl_outfit_clo_stf_o_10_t12_v0_cesp
1914031400,vem_supermod_23_1_t64_v26
1914066387,vem_supermod_22_9_t63_v26
1914081756,wp_wm_tint1_t2_v25
1914101283,m_cl_clo_awm_decl_31_t100_v0
1914132567,m_cl_f_fmm_9_14_t6_v0
1914258667,wp_wm_tint2_t2_v57
1914273620,m_cl_clo_exm_g_10_8_t14_v0
1914280049,f_cl_clo_fxf_l_4_2_t4_v1
1914372853,wp_wct_c_tint_18_t2_v21_n2
1914417211,m_cl_clo_sbm_ph_6_0_t14_v1
1914419572,vem_supermod_17_6_n1_t58_v38
1914460895,f_cl_clo_sbf_f_6_1_t6_v1
1914524846,f_cl_clo_bif_o_1_t4_v12
1914558634,packed_mp_veh_colour_extra1_0_v121
1914570282,f_cl_clo_smf_b_8_11_t1_v1
1914595216,f_cl_outfit_clo_stf_o_4_t12_v0_cesp
1914703876,vem_cmod_neonlay_0_t21_v10
1914707914,m_cl_clo_exm_decl_15_t11_v1
1914840228,vem_supermod_1_3_t42_v27
1914904069,packed_mp_veh_plate_id_v319
1915019684,packed_mp_veh_mod_idx_s_5_v219
1915027237,packed_mp_veh_mod_idx_4_v287
1915058819,packed_mp_veh_mod_idx_s_6_v220
1915108388,f_cl_clo_exf_af_4_4_t6_v1
1915108787,packed_mp_veh_mod_idx_16_v402
1915129202,vem_supermod_46_16_t46_v7
1915263468,m_cl_clo_fxm_l_4_4_t4_v1
1915355279,packed_mp_veh_primary_colour_group_v13
1915364483,packed_mp_veh_livery2_0_v241
1915374439,packed_mp_veh_mod_idx_2_v285
1915513536,m_cl_clo_val_decl_p_t8_v1
1915612504,packed_mp_veh_mod_idx_s_16_v288
1915685914,mp_stat_arcade_mac_7
1915717838,vem_colour_2_mct_metallic_dark_silver_t25_v1
1915737777,f_cl_clo_h3f_o_clb_3_t3_v12
1915745770,m_cl_clo_h2m_s_9_9_t8_v1
1915767997,packed_mp_veh_mod_idx_s_8_v32
1915768838,vem_bumper_r_21_t35_v3
1915797743,m_cl_clo_awm_decl_51_t100_v0
1915938903,f_cl_clo_h4f_t_8_0_t7_v1
1915957645,packed_mp_veh_mod_idx_16_v58
1916064310,packed_mp_veh_mod_idx_s_23_v367
1916256822,packed_mp_veh_mod_idx_8_v32
1916273359,m_cl_clo_s2m_d_21_t100_v0
1916289448,vem_colour_1_mct_classic_petrol_green_t24_v0
1916293883,m_ha_cc_eyebrw_1_t2_v0
1916309404,m_cl_clo_h3m_l_4_19_t4_v1
1916368112,packed_mp_veh_mod_idx_s_23_v299
1916448794,vem_chassis_29_t4_v3
1916499540,packed_mp_veh_colour_extra1_0_v366
1916508160,vem_smod2_whlv88_t66_v3
1916569426,m_ta_tat_fm_223_t0_v0
1916580993,packed_mp_veh_mod_idx_10_v393
1916635172,m_cl_clo_grm_u_16_2_t11_v1
1916638532,packed_mp_veh_livery2_0_v364
1916760599,f_cl_clo_grf_ph_5_25_t14_v1
1916846809,m_cl_clo_hp_u_7_1_t11_v1
1916945585,m_ha_cc_mkup_35_t7_v0
1916973090,vem_smod_whlv56_t66_v3
1916981039,f_cl_l_fmf_12_0_t4_v0
1917045053,vem_spoiler_6_t14_v0
1917124499,f_cl_clo_og_decl_6_t8_v1
1917149678,f_cl_outfit_clo_x2f_o_4_t12_v0
1917211361,m_cl_clo_smm_b_6_8_t1_v1
1917279397,packed_mp_veh_mod_idx_s_5_v407
1917306047,vem_spt_18_t19_v2
1917430783,m_cl_clo_grm_u_0_5_t11_v1
1917450848,wp_wct_no_liv_t1_v46_n2
1917477971,packed_mp_veh_mod_idx_s_5_v273
1917511631,packed_mp_veh_mod_idx_9_v231
1917540571,packed_mp_veh_mod_idx_4_v334
1917644363,f_cl_f_fmf_7_7_t6_v0
1917886534,m_cl_clo_trm_decl_5_t11_v1
1917906319,packed_mp_veh_mod_idx_s_15_v299
1917931366,vem_smod4_whlv194_t66_v2
1917931475,packed_mp_veh_colour2_0_v335
1917942059,pm_coupon_casino_car_site
1918058146,packed_mp_veh_mod_idx_s_14_v230
1918138009,packed_mp_veh_mod_idx_s_6_v267
1918178947,packed_mp_veh_mod_idx_1_v263
1918179238,f_cl_clo_awf_u_7_9_t11_v1
1918186653,packed_mp_veh_mod_idx_10_v170
1918233129,m_cl_outfit_clo_hstm_o_b_2_t12_v0
1918236060,packed_ng_vehicle_bpt_v57
1918529096,vem_supermod_8_8_t49_v11
1918544044,pr_pm_modshop_8_t89_v0
1918550848,casweb_colour_1_t0_v0
1918564263,m_ha_cc_mkup_45_t5_v0
1918579065,vem_rwd_loride_10_t19_v3
1918735124,packed_mp_veh_mod_var_0_v216
1918747855,f_cl_clo_fxf_pe_4_1_t14_v1
1918756224,packed_mp_veh_mod_idx_3_v296
1918774010,packed_mp_veh_mod_idx_15_v399
1918796837,m_cl_clo_bim_s_11_21_t8_v1
1918830619,packed_mp_veh_colour2_0_v170
1918845716,packed_mp_veh_mod_idx_24_v277
1918855244,packed_mp_veh_wheel_type_0_v101
1918864537,packed_mp_veh_mod_idx_23_v164
1918894260,vem_offr_11_t19_v0
1918909914,vem_smod4_whlv200_t66_v3
1918939607,vem_rwd_drft_02_t19_v1
1919111188,f_cl_clo_bbf_p0_6_t14_v0
1919260209,f_cl_clo_grf_f_0_15_t6_v1
1919299669,vem_cmod_hrn_clo_t10_v34
1919414563,vem_armour_5_t1_v36
1919492061,packed_mp_veh_mod_idx_11_v311
1919514581,vem_loride_06_t19_v1
1919733194,wp_wct_scope_sml2_t1_v48_n2
1919876022,packed_mp_veh_mod_idx_0_v145
1919881740,vem_supermod_8_0_t49_v11
1919902393,mp_stat_mattotalforfactory3_v0
1919932611,f_cl_clo_x6f_f_3_21_t6_v1
1920152802,f_cl_outfit_clo_arf_o_22_t12_v0
1920198840,m_cl_clo_fxm_pe_5_2_t14_v1
1920340359,vem_skirt_0_t13_v38
1920360488,packed_mp_veh_colour1_0_v127
1920533377,packed_mp_veh_plate_id_v28
1920542707,packed_mp_veh_mod_idx_22_v27
1920548282,packed_mp_veh_mod_idx_s_18_v183
1920573150,packed_mp_veh_mod_idx_s_14_v18
1920575611,vem_loride_11_t19_v12
1920593855,vem_colour_mct_none_54
1920643532,m_cl_clo_indm_d_22_t11_v1
1920648755,packed_mp_veh_mod_idx_s_21_v101
1920667000,packed_ng_vehicle_neon_v124
1920717941,m_cl_clo_indm_u_0_2_t11_v1
1920836219,m_cl_clo_x6m_ph_2_1_t14_v1
1920954103,packed_mp_veh_colour_extra2_0_v396
1921014206,pr_pm_font_3_t0_v0
1921058669,vem_smod4_whlv10_t66_v0
1921066695,packed_mp_veh_mod_idx_s_16_v152
1921090421,m_cl_clo_x6m_ph_8_23_t14_v1
1921137753,vem_yacht_light_3_v0
1921236344,f_cl_outfit_clo_smf_o_7_t12_v0
1921266790,packed_mp_veh_mod_idx_s_11_v22
1921281461,f_cl_clo_trf_u_5_1_t11_v1
1921292417,packed_mp_veh_mod_idx_s_16_v18
1921313596,m_cl_clo_smm_b_6_21_t1_v1
1921361137,packed_ng_vehicle_neon_kit_v180
1921412592,vem_cmod_neonlay_0_t21_v0
1921525048,m_ha_cc_body_1_1_t3_v1
1921591893,packed_mp_veh_mod_idx_s_4_v208
1921930640,f_cl_clo_sbf_b_1_1_t1_v1
1921969638,packed_mp_veh_mod_idx_3_v284
1922046505,f_cl_clo_h4f_decl_59_t100_v0
1922088729,wp_wct_tint_28_t2_v8_n2
1922120938,f_cl_clo_x2f_ht_4_4_t14_v1
1922188940,m_cl_clo_hstmb_14_1_t1_v1
1922237445,vem_supermod_0_19_t41_v3
1922249110,f_cl_clo_arf_u_3_4_t11_v1
1922318476,packed_lr_vehicle_colour_6_v370
1922347158,wp_wct_camo_3_t1_v48_n2
1922354599,f_cl_outfit_clo_bif_o_15_t12_v0
1922456621,packed_mp_veh_mod_idx_s_1_v168
1922510026,ve_phantom3_t0_v32
1922523363,packed_mp_veh_mod_idx_s_2_v231
1922535335,f_cl_u_fmf_10_10_t11_v0
1922550352,packed_mp_veh_wheel_type_0_v77
1922670476,pr_pm_gnumber_5_t0_v0
1922672029,packed_mp_veh_mod_idx_s_16_v397
1922860377,m_cl_clo_l2m_dec_11_t100_v0
1923004116,f_cl_clo_bhf_u_3_7_t11_v1
1923067077,f_cl_clo_h3f_l_5_17_t4_v1
1923132025,vem_skirt_2_t13_v3
1923144628,vem_yacht_col_9_v0
1923164456,packed_mp_veh_mod_idx_15_v332
1923165528,f_cl_clo_h2f_f_5_19_t6_v1
1923170026,packed_mp_veh_mod_idx_s_12_v394
1923208497,f_cl_clo_h3f_o_bs_2_t8_v12
1923312709,packed_mp_veh_mod_idx_s_7_v182
1923359624,f_cl_clo_lxf_dec_33_t11_v1
1923395762,packed_ng_vehicle_neon_kit_v224
1923420831,packed_mp_veh_mod_idx_18_v307
1923438411,f_cl_clo_busf_l_1_12_t4_v1
1923463896,fcclub_garg_1_t0_v0
1923481455,m_cl_clo_hstm_u_9_0_t11_v1
1923488780,vem_smod4_whlv134_t66_v0
1923631261,m_cl_clo_stm_ht8_7_t14_v1
1923742396,f_cl_clo_awf_o_d_6_t8_v12
1923757997,vem_bumper_f_3_t34_v1
1923789855,f_cl_clo_l2f_dec_16_t11_v1
1923842152,fa_upgrade_weapons_decor_2_t0_v0
1923878889,packed_mp_veh_colour2_0_v101
1923885889,f_cl_clo_s1f_dec_19_t100_v0
1924025586,m_ta_tat_fm_202_t0_v0
1924072624,vem_trans_1_t16_v3
1924357744,packed_ng_vehicle_insurance_v378
1924499163,f_cl_clo_bhf_u_5_14_t11_v1
1924589995,f_cl_clo_assf_o_5_t8_v12
1924598086,f_cl_clo_bus_p_1_13_t14_v1
1924646662,m_cl_clo_h2m_ph_210_t14_v1
1924656765,f_ta_tat_ie_010_t0_v0
1924743530,vem_supermod_20_2_t61_v11
1924744766,f_ta_tat_bi_059_t0_v0
1924866758,vem_colour_1_mct_metallic_might_purple_t24_v3
1924979573,vem_smod4_whl_23_t19_v3
1925060546,vem_supermod_13_12_t54_v26
1925066069,packed_mp_veh_mod_idx_s_0_v222
1925094333,packed_ng_vehicle_bpt_v202
1925193763,packed_mp_veh_mod_idx_s_9_v339
1925206151,vem_colour_1_mct_matte_black_t24_v4
1925209539,f_cl_clo_bus_m_2_6_t1_v1
1925334699,packed_ng_vehicle_bpt_v170
1925363591,vem_bikew_30_t19_v4
1925396408,packed_mp_veh_colour_extra1_0_v232
1925428707,vem_colour_extra_1_mct_pearlescent_candy_red_t24_v2
1925441483,packed_mp_veh_window_tint_0_v110
1925486728,packed_mp_veh_mod_idx_0_v29
1925529530,f_cl_clo_bhf_decl_19_t11_v1
1925536815,packed_mp_veh_mod_idx_s_1_v19
1925618346,packed_mp_veh_mod_idx_s_2_v108
1925645326,f_cl_u_fmf_13_1_t8_v0
1925656389,packed_mp_veh_colour_extra1_0_v99
1925691021,packed_mp_veh_colour_extra1_0_v267
1925757446,m_cl_clo_x6m_u_20_4_t11_v1
1925780420,f_cl_clo_awf_decl_45_t100_v0
1925840519,packed_mp_veh_primary_colour_group_v342
1925965142,service_earn_casino_heist_award_undetected
1926056723,m_cl_clo_x2m_o_1_t3_v12
1926062300,vem_bumper_f_6_t34_v26
1926063179,packed_mp_veh_mod_idx_s_21_v34
1926225609,packed_mp_veh_mod_var_0_v0
1926315592,f_cl_clo_awf_decl_60_t100_v0
1926337072,m_cl_clo_x6m_f_10_11_t6_v1
1926378535,m_cl_clo_hilf_o_4_t3_v12
1926417781,vem_smod_whlv5_t66_v0
1926583794,f_ta_tat_x6_039_t0_v0
1926604511,vem_horn_cnote_b0_t10_v5
1926607459,hangar_mod_lighting_11_t0_v0
1926632446,wp_gsa_type_r_t0_v63
1926656730,f_cl_clo_ief_u_1_12_t11_v1
1926724835,f_cl_clo_lxf_u_3_1_t11_v1
1926734817,packed_mp_veh_mod_idx_s_5_v255
1926827550,f_cl_clo_suf_u_12_3_t11_v1
1926892280,m_cl_clo_s1m_ph_0_23_t14_v1
1926905839,vem_colour_2_mct_classic_bright_orange_t25_v3
1926971276,vem_supermod_16_3_t57_v39
1927074122,dbase_index_7_t0_v0
1927083180,m_cl_clo_sum_u_17_4_t11_v2
1927177490,m_cl_outfit_clo_x17m_o_m_7_t12_v0
1927241162,vem_smod_whlv36_t66_v3
1927294006,packed_mp_veh_mod_idx_18_v338
1927337468,f_cl_clo_trf_b_3_1_t1_v1
1927404874,f_cl_clo_sbf_u_0_10_t11_v1
1927440913,wp_wct_muzz6_t1_v46_n2
1927456699,vem_horn_clas5_t10_v34
1927463061,packed_mp_veh_mod_idx_22_v266
1927466367,packed_ng_vehicle_neon_v367
1927591068,wp_wct_tint_3_t2_v8_n2
1927670231,packed_mp_veh_primary_colour_group_v4
1927708485,f_cl_clo_h3f_ph_10_3_t14_v1
1927754913,vem_supermod_14_0_t55_v28
1927777552,packed_mp_veh_mod_var_0_v235
1927853986,dec_vw_aw_ss_39b
1927888022,packed_mp_veh_mod_idx_7_v229
1927929439,f_cl_clo_smf_b_8_8_t1_v1
1927936229,f_cl_clo_suf_u_5_8_t11_v1
1928211444,m_cl_l_fmm_0_4_t4_v0
1928231524,vem_supermod_18_10_t59_v27
1928273198,m_cl_clo_x6m_u_10_8_t11_v1
1928330810,f_cl_clo_x6f_ph_1013_t14_v1
1928446646,m_cl_clo_iem_f_0_1_t6_v1
1928509500,f_cl_clo_fxf_o_g_4_t8_v12
1928523349,packed_mp_veh_mod_idx_14_v283
1928711407,vem_colour_1_mct_metallic_lava_red_t24_v3
1928728623,f_cl_clo_hstf_o_16_t11_v12
1928728922,packed_mp_veh_colour_extra1_0_v407
1928785809,packed_mp_veh_mod_idx_s_16_v68
1928843026,vem_colour_extra_1_mct_classic_black_t24_v2
1928850355,packed_mp_veh_colour_extra2_0_v89
1929006196,f_cl_clo_bbf_u_1_1_t8_v1
1929024616,vem_supermod_51_5_t51_v7
1929059686,vem_supermod_12_11_t53_v28
1929212668,f_cl_l_fmf_5_14_t4_v0
1929222247,f_cl_clo_bif_ht_8_9_t14_v1
1929225730,f_cl_clo_ief_b_6_2_t1_v1
1929404910,vem_rwd_suv_01_t19_v0
1929652656,vem_aam_weapon_workshop_0_t0_v0
1929802033,packed_mp_veh_mod_idx_s_10_v194
1929836462,packed_mp_veh_colour_extra2_0_v307
1929843040,packed_mp_veh_mod_idx_14_v314
1929929544,packed_mp_veh_mod_idx_9_v99
1929944208,packed_mp_veh_mod_idx_0_v96
1930086894,vem_colour_2_mct_classic_dark_green_t25_v2
1930090952,m_cl_clo_awm_ph_2_18_t14_v1
1930104729,f_cl_clo_bif_u_9_4_t11_v1
1930136542,m_cl_outfit_clo_awm_o_d_6_t12_v0
1930138748,vem_horn_clas7_t10_v39
1930160584,f_cl_clo_scf_f_0_13_t6_v1
1930265217,packed_mp_veh_mod_idx_4_v28
1930328406,m_cl_clo_busm_t_1_8_t7_v1
1930439992,packed_mp_veh_mod_idx_13_v145
1930581086,packed_mp_veh_mod_idx_s_12_v211
1930602258,m_cl_clo_bim_prw_7_3_t14_v1
1930631215,packed_mp_veh_mod_idx_11_v72
1930666974,vem_smod5_whl_17_t19_v3
1930866952,packed_mp_veh_mod_idx_8_v137
1930868319,f_cl_clo_h3f_l_5_0_t4_v1
1930888815,f_cl_clo_h2f_u_7_8_t11_v1
1930899587,f_cl_outfit_clo_h3f_o_jan_5_t12_v0
1930970944,m_cl_clo_smm_u_4_8_t11_v1
1931138371,packed_mp_veh_secondary_colour_group_v307
1931170222,packed_mp_veh_mod_idx_12_v289
1931259022,packed_mp_veh_mod_idx_10_v81
1931278245,vem_bumper_f_2_t34_v0
1931376536,m_cl_clo_val_decl_r_t100_v0
1931421163,packed_mp_veh_wheel_type_0_v197
1931438714,m_cl_u_fmm_1_0_t8_v0
1931491265,m_cl_clo_x6m_u_26_14_t11_v1
1931510860,packed_mp_veh_mod_idx_11_v397
1931547843,packed_mp_veh_mod_idx_23_v375
1931580802,vem_bumper_r_12_t35_v28
1931663445,m_cl_clo_exm_el_0_5_t4_v1
1931692186,wp_wct_tint_8_t2_v48_n2
1931729587,service_spend_hire_mugger
1931788912,packed_mp_veh_mod_idx_s_1_v237
1931794809,ve_savage_t0_v0
1931839171,f_cl_clo_ief_f_0_6_t6_v1_cesp
1931943687,packed_mp_veh_mod_idx_s_23_v257
1931960279,m_cl_f_fmm_9_8_t6_v0
1932026922,f_cl_outfit_clo_h3f_o_dl_13_t12_v0
1932032854,packed_mp_veh_mod_idx_11_v223
1932040234,packed_mp_veh_mod_idx_s_2_v118
1932141543,m_cl_clo_scm_f_0_11_t6_v1
1932152198,vem_cmod_tyr_5_t18_v30
1932225711,m_cl_clo_iem_u_7_12_t11_v1
1932296675,packed_mp_veh_mod_idx_1_v381
1932308059,packed_ng_vehicle_smoke_v219
1932367515,packed_mp_veh_mod_var_1_v308
1932370092,m_cl_clo_bus_p_1_9_t14_v1
1932378638,m_cl_clo_scm_d_22_7_t10_v1
1932404066,arc_index_4_t0_v0
1932404864,vem_colour_2_mct_metallic_racing_green_t25_v4
1932427645,vem_supermod_55_0_t55_v7
1932494151,m_cl_clo_s2m_o_3_t100_v0
1932503640,m_ta_tat_fm_231_t0_v0
1932554978,vem_colour_2_mct_classic_white_t25_v2
1932584375,vem_smod4_whlv139_t66_v2
1932643936,m_cl_clo_exm_g_9_10_t14_v0
1932672556,packed_mp_veh_mod_idx_22_v161
1932710238,m_cl_clo_h2m_b_3_2_t1_v1
1932733873,f_cl_clo_sbf_f_3_9_t6_v1
1932753904,m_cl_clo_hilf_u_0_4_t11_v1
1932783233,vem_cmod_pla_1_t23_v3
1932856070,vem_cmod_neoncol_4_t21_v1
1933079340,f_cl_clo_trf_u_12_7_t11_v1
1933191646,vem_smod3_whlv41_t66_v3
1933215809,vem_fender_l_7_t36_v38
1933224159,vem_roof_4_t12_v2
1933474780,wp_ps_bag_39_t1_v33
1933505237,vem_armour_5_t1_v34
1933507118,f_ta_tat_x6_046_t0_v0
1933593859,vem_rwd_drft_08_t19_v1
1933595492,f_cl_u_fmf_3_14_t11_v0
1933606995,f_cl_clo_stf_o_10_t11_v12_cesp
1933610682,packed_mp_veh_mod_idx_s_11_v371
1933632023,f_ta_tat_fm_239_t0_v0
1933710349,m_cl_l_fmm_5_14_t4_v0
1933790689,f_cl_clo_h4f_decl_32_t11_v1
1933801086,m_cl_clo_awm_l_0_4_t4_v1
1933860211,packed_mp_veh_mod_idx_s_10_v274
1933934797,vem_hiend_20_t19_v0
1933952379,packed_mp_veh_mod_idx_12_v213
1934015787,packed_mp_veh_mod_idx_s_21_v192
1934111376,vem_hood_6_t9_v6
1934190361,m_cl_clo_hstm_o_10_t3_v12
1934216226,packed_ng_vehicle_smoke_v79
1934290889,packed_mp_veh_window_tint_0_v138
1934380282,wp_wct_camo_7_t1_v9_n2
1934439537,vem_horn_xm15_2_t10_v4
1934473657,packed_mp_veh_mod_idx_s_4_v111
1934498627,vem_supermod_3_43_t44_v11
1934513690,m_cl_clo_sbm_u_9_9_t11_v1
1934517267,packed_mp_veh_mod_idx_s_10_v217
1934593393,f_cl_clo_l2f_t_1_0_t7_v1
1934603722,veu_faction2_t0_v0
1934607547,vem_colour_2_mct_classic_black_steel_t25_v2
1934656420,packed_mp_veh_livery_0_v18
1934659702,vem_brake_1_t2_v34
1934668776,packed_mp_veh_mod_idx_s_14_v69
1934691414,packed_mp_veh_mod_idx_10_v310
1934825517,service_earn_gangops_elite_xm_base
1934869841,vem_exhaust_9_t6_v26
1934948354,mp_stat_mpsv_model_34
1935038194,packed_mp_veh_wheel_type_0_v395
1935078394,vem_smod_whlv65_t66_v0
1935081111,vem_colour_extra_1_mct_classic_galaxy_blue_t24_v4
1935125157,vem_colour_2_mct_classic_rolled_steel_t25_v3
1935294805,packed_mp_veh_mod_idx_4_v300
1935299488,vem_smod_whlv174_t66_v3
1935303001,packed_mp_veh_mod_idx_5_v102
1935303179,f_cl_clo_bif_decl_53_t11_v1
1935321865,m_cl_outfit_clo_h3m_o_dh_14_t12_v0
1935359369,vem_colour_extra_1_mct_pearlescent_creek_brown_t24_v1
1935360570,packed_mp_veh_mod_idx_s_0_v95
1935407921,vem_smod5_whlv28_t66_v3
1935419537,m_cl_f_fmm_8_2_t6_v0
1935897611,packed_mp_veh_mod_idx_22_v411
1936072872,m_cl_clo_sbm_u_11_13_t11_v1
1936075993,kosatk_fla_23_t0_v0
1936194651,packed_mp_veh_colour1_0_v302
1936260092,vem_supermod_12_1_t53_v10
1936334274,packed_mp_veh_mod_idx_s_16_v314
1936341563,vem_supermod_46_19_t46_v7
1936421505,m_cl_clo_smm_b_3_7_t1_v1
1936441618,vem_colour_2_mct_classic_bright_orange_t25_v1
1936695246,vem_suspension_4_t15_v26
1936999598,vem_colour_extra_1_mct_classic_dark_blue_t24_v33
1937186285,packed_mp_veh_mod_idx_6_v112
1937229630,packed_mp_veh_livery_0_v363
1937293058,f_cl_clo_lxf_dec_23_t11_v1
1937324982,packed_mp_veh_mod_idx_s_21_v276
1937340772,m_cl_clo_hilf_o_15_t3_v12
1937348223,packed_mp_veh_mod_idx_s_21_v368
1937649591,packed_mp_veh_mod_idx_12_v342
1937650306,m_cl_clo_fxm_b_0_1_t1_v1
1937742129,f_cl_clo_busf_u_0_7_t11_v1
1937809348,packed_mp_veh_mod_idx_s_10_v4
1937993703,f_cl_clo_busf_l_0_5_t4_v1
1938003702,packed_mp_veh_plate_id_v255
1938061032,f_cl_clo_hp_f_o_2_t3_v12
1938075490,ve_dominator7_t1_v3
1938112537,mp_stat_prodtotalforfactory1_v0
1938219106,packed_mp_veh_mod_idx_s_1_v183
1938245334,vem_colour_extra_1_mct_classic_anthr_black_t24_v3
1938456631,packed_mp_veh_mod_idx_8_v229
1938466455,f_cl_outfit_clo_h4f_o_l2_f1_t12_v0
1938612318,packed_mp_veh_mod_idx_5_v113
1938615067,packed_mp_veh_mod_idx_s_12_v48
1938741523,packed_lr_vehicle_colour_5_v44
1938828407,packed_mp_veh_mod_idx_s_14_v307
1938840512,vem_supermod_20_0_t61_v28
1938841648,m_ha_clo_bim_h_4_0_t0_v0
1939010921,packed_mp_veh_mod_idx_4_v294
1939186546,f_cl_clo_indf_d_1_t11_v1
1939272161,m_cl_clo_h2m_u_3_17_t11_v1
1939353086,f_cl_clo_x2f_b_3_0_t1_v1
1939415062,m_cl_clo_bim_ph_6_8_t14_v1
1939509894,f_cl_g_fmf_11_3_t14_v0_cesp
1939524023,vem_cmod_tyr_0_t31_v5
1939530477,packed_mp_veh_mod_idx_s_4_v68
1939558245,packed_mp_veh_livery_0_v215
1939632462,wp_wct_tint_25_t2_v70_n2
1939655702,vem_supermod_16_4_t57_v7
1939660533,packed_mp_veh_mod_idx_s_9_v267
1939807481,packed_mp_veh_mod_idx_0_v308
1939917300,mp_stat_mpsv_model_414
1939948974,packed_mp_veh_mod_idx_22_v185
1939960826,m_cl_clo_smm_b_5_7_t1_v1
1939983674,vem_cmod_airhorn_03_t10_v1
1940088563,f_cl_clo_h3f_ph_8_1_t14_v1
1940163007,m_cl_clo_h3m_o_ff_1_t3_v12
1940237808,m_ta_tat_st_010_t0_v0
1940295812,m_cl_clo_grm_decl_31_t100_v0
1940339894,packed_mp_veh_mod_idx_s_18_v175
1940352595,vem_colour_5_race_yellow_t38_v3
1940475798,f_cl_clo_sbf_pe_1_2_t14_v1
1940504346,f_cl_clo_fxf_u_4_20_t11_v1
1940545383,f_cl_outfit_clo_h3f_o_sl_24_t12_v0
1940549341,packed_mp_veh_mod_idx_24_v100
1940605279,vem_colour_mct_none_3
1940694923,mp_stat_bunker_staff_v0
1940724139,m_ta_tat_bi_036_t0_v0_cesp
1940750425,wp_wct_no_liv_t1_v8_n2
1940791312,ve_speedo2_t1_v0
1940822290,vem_hood_11_t9_v38
1940862352,service_spend_match_entry_fee
1940933920,vem_suspension_5_t15_v3
1941008082,packed_mp_veh_livery_0_v44
1941019265,m_cl_clo_x6m_u_22_5_t11_v1
1941084242,packed_mp_veh_mod_idx_23_v390
1941151177,ve_blimp3_t1_v5
1941163220,f_ta_tat_vw_006_t0_v0
1941179849,packed_mp_veh_mod_idx_s_7_v225
1941203544,m_cl_clo_smm_u_2_1_t11_v1
1941288284,mp_stat_prop_office_gar2_lighting_v0
1941352073,kosatk_fla_11_t0_v1
1941356658,f_cl_clo_lxf_u_3_4_t11_v1
1941371449,vem_smod4_whlv104_t66_v1
1941402071,packed_ng_vehicle_bpt_v77
1941404216,m_cl_clo_vwm_u_21_20_t11_v1
1941531990,f_cl_clo_grf_b_3_2_t1_v1
1941570214,service_spend_pa_service_heli_pickup
1941587804,vem_horn_cnote_d0_t10_v4
1941589123,f_cl_clo_awf_b_3_0_t1_v1
1941623554,packed_mp_veh_mod_idx_s_23_v381
1941641813,vem_smod2_whlv55_t66_v3
1941695552,m_cl_clo_bhm_f_1_5_t6_v1
1941745583,vem_rwd_offr_02_t19_v1
1941756102,f_cl_clo_x6f_l_0_24_t4_v1
1941827051,packed_mp_veh_mod_idx_4_v226
1941948904,ve_seminole2_t0_v3
1941967657,packed_ng_vehicle_smoke_v247
1942055134,m_cl_clo_iem_u_7_9_t11_v1
1942202511,f_cl_clo_vwf_u_20_1_t11_v1
1942391646,packed_mp_veh_mod_idx_6_v233
1942452023,m_cl_clo_hp_f_0_8_t6_v1
1942606617,packed_mp_veh_mod_idx_s_20_v144
1942701422,m_cl_clo_fxm_pe_5_4_t14_v1
1942765798,m_cl_clo_h3m_l_5_1_t4_v1
1942775265,packed_mp_veh_mod_idx_10_v1
1942796740,f_cl_clo_suf_u_7_3_t11_v1
1942851943,packed_mp_veh_mod_idx_s_1_v106
1942886714,f_cl_clo_h2f_b_8_13_t1_v1
1942897597,f_cl_clo_grf_decl_36_t100_v0
1942925236,vem_smod4_whlv14_t66_v2
1942962809,f_cl_clo_s2f_o_5_t3_v12
1943043507,f_cl_clo_v2f_u_2_0_t11_v1
1943052296,vem_supermod_20_6_t61_v26
1943180716,vem_horn_cnote_a0_t10_v7
1943204048,vem_supermod_50_12_t50_v7
1943295508,f_cl_clo_fxf_u_9_6_t11_v1
1943295776,packed_ng_vehicle_insurance_v111
1943355159,vem_supermod_11_11_t52_v26
1943368731,vem_colour_extra_1_mct_classic_blue_t24_v33
1943707195,m_cl_clo_grm_ph_3_10_t14_v1
1943707576,hangar_index_0_t0_v0
1943709644,packed_mp_veh_colour_extra1_0_v18
1943720967,m_cl_clo_fxm_u_2_16_t11_v1
1943789917,m_cl_clo_awm_o_h_0_t3_v12
1943816092,mp_stat_dbase_personal_quarters_v0
1943870293,wp_wct_camo_9_t1_v8_n2
1943928036,m_cl_clo_x6m_l_0_11_t4_v1
1943956027,m_cl_clo_fxm_pe_0_0_t14_v1
1943961616,f_cl_clo_grf_b_0_9_t1_v1
1943979501,vem_cmod_win_2_t33_v1
1944102379,f_cl_t_fmf_6_0_t7_v0
1944184454,vem_smod4_whlv30_t66_v1
1944188886,vem_rwd_hiend_09_t19_v0
1944206306,packed_mp_veh_colour_extra1_0_v253
1944236841,f_cl_u_fmf_9_1_t11_v0
1944324091,wp_wct_c_tint_23_t2_v47_n2
1944345251,packed_mp_veh_mod_idx_4_v75
1944347989,packed_mp_veh_colour2_0_v403
1944377726,packed_ng_vehicle_bpt_v324
1944443209,packed_mp_veh_primary_colour_group_v139
1944549650,f_cl_clo_x6f_f_6_17_t6_v1
1944551172,f_cl_u_fmf_14_9_t11_v0
1944567345,m_cl_clo_bim_ph_6_9_t14_v1
1944651530,packed_mp_veh_mod_idx_s_23_v139
1944653639,packed_mp_veh_mod_idx_1_v168
1944729601,packed_mp_veh_mod_idx_7_v127
1944734865,vem_horn_cnote_f0_t10_v6
1944736912,packed_mp_veh_plate_id_v201
1944783192,vem_chassis_3_n1_t4_v33
1944796921,vem_supermod_8_12_t49_v3
1944814261,m_cl_clo_grm_ph_2_1_t14_v1
1944838117,wp_wct_tint_20_t2_v8_n2
1944861590,vem_cmod_tyr_4_t18_v28
1944912523,vem_supermod_19_2_t60_v38
1944963795,m_cl_clo_h4m_ph_0_3_t14_v1
1945070376,f_cl_clo_ief_l_4_6_t4_v1
1945078059,f_ha_clo_bus_f_h_0_0_t0_v1
1945158442,vem_supermod_7_0_t48_v27
1945192390,packed_mp_veh_mod_idx_12_v261
1945252001,f_cl_clo_exf_al_9_0_t4_v1
1945260759,m_cl_clo_h2m_u_6_7_t11_v1
1945288074,f_cl_clo_suf_decl_13_t11_v1
1945531219,packed_lr_vehicle_colour_5_v346
1945628009,packed_mp_veh_wheel_type_0_v300
1945635348,vem_rwd_hiend_04_t19_v1
1945646371,f_cl_clo_stf_l_3_3_t4_v1
1945661118,f_ta_tat_fx_017_t0_v0
1945680722,vem_smod_whlv207_t66_v3
1945705041,wp_wm_tint4_t2_v49
1945767255,ve_warrener2_t1_v3
1945785422,vem_rwd_spt_15_t19_v1
1945858512,packed_mp_veh_wheel_type_0_v342
1945861783,ve_minivan_t1_v0
1945990217,packed_mp_veh_primary_colour_group_v204
1946018383,f_cl_clo_ief_l_3_2_t4_v1
1946208540,f_cl_clo_scf_ey_0_25_t14_v1
1946215744,packed_mp_veh_colour1_0_v67
1946228723,packed_mp_veh_wheel_type_0_v170
1946244051,vem_supermod_23_24_n1_t64_v33
1946419093,m_cl_clo_bhm_decl_35_t100_v0
1946502286,f_cl_clo_bhf_decl_5_t11_v1
1946579435,ve_euros_t1_v3
1946644402,m_cl_clo_bbm_e_0_6_t14_v1
1946771740,packed_ng_vehicle_insurance_v375
1946854067,packed_lr_vehicle_colour_6_v232
1947006523,f_cl_clo_bif_s_17_11_t8_v1
1947090584,m_cl_clo_sum_decl_7_t100_v0
1947141669,multistorey_garage_tint_10_v0
1947482455,m_cl_clo_sbm_l_0_15_t4_v1
1947510502,f_cl_he_fmf_16_5_t14_v0
1947728440,packed_ng_vehicle_neon_v4
1947888037,f_cl_clo_fxf_u_13_3_t11_v1
1947957064,ve_scorcher_t0_v4
1947970837,f_cl_clo_vwf_b_10_3_t1_v1
1947981287,packed_mp_veh_mod_idx_5_v60
1947991114,f_cl_u_fmf_13_2_t11_v0
1948008529,f_cl_outfit_clo_h3f_o_sl_31_t12_v0
1948089790,vem_supermod_23_4_t64_v34
1948102096,service_spend_request_job
1948122299,packed_mp_veh_primary_colour_group_v45
1948204921,vem_supermod_2_1_t43_v6
1948290324,m_cl_outfit_clo_awm_o_e_2_t12_v0
1948315397,m_cl_clo_sum_u_4_4_t11_v1
1948349082,f_cl_clo_ief_b_3_1_t1_v1
1948403739,packed_mp_veh_mod_idx_1_v320
1948417182,vem_supermod_56_7_t56_v7
1948446998,packed_ng_vehicle_bpt_v351
1948447855,vem_colour_1_mct_classic_spin_purple_t24_v4
1948547366,mp_stat_mpsv_model_220
1948561430,wp_wm_tint2_t2_v86
1948734931,f_cl_clo_hstf_s_6_9_t8_v1
1948769871,wp_wct_muzz1_t1_v46_n2
1948770579,vem_colour_1_mct_metallic_shadow_silver_t24_v3
1948869719,vem_rwd_loride_06_t19_v0
1948888639,vem_colour_2_mct_classic_galaxy_blue_t25_v3
1948950818,packed_mp_veh_mod_idx_11_v91
1948997355,m_cl_clo_grm_u_16_24_t11_v1
1949007181,m_cl_u_fmm_6_4_t11_v0
1949102275,m_cl_clo_smm_ph_0_12_t14_v1
1949122454,f_cl_clo_exf_au_16_0_t11_v1
1949136539,packed_mp_veh_mod_idx_s_16_v233
1949147151,m_cl_clo_h4m_decl_53_t100_v0
1949287066,f_cl_clo_stf_o_8_t8_v12
1949323404,vem_bumper_f_5_t34_v38
1949366971,vem_offr_09_t19_v12
1949379141,dec_vw_aw_ls_14f
1949721662,f_cl_clo_bbf_p3_1_t14_v1
1949823673,mp_stat_mpsv_model_242
1949830632,f_cl_clo_indf_u_1_1_t11_v1
1949859909,f_cl_clo_smf_u_1_9_t11_v1
1949873127,packed_mp_veh_mod_idx_11_v147
1950031368,f_cl_clo_exf_eu_12_2_t11_v1
1950112672,vem_supermod_20_0_t61_v36
1950288383,m_ta_tat_fm_213_t0_v0
1950305669,packed_mp_veh_livery_0_v265
1950466630,vem_smod3_whlv103_t66_v3
1950704891,packed_mp_veh_mod_idx_s_21_v57
1950743120,vem_supermod_4_5_t45_v27
1950767565,packed_mp_veh_mod_var_0_v60
1950775049,packed_mp_veh_mod_idx_s_16_v231
1950803676,f_cl_clo_busf_u_0_5_t11_v1
1950908783,vem_supermod_7_17_t48_v3
1950915809,f_cl_clo_suf_u_20_8_t11_v1
1950932331,m_cl_clo_vwm_ph_1_5_t14_v1
1950966273,f_cl_clo_fxf_l_1_20_t4_v1
1950974821,packed_mp_veh_mod_idx_s_20_v309
1951003923,m_cl_clo_sum_u_14_4_t11_v1
1951015456,vem_smod4_whlv85_t66_v1
1951123855,f_cl_clo_ief_l_7_13_t4_v1
1951134773,packed_lr_vehicle_colour_5_v92
1951227012,f_cl_clo_x6f_l_7_7_t4_v1
1951283547,vem_rwd_spt_22_t19_v12
1951344418,vem_smod2_whlv23_t66_v3
1951359567,packed_mp_veh_mod_var_1_v285
1951381925,f_cl_clo_bhf_u_0_3_t11_v1
1951416762,vem_smod4_whlv200_t66_v2
1951486250,f_cl_clo_fxf_l_3_21_t4_v1
1951582428,packed_mp_veh_mod_idx_s_12_v140
1951588662,m_cl_clo_vwm_s_2_8_t8_v1
1951639462,packed_mp_veh_mod_idx_s_19_v68
1951691309,packed_mp_veh_mod_idx_3_v211
1951838988,packed_mp_veh_livery_0_v177
1951948339,m_cl_clo_fxm_pe_0_10_t14_v1
1951948860,packed_mp_veh_mod_idx_s_4_v327
1952021201,f_cl_clo_x6f_f_10_2_t6_v1
1952071788,f_cl_clo_grf_u_22_8_t11_v1
1952148969,packed_mp_veh_mod_idx_13_v295
1952164676,packed_mp_veh_mod_idx_s_17_v326
1952374560,packed_mp_veh_mod_idx_13_v289
1952409463,vem_colour_1_mct_metallic_ultra_blue_t24_v0
1952414652,vem_cmod_hrn_cop_t10_v3
1952444964,vem_supermod_10_0_t51_v10
1952528153,vem_cmod_pla_3_t23_v39
1952565763,packed_mp_veh_mod_idx_s_11_v101
1952643559,service_earn_gangops_rival_delivery
1952681559,f_cl_clo_indf_d_19_t8_v1
1952691676,f_cl_clo_bbf_p1_1_t14_v1
1952794545,packed_mp_veh_mod_idx_8_v43
1952989453,packed_mp_veh_mod_idx_s_7_v350
1953065724,packed_mp_veh_mod_idx_9_v302
1953088472,wh_index_10_t0_v0
1953108598,pr_pm_font_8_t1_v0
1953205540,wp_wct_c_tint_19_t2_v48_n2
1953268147,m_cl_clo_val_decl_e_t11_v1
1953271929,vem_supermod_0_15_t41_v3
1953333950,vem_supermod_19_0_t60_v26
1953403095,m_cl_l_fmm_4_0_t4_v0
1953430773,vem_insurance_fcr
1953511536,packed_mp_veh_mod_idx_18_v274
1953788430,fchub_mod6_0_t0_v0
1953797260,vem_smod_whl2_t19_v12
1953798762,m_cl_clo_vwm_l_3_22_t4_v1
1953801454,vem_bumper_f_3_t34_v29
1953830551,packed_mp_veh_mod_idx_s_19_v374
1953831291,packed_mp_veh_mod_idx_s_19_v387
1953855156,vem_supermod_21_1_t62_v26
1953858928,vem_supermod_60_17_t60_v7
1953960658,f_cl_clo_hstf_s_8_3_t8_v1
1953990843,vem_insurance_avenger
1954042092,vem_chassis_4_t4_v0
1954071411,m_cl_clo_bbm_u_1_2_t8_v2
1954174285,packed_lr_vehicle_colour_6_v163
1954193524,vem_supermod_41_2_t41_v7
1954250007,ve_tigon_t0_v3
1954346676,m_cl_clo_awm_ph_1_1_t14_v1
1954374029,packed_mp_veh_mod_idx_13_v263
1954376322,packed_mp_veh_mod_idx_0_v222
1954447546,f_ta_tat_h27_018_t0_v0
1954483739,packed_mp_veh_mod_var_1_v81
1954687624,f_cl_clo_h4f_decl_59_t11_v1
1954830364,packed_mp_veh_mod_idx_s_21_v209
1954865988,packed_mp_veh_mod_idx_s_10_v248
1954934929,packed_mp_veh_mod_idx_s_17_v180
1954999711,f_cl_clo_ief_o_12_t3_v12_cesp
1955070621,packed_mp_veh_mod_idx_s_7_v297
1955074216,f_cl_clo_s2f_d_15_t11_v1
1955088768,vem_supermod_16_11_t57_v7
1955179127,packed_mp_veh_mod_idx_s_18_v377
1955205041,packed_mp_veh_mod_idx_s_19_v356
1955216812,f_cl_clo_scf_u_25_2_t11_v1
1955246852,m_ha_clo_fxm_h_0_0_t0_v2
1955281224,f_cl_clo_sbf_l_3_1_t4_v1
1955290872,packed_mp_veh_mod_idx_s_20_v227
1955362018,packed_mp_veh_mod_idx_s_12_v54
1955402229,packed_mp_veh_mod_idx_s_7_v413
1955404096,f_ha_cc_eyebrw_31_t2_v1
1955410661,packed_mp_veh_mod_idx_12_v358
1955606599,f_cl_clo_bif_u_33_2_t11_v1
1955610683,vem_smod4_whlv126_t66_v2
1955645473,pr_pm_bfont_1_t1_v0
1955682691,vem_smod2_whlv17_t66_v3
1955703940,vem_cmod_neoncol_0_t21_v29
1955836702,f_cl_clo_hp_f_d_6_t8_v1
1955939615,vem_horn_hips1_t10_v35
1955957534,vem_horn_hween2_t10_v3
1956002385,f_cl_clo_x4f_u_8_1_t11_v1
1956082194,packed_mp_veh_mod_idx_s_2_v329
1956123872,packed_lr_vehicle_colour_5_v101
1956136140,ve_annihl_t1_v0
1956150635,m_cl_clo_bim_decl_31_t11_v1
1956153832,packed_mp_veh_plate_id_v41
1956190410,vem_supermod_50_4_t50_v7
1956207386,m_cl_clo_iem_b_10_1_t1_v1
1956212511,packed_ng_vehicle_bpt_v32
1956214619,vem_supermod_7_2_t48_v11
1956374217,vem_exhaust_10_t6_v3
1956423676,vem_supermod_3_8_t44_v7
1956528306,packed_mp_veh_mod_idx_16_v373
1956606899,mp_stat_mpsv_model_97
1956659561,f_cl_clo_bbf_u_1_0_t11_v1
1956666719,vem_supermod_5_15_t46_v3
1956760624,m_cl_clo_vwm_u_8_15_t11_v1
1956808516,packed_mp_veh_primary_colour_group_v317
1956894459,m_cl_clo_bhm_u_11_1_t11_v1
1956945234,m_cl_clo_hp_u_4_0_t11_v1
1957012095,vem_smod_whlv77_t66_v3
1957036381,packed_mp_veh_mod_idx_15_v160
1957138036,vem_suv_16_t19_v0
1957243513,m_cl_clo_s1m_l_1_1_t4_v1
1957377160,m_cl_clo_bhm_u_1_0_t11_v1
1957425448,packed_mp_veh_mod_idx_24_v106
1957460074,packed_mp_veh_colour2_0_v366
1957475999,packed_mp_veh_mod_idx_11_v164
1957480674,m_cl_g_fmm_15_7_t14_v0
1957492665,vem_musc_09_t19_v12
1957545449,ve_inductor_t0_v4
1957546916,packed_mp_veh_mod_idx_s_23_v22
1957583589,wp_wm_tint6_t2_v24
1957593075,f_cl_clo_smf_b_2_5_t1_v1
1957613922,vem_colour_1_mct_classic_bright_orange_t24_v4
1957684651,packed_ng_vehicle_bpt_v4
1957720982,packed_mp_veh_mod_idx_s_15_v136
1957857388,packed_mp_veh_mod_idx_16_v290
1957873575,m_cl_clo_hstmb_22_21_t1_v1
1957914014,f_cl_clo_trf_u_6_6_t11_v1
1957989996,vem_colour_extra_1_mct_classic_maple_brown_t24_v3
1958093398,vem_spoiler_10_t14_v38
1958169298,f_cl_clo_lxf_u_3_10_t11_v1
1958180715,m_cl_clo_apm_u_23_3_t11_v1
1958224247,packed_mp_veh_mod_idx_6_v123
1958232080,m_cl_clo_x6m_f_0_0_t6_v1
1958236434,packed_mp_veh_secondary_colour_group_v361
1958237273,m_ha_cc_blush_27_t5_v0
1958256875,ve_freecrawler_t0_v3
1958358616,m_cl_clo_x6m_u_1_24_t11_v1
1958369916,f_cl_clo_bif_s_16_18_t8_v1
1958414610,vem_supermod_5_8_t46_v3
1958563085,packed_ng_vehicle_neon_v279
1958598966,ve_sabregt_t0_v0
1958603375,vem_supermod_23_12_t64_v3
1958616379,f_cl_clo_grf_l_2_0_t4_v1
1958669411,packed_mp_veh_mod_idx_s_13_v137
1958728027,ve_dune_t0_v0
1958806769,packed_mp_veh_mod_idx_s_0_v161
1958826436,packed_mp_veh_mod_idx_s_20_v150
1958843759,m_cl_clo_smm_b_0_5_t1_v1
1958848155,m_cl_clo_stm_ht15_9_t14_v1
1958937711,vem_supermod_14_13_t55_v28
1959037391,f_cl_clo_ief_u_7_3_t11_v1
1959093552,f_cl_clo_awf_f_7_3_t6_v1
1959120887,kosatk_fla_3_t0_v1
1959138192,packed_mp_veh_mod_idx_6_v359
1959171175,f_cl_clo_vwf_u_20_15_t11_v1
1959235057,vem_insurance_insurgent3
1959272574,packed_mp_veh_mod_idx_s_16_v313
1959373706,packed_mp_veh_colour1_0_v386
1959391039,vem_insurance_tahoma
1959419226,packed_lr_vehicle_colour_5_v68
1959488832,wp_wct_holo_t1_v56_n2
1959669930,packed_mp_veh_mod_idx_s_10_v340
1959702958,packed_mp_veh_mod_idx_s_16_v104
1959705404,vem_cmod_pla_3_t23_v29
1959721632,packed_mp_veh_mod_idx_s_2_v22
1959723765,packed_mp_veh_plate_id_v290
1959738307,vem_smod_whlv91_t66_v3
1959788839,vem_trans_2_t16_v1
1959902413,packed_mp_veh_colour_extra1_0_v288
1960160115,f_cl_clo_h2f_b_4_17_t1_v1
1960203630,packed_mp_veh_wheel_type_0_v359
1960249644,vem_engine_2_t5_v7
1960267208,wp_wct_barr_t1_v46_n2
1960293266,m_ha_clo_fxm_h_0_0_t0_v0
1960358041,f_cl_clo_busf_u_2_9_t11_v1
1960408036,packed_mp_veh_mod_idx_s_15_v134
1960464384,m_ha_cc_mkup_76_t5_v0
1960479695,m_cl_u_fmm_9_3_t8_v0
1960497255,vem_colour_2_mct_metallic_chocolate_brown_t25_v4
1960515068,f_cl_clo_vwf_d_1_4_t10_v1
1960590492,vem_cmod_neonlay_1_t21_v1
1960599345,packed_mp_veh_mod_idx_s_1_v29
1960639814,ve_cruiser_t0_v4
1960711451,vem_colour_1_mct_classic_sea_green_t24_v4
1960737638,packed_mp_veh_colour2_0_v346
1960922218,packed_mp_veh_mod_idx_s_23_v155
1960925622,m_cl_clo_indm_d_8_t100_v0
1961195891,packed_mp_veh_mod_idx_s_9_v184
1961216159,f_cl_clo_vwf_u_13_4_t11_v1
1961293062,mp_stat_fixer_hq_safe_cash_value_v0
1961303802,vem_bumper_r_16_t35_v6
1961373894,packed_mp_veh_plate_id_v189
1961468479,packed_mp_veh_mod_idx_s_17_v66
1961582382,m_cl_clo_h4m_o_h2_m2_t3_v12
1961619006,packed_mp_veh_mod_idx_0_v390
1961641934,service_earn_ambient_job_hot_target_kill
1961688514,vem_skirt_3_t13_v4
1961771259,hangar_mod_lighting_18_t0_v0
1961873312,f_cl_clo_ief_b_6_3_t1_v1
1961890242,wp_gsa_type_r_t0_v82
1961912119,vem_hood_0_t9_v2
1961943013,f_cl_clo_hstf_o_14_t8_v12
1961985583,vem_smod_whlv170_t66_v3
1962024026,vem_cmod_neoncol_10_t21_v2
1962167141,f_cl_clo_sbf_u_22_2_t11_v1
1962236977,packed_mp_veh_mod_idx_s_1_v405
1962355283,f_cl_clo_grf_b_4_13_t1_v1
1962449292,packed_mp_veh_mod_idx_0_v31
1962647767,vem_spt_25_t19_v12
1962719476,packed_mp_veh_livery_0_v130
1962820500,packed_mp_veh_mod_idx_s_4_v373
1962840014,f_cl_clo_fxf_u_5_3_t11_v1
1962929151,ve_minivan2_t0_v0
1962959527,packed_ng_vehicle_bpt_v187
1962978812,f_cl_clo_awf_u_10_4_t11_v1
1963049171,vem_spt_13_t19_v0
1963120813,packed_mp_veh_mod_idx_s_4_v19
1963171840,m_ha_cc_mkup_1_t7_v1
1963176095,m_cl_clo_bhm_u_0_2_t11_v1
1963250382,vem_smod_whlv145_t66_v0
1963301373,vem_horn_xm15_1_t10_v7
1963301398,packed_mp_veh_mod_idx_s_9_v81
1963396583,vem_supermod_50_11_t50_v7
1963480538,vem_horn_hips4_t10_v35
1963500885,vem_horn_clas1_t10_v33
1963530602,f_cl_clo_s2f_u_6_6_t11_v1
1963537276,packed_ng_vehicle_smoke_v220
1963619686,packed_mp_veh_mod_idx_3_v117
1963621014,packed_mp_veh_mod_idx_s_7_v217
1963716277,m_cl_clo_bbm_u_2_5_t11_v1
1963760890,vem_supermod_15_12_t56_v27
1963774112,packed_mp_veh_mod_idx_s_9_v379
1963774670,packed_ng_vehicle_neon_kit_v287
1963788357,packed_mp_veh_mod_idx_s_19_v121
1963818448,vem_rwd_drft_01_t19_v12
1963825643,packed_mp_veh_mod_idx_s_17_v254
1964002204,packed_mp_veh_mod_idx_s_22_v328
1964048218,packed_mp_veh_colour_extra2_0_v338
1964053887,packed_ng_vehicle_smoke_v241
1964213968,f_cl_clo_suf_l_1_14_t4_v1
1964249593,f_cl_clo_h3f_ph_9_2_t14_v1
1964304961,vem_fender_l_6_t36_v26
1964326784,vem_smod4_whlv31_t66_v2
1964476021,packed_ng_vehicle_neon_v193
1964490019,f_cl_clo_s2f_u_9_0_t100_v0
1964609987,vem_smod4_whlv81_t66_v1
1964669756,f_cl_clo_suf_u_18_6_t11_v1
1964682287,packed_mp_veh_mod_idx_s_10_v299
1964762193,f_cl_clo_sbf_u_18_21_t11_v1
1964763448,packed_mp_veh_wheel_type_0_v228
1964793532,ve_jetmax_t1_v1
1964796221,f_cl_clo_x6f_l_7_4_t4_v1
1964865555,m_cl_clo_lxm_dec_4_t11_v1
1964875027,vem_cmod_tyr_8_t18_v33
1964898168,vem_supermod_13_0_t54_v35
1964948929,m_cl_t_fmm_10_2_t7_v0
1964974049,m_cl_clo_smm_b_7_11_t1_v1
1964982420,f_cl_clo_h4f_b_1_7_t1_v1
1965006816,packed_mp_veh_mod_idx_11_v83
1965104860,f_cl_clo_h3f_o_bs_6_t4_v12
1965196628,packed_mp_veh_mod_idx_s_19_v119
1965243631,m_cl_clo_sum_u_15_12_t11_v1
1965272626,f_cl_clo_fxf_l_0_0_t4_v1
1965282051,f_cl_clo_grf_u_10_16_t11_v1
1965317104,f_cl_ht_fmf_7_4_t14_v0
1965332679,vem_smod5_whl_20_t19_v3
1965412822,packed_mp_veh_mod_idx_s_3_v70
1965418826,m_cl_outfit_clo_h3m_o_sl_31_t12_v0
1965464462,packed_mp_veh_mod_idx_s_8_v115
1965468593,vem_supermod_6_0_t47_v38
1965550602,f_cl_clo_hp_f_d_12_t11_v1
1965619958,pr_pm_modshop_12_t89_v0
1965649020,f_cl_clo_h3f_o_dh_12_t8_v12
1965652970,vem_colour_1_mct_classic_cabernet_red_t24_v2
1965687911,f_cl_clo_bhf_u_19_11_t11_v1
1965704691,vem_cmod_tyr_7_t18_v11
1965735748,f_cl_clo_pif_ht_0_0_t14_v1
1965737000,vem_colour_1_mct_metallic_straw_brown_t24_v1
1965800876,vem_supermod_13_16_t54_v3
1965953954,packed_mp_veh_mod_idx_23_v187
1965956884,wp_wct_c_tint_8_t2_v47_n2
1965965615,vem_colour_extra_1_mct_pearlescent_creek_brown_t24_v2
1966022874,packed_mp_veh_mod_idx_s_22_v242
1966026360,wp_gsa_type_g_t0_v26
1966267159,vem_colour_2_mct_matte_matte_foil_t25_v33
1966316116,packed_mp_veh_mod_idx_23_v386
1966369667,m_cl_clo_h2m_b_5_7_t1_v1
1966400551,packed_mp_veh_mod_idx_11_v105
1966433324,m_cl_clo_fxm_pe_1_4_t14_v1
1966563676,vem_skirt_10_t13_v27
1966618238,packed_mp_veh_mod_var_0_v289
1966633543,m_cl_clo_grm_ph_2_22_t14_v1
1966703116,m_ta_tat_bi_041_t0_v0_cesp
1966762638,packed_mp_veh_mod_idx_3_v170
1966789708,packed_mp_veh_mod_idx_s_20_v345
1966797260,f_cl_clo_hp_f_g_0_7_t14_v1
1966858600,m_cl_clo_awm_b_8_11_t1_v1
1966865068,vem_supermod_61_20_t61_v7
1966871981,packed_mp_veh_mod_idx_1_v241
1966947416,packed_mp_veh_mod_idx_s_8_v299
1966995082,m_cl_outfit_clo_stm_o_6_t12_v0
1967051562,packed_ng_vehicle_neon_kit_v283
1967124489,f_cl_outfit_clo_h3f_o_sl_25_t12_v0
1967130509,f_cl_clo_x6f_t_10_4_t7_v1
1967234315,packed_mp_veh_mod_idx_s_18_v329
1967234960,f_cl_clo_smf_f_0_3_t6_v1
1967249463,ve_akuma_t0_v4
1967250255,packed_ng_vehicle_neon_v208
1967315565,m_cl_clo_smm_u_0_7_t11_v1
1967343172,packed_mp_veh_secondary_colour_group_v264
1967385415,packed_mp_veh_mod_idx_s_6_v339
1967459184,packed_mp_veh_mod_idx_s_3_v103
1967488008,packed_lr_vehicle_colour_5_v285
1967537279,f_cl_clo_bif_u_5_0_t11_v1
1967630413,f_cl_clo_exf_eu_11_1_t11_v1
1967641851,vem_loride_09_t19_v1
1967666623,m_cl_clo_x2m_t_0_0_t7_v1
1967719295,f_cl_clo_s2f_d_11_t100_v0
1967726037,packed_mp_veh_mod_idx_9_v196
1967743609,packed_mp_veh_mod_idx_s_10_v269
1967749090,vem_colour_1_mct_matte_grey_t24_v2
1967806705,f_cl_clo_s1f_o_0_t8_v12
1967852738,f_cl_clo_bif_u_22_3_t11_v1
1967868258,f_cl_clo_bif_u_9_1_t11_v1
1967894003,vem_colour_extra_1_mct_pearlescent_gold_t24_v3
1967929292,pr_mp_prop_94_t0_v0
1967972311,packed_lr_vehicle_colour_5_v57
1968005673,f_cl_clo_valf_u_0_4_t11_v1
1968017807,vem_engine_2_t5_v34
1968157696,m_cl_clo_fxm_l_5_11_t4_v1
1968252574,vem_rwd_hiend_11_t19_v2
1968256550,packed_mp_veh_mod_idx_7_v284
1968289343,f_cl_outfit_clo_h2f_o_g_14_t12_v0
1968293074,packed_mp_veh_mod_idx_s_3_v32
1968326410,packed_mp_veh_window_tint_0_v316
1968340450,ve_draugur_t1_v3
1968346699,m_cl_clo_grm_f_1_3_t6_v1
1968405711,wp_wct_supp_t1_v46
1968422170,packed_mp_veh_mod_idx_18_v187
1968443313,f_ta_tat_fx_023_t0_v0
1968463398,f_cl_clo_bhf_u_9_2_t11_v1
1968615059,packed_mp_veh_mod_idx_18_v355
1968692547,f_cl_clo_bhf_u_2_11_t11_v1
1968715406,vem_colour_extra_1_mct_chrome_chrome_t24_v0
1968759638,packed_mp_veh_wheel_type_0_v284
1968868954,packed_mp_veh_mod_idx_23_v357
1968956847,packed_mp_veh_mod_idx_s_9_v282
1968968276,m_cl_clo_awm_u_10_5_t11_v1
1968978058,packed_mp_veh_mod_idx_s_8_v232
1968988283,f_cl_clo_stf_u_5_7_t11_v1
1969168043,m_cl_clo_h3m_ph_9_2_t14_v1
1969173644,vem_cmod_tyr_3_t18_v30
1969213995,f_cl_clo_grf_l_3_1_t4_v1
1969218453,packed_mp_veh_mod_idx_s_15_v272
1969247148,mp_stat_ie_wh_owned_vehicle_10_v0
1969273555,m_cl_clo_hp_l_1_8_t4_v1
1969356463,packed_mp_veh_mod_idx_4_v266
1969489807,packed_mp_veh_primary_colour_group_v306
1969555629,f_cl_f_fmf_9_1_t6_v0
1969609736,packed_lr_vehicle_colour_6_v124
1969722212,packed_mp_veh_mod_idx_1_v176
1969740421,wp_wct_muzz5_t1_v46_n2
1969757800,vem_supermod_8_9_t49_v27
1969870587,vem_musc_06_t19_v3
1969871397,vem_rwd_spt_06_t19_v0
1970069502,f_cl_clo_fxf_ph_7_3_t14_v1
1970101762,packed_mp_veh_mod_idx_23_v231
1970127946,packed_mp_veh_mod_idx_12_v130
1970139703,packed_mp_veh_mod_idx_15_v224
1970200023,wp_wct_clip_ex_t1_v21_n2
1970320684,f_cl_ht_fmf_5_3_t14_v0
1970565592,packed_mp_veh_colour_extra2_0_v91
1970609077,ve_phoenix_t0_v0
1970713806,m_cl_clo_h3m_l_4_4_t4_v1
1970773856,m_cl_outfit_o_fmm_s5_t12_v0
1970861861,packed_mp_veh_mod_idx_s_2_v312
1970864199,f_ha_cc_blush_6_t6_v1
1970882587,vem_colour_extra_1_mct_pearlescent_bison_brown_t24_v0
1970912337,vem_supermod_21_0_t62_v7
1971012014,f_cl_clo_scf_u_4_25_t11_v1
1971148939,f_cl_clo_scf_u_4_12_t11_v1
1971149746,m_cl_clo_h4m_prw_0_5_t14_v1
1971494400,f_cl_clo_bhf_decl_6_t11_v1
1971667986,vem_grill_0_t8_v31_n0
1971730255,packed_mp_veh_window_tint_0_v228
1971917741,packed_mp_veh_mod_var_1_v182
1971994434,packed_mp_veh_mod_idx_s_16_v333
1972074326,f_cl_clo_l2f_u_7_10_t11_v1
1972151447,m_cl_clo_grm_decl_13_t11_v1
1972260193,vem_sub_heli_c_16
1972267139,packed_mp_veh_mod_idx_s_10_v210
1972299010,m_cl_clo_stm_o_7_t11_v12
1972317002,m_cl_l_fmm_1_5_t4_v0
1972344896,vem_supermod_56_11_t56_v7
1972394753,f_cl_clo_hstf_l_4_2_t4_v1
1972396019,vem_colour_2_mct_metallic_mariner_blue_t25_v33
1972397456,packed_mp_veh_mod_idx_s_4_v53
1972496878,m_cl_clo_ltsmh_0_2_t14_v1
1972546658,vem_insurance_primo2
1972620741,vem_cmod_tyr_0_t31_v7
1972753477,m_cl_clo_trm_u_15_5_t11_v1
1972784476,packed_mp_veh_secondary_colour_group_v26
1972816741,f_cl_clo_h2f_b_3_9_t1_v1
1972932653,ve_pbus2_t1_v4
1973002133,f_cl_clo_grf_u_20_22_t11_v1
1973015863,m_cl_clo_bbm_h_1_3_t14_v1
1973036520,service_earn_winter_22_award_taxi
1973037531,vem_drft_16_t19_v12
1973071637,packed_mp_veh_mod_idx_22_v104
1973087194,f_cl_clo_hstfb_23_6_t1_v1
1973094865,packed_mp_veh_mod_idx_s_14_v396
1973174480,f_cl_clo_x6f_ey_3_18_t14_v1
1973180783,m_cl_outfit_clo_h3m_o_dh_16_t12_v0
1973306142,f_cl_outfit_clo_x17f_o_m_6_t12_v0
1973389144,f_cl_clo_hstf_u_11_5_t11_v1
1973442328,m_cl_outfit_clo_hstm_o_17_t12_v0
1973462651,vem_horn_clas5_t10_v11
1973493280,vem_cmod_smoke_8_t18_v31
1973551782,f_cl_clo_suf_u_8_7_t11_v1
1973571497,vem_colour_extra_1_mct_metallic_might_purple_t24_v2
1973621944,f_cl_clo_bhf_u_0_17_t11_v1
1973678931,packed_mp_veh_mod_idx_s_4_v91
1973712180,m_cl_clo_trm_b_1_3_t1_v1
1973742476,f_cl_clo_x2f_o_3_t3_v12
1973765378,f_cl_clo_awf_decl_13_t100_v0
1973815836,packed_mp_veh_mod_idx_10_v330
1973863715,f_cl_clo_bif_decl_42_t100_v0
1973889480,m_cl_clo_fxm_u_6_24_t11_v1
1973945514,m_cl_clo_smm_ph_6_12_t14_v1
1973959881,m_cl_outfit_clo_h3m_o_fib_3_t12_v0
1974022651,m_cl_clo_h3m_decl_18_t100_v0
1974084902,f_cl_clo_h2f_b_1113_t1_v1
1974170723,m_cl_clo_h4m_prw_0_3_t14_v1
1974210719,f_cl_clo_smf_ph_6_22_t14_v1
1974317348,vem_cmod_hrn_trk_t10_v34
1974320276,packed_mp_veh_mod_idx_7_v112
1974352010,m_cl_clo_vwm_u_19_10_t11_v1
1974458322,f_cl_clo_grf_u_7_0_t11_v1
1974495155,wp_wct_tint_8_t2_v21_n2
1974543730,f_cl_ht_fmf_13_6_t14_v0
1974634917,m_cl_clo_sbm_l_0_19_t4_v1
1974699160,mp_stat_mpsv_model_277
1974748667,packed_mp_veh_mod_idx_12_v143
1974857194,packed_mp_veh_mod_idx_s_7_v141
1974867023,vem_exhaust_7_t6_v27
1974913877,packed_mp_veh_mod_idx_12_v263
1975060558,f_cl_clo_sbf_ph_4_1_t14_v1
1975099369,vem_colour_5_harbor_blue_t38_v3
1975146902,packed_mp_veh_mod_idx_s_12_v210
1975162780,packed_mp_veh_mod_idx_3_v315
1975194102,f_cl_clo_hp_f_l_2_9_t4_v1
1975225832,f_cl_clo_hstf_l_4_0_t4_v1
1975291940,packed_mp_veh_livery_0_v63
1975298353,packed_mp_veh_mod_idx_s_14_v128
1975303123,packed_ng_vehicle_neon_kit_v407
1975312422,m_cl_clo_s2m_f_0_0_t6_v1
1975360919,packed_mp_veh_mod_idx_s_17_v276
1975481118,packed_mp_veh_mod_idx_9_v403
1975591049,vem_insurance_rt3000
1975728625,f_cl_clo_arf_o_20_t8_v12
1975729192,packed_mp_veh_mod_idx_2_v336
1975810252,packed_mp_veh_mod_idx_s_2_v364
1975815243,packed_mp_veh_colour2_0_v225
1975944225,packed_mp_veh_mod_idx_0_v168
1976047415,packed_mp_veh_secondary_colour_group_v110
1976052857,packed_mp_veh_mod_idx_s_16_v181
1976246527,packed_mp_veh_mod_idx_1_v134
1976384368,service_spend_jukebox
1976448556,m_cl_u_fmm_9_10_t8_v0
1976459618,packed_mp_veh_mod_idx_2_v194
1976463861,vem_cmod_win_0_t33_v35
1976523574,vem_smod_whlv183_t66_v0
1976528529,f_cl_clo_x6f_l_1_3_t4_v1
1976546436,vem_horn_clas6_t10_v30
1976655476,packed_lr_vehicle_colour_5_v31
1976677308,vem_fender_r_8_n1_t37_v27
1976860845,packed_mp_veh_colour_extra2_0_v330
1976905205,packed_mp_veh_mod_idx_s_19_v56
1976919611,packed_mp_veh_mod_var_1_v294
1976920728,vem_colour_2_mct_classic_silver_t25_v2
1976921707,vem_supermod_10_0_t51_v31
1976967080,m_cl_clo_lxm_u_5_3_t8_v2
1976980611,packed_ng_vehicle_smoke_v45
1977101876,packed_mp_veh_mod_idx_22_v195
1977122641,m_cl_clo_vwm_pe_3_2_t14_v1
1977325249,m_cl_clo_fxm_u_4_12_t11_v1
1977418272,m_cl_g_fmm_15_1_t14_v0
1977784263,vem_horn_lowrder2_t10_v33
1977855011,m_cl_clo_s2m_d_15_t100_v0
1977879491,m_cl_clo_x6m_f_10_24_t6_v1
1977883359,packed_ng_vehicle_neon_v16
1978003339,vem_colour_mct_none_153
1978056167,m_cl_clo_sum_u_15_0_t11_v1
1978057214,m_cl_clo_bhm_decl_25_t11_v1
1978097652,m_cl_clo_vwm_u_2_4_t11_v1
1978100232,f_ta_tat_x6_005_t0_v0
1978133184,vem_suspension_3_t15_v5
1978158655,vem_armour_3_t1_v7
1978233526,f_cl_u_fmf_9_13_t11_v0
1978249384,m_cl_clo_bim_decl_55_t11_v1
1978268706,m_cl_clo_grm_u_4_7_t11_v1
1978310746,f_cl_l_fmf_1_14_t4_v0
1978417635,f_cl_clo_v2f_o_3_t8_v12
1978468959,vem_supermod_18_9_t59_v27
1978472121,f_cl_clo_awf_decl_80_t100_v0
1978473243,m_cl_clo_smm_b_8_9_t1_v1
1978494506,vem_brake_1_t2_v3
1978500346,f_cl_clo_h2f_o_c_16_t8_v12
1978590053,m_cl_clo_bhm_u_5_5_t11_v1
1978686808,vem_supermod_23_24_n1_t64_v3
1978716199,f_cl_f_fmf_2_12_t6_v0
1978801550,f_ha_clo_bif_h_1_0_t0_v1
1978823159,f_cl_clo_fxf_u_4_9_t11_v1
1978833290,packed_mp_veh_mod_idx_s_19_v370
1978897529,vem_horn_cnote_c1_t10_v36
1978912776,packed_mp_veh_mod_idx_s_8_v176
1979001098,m_cl_clo_h2m_ph_418_t14_v1
1979413945,vem_supermod_0_8_t41_v27
1979546767,f_cl_clo_busf_u_2_2_t8_v2
1979599138,packed_ng_vehicle_neon_kit_v356
1979609318,vem_colour_extra_1_mct_matte_matte_foil_t24_v3
1979690480,packed_mp_veh_mod_idx_s_16_v158
1979740923,m_cl_clo_smm_b_3_17_t1_v1
1979741969,packed_ng_vehicle_bpt_v373
1979802868,vem_smod_whlv58_t66_v0
1979856629,packed_mp_veh_mod_idx_s_0_v202
1979886574,m_cl_clo_hstm_o_m_2_t3_v12
1979937098,packed_mp_veh_mod_idx_4_v219
1980023470,vem_colour_extra_1_mct_metallic_surf_blue_t24_v3
1980043986,vem_colour_2_mct_metallic_saxon_blue_t25_v0
1980067953,vem_colour_2_mct_classic_candy_red_t25_v0
1980151972,f_cl_clo_h3f_b_14_9_t1_v1
1980160954,vem_colour_5_flur_yellow_t38_v3
1980276108,f_cl_outfit_clo_stf_o_e_5_t12_v0
1980330233,vem_supermod_53_15_t53_v7
1980373744,vem_supermod_13_14_t54_v3
1980650111,packed_mp_veh_mod_idx_s_3_v66
1980814002,m_cl_clo_hstmb_17_2_t1_v1
1980823429,packed_mp_veh_mod_idx_5_v208
1980846793,packed_mp_veh_mod_idx_s_13_v15
1980891201,packed_mp_veh_colour_extra1_0_v388
1980920727,packed_mp_veh_mod_idx_13_v277
1981070115,vem_cmod_neoncol_12_t21_v35
1981148530,packed_mp_veh_primary_colour_group_v223
1981205794,f_cl_clo_h4f_t_2_0_t7_v1
1981206747,packed_mp_veh_mod_idx_s_21_v0
1981349518,m_cl_clo_s1m_u_2_1_t11_v1
1981357430,packed_mp_veh_primary_colour_group_v406
1981414131,packed_mp_veh_secondary_colour_group_v97
1981425763,wp_wct_c_tint_13_t2_v8_n2
1981462675,packed_mp_veh_mod_idx_11_v157
1981471399,vem_supermod_7_5_t48_v27
1981471806,packed_mp_veh_mod_idx_s_4_v407
1981602061,packed_mp_veh_mod_idx_s_21_v229
1981654252,vem_smod_whlv44_t66_v3
1981664462,service_spend_beach_party_generic
1981691545,f_cl_clo_suf_u_4_8_t11_v1
1981722132,packed_mp_veh_mod_idx_s_4_v210
1981722912,packed_mp_veh_mod_idx_3_v370
1981847507,vem_supermod_10_14_t51_v11
1981875376,vem_colour_extra_1_mct_classic_orange_t24_v4
1981925729,vem_smod4_whl_3_t19_v3
1982170467,f_cl_clo_sbf_f_3_2_t6_v1
1982202785,packed_mp_veh_mod_idx_11_v245
1982411239,packed_ng_vehicle_neon_kit_v398
1982475424,packed_mp_veh_mod_idx_1_v405
1982688246,service_earn_debug
1982758860,vem_rwd_spt_10_t19_v12
1982773240,vem_spt_05_t19_v2
1982799048,vem_colour_extra_1_mct_matte_blue_t24_v3
1982886432,m_cl_clo_x6m_f_10_3_t6_v1
1982893680,m_cl_clo_smm_ph_4_12_t14_v1
1983024894,fcbase_gra2_t0_v0
1983118900,packed_mp_veh_mod_idx_3_v208
1983119431,vem_horn_luxe3_t10_v39
1983122928,packed_mp_veh_mod_idx_s_23_v111
1983149160,vem_colour_mct_none_107
1983152781,packed_mp_veh_colour_extra2_0_v342
1983162150,vem_horn_cnote_g0_t10_v37
1983168030,vem_supermod_5_11_t46_v11
1983169318,packed_mp_veh_mod_idx_s_23_v331
1983177369,f_cl_clo_awf_o_f_4_t8_v12
1983272327,vem_colour_2_mct_classic_saddle_brown_t25_v2
1983383287,vem_colour_extra_1_mct_pearlescent_galaxy_blue_t24_v1
1983519135,m_cl_clo_ltsm_o_11_t3_v12
1983735230,f_cl_clo_awf_b_2_10_t1_v1
1983830236,vem_insurance_chino2
1983885336,f_cl_clo_s1f_u_6_2_t100_v0
1983888388,vem_roof_7_t12_v38
1983906903,packed_mp_veh_primary_colour_group_v53
1983969014,f_cl_clo_val_decl_n_t100_v0
1984111857,f_cl_clo_ief_o_7_t8_v12
1984272151,vem_supermod_60_20_t60_v7
1984339265,packed_mp_veh_mod_idx_s_21_v352
1984350591,f_cl_clo_stf_ht15_8_t14_v1
1984504254,vem_bumper_r_16_t35_v1
1984510273,packed_mp_veh_mod_idx_10_v106
1984513043,f_cl_clo_arf_u_3_1_t11_v1
1984544991,packed_mp_veh_mod_idx_6_v373
1984599943,packed_ng_vehicle_neon_v157
1984686283,vem_supermod_49_3_t49_v7
1984687611,dec_vw_aw_wv_11a
1984739488,packed_mp_veh_colour1_0_v27
1984741864,vem_smod5_whlv163_t66_v3
1984788940,f_cl_clo_h3f_ph_6_3_t14_v1
1984793292,vem_cmod_tyr_9_t18_v7
1984799068,vem_cmod_tyr_5_t18_v2
1984803631,wp_wct_c_tint_16_t2_v48_n2
1985005500,vem_colour_2_mct_classic_creek_brown_t25_v1
1985123517,packed_mp_veh_mod_idx_s_2_v266
1985133247,packed_mp_veh_mod_idx_s_18_v6
1985225601,packed_mp_veh_mod_idx_s_6_v124
1985240552,f_cl_clo_x6f_f_12_20_t6_v1
1985339739,packed_lr_vehicle_colour_6_v310
1985486869,f_cl_clo_sbf_b_10_19_t1_v1
1985509868,packed_mp_veh_mod_idx_4_v246
1985540408,f_cl_clo_l2f_o_1_t3_v12
1985553329,packed_mp_veh_mod_idx_6_v113
1985557649,m_cl_clo_iem_ph_0_5_t14_v1
1985628304,f_cl_clo_scf_u_0_9_t11_v1
1985633145,f_cl_clo_h3f_b_18_6_t1_v1
1985663425,packed_mp_veh_mod_idx_s_12_v371
1985701696,f_cl_clo_awf_ph_1_17_t14_v1
1985763529,packed_mp_veh_colour2_0_v328
1985816956,packed_mp_veh_mod_idx_14_v380
1986029400,packed_mp_veh_mod_idx_s_4_v54
1986055873,packed_mp_veh_mod_idx_s_23_v160
1986067750,m_ta_tat_fm_012_t0_v0
1986079102,vem_supermod_11_13_t52_v28
1986198397,vem_supermod_5_5_t46_v26
1986226795,packed_mp_veh_mod_idx_s_21_v48
1986362379,packed_mp_veh_mod_idx_3_v402
1986445845,packed_mp_veh_mod_idx_s_8_v2
1986490317,vem_insurance_euros
1986545207,packed_mp_veh_mod_idx_16_v405
1986601051,vem_loride_08_t19_v2
1986618398,f_cl_clo_stf_u_4_3_t11_v1
1986639469,vem_insurance_trophy
1986706379,mp_stat_mpsv_model_345
1986709305,packed_mp_veh_mod_idx_s_0_v84
1986731349,packed_mp_veh_colour1_0_v275
1986738655,vem_cmod_hrn_clo_t10_v28
1986747052,vem_truck_type_6_t0_v0
1986814121,vem_chassis_2_t4_v5
1986836995,m_cl_outfit_clo_grm_o_3_t12_v0
1986877548,packed_mp_veh_primary_colour_group_v165
1986920624,vem_supermod_7_2_t48_v26
1986935720,m_cl_clo_vwm_pw_2_5_t14_v1
1986956834,packed_mp_veh_mod_idx_s_15_v183
1986977428,wp_wct_clip1_t1_v5_n2
1987077278,m_cl_clo_s1m_ph_0_3_t14_v1
1987089649,vem_supermod_21_12_t62_v27
1987148098,vem_supermod_4_15_t45_v3
1987212145,f_cl_clo_h3f_o_clb_4_t3_v12
1987228042,packed_mp_veh_colour_extra2_0_v117
1987228410,f_cl_clo_exf_eu_1010_t11_v1
1987243834,vem_horn_hips3_t10_v10
1987281159,packed_mp_veh_mod_var_1_v395
1987337139,vem_supermod_13_7_t54_v27
1987391414,f_cl_clo_sbf_l_2_6_t4_v1
1987414862,vem_supermod_1_1_t42_v38
1987576244,f_cl_clo_scf_l_13_13_t4_v1
1987670948,f_cl_clo_hstf_s_0_0_t8_v1
1987672634,packed_mp_veh_mod_idx_s_2_v366
1987733105,f_cl_ht_fmf_5_5_t14_v0
1987745381,packed_mp_veh_livery2_0_v133
1987759019,packed_mp_veh_secondary_colour_group_v292
1987790862,packed_mp_veh_mod_idx_s_17_v70
1987827225,m_cl_clo_busm_u_3_3_t11_v1
1987854994,m_cl_clo_h2m_s_9_13_t8_v1
1988034098,m_cl_clo_iem_ph_0_6_t14_v1
1988036569,ve_hotring_t0_v3
1988075274,f_cl_clo_s2f_d_26_t11_v1
1988105874,packed_mp_veh_mod_idx_15_v405
1988127792,vem_colour_2_mct_metallic_lava_red_t25_v3
1988241584,packed_mp_veh_mod_idx_s_5_v108
1988309335,packed_mp_veh_mod_idx_22_v95
1988350507,packed_mp_veh_mod_idx_11_v407
1988395243,mp_stat_mpsv_model_371
1988397051,packed_mp_veh_mod_var_0_v344
1988434047,vem_supermod_4_6_t45_v6
1988475541,f_cl_clo_sbf_b_4_0_t1_v1
1988563569,f_cl_clo_awf_l_0_12_t4_v1
1988563604,vem_horn_hips1_t10_v0
1988595659,m_cl_clo_awm_l_3_9_t4_v1
1988652789,f_cl_clo_suf_decl_20_t11_v1
1988677055,vem_supermod_5_5_t46_v11
1988690504,m_ta_tat_h3_004_t0_v0
1988701573,vem_colour_2_mct_classic_flur_yellow_t25_v33
1988769042,packed_mp_veh_mod_idx_11_v197
1988849280,vem_colour_1_mct_metallic_galaxy_blue_t24_v2
1988889818,packed_mp_veh_mod_idx_8_v205
1988902987,packed_mp_veh_mod_var_1_v401
1988961714,f_cl_clo_x6f_f_6_14_t6_v1
1988986595,f_cl_clo_awf_u_10_3_t11_v1
1989033494,packed_mp_veh_colour_extra1_0_v261
1989044240,f_cl_clo_awf_o_g_1_t8_v12
1989110866,vem_smod2_whlv41_t66_v3
1989123754,vem_drft_13_t19_v12
1989155266,m_cl_clo_exm_eu_10_3_t11_v1
1989268140,m_cl_outfit_clo_x5m_o_a_0_t12_v0
1989280131,packed_mp_veh_plate_id_v96
1989414207,m_cl_clo_x6m_t_6_2_t7_v1
1989462712,m_cl_clo_vwm_u_10_11_t11_v1
1989484389,packed_mp_veh_mod_idx_9_v189
1989639443,f_cl_outfit_clo_h2f_o_s_2_t12_v0
1989683412,packed_mp_veh_mod_idx_s_5_v104
1989851727,ve_remus_t0_v3
1989931752,f_cl_clo_x6f_l_0_19_t4_v1
1990011844,packed_mp_veh_mod_idx_s_13_v61
1990019506,packed_mp_veh_mod_idx_s_11_v147
1990078819,m_cl_clo_v2m_f_0_4_t6_v1
1990132060,packed_mp_veh_mod_idx_s_20_v324
1990180787,m_cl_outfit_clo_stm_o_8_t12_v0
1990207460,vem_colour_1_mct_metallic_midnight_blue_t24_v0
1990275925,packed_mp_veh_mod_idx_s_3_v18
1990346850,vem_supermod_4_13_t45_v27
1990371803,m_cl_outfit_clo_h3m_o_jan_6_t12_v0
1990507386,packed_mp_veh_mod_idx_10_v32
1990528526,vem_colour_extra_1_mct_pearlescent_olive_green_t24_v1
1990626632,m_cl_clo_sbm_u_12_4_t11_v1
1990650301,vem_colour_mct_none_16
1990725751,f_cl_clo_awf_u_10_11_t11_v1
1990726060,vem_insurance_tornado6
1990778651,m_cl_clo_x6m_f_6_17_t6_v1
1990888653,mp_stat_arcade_safe_cash_value_v0
1991168669,m_ta_tat_bi_031_t0_v0
1991255599,packed_mp_veh_mod_idx_11_v334
1991312769,m_cl_clo_fxm_u_2_20_t11_v1
1991344886,vem_supermod_46_0_t46_v7
1991404195,vem_hood_17_t9_v3
1991424700,packed_mp_veh_mod_idx_12_v307
1991462636,packed_mp_veh_mod_idx_16_v366
1991473528,m_cl_clo_bim_decl_25_t11_v1
1991502506,m_cl_clo_s1m_u_5_0_t11_v1
1991527085,vem_insurance_vader
1991607510,vem_supermod_17_0_t58_v7
1991610369,f_cl_clo_x4f_u_13_0_t11_v1
1991707996,packed_mp_veh_mod_idx_s_11_v217
1991716780,packed_ng_vehicle_neon_kit_v163
1991726573,packed_mp_veh_mod_idx_2_v406
1991791576,vem_supermod_61_15_t61_v7
1991806024,packed_mp_veh_mod_idx_14_v244
1991862581,f_cl_clo_bif_ph_12_7_t14_v1
1991878467,vem_supermod_5_7_t46_v11
1992030690,wp_wct_camo_9_t1_v1_n2
1992070678,packed_mp_veh_mod_idx_s_3_v397
1992071977,packed_ng_vehicle_bpt_v283
1992164583,packed_mp_veh_mod_idx_s_2_v370
1992176076,vem_fender_r_3_n1_t37_v1
1992234422,f_cl_clo_smf_ph_8_18_t14_v1
1992263168,m_cl_clo_vwm_b_11_3_t1_v1
1992316405,m_cl_f_fmm_14_1_t6_v0
1992437248,packed_mp_veh_mod_idx_s_1_v334
1992488457,packed_mp_veh_mod_idx_s_16_v58
1992503277,m_cl_clo_awm_decl_37_t100_v0
1992719359,f_cl_clo_h4f_decl_24_t100_v0
1992737592,f_cl_clo_smf_b_3_21_t1_v1
1992758334,vem_cmod_smoke_4_t18_v31
1992821447,dec_vw_aw_mt_12c
1992946702,vem_supermod_3_13_t44_v3
1992985424,packed_mp_veh_plate_id_v13
1993026396,packed_mp_veh_mod_idx_s_16_v375
1993103516,packed_mp_veh_mod_idx_0_v210
1993123256,vem_supermod_3_1_t44_v27
1993140891,m_cl_outfit_clo_hilf_o_31_t12_v0
1993251263,vem_supermod_46_11_t46_v7
1993252623,vem_insurance_pariah
1993295775,vem_insurance_pbus
1993300056,packed_mp_veh_primary_colour_group_v196
1993309371,vem_suv_12_t19_v3
1993480474,vem_bumper_f_1_t34_v29
1993528836,m_cl_outfit_clo_awm_o_b_15_t12_v0
1993567280,f_cl_clo_hp_f_d_24_t11_v1
1993610400,packed_mp_veh_mod_idx_6_v328
1993683026,fixer_hq_wal_8_t0_v0
1993741874,packed_ng_vehicle_neon_v123
1993906991,m_cl_clo_h4m_decl_31_t100_v0
1994044239,f_cl_clo_bhf_l_3_10_t4_v1
1994118105,packed_mp_veh_mod_idx_s_22_v147
1994191577,packed_mp_veh_mod_idx_16_v221
1994208069,packed_mp_veh_mod_idx_s_19_v80
1994342107,hangar_mod_floor_decal_8_t0_v0
1994389991,vem_cmod_pla_text_new_t23_v31
1994539645,m_cl_clo_awm_b_8_9_t1_v1
1994552741,vem_bumper_f_7_t34_v35
1994571568,f_cl_clo_busf_u_2_4_t8_v2
1994631559,packed_ng_vehicle_bpt_v258
1994742841,m_cl_clo_smm_ph_3_18_t14_v1
1994803591,wp_wct_c_tint_15_t2_v21_n2
1994831649,mp_stat_ie_wh_owned_vehicle_5_v0
1994844031,m_ha_cc_mkup_66_t5_v0
1994907498,wp_ps_bag_20_t1_v33
1994999713,packed_mp_veh_mod_idx_16_v94
1995119110,f_cl_clo_s1f_dec_22_t11_v1
1995203893,m_cl_clo_busm_s_1_8_t8_v2
1995238884,f_cl_clo_hstf_t_1_1_t7_v1
1995247744,mp_stat_dbase_lounge_v0
1995280734,m_cl_ht_fmm_13_7_t14_v0
1995455679,vem_fender_l_0_t36_v34
1995517992,m_cl_clo_exm_el_0_9_t4_v1
1995678688,m_cl_clo_h4m_decl_36_t100_v0
1995709961,packed_mp_veh_mod_idx_s_19_v402
1995712802,ve_rancherx_t0_v2
1995788237,packed_mp_veh_mod_idx_s_20_v358
1995842157,m_cl_clo_bhm_u_9_0_t11_v1
1995880534,packed_mp_veh_mod_idx_7_v133
1995887070,m_cl_clo_lxm_e_0_1_t14_v1
1995888689,vem_supermod_62_23_t62_v7
1995894359,vem_smod_whlv138_t66_v3
1995918094,m_cl_clo_stm_o_17_t11_v12
1995919498,packed_mp_veh_mod_idx_s_22_v317
1995996493,m_ta_tat_ar_005_t0_v0
1996019420,packed_mp_veh_mod_idx_s_13_v32
1996058568,packed_mp_veh_mod_idx_9_v309
1996063441,f_cl_clo_fxf_u_4_19_t11_v1
1996083104,packed_mp_veh_secondary_colour_group_v375
1996093366,m_cl_outfit_clo_h3m_o_dl_23_t12_v0
1996188435,vem_bumper_r_1_t35_v0
1996264212,f_cl_clo_h4f_t_2_1_t7_v1
1996266972,packed_mp_veh_mod_idx_s_0_v108
1996281965,packed_mp_veh_mod_idx_5_v58
1996291855,packed_mp_veh_window_tint_0_v58
1996292342,packed_mp_veh_colour_extra2_0_v316
1996538607,vem_smod_whlv33_t66_v0
1996648959,packed_mp_veh_mod_idx_s_2_v75
1996652905,packed_mp_veh_mod_idx_s_8_v410
1996800311,f_cl_clo_h3f_decl_15_t100_v0
1996824703,vem_supermod_55_7_t55_v7
1996881356,m_cl_clo_x2m_ht_2_3_t14_v1
1996896656,m_cl_clo_h4m_u_7_3_t11_v1
1996969724,vem_bumper_r_14_t35_v26
1997082535,packed_mp_veh_mod_idx_6_v212
1997141346,m_cl_outfit_clo_l2m_o_7_t12_v0
1997153521,m_ha_none_t2_v1
1997187383,vem_smod5_whlv30_t66_v0
1997235858,m_cl_clo_busm_g1_2_t14_v0
1997342266,vem_insurance_dinghy
1997397509,f_cl_clo_exf_g_8_10_t14_v0
1997404707,vem_cmod_neoncol_1_t21_v1
1997476563,packed_mp_veh_colour2_0_v147
1997480007,packed_mp_veh_livery2_0_v371
1997517661,packed_mp_veh_mod_idx_s_10_v366
1997557765,vem_cmod_smoke_3_t18_v33
1997588681,vem_cmod_tyr_11_t18_v6
1997648883,wp_wct_scope_mac_t1_v7
1997704672,packed_mp_veh_colour1_0_v267
1997734392,vem_supermod_6_8_t47_v26
1997769694,packed_mp_veh_mod_idx_14_v236
1997844933,m_cl_clo_x6m_u_1_8_t11_v1
1997863838,packed_mp_veh_mod_idx_s_10_v177
1997899554,packed_mp_veh_primary_colour_group_v349
1997942499,vem_fender_l_3_t36_v38
1997966072,packed_mp_veh_primary_colour_group_v308
1997977542,packed_ng_vehicle_neon_kit_v270
1997985238,m_cl_clo_s2m_f_1_4_t6_v1
1998065208,vem_supermod_7_4_t48_v26
1998202216,f_cl_clo_x6f_t_2_8_t7_v1
1998211795,f_cl_clo_s2f_u_0_2_t8_v2
1998235165,vem_supermod_3_30_t44_v11
1998352506,f_cl_clo_grf_l_2_12_t4_v1
1998362173,packed_mp_veh_mod_idx_12_v183
1998392113,f_cl_clo_s2f_u_0_1_t11_v1
1998429831,f_cl_clo_hstf_u_11_7_t11_v1
1998543065,m_cl_outfit_clo_x6m_o_o_20_t12_v0
1998566555,packed_ng_vehicle_insurance_v143
1998579391,m_cl_clo_hp_d_8_t8_v2
1998640871,packed_ng_vehicle_neon_v314
1998679668,vem_supermod_3_2_t44_v27
1998740244,packed_mp_veh_mod_idx_s_22_v344
1998748641,f_cl_o_fmf_b7_t3_v12
1998755245,vem_horn_indi_3_t10_v0
1998779591,ve_hydra_t0_v0
1998785443,f_cl_clo_vwf_u_8_15_t11_v1
1998886851,m_ta_tat_bi_030_t0_v0
1998894031,m_cl_clo_awm_ph_2_4_t14_v1
1998910856,vem_insurance_banshee
1998975939,f_cl_clo_grf_u_6_1_t11_v1
1999037869,packed_mp_veh_mod_idx_9_v34
1999057672,m_cl_clo_x6m_t_2_7_t7_v1
1999083724,packed_ng_vehicle_smoke_v255
1999101502,vem_insurance_z190
1999135396,wp_wct_c_tint_14_t2_v56_n2
1999320720,m_cl_clo_h3m_o_grp_5_t3_v12
1999350329,packed_mp_veh_mod_idx_14_v374
1999361263,packed_mp_veh_mod_idx_s_11_v178
1999400960,packed_mp_veh_mod_idx_9_v55
1999409608,packed_mp_veh_mod_idx_14_v201
1999433324,packed_mp_veh_mod_idx_s_13_v75
1999441256,m_cl_clo_awm_b_2_12_t1_v1
1999501108,f_cl_clo_apf_l_10_4_t4_v1
1999671750,packed_mp_veh_mod_idx_1_v236
1999724659,vem_bumper_f_4_t34_v26
1999762608,f_cl_clo_h3f_o_sl_13_t8_v12
1999854145,f_cl_clo_h4f_b_4_9_t1_v1
1999905286,m_cl_clo_h4m_s_2_19_t8_v1
1999954084,vem_insurance_buffalo3
1999958639,vem_supermod_4_7_t45_v3
2000079513,f_cl_clo_hp_f_b_3_1_t1_v1
2000119339,fcbase_gra8_t0_v0
2000123497,f_cl_clo_arf_o_10_t11_v12
2000145180,packed_mp_veh_mod_idx_8_v324
2000282762,m_cl_clo_bim_decl_33_t11_v1
2000302797,f_cl_l_fmf_11_6_t4_v0
2000400383,vem_supermod_3_34_t44_v7
2000450153,f_cl_clo_scf_ey_1_7_t14_v1
2000543948,f_cl_clo_h4f_decl_31_t11_v1
2000596501,f_cl_clo_bif_s_17_16_t8_v1
2000649898,vem_cmod_win_3_t33_v33
2000705083,packed_ng_vehicle_smoke_v52
2000708027,packed_lr_vehicle_colour_5_v329
2000736969,packed_mp_veh_mod_idx_14_v100
2000793640,packed_mp_veh_mod_idx_22_v308
2000814964,vem_supermod_17_0_t58_v38
2000853902,packed_mp_veh_mod_idx_s_0_v336
2000964006,m_cl_clo_grm_u_4_5_t11_v1
2000972396,pm_carmod_buynow
2000976965,m_cl_clo_bhm_u_3_9_t11_v1
2001007589,ve_gt500_t0_v3
2001029730,vem_colour_5_dark_silver_t38_v3
2001072572,m_cl_clo_exm_al_6_0_t4_v1
2001192456,m_cl_clo_sbm_ph_6_10_t14_v1
2001202426,m_cl_clo_smm_b_9_16_t1_v1
2001231947,m_cl_clo_awm_b_2_6_t1_v1
2001292889,vem_hlight_0_t11_v5
2001350740,m_cl_clo_iem_u_2_4_t11_v1
2001653267,packed_mp_veh_mod_idx_2_v357
2001681118,wp_wm_tint6_t2_v74
2001754666,packed_mp_veh_mod_idx_s_20_v146
2001818052,vem_cmod_col5_7_t29_v1
2001889204,vem_roof_1_t12_v2
2001984803,vem_supermod_19_1_t60_v6
2002020654,f_cl_clo_sbf_ph_5_15_t14_v1
2002041384,packed_mp_veh_livery_0_v187
2002177789,ve_brioso2_t1_v3
2002211259,packed_mp_veh_secondary_colour_group_v381
2002224046,m_cl_clo_x6m_l_7_20_t4_v1
2002343300,f_cl_clo_apf_u_19_4_t11_v1
2002362772,vem_supermod_15_12_t56_v28
2002386458,packed_mp_veh_mod_idx_8_v71
2002432889,vem_insurance_vindicator
2002486680,packed_lr_vehicle_colour_5_v276
2002493839,vem_cmod_tyr_8_t18_v30
2002518197,vem_insurance_stalion2
2002618208,f_cl_clo_v2f_o_7_t8_v12
2002696296,packed_mp_veh_mod_idx_8_v145
2002703151,packed_mp_veh_mod_idx_24_v212
2002719809,f_ta_tat_bi_029_t0_v0_cesp
2002720668,f_cl_u_fmf_6_1_t11_v0
2002724386,packed_mp_veh_mod_idx_s_22_v214
2002849687,packed_mp_veh_mod_idx_3_v128
2002926384,f_ha_cc_lipstick_3_t8_v0
2003046857,f_cl_clo_smf_b_8_22_t1_v1
2003053803,dec_vw_aw_mf_3c
2003054315,packed_mp_veh_mod_idx_s_19_v76
2003184227,f_ha_cc_mkup_34_t7_v0
2003189443,packed_mp_veh_mod_idx_5_v84
2003223236,m_cl_clo_x6m_u_22_13_t11_v1
2003292991,packed_mp_veh_secondary_colour_group_v44
2003314969,vem_cmod_neoncol_11_t21_v6
2003480006,f_cl_clo_hstf_t_1_13_t7_v1
2003648533,vem_hood_16_t9_v38
2003840694,f_cl_clo_awf_o_d_8_t8_v12
2003855026,f_ta_tat_bi_026_t0_v0_cesp
2003863822,vem_colour_extra_1_mct_pearlescent_racing_blue_t24_v3
2003864582,ve_schafter4_t0_v3
2003869022,packed_mp_veh_mod_idx_1_v145
2003914660,vem_cmod_neoncol_12_t21_v5
2004089646,packed_lr_vehicle_colour_5_v379
2004098734,packed_mp_veh_mod_idx_s_19_v269
2004105854,m_cl_outfit_clo_awm_o_d_0_t12_v0
2004111778,vem_suspension_1_t15_v36
2004146562,packed_mp_veh_mod_idx_s_14_v277
2004170122,packed_mp_veh_mod_idx_s_0_v409
2004205604,packed_mp_veh_mod_idx_7_v111
2004244754,f_cl_clo_h2f_b_9_6_t1_v1
2004245467,packed_mp_veh_mod_idx_0_v0
2004381138,vem_colour_1_mct_metallic_formula_red_t24_v0
2004461066,hangar_mod_modshop_0_t0_v0
2004532754,packed_mp_veh_mod_idx_s_16_v190
2004556370,packed_mp_veh_mod_idx_s_2_v298
2004557239,m_cl_clo_exm_g_13_9_t14_v0
2004633084,packed_mp_veh_mod_idx_s_0_v59
2004661291,packed_mp_veh_mod_idx_s_10_v368
2004833186,f_ta_tat_s2_029_t0_v0
2004889345,packed_mp_veh_colour_extra2_0_v154
2004894659,f_cl_clo_exf_g_24_10_t14_v1
2004910976,packed_mp_veh_primary_colour_group_v49
2004966893,m_cl_clo_scm_d_12_0_t10_v1
2005013193,vem_smod4_whlv73_t66_v3
2005071086,packed_ng_vehicle_bpt_v34
2005097124,vem_colour_2_mct_classic_bleeched_brown_t25_v33
2005102387,m_cl_clo_grm_u_15_13_t11_v1
2005134249,vem_spt_15_t19_v3
2005177442,vem_rwd_suv_16_t19_v0
2005349567,packed_mp_veh_mod_idx_22_v83
2005352782,packed_ng_vehicle_insurance_v182
2005378884,f_ha_cc_eyebrw_33_t2_v0
2005394431,packed_mp_veh_mod_idx_s_12_v125
2005532798,packed_mp_veh_mod_idx_16_v188
2005611424,packed_mp_veh_mod_idx_s_16_v352
2005649364,ve_rebel01_t0_v2
2005732612,vem_rwd_loride_03_t19_v1
2005737083,m_cl_u_fmm_8_10_t8_v0
2005747826,f_cl_clo_stf_ht1520_t14_v1
2005819533,m_cl_clo_busm_l_0_10_t4_v1
2006019109,f_cl_clo_hstf_o_10_t11_v12
2006035110,packed_ng_vehicle_smoke_v8
2006043626,m_cl_clo_h2m_ph_2_4_t14_v1
2006047608,f_cl_clo_og_decl_4_t8_v1
2006113006,vem_bumper_r_13_t35_v26
2006175932,f_cl_clo_h3f_b_18_5_t1_v1
2006183461,packed_mp_veh_mod_idx_16_v300
2006248843,m_cl_clo_grm_ph_4_3_t14_v1
2006327487,packed_mp_veh_colour2_0_v69
2006374666,packed_mp_veh_mod_idx_6_v95
2006390164,packed_mp_veh_mod_idx_15_v410
2006405601,f_cl_clo_sbf_l_3_13_t4_v1
2006447607,packed_mp_veh_livery_0_v53
2006475266,packed_mp_veh_mod_idx_s_2_v411
2006558688,vem_horn_luxe1_t10_v33
2006631341,packed_mp_veh_mod_idx_s_18_v398
2006697798,packed_mp_veh_mod_idx_8_v22
2006803309,vem_supermod_15_25_t56_v3
2006832506,packed_ng_vehicle_smoke_v60
2006854340,vem_smod4_whlv57_t66_v3
2007038043,f_cl_clo_sbf_b_6_0_t1_v1
2007070452,m_cl_clo_vwm_l_3_8_t4_v1
2007071888,nclu_index_6_t0_v0
2007082722,packed_mp_veh_mod_idx_0_v65
2007091045,f_cl_g_fmf_2_4_t14_v0
2007186354,vem_colour_2_mct_metallic_maple_brown_t25_v0
2007204887,pr_pm_modshop_20_t0_v0
2007267253,vem_colour_2_mct_classic_salmon_pink_t25_v4
2007271443,m_cl_outfit_clo_h3m_o_dh_34_t12_v0
2007322236,packed_mp_veh_mod_idx_2_v142
2007357168,m_ta_tat_fm_245_t0_v0
2007477009,vem_turbo_0_t17_v2
2007494543,m_cl_clo_h2m_b_3_3_t1_v1
2007499640,pr_pm_modshop_11_t0_v0
2007711375,vem_supermod_21_3_t62_v27
2007724889,packed_mp_veh_mod_idx_s_5_v231
2007740823,vem_supermod_1_2_t42_v27
2007773496,packed_ng_vehicle_smoke_v116
2007800574,f_cl_clo_hp_f_d_16_t11_v1
2007817370,mp_stat_contotalforwhouse4_v0
2007899268,f_cl_clo_x6f_ph_1023_t14_v1
2007917080,packed_mp_veh_mod_idx_s_5_v21
2007978360,packed_mp_veh_mod_idx_s_21_v138
2008043404,vem_spt_18_t19_v0
2008044175,packed_mp_veh_window_tint_0_v1
2008107988,vem_supermod_23_36_t64_v33
2008143791,vem_roof_6_t12_v3
2008207867,wp_wct_c_tint_24_t2_v70_n2
2008228679,m_cl_clo_indm_d_5_t100_v0
2008248556,packed_mp_veh_mod_idx_s_19_v324
2008255432,f_cl_crew_logo_2_t10_v1
2008325356,vem_rwd_suv_08_t19_v3
2008368204,f_cl_clo_x6f_ph_1021_t14_v1
2008533397,vem_cmod_tyr_13_t18_v4
2008587929,vem_smod2_whlv142_t66_v3
2008610911,m_cl_clo_x6m_f_11_1_t6_v1
2008628531,vem_cmod_col5_21_t29_v1
2008629666,vem_rwd_spt_19_t19_v1
2008688703,vem_colour_2_mct_classic_anthr_black_t25_v3
2008690228,packed_mp_veh_mod_idx_18_v18
2008734810,vem_colour_2_mct_matte_white_t25_v2
2008767687,wp_wct_flash_t1_v2
2008802943,f_cl_clo_hstf_o_g_0_t3_v12
2008902114,vem_cmod_hrn_mus3_t10_v35
2008927953,vem_supermod_21_7_t62_v3
2008945214,vem_rwd_loride_07_t19_v1
2009058224,m_cl_clo_vwm_ph_1_16_t14_v1
2009095686,f_cl_clo_l2f_t_9_1_t7_v1
2009141614,m_cl_clo_h3m_b_18_18_t1_v1
2009146143,dec_vw_aw_wv_40c
2009233933,packed_mp_veh_colour_extra1_0_v335
2009249504,packed_mp_veh_mod_var_1_v114
2009350733,f_cl_clo_x4f_u_10_6_t11_v1
2009394961,packed_mp_veh_mod_idx_s_6_v342
2009396069,vem_rwd_suv_14_t19_v12
2009423359,m_ta_tat_vw_003_t0_v0
2009433988,f_cl_clo_x6f_u_26_18_t11_v1
2009483022,packed_mp_veh_colour_extra1_0_v248
2009651313,packed_mp_veh_mod_idx_s_11_v193
2009683205,packed_mp_veh_mod_idx_10_v223
2009693402,ve_schlagen_t0_v3
2009839671,packed_ng_vehicle_insurance_v122
2009852529,f_ta_tat_ie_009_t0_v0
2009888211,packed_mp_veh_mod_idx_s_2_v97
2009947758,vem_cmod_neoncol_255_t21_v30
2010109302,f_cl_outfit_clo_hstf_o_f_3_t12_v0
2010146477,packed_mp_veh_mod_idx_14_v41
2010176250,packed_mp_veh_mod_var_1_v261
2010205697,m_cl_clo_s1m_o_5_t3_v12
2010232389,vem_supermod_10_8_t51_v28
2010272721,vem_colour_1_mct_classic_yellow_t24_v3
2010281146,vem_supermod_23_2_t64_v18
2010439910,packed_lr_vehicle_colour_6_v123
2010495401,vem_supermod_2_12_t43_v27
2010630929,candc_hacker_dec_22_t0_v0
2010687730,f_cl_clo_vwf_b_0_0_t1_v1
2010737308,vem_smod_whlv190_t66_v0
2010756344,m_cl_u_fmm_14_15_t8_v1
2010817300,packed_mp_veh_plate_id_v247
2010818296,m_cl_clo_s1m_u_7_6_t11_v1
2011043624,ve_tribike_t0_v4
2011117209,m_cl_clo_trm_u_8_4_t11_v1
2011120453,vem_supermod_22_10_t63_v27
2011126436,m_ha_cc_lipstick_7_t8_v1
2011199135,m_cl_clo_stm_h_9_0_t14_v1
2011199476,dec_vw_aw_wh_51
2011293799,packed_mp_veh_mod_idx_s_15_v83
2011295893,packed_mp_veh_mod_idx_s_3_v279
2011299184,vem_horn_hips3_t10_v35
2011353036,m_cl_clo_grm_ph_4_5_t14_v1
2011377619,packed_mp_veh_colour_extra2_0_v152
2011428636,m_cl_clo_hilf_o_0_t3_v12
2011505562,m_cl_u_fmm_8_14_t8_v0
2011518896,vem_colour_extra_1_mct_pearlescent_bright_green_t24_v3
2011533787,vem_colour_2_mct_classic_might_purple_t25_v0
2011561810,f_cl_clo_hstf_t_3_9_t7_v1
2011574499,vem_colour_1_mct_classic_graphite_t24_v3
2011591491,packed_mp_veh_mod_idx_s_2_v78
2011618397,packed_mp_veh_mod_idx_5_v70
2011625619,packed_mp_veh_mod_idx_s_3_v248
2011774767,vem_spoiler_0_t14_v26
2011948587,f_cl_clo_half_d_11_t11_v1
2011978564,f_cl_clo_smf_u_2_5_t11_v1
2012151210,vem_colour_1_mct_classic_cream_t24_v0
2012229685,vem_colour_2_mct_classic_black_t25_v2
2012275177,packed_mp_veh_mod_idx_23_v240
2012391328,f_cl_clo_apf_f_1_0_t6_v1
2012414238,packed_ng_vehicle_insurance_v0
2012492472,m_cl_outfit_clo_awm_o_c_11_t12_v0
2012496475,packed_mp_veh_mod_idx_18_v181
2012502303,mp_stat_ie_wh_owned_vehicle_12_v0
2012532003,packed_mp_veh_mod_idx_2_v371
2012600934,f_cl_clo_suf_u_20_10_t11_v1
2012628728,f_cl_clo_h4f_decl_24_t11_v1
2013012075,packed_mp_veh_mod_var_1_v150
2013013409,packed_mp_veh_mod_idx_s_8_v157
2013041205,vem_cmod_neoncol_255_t21_v1
2013135583,packed_mp_veh_secondary_colour_group_v68
2013135780,f_cl_clo_h3f_o_fib_2_t3_v12
2013172965,dec_cpm_3cardp_2
2013211913,packed_ng_vehicle_insurance_v76
2013220159,ve_prairie_t0_v0
2013250619,packed_mp_veh_mod_idx_22_v284
2013285054,vem_bumper_f_11_t34_v1
2013341597,packed_mp_veh_mod_idx_18_v43
2013402336,packed_mp_veh_mod_idx_14_v182
2013417116,packed_mp_veh_mod_idx_22_v187
2013493299,f_cl_clo_awf_u_1_18_t11_v1
2013512978,vem_insurance_massacro2
2013556388,vem_brake_2_t2_v3
2013560846,vem_insurance_osiris
2013650708,vem_spoiler_20_t14_v26
2013652976,m_cl_clo_grm_ph_5_13_t14_v1
2013742664,m_cl_outfit_clo_h4m_o_s1_m4_t12_v0
2013754133,packed_mp_veh_mod_idx_0_v364
2013815949,packed_mp_veh_mod_idx_4_v315
2013835882,vem_yacht_flag_15_v0
2013891008,vem_suspension_0_t15_v3
2013918531,vem_supermod_3_4_t44_v11
2014099829,m_cl_clo_hp_l_2_3_t4_v1
2014106988,packed_mp_veh_mod_idx_s_15_v331
2014132679,vem_roof_19_t12_v3
2014214877,packed_mp_veh_mod_idx_2_v212
2014235565,packed_mp_veh_mod_idx_s_0_v93
2014292692,vem_supermod_14_11_t55_v28
2014461601,m_cl_clo_awm_b_12_16_t1_v1
2014526931,packed_mp_veh_mod_idx_s_7_v35
2014528746,packed_mp_veh_mod_idx_s_21_v271
2014559714,vem_supermod_14_0_t55_v35
2014623229,m_cl_clo_bim_decl_13_t11_v1
2014625220,m_cl_clo_grm_u_4_18_t11_v1
2014791202,f_cl_clo_vwf_u_19_6_t11_v1
2014799998,dec_vw_aw_wv_19b
2014801883,pr_pm_modshop_18_t90_v0
2014916656,f_cl_outfit_clo_h2f_o_g_3_t12_v0
2014933416,vem_rwd_drft_18_t19_v2
2014950582,packed_mp_veh_mod_idx_7_v314
2015013151,m_cl_clo_sum_u_8_6_t11_v1
2015071385,packed_mp_veh_mod_idx_s_3_v140
2015148281,packed_mp_veh_mod_idx_s_5_v115
2015252188,vem_colour_1_mct_metallic_creek_brown_t24_v3
2015272333,vem_hood_3_t9_v0
2015357463,packed_mp_veh_colour1_0_v181
2015413925,m_cl_outfit_clo_lxm_o_6_t12_v0
2015449971,vem_smod5_whl_15_t19_v3
2015565276,m_cl_clo_vwm_u_4_8_t11_v1
2015573660,mp_stat_prop_office_gar3_var_v0
2015640863,packed_mp_veh_colour1_0_v328
2015650586,packed_lr_vehicle_colour_5_v32
2015715367,packed_lr_vehicle_colour_6_v133
2015752945,vem_cmod_neoncol_3_t21_v30
2015804991,vem_cmod_tyr_stt_t30_v5
2015852182,m_cl_clo_valm_s_0_1_t8_v1
2015881481,m_cl_clo_bhm_decl_22_t100_v0
2015945446,packed_ng_vehicle_bpt_v314
2015956527,vem_smod_whlv3_t66_v3
2016016426,packed_mp_veh_mod_idx_s_7_v195
2016021584,kosatk_fla_36_t0_v1
2016025375,packed_mp_veh_mod_idx_s_0_v139
2016141438,vem_hood_1_t9_v31
2016183696,packed_mp_veh_mod_idx_s_2_v395
2016269650,vem_colour_1_mct_classic_racing_green_t24_v2
2016392832,packed_mp_veh_colour_extra2_0_v410
2016478362,f_cl_outfit_clo_h3f_o_grp_1_t12_v0
2016533565,f_cl_clo_fxf_l_0_4_t4_v1
2016578930,vem_engine_1_t5_v33
2016602835,vem_roof_14_n2_t12_v3
2016646406,f_cl_clo_grf_l_3_7_t4_v1
2016703362,m_cl_clo_grm_f_0_11_t6_v1
2016750130,f_cl_clo_scf_d_27_10_t10_v1
2016771692,packed_mp_veh_mod_idx_23_v321
2016781721,m_cl_clo_s2m_o_11_t100_v0
2016793329,f_cl_clo_bif_ph_1_3_t14_v1
2016813795,f_cl_clo_apf_u_23_0_t11_v2
2016852275,packed_mp_veh_plate_id_v126
2017028934,vem_supermod_23_29_n1_t64_v3
2017245910,vem_grill_2_t8_v0
2017293868,vem_colour_1_mct_metallic_purple_t24_v3
2017350748,packed_mp_veh_mod_idx_s_14_v248
2017376880,m_cl_clo_smm_ph_2_18_t14_v1
2017452752,packed_mp_veh_mod_idx_8_v372
2017474482,vem_colour_1_mct_classic_maple_brown_t24_v1
2017735782,f_cl_clo_bhf_l_0_9_t4_v1
2017757867,vem_supermod_61_16_t61_v7
2017762923,f_cl_clo_sbf_pe_1_5_t14_v1
2017826859,f_ha_clo_bif_h_4_0_t0_v2
2017898951,vem_supermod_54_12_t54_v7
2018020469,packed_mp_veh_mod_idx_0_v192
2018102249,vem_supermod_3_11_t44_v7
2018105883,dec_vw_aw_ss_29
2018129180,m_ha_cc_eyebrw_25_t2_v1
2018137641,f_cl_clo_hstfb_14_22_t1_v1
2018322556,m_ta_tat_h4_012_t0_v0
2018350164,f_cl_clo_bif_u_17_7_t11_v1
2018425264,wp_wm_tint4_t2_v89
2018437826,vem_supermod_5_22_t46_v3
2018479666,m_cl_clo_s2m_f_1_0_t6_v1
2018485432,packed_mp_veh_wheel_type_0_v133
2018522664,m_cl_f_fmm_8_1_t6_v0
2018607175,packed_mp_veh_mod_idx_s_6_v289
2018631912,packed_mp_veh_mod_idx_6_v21
2018758160,m_cl_sp_fmm_10_10_t8_v0
2018781715,vem_bumper_f_8_t34_v35
2018821450,m_cl_clo_indm_d_19_t11_v1
2018956265,vem_truck_tint_13_t0_v0
2018963704,m_ta_tat_x2_019_t0_v0
2018972967,pr_mp_prop_87_t0_v0
2019052804,f_cl_clo_bhf_u_20_9_t11_v1
2019057618,wp_wct_grip_t1_v9_n2
2019093368,f_cl_clo_h3f_u_9_8_t11_v1
2019095413,f_cl_clo_exf_eu_9_7_t11_v1
2019128534,vem_smod_whlv202_t66_v3
2019144613,packed_mp_veh_mod_idx_s_20_v185
2019171462,f_cl_clo_lxf_dec_5_t11_v1
2019171877,packed_mp_veh_mod_var_0_v207
2019272692,f_cl_clo_bif_decl_19_t11_v1
2019318892,packed_mp_veh_mod_idx_s_21_v237
2019336477,packed_mp_veh_mod_idx_s_14_v163
2019396773,vem_supermod_3_14_t44_v10
2019408563,vem_insurance_iwagen
2019532407,packed_mp_veh_mod_idx_s_14_v406
2019586017,wp_wm_tint2_t2_v91
2019597052,m_cl_g_fmm_13_5_t14_v0
2019649305,f_ha_clo_sbf_h_0_0_t0_v1
2019717693,m_cl_outfit_clo_awm_o_f_4_t12_v0
2019728744,packed_ng_vehicle_neon_v31
2019836252,vem_supermod_3_7_t44_v11
2019983772,f_cl_o_fmf_p5_t3_v12
2020009315,m_cl_clo_og_decl_1_t11_v1
2020084812,m_ha_cc_m_hs_21_t0_v1
2020128786,vem_skirt_22_t13_v38
2020196846,vem_colour_1_mct_classic_rolled_steel_t24_v33
2020247196,vem_roof_12_t12_v3
2020251219,vem_cmod_neonlay_3_t21_v30
2020298262,f_ta_tat_bi_020_t0_v0
2020306243,vem_chassis_2_n1_t4_v3
2020320840,packed_mp_veh_wheel_type_0_v140
2020385421,f_cl_clo_indf_ht_6_2_t14_v1
2020479306,wp_wct_c_tint_16_t2_v9_n2
2020514519,m_cl_clo_fxm_pe_5_11_t14_v1
2020556142,f_cl_clo_grf_u_26_0_t11_v1
2020591459,vem_supermod_3_42_t44_v10
2020701188,packed_mp_veh_mod_idx_s_12_v73
2020788441,vem_colour_2_mct_metallic_sea_green_t25_v1
2020810339,packed_mp_veh_mod_idx_s_3_v351
2020825806,ve_scarab_t0_v38
2020990054,vem_smod3_whlv8_t66_v3
2020991442,m_cl_clo_s1m_ph_1_0_t14_v1
2021039997,m_cl_g_fmm_10_1_t14_v0
2021157347,vem_colour_1_mct_metallic_bronze_t24_v33
2021164335,ve_locust_t0_v3
2021277971,packed_mp_veh_livery_0_v144
2021292995,f_cl_u_fmf_15_0_t11_v0
2021298001,f_cl_clo_lxf_u_6_7_t11_v1
2021354019,packed_mp_veh_mod_idx_15_v80
2021402901,f_cl_clo_x6f_ey_0_2_t14_v1
2021413158,vem_drft_11_t19_v0
2021552262,packed_mp_veh_mod_idx_s_20_v121
2021709830,m_cl_clo_x6m_ph_2_20_t14_v1
2021744146,packed_mp_veh_mod_idx_s_19_v3
2021757878,vem_supermod_8_0_t49_v3
2021764025,vem_colour_2_mct_metallic_race_yellow_t25_v0
2021779372,f_cl_clo_h3f_o_dh_16_t8_v12
2022101347,packed_mp_veh_mod_idx_s_13_v205
2022126790,vem_supermod_23_1_t64_v15
2022173974,packed_mp_veh_colour1_0_v92
2022185982,vem_smod4_whlv124_t66_v2
2022193111,packed_mp_veh_colour_extra1_0_v37
2022268706,f_cl_clo_sbf_u_17_22_t11_v1
2022310464,f_cl_clo_grf_u_21_0_t11_v1
2022319368,vem_smod_whl1_t19_v3
2022383556,hangar_mod_lighting_6_t0_v1
2022392935,autoshop_st1_0_t0_v0
2022410427,packed_mp_veh_mod_idx_s_1_v78
2022415179,vem_colour_2_mct_classic_beechwood_brown_t25_v1
2022499716,vem_smod4_whlv203_t66_v2
2022597128,vem_smod4_whlv123_t66_v0
2022607961,dec_vw_aw_mt_2a
2022673963,f_cl_clo_x6f_l_8_18_t4_v1
2022690025,f_cl_clo_exf_es_0_1_t8_v1
2022695022,packed_mp_veh_mod_idx_s_11_v258
2022860376,f_cl_clo_grf_u_2_19_t11_v1
2022860794,f_cl_clo_trf_u_15_1_t11_v1
2022873424,vem_spoiler_10_t14_v0
2022898520,vem_cmod_neoncol_5_t21_v26
2022902137,m_cl_clo_hilf_s_2_1_t8_v2
2022923286,packed_mp_veh_mod_idx_s_5_v89
2022948055,m_cl_clo_busm_t_0_9_t7_v1
2022993921,vem_smod4_whlv168_t66_v0
2023059426,m_cl_clo_vwm_u_2_19_t11_v1
2023075818,m_cl_clo_trm_u_12_1_t11_v1
2023088343,vem_smod5_whlv70_t66_v3
2023179565,vem_supermod_52_9_t52_v7
2023229752,packed_lr_vehicle_colour_6_v2
2023230810,packed_ng_vehicle_neon_v162
2023272597,packed_mp_veh_mod_var_0_v122
2023280560,packed_mp_veh_mod_idx_10_v249
2023453752,packed_mp_veh_mod_idx_s_3_v254
2023471194,f_cl_clo_bif_u_10_8_t11_v1
2023492711,packed_mp_veh_mod_idx_14_v213
2023623683,m_cl_clo_bim_f_0_0_t6_v1
2023650880,f_cl_clo_sbf_u_14_9_t11_v1
2023721213,vem_supermod_63_0_t63_v7
2023723976,m_cl_clo_awm_u_3_13_t11_v1
2023802468,f_ha_none_t6_v0
2023841948,vem_supermod_5_0_t46_v26
2023880395,f_cl_clo_hp_f_d_23_t100_v0
2023942735,packed_mp_veh_mod_idx_s_20_v253
2024067140,vem_bumper_f_8_t34_v3
2024156731,m_cl_clo_x6m_f_10_5_t6_v1
2024171546,m_cl_outfit_clo_awm_o_g_3_t12_v0
2024183780,m_cl_clo_fxm_ph_7_5_t14_v1
2024242308,vem_suspension_2_t15_v26
2024384895,f_cl_clo_grf_ph_4_2_t14_v1
2024461972,f_ta_tat_lx_021_t0_v0
2024573600,packed_mp_veh_colour1_0_v409
2024586262,packed_mp_veh_livery2_0_v314
2024643504,m_cl_clo_hstmb_23_4_t1_v1
2024754701,f_cl_clo_trf_decl_6_t100_v0
2024830523,packed_mp_veh_mod_idx_8_v283
2024847604,f_cl_clo_scf_u_1_1_t11_v1
2024898004,packed_mp_veh_mod_idx_s_15_v150
2024964471,m_cl_clo_bbm_l_2_1_t4_v1
2024970167,packed_ng_vehicle_neon_v146
2024994659,packed_mp_veh_mod_idx_9_v344
2024997776,m_cl_l_fmm_7_12_t4_v0
2025002440,packed_mp_veh_colour2_0_v214
2025086946,m_cl_clo_h3m_b_1_0_t1_v1
2025178963,packed_mp_veh_mod_idx_13_v196
2025222964,vem_insurance_deathbike2
2025269516,vem_colour_extra_1_mct_metallic_moss_brown_t24_v2
2025280805,vem_supermod_14_5_t55_v38
2025327148,m_cl_clo_fxm_l_5_3_t4_v1
2025344383,f_cl_clo_val_decl_m_t11_v1
2025430418,packed_mp_veh_colour2_0_v59
2025439142,packed_mp_veh_mod_idx_s_14_v78
2025578869,vem_cmod_tyr_6_t18_v35
2025585866,m_cl_clo_smm_b_8_5_t1_v1
2025639636,f_cl_clo_hstf_s_6_4_t8_v2
2025645266,m_cl_clo_fxm_pe_2_0_t14_v1
2025656153,wp_wct_c_tint_2_t2_v5_n2
2025703428,wp_wct_tint_27_t2_v1_n2
2025800800,m_cl_outfit_clo_hstm_o_c_0_t12_v0
2025856902,vem_musc_12_t19_v3
2026020850,m_cl_clo_awm_decl_52_t100_v0
2026219218,m_ta_tat_st_024_t0_v0
2026244240,vem_supermod_0_22_t41_v7
2026274381,f_cl_clo_fxf_l_4_8_t4_v1
2026492407,packed_mp_veh_mod_idx_3_v57
2026503530,f_cl_clo_h2f_b_3_0_t1_v1
2026581982,packed_mp_veh_mod_idx_s_22_v278
2026582719,f_cl_outfit_clo_h2f_o_s_16_t12_v0
2026595193,packed_mp_veh_mod_idx_24_v385
2026607201,packed_mp_veh_mod_idx_s_11_v226
2026633790,vem_supermod_16_3_t57_v3
2026809389,m_cl_clo_grm_u_18_11_t11_v1
2026859053,packed_mp_veh_mod_idx_24_v324
2026882386,packed_mp_veh_mod_idx_s_15_v367
2026926265,vem_colour_extra_1_mct_metallic_surf_blue_t24_v33
2026968036,f_cl_clo_x4f_u_12_6_t11_v1
2026972865,f_cl_clo_x6f_l_1_2_t4_v1
2027091320,m_cl_clo_bhm_u_14_11_t11_v1
2027224560,f_cl_clo_bif_u_20_1_t11_v1
2027324978,f_cl_outfit_clo_stf_o_e_0_t12_v0
2027347171,f_cl_clo_fxf_l_2_0_t4_v1
2027479066,ve_stalion2_t1_v0
2027486037,vem_colour_mct_none_69
2027563020,m_cl_clo_vwm_u_15_13_t11_v1
2027605914,packed_mp_veh_mod_idx_4_v377
2027606667,f_cl_outfit_clo_s2f_o_11_t12_v0
2027618142,dec_vw_aw_wv_31
2027791247,packed_mp_veh_mod_idx_s_21_v341
2027882019,m_cl_clo_stm_u_4_3_t11_v1
2027952240,packed_mp_veh_livery2_0_v195
2027983527,packed_mp_veh_colour2_0_v228
2028015421,packed_mp_veh_mod_idx_s_14_v382
2028032767,vem_supermod_45_22_t45_v7
2028106990,ve_impaler2_t0_v38
2028113357,vem_spt_24_t19_v3
2028148814,vem_hood_0_t9_v39
2028208517,f_cl_clo_hstf_s_8_0_t8_v1
2028212791,packed_mp_veh_secondary_colour_group_v187
2028287180,vem_hood_3_t9_v26
2028411531,packed_mp_veh_mod_var_0_v241
2028429438,vem_skirt_10_t13_v3
2028502931,m_cl_clo_x6m_ph_8_19_t14_v1
2028537217,vem_smod_whlv108_t66_v3
2028644303,vem_cmod_tyr_8_t18_v2
2028864570,f_cl_u_fmf_14_12_t11_v0
2028887471,f_cl_clo_awf_ph_2_5_t14_v1
2028896665,packed_mp_veh_mod_idx_3_v221
2028909978,vem_insurance_toro
2029000289,m_cl_clo_scm_l_10_2_t4_v1
2029031150,vem_colour_extra_1_mct_classic_cabernet_red_t24_v33
2029043156,vem_trans_1_t16_v35
2029101355,m_cl_clo_h3m_l_4_16_t4_v1
2029105846,f_cl_clo_bif_decl_10_t100_v0
2029196413,packed_mp_veh_mod_idx_18_v72
2029219335,f_cl_clo_h4f_decl_36_t100_v0
2029247615,f_cl_clo_sbf_u_13_6_t11_v1
2029276434,wp_wct_tint_30_t2_v46_n2
2029290238,packed_mp_veh_window_tint_0_v57
2029321222,packed_mp_veh_mod_idx_s_16_v278
2029411951,f_cl_clo_awf_f_2_0_t6_v1
2029442905,packed_mp_veh_window_tint_0_v196
2029450992,vem_supermod_6_21_t47_v3
2029641351,m_cl_clo_fxm_b_1_2_t1_v1
2029696255,f_cl_clo_half_6_0_t1_v1
2029765654,f_cl_clo_ief_u_14_1_t11_v1
2029954793,vem_drft_04_t19_v12
2030144189,vem_supermod_3_12_t44_v11
2030222741,packed_mp_veh_mod_idx_7_v282
2030225457,m_cl_clo_grm_u_18_9_t11_v1
2030361921,vem_cmod_exp_0_t20_v7
2030554591,packed_mp_veh_mod_idx_s_4_v312
2030557418,packed_mp_veh_livery_0_v102
2030579328,m_cl_clo_sum_u_17_2_t11_v2
2030623385,packed_mp_veh_mod_idx_s_13_v354
2030632321,packed_mp_veh_colour_extra2_0_v57
2030662624,packed_mp_veh_mod_idx_s_13_v140
2030689735,vem_armour_3_t1_v28
2030699463,packed_mp_veh_mod_idx_s_13_v382
2030731848,m_cl_f_fmm_14_0_t6_v0
2030748066,vem_supermod_3_39_t44_v6
2030762140,f_cl_clo_bif_decl_54_t11_v1
2030771998,service_earn_tuner_daily_vehicle_bonus
2030928955,m_cl_u_fmm_14_13_t11_v0
2030943680,m_cl_clo_awm_l_1_12_t4_v1
2030983107,m_ta_tat_ie_003_t0_v0
2031148933,vem_rwd_spt_01_t19_v0
2031177624,packed_mp_veh_mod_idx_24_v287
2031207695,packed_mp_veh_mod_idx_18_v249
2031223095,packed_mp_veh_primary_colour_group_v371
2031387293,f_cl_clo_ief_u_7_22_t11_v1
2031400520,packed_mp_veh_mod_idx_8_v116
2031509326,packed_mp_veh_wheel_type_0_v364
2031514885,m_cl_clo_fxm_ph_1_5_t14_v1
2031532877,wp_wct_clip_hp_t1_v70_n2
2031634317,packed_mp_veh_mod_idx_s_23_v344
2031650261,vem_supermod_5_0_t46_v6
2031653467,f_cl_clo_x6f_f_12_3_t6_v1
2031723428,f_cl_outfit_clo_trf_o_r7_t12_v0
2031744286,vem_bumper_f_12_t34_v1
2031752001,m_cl_clo_sum_u_16_12_t11_v1
2031812922,f_cl_clo_x6f_o_1_t3_v12
2031936565,packed_mp_headblend_overlay_body_v0
2031942455,m_cl_outfit_clo_l2m_o_4_t12_v0
2032138794,vem_colour_extra_1_mct_matte_grey_t24_v0
2032166032,vem_rwd_spt_07_t19_v1
2032230313,packed_mp_veh_mod_idx_s_9_v350
2032344900,f_cl_clo_exf_ob_13_t3_v12
2032350773,m_cl_clo_vwm_decl_18_t100_v0
2032383580,packed_mp_veh_mod_idx_s_0_v260
2032454054,vem_supermod_11_23_t52_v3
2032498089,packed_mp_veh_mod_idx_s_7_v151
2032545078,ve_imperator3_t0_v38
2032660554,vem_cmod_hrn_0_t10_v5
2032795062,m_cl_clo_awm_b_11_0_t1_v1
2032800650,fcclub_garg_2_t1_v0
2032859863,m_cl_clo_exm_eu_7_6_t11_v1
2032861105,wp_wct_clip_tr_t0_v1_n2
2032875661,vem_supermod_9_14_t50_v11
2032959126,m_cl_clo_sbm_b_3_0_t1_v1
2033013921,packed_ng_vehicle_bpt_v147
2033231886,packed_mp_veh_mod_idx_s_18_v210
2033243137,packed_mp_veh_mod_idx_s_18_v101
2033336525,vem_insurance_surfer2
2033357297,vem_supermod_3_40_t44_v6
2033395395,m_cl_f_fmm_15_8_t6_v0
2033437002,vem_smod4_whlv201_t66_v1
2033446779,m_cl_outfit_clo_ltsm_o_14_t12_v0
2033462952,f_cl_clo_awf_f_0_17_t6_v1
2033489878,packed_lr_vehicle_colour_5_v238
2033559615,m_cl_clo_grm_u_3_13_t11_v1
2033577641,f_cl_clo_x17f_o_m_1_t8_v12
2033602845,f_cl_clo_bhf_u_0_12_t11_v1
2033607674,packed_mp_veh_mod_idx_s_2_v138
2033646387,f_cl_clo_grf_g_0_5_t3_v1
2033766359,wp_wct_c_tint_6_t2_v9_n2
2033885085,packed_mp_veh_mod_idx_10_v343
2033948956,f_cl_g_fmf_4_6_t14_v0
2034048179,packed_mp_veh_mod_idx_s_3_v344
2034061830,packed_mp_veh_mod_idx_22_v177
2034213103,dec_vw_aw_wv_68
2034297124,f_cl_clo_ief_b_3_5_t1_v1
2034315345,packed_mp_veh_mod_idx_6_v177
2034320606,f_ha_cc_f_hs_13_t0_v2
2034343999,f_cl_clo_vwf_u_12_1_t11_v1
2034391421,m_cl_clo_smm_b_8_12_t1_v1
2034527898,vem_smod4_whlv148_t66_v2
2034559722,packed_mp_veh_mod_idx_s_1_v178
2034569057,m_cl_clo_smm_b_5_12_t1_v1
2034581994,packed_mp_veh_mod_idx_s_6_v163
2034641895,f_cl_clo_grf_f_1_1_t6_v1
2034710782,packed_mp_veh_mod_idx_s_5_v139
2034740275,m_cl_clo_stm_u_5_9_t11_v1
2034758721,m_ta_tat_fm_220_t0_v0
2034769011,packed_mp_veh_mod_idx_s_7_v408
2034897733,packed_mp_veh_mod_idx_6_v222
2034923402,vem_colour_1_mct_metallic_cast_iron_sil_t24_v2
2035026386,vem_cmod_win_1_t33_v3
2035353915,m_cl_clo_hilf_o_22_t3_v12
2035471754,f_cl_clo_ief_u_1_0_t11_v1
2035525638,vem_yacht_col_12_v0
2035610353,packed_mp_veh_mod_idx_23_v274
2035612943,service_earn_casino_heist_award_elite_thief
2035689966,f_cl_clo_hstf_u_5_0_t11_v1
2035703735,packed_mp_veh_mod_idx_5_v398
2035801586,packed_mp_veh_mod_idx_5_v330
2035832054,vem_colour_extra_1_mct_classic_grace_red_t24_v2
2035838957,vem_smod3_whlv82_t66_v3
2035944057,m_cl_clo_x6m_lw_0_3_t14_v1
2035965311,vem_horn_hips2_t10_v31
2035967832,m_cl_clo_lxm_e_13_2_t14_v1
2036064239,m_cl_clo_lxm_e_3_1_t14_v1
2036299704,vem_cmod_tyr_pat_t18_v2
2036381268,vem_supermod_7_19_t48_v3
2036416925,vem_fender_l_0_t36_v39
2036437886,mp_stat_multi_property_9_v0
2036606127,wp_wct_clip2_t1_v9
2036641671,f_cl_f_fmf_7_3_t6_v0
2036717691,ve_patriot2_t1_v3
2036994020,vem_colour_extra_1_mct_pearlescent_sea_green_t24_v3
2037010836,packed_lr_vehicle_colour_6_v88
2037087398,packed_mp_veh_mod_idx_15_v208
2037091750,packed_ng_vehicle_insurance_v247
2037172263,wp_wct_muzz5_t1_v48_n2
2037173125,packed_mp_veh_mod_idx_s_17_v97
2037187950,vem_insurance_cavcade2
2037193264,vem_hood_12_t9_v35
2037245880,m_ha_cc_eyebrw_14_t2_v0
2037359172,vem_smod_whlv212_t66_v3
2037364818,m_cl_clo_grm_u_13_25_t11_v1
2037530753,vem_smod_whlv200_t66_v0
2037611549,m_cl_clo_hp_d_25_t8_v2
2037638398,m_ha_hair_beard10_t1_v1
2037655624,m_cl_clo_h3m_u_9_19_t11_v1
2037675037,packed_mp_veh_mod_idx_14_v53
2037690071,packed_mp_veh_colour_extra2_0_v222
2037766618,f_cl_clo_s1f_dec_5_t100_v0
2037835802,m_cl_clo_iem_u_7_13_t11_v1
2037851298,vem_colour_extra_1_mct_classic_beechwood_brown_t24_v2
2037892417,wp_wm_tint7_t2_v1
2037898949,f_cl_clo_hstf_t_3_5_t7_v1
2037901972,vem_supermod_8_16_t49_v3
2037925075,packed_mp_veh_mod_var_1_v410
2038074576,m_cl_clo_hstm_t_3_0_t7_v1
2038086523,vem_spoiler_6_t14_v27
2038116929,packed_ng_vehicle_insurance_v57
2038174905,m_cl_clo_x6m_ph_2_12_t14_v1
2038209715,packed_mp_veh_mod_idx_23_v185
2038266086,m_cl_clo_busm_u_0_0_t11_v1
2038301292,vem_supermod_15_7_t56_v27
2038360254,f_cl_clo_sbf_u_22_22_t11_v1
2038362832,packed_mp_veh_mod_idx_2_v112
2038403468,mp_stat_mpsv_model_268
2038427785,packed_mp_veh_mod_idx_1_v70
2038459166,m_cl_clo_x6m_f_5_4_t6_v1
2038508433,m_ha_face_e_c_6_t4_v0
2038648651,packed_mp_veh_mod_var_0_v27
2038658714,wp_wct_camo_ind_t1_v22_n2
2038727957,packed_ng_vehicle_neon_v6
2038829847,wp_wm_tint1_t2_v68
2038906729,f_cl_clo_vwf_decl_3_t100_v0
2038913752,packed_mp_veh_mod_idx_s_21_v161
2038936945,m_cl_clo_trm_d_25_0_t10_v1
2038937228,packed_mp_veh_colour_extra2_0_v105
2038973371,f_cl_clo_fxf_pe_1_7_t14_v1
2039036327,packed_mp_veh_window_tint_0_v408
2039068738,packed_mp_veh_mod_idx_8_v105
2039082229,vem_colour_extra_1_mct_classic_light_blue_t24_v2
2039118555,packed_lr_vehicle_colour_5_v336
2039160340,packed_ng_vehicle_neon_v155
2039209973,m_cl_clo_hp_l_0_10_t4_v1
2039297429,m_cl_clo_hstm_u_4_0_t11_v1
2039302543,service_spend_gangops_repair_cost
2039503172,packed_mp_veh_mod_idx_2_v58
2039619085,vem_colour_2_mct_classic_grace_red_t25_v4
2039673451,m_cl_clo_ltsmh_0_1_t14_v1
2039742559,packed_mp_veh_mod_idx_4_v242
2039850178,packed_mp_veh_colour_extra1_0_v26
2039906642,vem_smod2_whlv130_t66_v3
2039943708,m_cl_clo_h3m_o_bs_6_t4_v12
2039983278,vem_insurance_sheava
2040009402,packed_mp_veh_colour2_0_v256
2040045040,m_cl_clo_fxm_l_5_1_t4_v1
2040170387,m_cl_clo_h3m_o_jan_6_t3_v12
2040440651,m_cl_clo_h4m_pey_0_4_t14_v1
2040575790,packed_mp_veh_mod_idx_s_17_v336
2040584002,packed_mp_veh_mod_idx_s_8_v74
2040729638,vem_supermod_15_7_n1_t56_v38
2040774842,m_cl_clo_grm_ph_1_18_t14_v1
2040798523,packed_mp_veh_mod_idx_s_7_v400
2040826470,wp_wct_holo_t1_v13_n2
2040858017,vem_hood_22_t9_v3
2040968351,packed_mp_veh_mod_idx_s_16_v381
2041151492,packed_mp_veh_mod_idx_3_v104
2041179174,f_cl_clo_bhf_u_17_7_t11_v1
2041317861,vem_smod2_whlv206_t66_v3
2041332494,vem_smod4_whlv75_t66_v0
2041372293,f_cl_clo_x6f_l_8_10_t4_v1
2041390758,dec_vw_aw_mt_8d
2041411639,m_cl_outfit_clo_bim_o_11_t12_v0
2041470079,vem_colour_2_mct_classic_saddle_brown_t25_v1
2041646114,m_ta_tat_x6_045_t0_v0
2041656892,f_cl_clo_h4f_b_2_14_t1_v1
2041747127,m_cl_clo_iem_f_0_7_t6_v1
2041767519,f_cl_clo_trf_o_l4_t3_v12
2041842709,m_cl_clo_x2m_ht_4_1_t14_v1
2041844773,f_cl_clo_awf_b_11_0_t1_v1
2041968893,packed_mp_veh_mod_idx_1_v81
2042029977,wp_wct_c_tint_15_t2_v13_n2
2042039353,vem_supermod_19_0_t60_v11
2042102646,f_cl_clo_h4f_decl_35_t100_v0
2042144628,f_cl_clo_bif_u_22_1_t11_v1
2042190311,packed_mp_veh_mod_idx_8_v390
2042232381,packed_mp_veh_colour_extra1_0_v300
2042237734,ve_sanctus_t0_v3
2042322978,f_cl_clo_h2f_o_g_14_t3_v12
2042339847,vem_colour_extra_1_mct_classic_surf_blue_t24_v33
2042350498,f_cl_clo_exf_au_16_2_t11_v1
2042361769,packed_mp_veh_mod_idx_s_13_v124
2042378819,f_cl_clo_ief_u_5_2_t11_v1
2042384676,ve_imperator3_t1_v38
2042399891,packed_ng_vehicle_smoke_v359
2042414922,m_cl_clo_hp_f_0_0_t6_v1
2042426657,m_cl_clo_grm_ph_3_6_t14_v1
2042444760,m_cl_clo_sum_l_2_0_t4_v1
2042519692,m_ta_tat_gr_025_t0_v0
2042795713,m_cl_l_fmm_3_0_t4_v0
2042910533,m_cl_clo_s2m_d_27_t100_v0
2043027960,packed_mp_veh_livery2_0_v400
2043052115,wp_wct_var_ray18_t1_v81
2043107559,packed_mp_veh_mod_idx_4_v384
2043215474,f_cl_clo_s1f_o_7_t8_v12
2043238988,packed_ng_vehicle_neon_v338
2043290118,f_cl_clo_grf_b_5_22_t1_v1
2043343458,packed_mp_veh_mod_idx_14_v79
2043349206,packed_mp_veh_mod_var_1_v382
2043382880,vem_smod4_whlv18_t66_v0
2043413854,vem_colour_1_mct_classic_frost_white_t24_v4
2043425176,vem_cmod_tyr_lg_t30_v6
2043474210,packed_mp_veh_mod_idx_23_v26
2043553605,packed_mp_veh_livery2_0_v331
2043741813,m_cl_clo_vem_dec_40_t100_v0
2043763268,m_cl_clo_x6m_f_10_20_t6_v1
2043773097,packed_mp_veh_mod_idx_8_v98
2043817088,mp_stat_arcade_floor_v0
2043854386,service_spend_cash_drop
2043858591,vem_supermod_58_15_t58_v7
2043880857,f_cl_clo_ief_u_6_7_t11_v1
2043913672,m_ha_cc_mkup_93_t5_v0
2043971015,m_cl_clo_grm_u_13_19_t11_v1
2043988925,m_cl_clo_bhm_decl_21_t100_v0
2043998674,packed_mp_veh_wheel_type_0_v218
2044093576,m_cl_outfit_clo_scm_o_3_t12_v0
2044103265,packed_mp_veh_mod_idx_s_1_v43
2044158160,packed_mp_veh_wheel_type_0_v363
2044217738,f_cl_clo_h4f_b_0_0_t1_v1
2044222568,packed_mp_veh_mod_idx_s_22_v309
2044239896,vem_smod4_whlv140_t66_v2
2044247026,vem_suspension_0_t15_v38
2044318348,packed_mp_veh_mod_idx_4_v363
2044351018,m_cl_clo_h2m_o_s_5_t3_v12
2044464739,vem_colour_extra_1_mct_classic_lava_red_t24_v2
2044510692,m_cl_clo_s1m_ph_0_24_t14_v1
2044562107,mp_stat_mpsv_model_20
2044665339,packed_mp_veh_mod_var_0_v259
2044741630,vem_yacht_col_7_v0
2044810106,packed_mp_veh_mod_idx_s_12_v341
2044915387,vem_colour_1_mct_classic_harbor_blue_t24_v1
2044936315,vem_smod4_whlv129_t66_v0
2044953101,wp_wct_bat_xm305_t1_v37
2044963312,packed_mp_veh_mod_idx_22_v8
2044980209,packed_ng_vehicle_insurance_v365
2045013720,m_cl_clo_awm_decl_13_t100_v0
2045043557,packed_mp_veh_mod_idx_9_v44
2045061382,vem_supermod_9_6_t50_v10
2045175663,packed_mp_veh_mod_idx_s_20_v205
2045367119,packed_mp_veh_mod_idx_s_14_v207
2045438405,vem_colour_2_mct_metallic_bleeched_brown_t25_v33
2045563424,packed_mp_veh_mod_idx_18_v114
2045588256,m_cl_clo_l2m_t_6_0_t7_v1
2045608032,m_cl_clo_fxm_u_2_21_t11_v1
2045636847,vem_smod3_whlv21_t66_v3
2045765500,packed_mp_veh_mod_idx_6_v18
2045789700,packed_mp_veh_mod_idx_7_v261
2045866018,m_cl_clo_smm_ph_2_15_t14_v1
2045888055,m_cl_clo_grm_ph_4_16_t14_v1
2045917714,packed_mp_veh_mod_idx_s_10_v351
2046026419,f_ha_cc_mkup_75_t5_v0
2046057928,packed_mp_veh_mod_idx_s_22_v373
2046089797,packed_mp_veh_mod_idx_s_13_v379
2046151207,packed_mp_veh_mod_idx_s_17_v59
2046180381,dec_vw_aw_wv_9
2046221108,packed_mp_veh_livery_0_v288
2046359714,vem_supermod_23_24_t64_v3
2046365747,vem_horn_lowrder2_t10_v2
2046382486,f_cl_clo_smf_b_9_12_t1_v1
2046461715,vem_grill_20_t8_v38
2046499146,m_cl_clo_grm_b_5_12_t1_v1
2046528929,pr_pm_modshop_19_t87_v0
2046779657,packed_mp_veh_mod_idx_5_v399
2046799446,vem_spt_25_t19_v2
2046811957,m_ha_cc_mkup_52_t5_v0
2046886183,m_ta_tat_hp_036_t0_v0
2046960014,m_cl_clo_vwm_u_17_0_t11_v1
2047102316,vem_skirt_5_t13_v38
2047125391,m_cl_clo_sum_b_3_3_t1_v1
2047228483,packed_mp_veh_colour1_0_v345
2047299192,packed_mp_veh_mod_idx_2_v102
2047323478,packed_mp_veh_mod_idx_7_v374
2047342934,packed_mp_veh_mod_idx_0_v388
2047407542,packed_ng_vehicle_smoke_v127
2047482089,vem_grill_3_t8_v1
2047537985,packed_mp_veh_mod_idx_s_14_v351
2047558808,vem_colour_extra_1_mct_classic_moss_brown_t24_v33
2047615597,packed_mp_veh_mod_idx_15_v195
2047678990,packed_mp_veh_mod_idx_14_v113
2047822936,ve_patrolboat_t0_v3
2047999310,ve_dune3_t0_v30_cesp
2048039369,packed_mp_veh_mod_idx_8_v411
2048077650,vem_smod4_whlv25_t66_v0
2048167910,f_cl_clo_bhf_u_14_0_t11_v1
2048214703,packed_mp_veh_mod_idx_s_7_v77
2048273795,m_cl_clo_x6m_ph_1_8_t14_v1
2048336837,packed_mp_veh_mod_idx_5_v323
2048424012,packed_mp_veh_mod_idx_4_v237
2048593923,m_cl_clo_lxm_e_12_0_t14_v1
2048627676,m_cl_clo_h3m_o_und_1_t3_v12
2048714326,packed_lr_vehicle_colour_6_v116
2048735505,f_cl_clo_x6f_f_10_17_t6_v1
2048772497,vem_cmod_col5_37_t29_v3
2048869877,packed_mp_veh_livery2_0_v39
2048986310,vem_smod_whlv209_t66_v0
2049050090,packed_mp_veh_mod_idx_8_v55
2049118901,m_cl_clo_sbm_b_5_3_t1_v1
2049171182,packed_ng_vehicle_smoke_v21
2049183914,packed_mp_veh_colour2_0_v267
2049265617,dec_vw_aw_mt_26d
2049296586,m_cl_outfit_clo_bus_m_o_22_t12_v0
2049355480,packed_mp_veh_mod_idx_7_v382
2049373862,m_cl_outfit_clo_h4m_o_l2_m1_t12_v0
2049378909,pr_pm_modshop_9_t0_v0
2049551348,packed_mp_veh_mod_idx_6_v261
2049619207,m_cl_clo_fxm_pe_0_2_t14_v1
2049627232,f_ha_clo_s2f_h_2_0_t0_v2
2049718813,kosatk_fla_8_t0_v1
2049727636,f_cl_clo_fxf_pe_2_7_t14_v1
2049731619,m_cl_clo_bim_decl_31_t100_v0
2049752598,vem_supermod_22_14_t63_v26
2049756112,packed_mp_veh_mod_idx_12_v392
2049766040,packed_mp_veh_mod_idx_6_v9
2049893502,packed_mp_veh_mod_idx_23_v60
2049936982,m_cl_clo_bhm_decl_36_t11_v1
2049979031,vem_exhaust_1_t6_v3
2050028543,m_cl_d_fmm_1_0_t10_v0
2050045786,f_cl_clo_ltsfu_1_4_t11_v1
2050093329,service_spend_pay_boss
2050146829,packed_mp_veh_mod_idx_s_12_v409
2050159164,packed_mp_veh_mod_idx_s_7_v105
2050165124,vem_colour_2_mct_metallic_cream_t25_v1
2050219283,m_cl_clo_x6m_rw_211_t14_v1
2050276352,packed_mp_veh_mod_idx_s_14_v328
2050320631,service_earn_casino_heist_elite_subterfuge
2050340160,m_cl_clo_scm_d_13_1_t10_v1
2050476690,vem_trans_2_t16_v26
2050612672,vem_racecar_whl12_t19_v3
2050613192,packed_ng_vehicle_neon_kit_v298
2050744632,vem_smod4_whlv172_t66_v0
2050942837,vem_supermod_11_11_t52_v3
2051004885,wp_wct_clip2_t1_v8_n2
2051007007,m_cl_clo_sbm_u_12_17_t11_v1
2051113403,m_ha_cc_mkup_36_t7_v0
2051213134,wp_wct_clip1_t1_v7
2051305364,m_cl_clo_h3m_b_14_0_t1_v1
2051337127,packed_mp_veh_mod_idx_s_5_v330
2051386966,vem_colour_extra_1_mct_pearlescent_dark_silver_t24_v4
2051395675,vem_cmod_pla_2_t23_v38
2051412031,m_cl_clo_hp_d_35_t8_v2
2051425131,vem_fender_l_0_t36_v37
2051434222,packed_mp_veh_primary_colour_group_v185
2051494827,vem_supermod_58_18_t58_v7
2051534682,m_cl_clo_bim_decl_45_t11_v1
2051581412,vem_colour_1_mct_metallic_race_yellow_t24_v33
2051584867,packed_mp_veh_mod_idx_s_6_v402
2051696323,vem_cmod_neonlay_5_t21_v31
2051747559,f_ta_tat_bi_044_t0_v0
2051757852,vem_colour_extra_1_mct_metallic_bleeched_brown_t24_v2
2051759833,m_cl_clo_exm_decl_1_t100_v0
2051809908,vem_smod5_whlv155_t66_v3
2051840916,pr_pm_bemblem_11_t0_v0
2051924186,vem_colour_extra_1_mct_metallic_harbor_blue_t24_v2
2051966706,m_ta_tat_hp_043_t0_v0
2052012652,f_cl_clo_trf_u_11_8_t11_v1
2052026367,f_cl_clo_sbf_b_5_3_t1_v1
2052084983,packed_mp_veh_livery_0_v366
2052128745,packed_mp_veh_mod_idx_1_v0
2052149993,vem_colour_1_mct_metallic_mariner_blue_t24_v33
2052167247,packed_mp_veh_mod_idx_s_17_v203
2052183393,packed_mp_veh_mod_idx_s_22_v154
2052217314,f_cl_clo_sbf_f_6_4_t6_v1
2052228419,fixer_hq_wal_7_t0_v0
2052351225,m_cl_clo_busm_s_1_15_t8_v2
2052377411,f_cl_clo_h3f_ph_6_16_t14_v1
2052377716,f_cl_clo_h4f_b_4_16_t1_v1
2052378928,packed_ng_vehicle_bpt_v133
2052392646,ve_tula_t1_v33
2052507445,ve_avisa_t0_v3
2052523919,vem_cmod_hrn_cop_t10_v7
2052559853,f_cl_clo_bhf_decl_40_t100_v0
2052563866,vem_supermod_1_10_t42_v28
2052564878,m_cl_clo_grm_f_3_4_t6_v1
2052699640,ve_patrolboat_n1_t1_v0
2052710295,packed_mp_veh_mod_idx_s_5_v80
2052723862,packed_mp_veh_mod_idx_8_v204
2052763196,vem_fender_r_1_n1_t37_v27
2052782721,packed_mp_veh_window_tint_0_v142
2052804160,f_cl_outfit_clo_scf_o_17_t12_v0
2052951227,packed_mp_veh_mod_idx_0_v159
2053020151,wp_wt_flaregun_t0_v1
2053023891,f_cl_clo_trf_b_3_2_t1_v1
2053028870,wp_wct_tint_25_t2_v21_n2
2053038106,vem_cmod_col5_1_t29_v2
2053044751,packed_mp_veh_mod_idx_s_17_v168
2053076291,packed_ng_vehicle_smoke_v136
2053093011,m_cl_clo_hp_d_28_t100_v0
2053098230,m_cl_clo_h2m_b_5_0_t1_v1
2053104602,m_cl_clo_busm_w0_0_t14_v1
2053150326,m_cl_clo_h3m_ph_11_2_t14_v1
2053203112,m_cl_clo_grm_g_0_0_t3_v1
2053204256,vem_colour_6_frost_white_t65_v3
2053254193,vem_smod4_whlv9_t66_v0
2053418012,ve_oppressor_t1_v31
2053473440,packed_mp_veh_mod_idx_s_6_v143
2053653961,vem_horn_luxe2_t10_v36
2053676821,vem_smod4_whlv151_t66_v2
2053895023,f_cl_clo_busf_l_1_5_t4_v1
2054009301,pr_mp_prop_77_t0_v0
2054016794,packed_ng_vehicle_bpt_v115
2054022745,packed_mp_veh_primary_colour_group_v136
2054112823,packed_mp_veh_mod_idx_s_16_v179
2054124025,vem_colour_extra_1_mct_metallic_purple_t24_v2
2054155369,f_cl_g_fmf_11_5_t14_v0
2054301542,vem_supermod_23_32_t64_v33
2054318108,m_cl_clo_sbm_f_3_23_t6_v1
2054351053,vem_supermod_1_6_t42_v26
2054372849,f_cl_clo_hp_f_u_6_5_t11_v1
2054373646,f_cl_clo_vwf_u_12_7_t11_v1
2054474593,m_cl_clo_bim_decl_40_t11_v1
2054540793,m_cl_clo_bhm_f_1_22_t6_v1
2054561053,packed_ng_vehicle_smoke_v272
2054574865,fcclub_stf_0_t0_v0
2054603816,fcarcade_b_up3_c_6
2054631086,m_cl_f_fmm_10_0_t6_v0
2054656772,f_cl_clo_arf_o_4_t3_v12
2054668654,packed_mp_veh_colour1_0_v30
2054670277,m_cl_clo_grm_b_3_12_t1_v1
2054740166,f_cl_clo_exf_ef_0_3_t6_v1
2054827715,f_cl_clo_sbf_ph_5_24_t14_v1
2054836275,vem_colour_1_mct_metallic_woodbeech_brown_t24_v3
2054942229,vem_smod2_whl27_t19_v12
2054960192,m_cl_clo_s1m_u_2_0_t11_v1
2055010935,packed_mp_veh_mod_idx_s_12_v269
2055027934,vem_bumper_f_2_t34_v37
2055287051,vem_supermod_18_2_t59_v10
2055350887,vem_smod_whl3_t19_v3
2055387942,m_cl_clo_vwm_u_17_5_t11_v1
2055414938,vem_bumper_r_12_t35_v5
2055422208,vem_colour_1_mct_classic_straw_brown_t24_v1
2055442018,wp_wct_camo_5_t1_v13_n2
2055468436,packed_mp_veh_mod_idx_24_v179
2055596324,m_cl_clo_hstmb_22_4_t1_v1
2055603824,pr_mp_prop_60_t0_v0
2055638717,vem_colour_1_mct_classic_salmon_pink_t24_v0
2055642810,m_cl_clo_awm_b_4_2_t1_v1
2055696946,wp_wct_camo_3_t1_v46_n2
2055755472,wp_wct_camo_3_t1_v9_n2
2055778064,f_cl_clo_grf_b_3_19_t1_v1
2055849751,vem_exhaust_3_t6_v26
2055865235,vem_rwd_hiend_20_t19_v12
2055875327,m_cl_clo_halm_2_2_t1_v1
2055976388,f_cl_outfit_clo_bif_o_2_t12_v0
2055981365,packed_mp_veh_colour_extra1_0_v254
2055994226,packed_mp_veh_mod_idx_s_5_v294
2056214660,m_cl_clo_hstmb_18_7_t1_v1
2056308504,vem_colour_extra_1_mct_pearlescent_bright_orange_t24_v4
2056380420,f_cl_clo_stf_o_11_t11_v12_cesp
2056415435,m_cl_clo_h4m_pey_311_t14_v1
2056420141,vem_smod4_whlv150_t66_v3
2056442882,vem_colour_1_mct_metallic_blaze_red_t24_v4
2056480127,m_cl_clo_h3m_ph_5_0_t14_v1
2056510402,vem_colour_1_mct_classic_saxon_blue_t24_v3
2056622551,packed_mp_veh_mod_idx_16_v128
2056827336,f_cl_clo_x6f_f_10_20_t6_v1
2056844032,vem_colour_1_mct_classic_black_t24_v0
2056874112,m_ha_clo_bim_h_3_0_t0_v1
2056949191,m_cl_clo_hst_b_3_0_t1_v1
2056986073,ve_faggio_t0_v4
2057045427,packed_mp_veh_mod_idx_s_18_v121
2057083546,packed_lr_vehicle_colour_5_v233
2057159570,packed_mp_veh_mod_idx_s_9_v15
2057180888,packed_mp_veh_mod_idx_s_23_v114
2057230176,packed_mp_veh_mod_idx_10_v288
2057260711,f_ta_tat_h3_030_t0_v0
2057267927,m_cl_clo_awm_ph_1_10_t14_v1
2057269686,packed_mp_veh_colour1_0_v132
2057375615,ve_buccanee_t0_v0
2057384603,m_cl_clo_vwm_u_9_16_t11_v1
2057417610,m_ta_tat_bi_002_t0_v0_cesp
2057452386,fixer_hq_wal_3_t0_v0
2057488080,packed_mp_veh_mod_idx_s_14_v334
2057547140,packed_mp_veh_mod_idx_s_6_v117
2057625827,f_cl_clo_x6f_b_2_3_t1_v1
2057711370,packed_lr_vehicle_colour_6_v241
2057743393,m_cl_outfit_clo_hstm_o_20_t12_v0
2057768868,f_cl_clo_trf_u_12_14_t11_v1
2057978103,m_cl_clo_bhm_u_9_11_t11_v1
2058048219,packed_mp_veh_mod_idx_8_v310
2058129715,vem_rwd_bikew_07_t19_v3
2058130346,m_cl_clo_vwm_l_2_7_t4_v1
2058131540,packed_mp_veh_plate_id_v66
2058177352,f_ta_tat_bi_045_t0_v0
2058186962,m_cl_clo_grm_l_2_8_t4_v1
2058226627,vem_exhaust_15_t6_v35
2058250742,packed_mp_veh_mod_idx_s_13_v407
2058324949,vem_supermod_45_15_t45_v7
2058357153,m_cl_clo_h4m_decl_30_t100_v0
2058367400,packed_mp_veh_mod_var_0_v160
2058511247,packed_mp_veh_mod_idx_s_20_v382
2058523532,packed_mp_veh_mod_idx_s_19_v127
2058584870,packed_mp_veh_mod_idx_s_15_v29
2058724525,f_cl_clo_bif_o_9_t8_v12
2058760130,f_cl_clo_h3f_b_1_0_t1_v1
2058826953,packed_mp_veh_mod_idx_s_14_v28
2058890337,f_cl_outfit_clo_h3f_o_pr_1_t12_v0
2058935316,m_cl_clo_hp_d_24_t8_v2
2058980666,vem_rwd_musc_07_t19_v1
2059068022,f_cl_clo_indf_d_10_t11_v1
2059082705,packed_mp_veh_mod_idx_s_19_v174
2059124476,m_cl_clo_s1m_u_8_5_t11_v1
2059133345,packed_ng_vehicle_neon_v324
2059164228,packed_mp_veh_mod_idx_s_4_v393
2059209947,vem_colour_2_mct_classic_blaze_red_t25_v3
2059346305,packed_mp_veh_mod_var_1_v199
2059360775,packed_mp_veh_mod_idx_s_23_v48
2059411287,m_cl_ht_fmm_14_1_t14_v0
2059462609,f_ta_tat_h4_016_t0_v0
2059560899,f_cl_clo_awf_o_h_8_t3_v12
2059571773,packed_mp_veh_mod_idx_s_22_v94
2059614470,f_cl_clo_awf_decl_100_t100_v0
2059616272,m_cl_outfit_o_fmm_s3_t12_v0
2059641117,packed_mp_veh_mod_var_0_v395
2059684648,vem_colour_1_mct_classic_chocolate_brown_t24_v1
2059779539,m_cl_clo_lxm_u_0_7_t11_v1
2059783421,packed_mp_veh_mod_idx_16_v371
2059817771,kosatk_fla_10_t0_v1
2059841783,m_cl_clo_smm_ph_2_1_t14_v1
2059876370,packed_mp_veh_mod_idx_s_18_v385
2059878468,vem_supermod_6_3_t47_v27
2059936183,m_ha_cc_m_hs_2_t0_v2
2059947094,vem_cmod_tyr_4_t18_v35
2059968686,packed_mp_veh_mod_idx_s_19_v398
2060054462,vem_cmod_neoncol_7_t21_v29
2060161122,m_cl_clo_scm_l_10_20_t4_v1
2060166153,vem_spt_02_t19_v2
2060244806,packed_mp_veh_mod_idx_s_23_v391
2060318510,f_cl_clo_s2f_d_6_t11_v1
2060319169,packed_mp_veh_mod_idx_s_17_v131
2060360944,f_cl_f_fmf_3_14_t6_v0
2060361005,vem_supermod_7_10_t48_v3
2060384799,packed_mp_veh_mod_idx_9_v334
2060412445,packed_mp_veh_mod_idx_s_11_v264
2060496735,f_cl_clo_fxf_ph_2_6_t14_v1
2060500202,m_cl_clo_exm_decl_6_t11_v1
2060588311,m_ta_tat_fx_000_t0_v0
2060609253,packed_mp_veh_mod_var_0_v65
2060625534,packed_mp_veh_mod_idx_15_v172
2060656208,m_cl_outfit_clo_h3m_o_fib_4_t12_v0
2060663044,packed_mp_veh_mod_idx_13_v343
2060747881,vem_colour_extra_1_mct_classic_cast_iron_sil_t24_v3
2060805800,f_cl_clo_bus_p_0_5_t14_v1
2060864749,f_cl_clo_grf_b_0_20_t1_v1
2060934654,vem_racecar_whl2_t19_v3
2060959815,packed_mp_veh_mod_idx_7_v270
2060985264,f_cl_clo_h4f_t_13_9_t7_v1
2061040690,vem_bumper_f_7_t34_v27
2061196460,packed_mp_veh_mod_idx_s_2_v400
2061257022,wp_wct_clip1_t1_v49
2061294719,m_cl_clo_fxm_l_3_3_t4_v1
2061385821,packed_mp_veh_mod_idx_10_v47
2061429779,f_cl_clo_bhf_u_5_13_t11_v1
2061495959,packed_mp_veh_mod_idx_s_9_v254
2061518781,m_cl_clo_bhm_u_4_21_t11_v1
2061579041,m_ta_tat_fx_019_t0_v0
2061713624,f_cl_clo_sbf_u_17_17_t11_v1
2061815384,f_cl_clo_ief_u_20_7_t11_v1
2061822178,packed_mp_veh_mod_idx_23_v74
2061824908,m_cl_clo_exm_au_11_2_t11_v1
2061836697,mp_stat_hub_prod_total_3_v0
2061864160,packed_mp_veh_mod_idx_15_v131
2061890021,packed_mp_veh_mod_idx_s_13_v110
2061981868,m_cl_clo_iem_b_10_14_t1_v1
2062023141,packed_mp_veh_mod_idx_9_v323
2062050841,vem_supermod_23_2_t64_v26
2062062620,vem_supermod_13_5_t54_v28
2062197171,packed_ng_vehicle_neon_v180
2062276539,vem_supermod_23_12_t64_v33
2062354478,packed_mp_veh_mod_idx_22_v373
2062395325,vem_colour_2_mct_metallic_formula_red_t25_v0
2062620655,m_cl_clo_sbm_l_2_1_t4_v1
2062730167,packed_mp_veh_mod_idx_s_8_v230
2062953704,packed_mp_veh_mod_idx_s_14_v189
2063188200,wp_wct_flash_t1_v24
2063212879,m_cl_clo_bus_m_2_7_t1_v1
2063257928,vem_colour_1_mct_classic_race_yellow_t24_v2
2063271618,packed_mp_veh_mod_idx_s_9_v172
2063283303,m_cl_f_fmm_1_12_t6_v0
2063362979,f_cl_clo_hp_f_u_2_5_t11_v1
2063438538,packed_mp_veh_plate_id_v281
2063455474,m_cl_clo_awm_l_0_7_t4_v1
2063456538,service_earn_acid_lab_setup_participation
2063482309,wp_wm_tint2_t2_v88
2063489372,m_cl_clo_exm_g_13_10_t14_v0
2063517275,packed_ng_vehicle_neon_kit_v405
2063539279,packed_lr_vehicle_colour_5_v264
2063554534,fa_upgrade_coke_equip_1_t0_v0
2063662570,packed_mp_veh_mod_idx_15_v8
2063699347,vem_supermod_4_3_t45_v28
2063781885,packed_lr_vehicle_colour_6_v52
2063872915,f_cl_u_fmf_2_12_t11_v0
2063939701,f_cl_clo_fxf_l_1_22_t4_v1
2063946759,f_cl_clo_grf_b_5_15_t1_v1
2064037204,m_ta_tat_s2_031_t0_v0
2064046353,m_cl_clo_lxm_dec_16_t11_v1
2064049660,vem_smod3_whlv77_t66_v3
2064062915,f_cl_clo_grf_b_2_12_t1_v1
2064084668,m_cl_clo_sbm_ph_5_1_t14_v1
2064100829,m_cl_clo_smm_ph_1_11_t14_v1
2064124013,vem_smod4_whlv121_t66_v3
2064183545,vem_colour_extra_1_mct_classic_white_t24_v0
2064242803,m_cl_outfit_clo_bus_m_o_4_t12_v0
2064443194,wp_wct_tint_7_t2_v1_n2
2064470272,packed_mp_veh_mod_idx_s_20_v41
2064488839,hangar_mod_lighting_4_t0_v0
2064515177,m_cl_clo_awm_l_0_10_t4_v1
2064663512,f_cl_clo_vwf_ph_0_14_t14_v1
2064672765,vem_supermod_60_21_t60_v7
2064700549,wp_wt_pist_50_t0_v1
2064726557,packed_mp_veh_mod_var_1_v100
2064760680,f_cl_clo_x6f_f_5_8_t6_v1
2064826568,f_cl_clo_ief_f_0_10_t6_v1
2064943214,f_cl_clo_smf_ph_2_8_t14_v1
2065004493,m_ta_tat_st_009_t0_v0
2065055919,f_cl_clo_h3f_decl_23_t11_v1
2065157010,packed_mp_veh_mod_idx_s_10_v406
2065157657,f_cl_ht_fmf_6_2_t14_v0
2065183611,f_cl_clo_grf_b_1_15_t1_v1
2065233602,packed_ng_vehicle_smoke_v148
2065326789,packed_mp_veh_mod_idx_s_23_v375
2065496608,wp_wt_ba_0_t3_v0
2065500230,packed_ng_vehicle_bpt_v48
2065552375,f_cl_clo_s2f_o_8_t3_v12
2065667379,vem_colour_extra_1_mct_pearlescent_mariner_blue_t24_v2
2065678534,packed_mp_veh_mod_idx_4_v102
2065826254,f_cl_clo_bif_ph_0_2_t14_v1
2066000477,m_cl_clo_vwm_u_10_10_t11_v1
2066020709,f_cl_clo_grf_g_1_16_t3_v1
2066022209,m_cl_clo_bus_m_o_9_t3_v12
2066137964,f_ha_cc_mkup_6_t7_v1
2066148758,vem_colour_extra_1_mct_pearlescent_sienna_brown_t24_v0
2066323517,m_cl_clo_smm_ph_4_11_t14_v1
2066350631,f_cl_clo_x6f_f_15_5_t6_v1
2066491535,m_cl_clo_bim_l_2_4_t4_v1
2066616493,packed_mp_veh_mod_idx_15_v144
2066720600,packed_mp_veh_mod_idx_1_v272
2066756396,vem_smod4_whlv156_t66_v3
2066763192,packed_mp_veh_mod_var_0_v406
2066809916,packed_mp_veh_mod_idx_s_9_v4
2066837435,f_cl_clo_bhf_u_9_14_t11_v1
2066947086,wp_wct_tint_4_t2_v47_n2
2066947821,vem_rwd_bikew_26_t19_v3
2067110478,m_cl_u_fmm_14_3_t8_v1
2067113956,packed_mp_veh_livery2_0_v353
2067114996,f_cl_g_fmf_11_7_t14_v0
2067159571,packed_mp_veh_livery_0_v378
2067166712,vem_insurance_cognosc
2067186838,f_cl_clo_hstfb_23_5_t1_v1
2067225396,packed_mp_veh_mod_idx_s_13_v246
2067232750,tun_mission_failed
2067291314,packed_mp_veh_mod_idx_s_8_v218
2067345550,f_cl_clo_vwf_u_19_4_t11_v1
2067366315,vem_colour_extra_1_mct_classic_silver_t24_v0
2067385119,f_cl_clo_arf_o_6_t11_v12
2067473412,vem_cmod_win_1_t33_v32
2067516314,f_cl_clo_bhf_decl_55_t100_v0
2067532762,m_cl_clo_vwm_u_2_14_t11_v1
2067580104,m_cl_clo_grm_b_0_25_t1_v1
2067595552,vem_colour_extra_1_mct_classic_rolled_steel_t24_v4
2067623758,packed_mp_veh_mod_idx_23_v229
2067643008,packed_mp_veh_mod_idx_s_16_v130
2067645572,vem_cmod_neonlay_4_t21_v36
2067710596,packed_mp_veh_livery2_0_v27
2067769894,ve_viseris_t0_v3
2067787185,packed_mp_veh_mod_idx_s_20_v236
2067787712,f_cl_outfit_clo_bif_o_12_t12_v0
2067804044,packed_mp_veh_mod_var_0_v131
2067846791,vem_grill_0_t8_v4
2067867238,packed_mp_veh_mod_idx_12_v194
2067889114,vem_trans_0_t16_v34
2067907758,wp_ps_bag_27_t1_v33
2067947130,m_cl_outfit_clo_pim_o_0_t12_v0
2067969905,m_cl_clo_x6m_u_20_17_t11_v1
2067975250,f_cl_clo_awf_decl_29_t100_v0
2068005130,m_cl_clo_awm_l_3_5_t4_v1
2068022429,m_cl_clo_trm_ph_2_5_t14_v1
2068116147,m_cl_clo_h3m_u_9_0_t11_v1
2068119883,packed_mp_veh_colour_extra1_0_v301
2068130089,f_cl_clo_grf_decl_19_t10_v1
2068151208,packed_mp_veh_mod_idx_s_13_v191
2068215552,packed_mp_veh_plate_id_v74
2068244233,f_cl_clo_h4f_b_2_18_t1_v1
2068298094,vem_colour_2_mct_classic_race_yellow_t25_v0
2068327306,vem_smod4_whlv130_t66_v2
2068400305,f_cl_clo_bif_prw_3_0_t14_v1
2068404673,packed_mp_veh_mod_idx_4_v122
2068489629,packed_mp_veh_livery2_0_v120
2068582288,m_cl_clo_h4m_prw_0_1_t14_v1
2068623421,packed_mp_veh_mod_idx_s_22_v232
2068689174,vem_insurance_issi2
2068798187,m_cl_clo_lxm_w_1_1_t14_v1
2068975303,f_cl_clo_x6f_u_30_18_t11_v1
2068997577,packed_mp_veh_mod_idx_s_23_v354
2069081510,packed_mp_veh_mod_idx_0_v352
2069100919,packed_mp_veh_mod_idx_0_v255
2069138321,casweb_dealer_0_t0_v0
2069148887,packed_mp_veh_mod_idx_s_8_v393
2069214805,f_cl_clo_h4f_plw_0_2_t14_v1
2069242572,vem_smod4_whlv193_t66_v3
2069291850,m_ha_face_e_c_16_t4_v0
2069302226,packed_mp_veh_mod_idx_5_v187
2069315851,vem_grill_2_t8_v2
2069342712,packed_mp_veh_wheel_type_0_v169
2069387603,packed_mp_veh_livery_0_v243
2069419792,vem_smod4_whlv54_t66_v1
2069492051,vem_armour_0_t1_v37
2069530797,packed_mp_veh_mod_idx_s_6_v264
2069574272,packed_mp_veh_mod_idx_15_v322
2069595672,packed_mp_veh_mod_idx_23_v314
2069635489,vem_colour_2_mct_classic_grace_red_t25_v1
2069868700,m_cl_f_fmm_1_15_t6_v0
2069895216,packed_mp_veh_mod_idx_s_7_v2
2069898340,vem_engine_2_t5_v10
2070014615,vem_roof_24_n2_t12_v3
2070064279,m_cl_f_fmm_8_8_t6_v0
2070084891,packed_mp_veh_mod_idx_s_3_v265
2070137460,m_cl_clo_stm_u_5_3_t11_v1
2070200386,m_cl_clo_lxm_w_1_0_t14_v1
2070214398,packed_mp_veh_mod_idx_0_v100
2070228491,packed_mp_veh_mod_idx_s_2_v159
2070241474,packed_mp_veh_mod_idx_s_11_v186
2070317249,m_cl_clo_hp_u_8_2_t11_v1
2070366025,vem_colour_1_mct_classic_pink_t24_v3
2070377803,m_ha_face_e_c_14_t4_v0
2070383469,packed_ng_vehicle_smoke_v319
2070397638,vem_trans_1_t16_v32
2070416824,m_cl_clo_grm_f_0_12_t6_v1
2070494405,packed_mp_veh_mod_idx_s_19_v94
2070574467,vem_supermod_8_4_t49_v11
2070639892,packed_mp_veh_mod_idx_s_15_v208
2070654905,vem_smod2_whlv7_t66_v3
2070832523,vem_cmod_neonlay_5_t21_v27
2070996652,m_cl_clo_stm_o_8_t11_v12
2071029073,f_cl_clo_exf_g_10_9_t14_v0
2071045155,packed_mp_veh_mod_idx_s_21_v382
2071111288,packed_ng_vehicle_insurance_v30
2071135927,packed_mp_veh_window_tint_0_v41
2071142638,packed_mp_veh_mod_idx_6_v352
2071156236,f_cl_clo_bif_s_16_9_t8_v1
2071167215,m_cl_outfit_clo_stm_o_19_t12_v0
2071192302,dec_vw_aw_wh_37a
2071338544,fa_upgrade_weapons_trnpt_2_t0_v0
2071357959,packed_mp_veh_mod_idx_s_11_v288
2071399914,packed_mp_veh_mod_idx_s_22_v83
2071406104,vem_colour_2_mct_metallic_surf_blue_t25_v0
2071423459,f_cl_clo_awf_f_0_15_t6_v1
2071482059,f_cl_clo_vwf_u_4_4_t11_v1
2071509124,m_cl_clo_h2m_f_5_8_t6_v1
2071731780,vem_smod5_whlv50_t66_v3
2071921872,packed_mp_veh_mod_idx_s_9_v0
2072015352,m_cl_outfit_clo_h2m_o_g_15_t12_v0
2072018882,packed_mp_veh_mod_idx_9_v265
2072107934,packed_ng_vehicle_bpt_v163
2072118952,packed_mp_veh_mod_idx_s_9_v180
2072154833,vem_colour_5_surf_blue_t38_v3
2072199358,packed_ng_vehicle_insurance_v135
2072209929,packed_mp_veh_mod_idx_13_v29
2072247770,wp_wct_c_tint_10_t2_v47_n2
2072289901,packed_mp_veh_mod_idx_12_v157
2072343277,m_cl_clo_x4m_u_13_7_t11_v1
2072493797,packed_mp_veh_plate_id_v178
2072501517,vem_supermod_1_11_t42_v28
2072628322,packed_mp_veh_livery2_0_v90
2072681078,vem_colour_2_mct_metallic_sienna_brown_t25_v1
2072686740,vem_cmod_tyr_2_t30_v30
2072807130,f_cl_clo_trf_u_11_14_t11_v1
2072850039,packed_mp_veh_mod_idx_s_2_v165
2072921358,vem_cmod_tyr_stt_t30_v3
2073035464,m_cl_clo_iem_l_2_2_t4_v1
2073097435,vem_supermod_12_7_t53_v3
2073159689,m_cl_clo_bhm_b_0_6_t1_v1
2073171001,m_cl_clo_awm_b_3_6_t1_v1
2073190343,f_cl_clo_fxf_pe_3_0_t14_v1
2073196907,f_cl_clo_awf_decl_109_t100_v0
2073243386,packed_mp_veh_wheel_type_0_v209
2073287255,packed_mp_veh_mod_idx_s_5_v30
2073301377,vem_smod4_whlv47_t66_v3
2073354999,packed_mp_veh_mod_idx_s_13_v184
2073387509,vem_horn_hips2_t10_v34
2073399810,packed_mp_veh_mod_idx_4_v281
2073410160,packed_ng_vehicle_neon_kit_v377
2073413133,m_cl_clo_vwm_decl_38_t100_v0
2073572834,vem_colour_1_mct_matte_orange_t24_v0
2073638231,m_cl_clo_indm_s_0_8_t8_v1
2073643077,packed_mp_veh_livery_0_v152
2073702525,m_cl_clo_s2m_f_2_3_t6_v1
2073815285,packed_ng_vehicle_neon_v397
2073820580,vem_insurance_jb700
2073916820,f_cl_clo_grf_b_0_19_t1_v1
2074017475,packed_mp_veh_mod_idx_s_15_v281
2074069315,packed_mp_veh_mod_idx_s_23_v185
2074133742,packed_mp_veh_mod_idx_s_7_v33
2074367376,m_cl_clo_x6m_ph_2_17_t14_v1
2074416296,m_cl_clo_vwm_ph_1_2_t14_v1
2074419457,f_cl_clo_suf_u_18_12_t11_v1
2074428643,wp_wct_no_liv_t1_v70_n2
2074498880,packed_mp_veh_mod_idx_s_1_v371
2074573736,packed_mp_veh_mod_idx_s_3_v284
2074606771,f_cl_clo_h4f_u_8_0_t11_v1
2074642553,vem_supermod_2_2_n1_t43_v3
2074673585,m_cl_clo_vwm_l_1_3_t4_v1
2074843852,f_cl_clo_h4f_decl_37_t11_v1
2074939070,vem_colour_extra_1_mct_metallic_umber_brown_t24_v3
2074956454,vem_colour_2_mct_matte_lime_green_t25_v4
2074985183,packed_mp_veh_mod_idx_7_v285
2075025927,packed_ng_vehicle_smoke_v26
2075207910,vem_insurance_microlight
2075235164,vem_colour_extra_1_mct_pearlescent_harbor_blue_t24_v0
2075251675,vem_cmod_col5_23_t29_v0
2075284071,f_cl_clo_sbf_f_6_12_t6_v1
2075374534,m_cl_clo_sum_g_1_7_t3_v1
2075428228,m_cl_clo_h2m_f_5_25_t6_v1
2075463874,m_cl_clo_h4m_ph_0_1_t14_v1
2075628469,m_cl_f_fmm_15_13_t6_v0
2075631938,packed_mp_veh_mod_idx_5_v400
2075704014,f_ha_cc_eyebrw_26_t2_v0
2075801051,vem_colour_1_mct_metallic_anthr_black_t24_v3
2075924997,packed_mp_veh_mod_idx_0_v413
2075971193,m_cl_clo_h2m_o_s_19_t3_v12
2076083512,packed_mp_veh_mod_idx_s_15_v27
2076203131,vem_bumper_r_10_t35_v3
2076226014,vem_horn_cnote_g0_t10_v34
2076226161,f_cl_clo_lxf_dec_1_t11_v1
2076243384,f_cl_clo_h4f_decl_27_t100_v0
2076263968,m_cl_clo_vwm_u_21_13_t11_v1
2076289469,vem_supermod_2_0_t43_v11
2076380423,packed_mp_veh_window_tint_0_v18
2076389303,vem_supermod_10_0_t51_v7
2076443862,f_cl_clo_h4f_b_2_13_t1_v1
2076498929,m_cl_clo_x6m_ey_3_17_t14_v1
2076507442,packed_mp_veh_mod_idx_s_21_v410
2076544283,m_cl_clo_iem_b_8_1_t1_v1
2076589957,vem_colour_1_mct_matte_lime_green_t24_v4
2076643436,packed_mp_veh_mod_idx_s_3_v179
2076740534,m_ta_tat_bi_006_t0_v0
2076745678,vem_smod4_whlv161_t66_v0
2076806566,m_cl_clo_vwm_u_10_14_t11_v1
2076832328,packed_mp_veh_mod_idx_s_1_v192
2076834368,f_cl_clo_bhf_u_1_9_t11_v1
2076903965,m_cl_clo_x6m_u_1_18_t11_v1
2076941839,f_cl_clo_trf_ph_2_0_t14_v1
2076968535,packed_mp_veh_secondary_colour_group_v98
2077026895,kosatk_fla_42_t0_v0
2077056922,vem_cmod_neoncol_2_t21_v35
2077235795,m_cl_outfit_clo_arm_o_19_t12_v0
2077262252,vem_trans_3_t16_v30
2077270319,packed_mp_veh_mod_idx_15_v402
2077278329,vem_supermod_14_9_t55_v26
2077279847,vem_supermod_18_3_t59_v10
2077324208,m_cl_clo_vwm_u_21_9_t11_v1
2077337023,ve_maverick_t0_v0
2077372509,packed_mp_veh_mod_idx_s_23_v256
2077438787,f_cl_clo_bhf_decl_28_t100_v0
2077478308,mp_stat_mpsv_model_130
2077520325,m_cl_outfit_clo_stm_o_e_1_t12_v0
2077532653,packed_mp_veh_mod_idx_12_v163
2077534875,vem_musc_01_t19_v0
2077543892,m_cl_clo_grm_decl_22_t10_v1
2077563611,packed_lr_vehicle_colour_5_v256
2077573773,m_cl_clo_h3m_ph_10_7_t14_v1
2077587934,vem_brake_1_t2_v5
2077598870,m_cl_clo_hstm_o_l_0_t3_v12
2077753455,vem_supermod_0_9_t41_v10
2077906267,packed_ng_vehicle_bpt_v109
2078030913,vem_colour_1_mct_classic_purple_t24_v0
2078130206,vem_grill_12_t8_v38
2078192105,packed_mp_veh_mod_var_0_v140
2078221700,packed_mp_veh_mod_idx_23_v149
2078222328,packed_mp_veh_mod_idx_s_19_v267
2078255964,vem_turbo_1_t17_v10
2078301473,packed_mp_veh_mod_idx_s_8_v82
2078315164,packed_mp_veh_mod_idx_4_v283
2078359037,packed_mp_veh_mod_var_1_v121
2078381813,vem_smod4_whlv66_t66_v3
2078490644,packed_mp_veh_mod_idx_18_v397
2078514834,f_cl_clo_h3f_b_18_15_t1_v1
2078579521,m_cl_clo_indm_d_16_t100_v0
2078702438,packed_mp_veh_wheel_type_0_v109
2078731875,service_earn_tuner_award_bunker_raid
2078749595,m_cl_clo_bim_u_9_5_t11_v1
2078770518,packed_ng_vehicle_insurance_v201
2078822776,packed_mp_veh_mod_idx_s_12_v393
2078866957,packed_mp_veh_mod_idx_16_v237
2079103655,packed_mp_veh_mod_idx_23_v198
2079136215,f_cl_clo_awf_l_5_6_t4_v1
2079221372,pr_pm_apt_var_7_t0_v0
2079278933,packed_mp_veh_colour1_0_v12
2079349955,m_cl_clo_bim_u_8_1_t11_v1
2079350089,packed_mp_veh_mod_idx_6_v42
2079357630,packed_mp_veh_mod_idx_s_8_v28
2079360401,vem_horn_hips3_t10_v33
2079367480,vem_colour_1_mct_metallic_black_t24_v4
2079460180,m_cl_clo_h2m_s_9_12_t8_v1
2079530238,packed_mp_veh_mod_idx_s_9_v112
2079542595,f_cl_clo_smf_b_3_19_t1_v1
2079552480,m_cl_clo_fxm_l_3_2_t4_v1
2079573486,packed_mp_veh_mod_idx_s_4_v282
2079621599,packed_mp_veh_mod_idx_6_v410
2079632002,packed_mp_veh_mod_idx_1_v181
2079707176,vem_colour_extra_1_mct_matte_dark_red_t24_v4
2079724008,vem_supermod_23_9_t64_v27
2079751175,veu_issi4_t0_v0
2079752316,vem_rwd_spt_10_t19_v0
2079788765,packed_mp_veh_primary_colour_group_v368
2079789818,vem_hood_9_t9_v35
2079878415,f_ta_tat_bi_028_t0_v0
2079883330,packed_mp_veh_mod_idx_s_12_v26
2079923659,m_ta_tat_bi_049_t0_v0_cesp
2080031940,m_cl_clo_fxm_pe_5_0_t14_v1
2080093121,m_cl_clo_exm_ef_0_7_t6_v1
2080111536,f_ta_tat_vw_022_t0_v0
2080133587,m_cl_clo_sbm_b_10_8_t1_v1
2080133623,packed_mp_veh_mod_idx_10_v209
2080159972,packed_mp_veh_mod_idx_s_4_v247
2080199183,vem_hiend_09_t19_v2
2080336145,m_cl_clo_x6m_ph_8_7_t14_v1
2080338357,f_cl_clo_hp_f_u_4_8_t11_v1
2080417459,packed_mp_veh_mod_idx_14_v330
2080516359,packed_mp_veh_mod_idx_9_v179
2080525915,packed_mp_veh_plate_id_v333
2080539523,m_cl_clo_sum_b_3_6_t1_v1
2080550879,vem_offr_02_t19_v1
2080576001,packed_mp_veh_primary_colour_group_v32
2080624238,packed_mp_veh_mod_idx_5_v20
2080643416,m_cl_clo_x6m_ey_0_8_t14_v1
2080824022,f_ha_cc_mkup_37_t7_v0
2080897891,m_cl_clo_busm_u_1_4_t11_v1
2081002346,vem_brake_2_t2_v34
2081040326,vem_colour_2_mct_matte_orange_t25_v4
2081167616,m_ta_tat_st_007_t0_v0
2081236363,packed_mp_veh_mod_var_0_v206
2081268748,packed_mp_veh_colour2_0_v111
2081277942,m_ha_cc_lipstick_6_t8_v0
2081340313,vem_supermod_7_0_t48_v35
2081359427,vem_supermod_15_12_t56_v3
2081427439,packed_mp_veh_mod_idx_s_6_v364
2081479170,packed_mp_veh_mod_idx_s_8_v198
2081494997,m_cl_sp_fmm_6_9_t8_v0
2081528979,vem_colour_extra_1_mct_classic_ultra_blue_t24_v4
2081592273,vem_cmod_tyr_lg_t30_v26
2081634073,ve_yosemite3_t0_v27
2081687434,m_cl_clo_grm_g_1_6_t3_v1
2081748818,packed_mp_veh_mod_idx_14_v72
2081755368,wp_wm_tint7_t2_v53
2081764538,m_cl_clo_x6m_u_20_9_t11_v1
2081773378,vem_supermod_17_6_t58_v6
2081825965,vem_colour_1_mct_classic_sienna_brown_t24_v0
2081885153,service_spend_island_heist_support_drone
2082085954,m_cl_clo_indm_d_11_t11_v1
2082133442,packed_mp_veh_mod_idx_s_10_v159
2082176868,m_cl_clo_vwm_d_1_14_t10_v1
2082220501,vem_supermod_15_10_t56_v28
2082247221,f_cl_clo_busf_w0_1_t14_v1
2082273704,ts_veh_0_t0_v1_sell
2082275602,f_cl_outfit_clo_h3f_o_bs_5_t12_v0
2082311036,wp_wct_knife_xm304_t1_v34
2082323024,packed_mp_veh_colour_extra2_0_v179
2082340396,m_cl_outfit_clo_h3m_o_sl_22_t12_v0
2082434684,packed_mp_veh_mod_idx_s_5_v340
2082454012,packed_mp_veh_colour_extra2_0_v192
2082565856,packed_mp_veh_primary_colour_group_v146
2082611398,packed_ng_vehicle_neon_v125
2082613767,packed_mp_veh_mod_idx_5_v308
2082632492,vem_supermod_5_3_t46_v10
2082662101,vem_supermod_3_31_t44_v7
2082734993,m_cl_clo_hp_o_0_t8_v12
2082741614,packed_ng_vehicle_insurance_v307
2082749823,packed_mp_veh_mod_idx_8_v108
2082756636,m_cl_clo_x6m_u_22_11_t11_v1
2082791334,vem_supermod_60_16_t60_v7
2082939914,packed_mp_veh_livery2_0_v155
2082973112,m_cl_clo_iem_u_17_18_t11_v1
2083221770,vem_supermod_3_29_t44_v6
2083319228,wp_wct_camo_6_t1_v13_n2
2083396108,m_ta_tat_x6_008_t0_v0
2083413706,f_cl_u_fmf_12_7_t11_v0
2083532821,packed_mp_veh_mod_idx_s_0_v354
2083539495,m_cl_sp_fmm_10_4_t8_v1
2083570511,f_cl_clo_h2f_b_9_2_t1_v1
2083657754,m_ta_tat_gr_022_t0_v0
2083679682,packed_lr_vehicle_colour_5_v81
2083783668,vem_colour_extra_1_mct_metallic_woodbeech_brown_t24_v1
2083895642,packed_mp_veh_mod_idx_s_4_v241
2084084280,vem_supermod_1_1_t42_v27
2084310397,packed_mp_veh_mod_idx_11_v220
2084403918,packed_mp_veh_mod_idx_4_v154
2084407121,f_cl_clo_h4f_u_2_15_t11_v1
2084425319,packed_mp_veh_mod_idx_s_21_v260
2084482669,m_cl_clo_hp_d_4_t100_v0
2084617018,f_cl_clo_h4f_decl_23_t100_v0
2084708811,vem_insurance_brioso3
2084750803,f_cl_clo_h3f_ph_6_1_t14_v1
2084847789,packed_mp_veh_mod_idx_s_0_v228
2084926420,vem_smod_whlv165_t66_v3
2084937058,packed_mp_veh_mod_idx_18_v96
2084960741,packed_mp_veh_wheel_type_0_v124
2084988316,packed_mp_veh_mod_idx_s_19_v4
2085138669,f_cl_clo_h4f_pey_0_7_t14_v1
2085226745,packed_mp_veh_mod_idx_23_v300
2085229945,m_ha_cc_body_1_8_t3_v0
2085441974,packed_mp_veh_mod_idx_s_11_v137
2085537271,vem_colour_2_mct_metallic_black_graphite_t25_v2
2085695852,ve_phantom2_t0_v3
2085764627,vem_colour_2_mct_classic_spin_purple_t25_v3
2085787030,f_cl_clo_half_12_2_t1_v1
2085883306,m_cl_clo_hstm_o_k_1_t3_v12
2085899908,vem_smod_whlv18_t66_v0
2085934673,packed_mp_veh_mod_idx_s_1_v392
2085989815,f_cl_outfit_o_fmf_s4_t12_v0
2086002687,dec_vw_aw_ss_40
2086020290,packed_mp_veh_colour2_0_v283
2086162625,packed_mp_veh_mod_idx_s_7_v89
2086204424,m_cl_clo_trm_u_9_6_t11_v1
2086268692,m_cl_clo_scm_ey_0_16_t14_v1
2086454512,m_cl_clo_h4m_b_0_10_t1_v1
2086531301,packed_mp_veh_mod_idx_s_20_v245
2086560368,fchub_mod2_1_t0_v0
2086577414,ve_trophy_t0_v3
2086626197,m_cl_clo_grm_u_7_5_t11_v1
2086706102,packed_mp_veh_colour2_0_v199
2086722018,m_cl_clo_arm_u_3_2_t11_v1
2086806981,vem_supermod_9_0_t50_v6
2086914219,vem_horn_clas1_t10_v2
2086939470,f_cl_clo_bhf_decl_1_t100_v0
2086952308,f_cl_clo_h4f_o_l1_f3_t8_v12
2086976499,vem_insurance_luxor
2087013135,m_cl_clo_vem_dec_42_t100_v0
2087029998,vem_supermod_16_9_t57_v7
2087091579,packed_mp_veh_mod_idx_s_7_v122
2087106003,f_cl_clo_vwf_l_2_17_t4_v1
2087138509,m_cl_sp_fmm_6_15_t8_v0
2087262402,vem_skirt_8_t13_v4
2087299530,vem_smod4_whlv36_t66_v2
2087306322,packed_mp_veh_livery_0_v184
2087374869,packed_mp_veh_mod_idx_13_v162
2087376948,f_cl_clo_bhf_u_13_0_t11_v1
2087379501,fcarcade_wall_3_t0_v0
2087411359,m_cl_clo_l2m_dec_7_t11_v1
2087424351,packed_mp_veh_mod_var_1_v355
2087438953,f_cl_clo_x17f_o_m_2_t8_v12
2087519619,packed_mp_veh_mod_idx_1_v20
2087552387,packed_ng_vehicle_bpt_v19
2087647565,packed_mp_veh_mod_idx_3_v91
2087659439,f_cl_clo_suf_decl_18_t100_v0
2087754315,m_ta_tat_sb_041_t0_v0
2087781144,vem_cmod_neoncol_5_t21_v29
2087821189,m_cl_clo_hstm_g_1_1_t3_v1
2087833866,wp_wct_c_tint_19_t2_v1_n2
2087913156,packed_ng_vehicle_smoke_v377
2087914042,packed_mp_veh_mod_idx_15_v61
2087974028,f_ha_face_e_c_24_t4_v0
2088066724,packed_mp_veh_window_tint_0_v393
2088286916,packed_mp_veh_mod_idx_s_4_v212
2088291074,m_cl_clo_s1m_dec_25_t11_v1
2088415272,m_cl_clo_bim_ph_11_0_t14_v1
2088442294,vem_supermod_6_14_t47_v28
2088540394,packed_mp_veh_mod_idx_3_v132
2088595319,packed_mp_veh_mod_idx_s_1_v123
2088699781,vem_insurance_annihl
2088716671,m_cl_clo_vwm_u_21_2_t11_v1
2088747139,packed_mp_veh_mod_idx_s_6_v182
2088766712,f_cl_clo_hp_f_l_0_9_t4_v1
2088778949,vem_smod_whlv196_t66_v3
2088840588,m_cl_clo_x6m_f_14_1_t6_v1
2088999384,f_cl_clo_awf_b_12_4_t1_v1
2089042700,vem_smod_whl24_t19_v12
2089045598,mba_floor0_1_t0_v1
2089206059,m_cl_outfit_clo_assm_o_1_t12_v0
2089281068,m_cl_l_fmm_6_2_t4_v0
2089304724,vem_cmod_neoncol_10_t21_v30
2089427862,vem_colour_1_mct_matte_light_grey_t24_v33
2089461468,f_cl_clo_x6f_l_7_11_t4_v1
2089483426,vem_horn_luxe2_t10_v2
2089489290,vem_supermod_21_4_t62_v38
2089543673,f_ta_tat_sm_001_t0_v0
2089598558,f_cl_clo_h4f_l_0_0_t4_v1
2089640334,dec_vw_aw_ss_33
2089660336,wp_wct_c_tint_1_t2_v8_n2
2089663005,m_cl_clo_lxm_o_4_t100_v0
2089739251,packed_mp_veh_wheel_type_0_v382
2089825751,m_cl_clo_fxm_l_3_10_t4_v1
2089892541,fcbase_gra3_t0_v0
2089926856,f_cl_clo_vwf_pw_0_2_t14_v1
2089929748,vem_hood_17_t9_v35
2089942275,f_ta_tat_vw_016_t0_v0
2090001208,vem_horn_cnote_a0_t10_v34
2090095400,packed_mp_veh_mod_idx_s_14_v233
2090229794,packed_mp_veh_mod_idx_s_2_v401
2090388864,ve_titan_t0_v0
2090432136,packed_mp_veh_mod_idx_s_15_v231
2090530012,vem_smod_whlv106_t66_v3
2090545244,m_cl_clo_sbm_u_12_5_t11_v1
2090547192,f_cl_clo_grf_b_4_2_t1_v1
2090556329,vem_smod4_whlv187_t66_v2
2090605541,packed_mp_veh_mod_idx_s_15_v195
2090753540,packed_mp_veh_mod_idx_3_v17
2090759032,vem_supermod_48_10_t48_v7
2090763680,packed_ng_vehicle_insurance_v237
2090815597,packed_mp_veh_colour1_0_v396
2091221468,f_cl_clo_ief_u_14_13_t11_v1
2091318909,packed_mp_veh_livery_0_v23
2091338135,m_cl_clo_grm_b_5_14_t1_v1
2091357502,packed_ng_vehicle_insurance_v257
2091432053,dec_vw_aw_wv_74
2091499921,m_cl_clo_grm_b_4_11_t1_v1
2091508468,packed_mp_veh_mod_idx_s_8_v40
2091552886,m_ta_tat_s2_011_t0_v0
2091632834,packed_mp_veh_colour1_0_v10
2091671164,vem_grill_1_t8_v37
2091783981,f_cl_clo_sbf_ph_5_20_t14_v1
2091787978,packed_mp_veh_colour2_0_v290
2091935608,pr_pm_modshop_16_t87_v0
2091946912,m_cl_clo_h4m_o_s2_m3_t3_v12
2091979290,vem_supermod_14_15_t55_v3
2092002600,packed_mp_veh_mod_idx_s_2_v192
2092011679,m_cl_clo_bim_s_11_13_t8_v1
2092014795,m_cl_clo_awm_ph_1_17_t14_v1
2092075457,packed_mp_veh_mod_idx_3_v235
2092094230,mp_stat_ie_wh_owned_vehicle_28_v0
2092191525,f_ha_clo_bus_f_h_1_0_t0_v1
2092245718,packed_mp_veh_livery2_0_v138
2092276793,f_cl_clo_h2f_o_s_6_t3_v12
2092422945,vem_exhaust_9_t6_v38
2092535437,f_cl_clo_x2f_ht_0_4_t14_v1
2092585685,packed_mp_veh_mod_idx_s_7_v324
2092594475,mp_stat_ie_wh_owned_vehicle_1_v0
2092637031,f_cl_clo_grf_u_24_3_t11_v1
2092698664,packed_mp_veh_mod_idx_s_6_v251
2092741938,vem_brake_0_t2_v33
2092743307,f_cl_clo_sbf_l_3_18_t4_v1
2092759137,packed_mp_veh_window_tint_0_v124
2092802350,m_ha_cc_eyebrw_8_t2_v1
2092906402,vem_bumper_f_18_t34_v26
2092954465,m_ta_tat_fx_022_t0_v0
2092959793,packed_mp_veh_mod_idx_s_15_v170
2092960036,m_cl_clo_smm_o_2_t3_v12
2093119589,vem_colour_5_grace_red_t38_v0
2093287550,f_cl_clo_suf_l_2_17_t4_v1
2093339055,m_cl_clo_x6m_u_26_16_t11_v1
2093342854,vem_supermod_6_11_t47_v26
2093352996,packed_mp_veh_mod_idx_3_v256
2093368099,f_cl_f_fmf_8_5_t6_v0
2093387022,m_cl_clo_bim_u_15_3_t11_v1
2093390407,m_cl_clo_xmas_m_0_0_t1_v1
2093514342,vem_supermod_52_1_t52_v7
2093595009,m_cl_clo_h3m_o_jan_4_t4_v12
2093654712,m_cl_clo_lxm_f_1_5_t6_v1
2093773561,vem_smod4_whlv167_t66_v2
2093791634,f_cl_clo_awf_o_b_2_t8_v12
2093829802,f_cl_clo_h3f_decl_18_t11_v1
2093860688,m_cl_clo_stm_o_2_t11_v12
2093866352,f_cl_clo_grf_u_10_19_t11_v1
2093890430,m_cl_clo_exm_au_12_0_t11_v1
2094032385,vem_supermod_2_1_t43_v11
2094143400,f_cl_clo_scf_l_13_3_t4_v1
2094145789,fchub_sta_4_t0_v0
2094349699,m_cl_clo_trm_u_5_7_t11_v1
2094510505,vem_hlight_4_t11_v38
2094523755,vem_supermod_3_17_t44_v3
2094574409,packed_mp_veh_mod_idx_s_14_v119
2094685507,f_cl_outfit_clo_h2f_o_c_16_t12_v0
2094688541,vem_grill_4_t8_v30
2094752329,vem_livery2_0_t39_v0
2094829377,packed_mp_veh_mod_idx_0_v139
2094895351,vem_supermod_0_22_t41_v3
2094998143,packed_mp_veh_mod_idx_s_19_v339
2095056623,m_cl_clo_vwm_u_19_9_t11_v1
2095070302,f_cl_clo_fxf_ph_2_1_t14_v1
2095082462,vem_supermod_21_6_t62_v28
2095101520,vem_supermod_48_4_t48_v7
2095144210,packed_mp_veh_secondary_colour_group_v38
2095201172,vem_colour_1_mct_classic_galaxy_blue_t24_v4
2095214712,packed_mp_veh_colour1_0_v161
2095331312,packed_mp_veh_mod_var_0_v111
2095362120,packed_mp_veh_mod_idx_0_v99
2095373017,m_cl_clo_sbm_l_0_24_t4_v1
2095566212,packed_mp_veh_mod_idx_12_v53
2095586916,wp_wct_var_gold_t1_v8
2095608762,vem_supermod_8_12_t49_v28
2095645167,f_cl_clo_bif_f_3_0_t6_v1
2095649726,f_cl_outfit_clo_bus_f_o_19_t12_v0
2095677626,packed_mp_veh_mod_var_1_v74
2095751985,vem_colour_1_mct_classic_woodbeech_brown_t24_v2
2095823168,packed_mp_veh_mod_idx_s_17_v371
2095935241,packed_mp_veh_mod_idx_4_v98
2095967775,vem_chassis_20_t4_v3
2096008888,m_cl_clo_hstm_o_15_t11_v12
2096042139,m_cl_clo_trm_u_6_0_t11_v1
2096136205,f_ta_tat_s2_031_t0_v0
2096178492,vem_supermod_8_7_t49_v3
2096203832,ve_halftrack_t1_v29
2096246656,f_cl_clo_vwf_pw_2_1_t14_v1
2096364668,f_cl_clo_suf_u_11_0_t11_v1
2096419548,vem_rwd_musc_01_t19_v3
2096552108,vem_rwd_drft_08_t19_v12
2096604443,packed_mp_veh_mod_idx_s_17_v295
2096753804,vem_colour_1_mct_classic_ultra_blue_t24_v2
2096800726,wp_wct_tint_9_t2_v70_n2
2096812341,m_cl_clo_stm_o_3_t11_v12_cesp
2096833620,f_cl_clo_h2f_u_6_7_t11_v1
2096969565,m_cl_clo_arm_ph_0_17_t14_v1
2097001667,f_cl_outfit_clo_h3f_o_dh_32_t12_v0
2097091831,f_cl_clo_fxf_pe_2_6_t14_v1
2097116583,vem_horn_indi_3_t10_v35
2097117834,vem_colour_1_mct_metallic_saxon_blue_t24_v3
2097135669,f_cl_clo_hstf_o_16_t4_v12
2097211924,packed_mp_veh_livery_0_v206
2097333311,packed_mp_veh_plate_id_v194
2097384445,vem_roof_1_t12_v30
2097431681,m_cl_clo_smm_b_0_2_t1_v1
2097440601,wp_wct_flash_t1_v3
2097479561,packed_mp_veh_mod_idx_4_v189
2097590998,packed_mp_veh_mod_idx_11_v93
2097680991,vem_colour_2_mct_classic_dark_blue_t25_v33
2097708880,vem_colour_1_mct_classic_surf_blue_t24_v33
2097726433,packed_mp_veh_mod_idx_s_5_v146
2097786997,ve_blimp3_t1_v6
2097791528,f_cl_clo_h2f_b_8_5_t1_v1
2097803835,m_cl_clo_grm_u_11_9_t11_v1
2097819275,f_cl_l_fmf_12_13_t4_v0
2097846253,m_ha_hair_beard5_t1_v0
2097889166,service_earn_ambient_job_ammunation_delivery
2097891437,vem_cmod_pla_3_t23_v38
2097902711,vem_supermod_3_22_t44_v3
2097975333,m_ta_tat_bus_007_t0_v0
2098034987,vem_horn_indi_1_t10_v39
2098078300,packed_mp_veh_livery_0_v93
2098103767,packed_mp_veh_mod_idx_13_v82
2098165973,m_cl_clo_h3m_l_5_11_t4_v1
2098217943,packed_mp_veh_colour_extra1_0_v98
2098254545,m_cl_clo_vwm_l_2_2_t4_v1
2098258349,packed_mp_veh_mod_idx_s_5_v75
2098295024,packed_ng_vehicle_insurance_v394
2098414469,packed_mp_veh_mod_idx_4_v139
2098424766,vem_bumper_f_5_t34_v0
2098496752,vem_colour_mct_none_52
2098560248,packed_mp_veh_mod_idx_s_17_v143
2098658759,vem_colour_extra_1_mct_pearlescent_torino_red_t24_v0
2098996402,packed_mp_veh_colour_extra1_0_v411
2098997916,vem_colour_5_stone_silver_t38_v3
2099086381,packed_mp_veh_mod_idx_6_v412
2099111035,vem_cmod_neoncol_2_t21_v11
2099148438,vem_hood_1_t9_v5
2099238988,service_earn_gangops_elite_xm_silo
2099239232,vem_colour_2_mct_classic_dark_blue_t25_v3
2099309036,m_ta_tat_vw_032_t0_v0
2099347591,packed_ng_vehicle_neon_kit_v32
2099405908,packed_mp_veh_mod_idx_14_v173
2099406004,vem_loride_09_t19_v2
2099409813,wp_pm_tint3_t3_v33
2099521582,m_cl_clo_h2m_ph_417_t14_v1
2099592401,vem_roof_4_t12_v27
2099640991,packed_mp_veh_mod_idx_3_v93
2099663836,m_cl_f_fmm_12_15_t6_v0
2099689772,f_cl_clo_vwf_u_7_3_t11_v1
2099742927,packed_mp_veh_mod_idx_s_16_v230
2099846177,f_cl_clo_sbf_b_7_0_t1_v1
2099900774,vem_roof_9_t12_v4
2099920686,m_cl_clo_bim_decl_7_t100_v0
2099948439,wp_wct_c_tint_1_t2_v1_n2
2099991423,vem_rwd_hiend_12_t19_v12
2100021253,vem_colour_1_mct_metals_br_steel_t24_v3
2100094601,packed_mp_veh_mod_idx_15_v270
2100117481,vem_smod2_whlv194_t66_v3
2100121856,m_cl_clo_ltsmu_1_3_t11_v1
2100123920,packed_mp_veh_mod_idx_s_20_v98
2100264487,vem_colour_extra_1_mct_classic_sunset_red_t24_v4
2100375671,vem_fender_l_0_t36_v1
2100440234,vem_supermod_13_12_t54_v27
2100507830,vem_supermod_14_4_t55_v27
2100567560,vem_supermod_3_21_t44_v7
2100596234,vem_fender_r_5_t37_v39
2100642504,packed_mp_veh_mod_idx_s_8_v204
2100675307,packed_mp_veh_mod_idx_22_v403
2100718155,vem_horn_indi_2_t10_v11
2100727517,m_cl_clo_val_decl_f_t8_v2
2100837495,f_cl_clo_h3f_u_5_8_t11_v1
2100875232,packed_mp_veh_mod_idx_s_10_v404
2100877039,m_cl_clo_x6m_f_3_14_t6_v1
2100895367,m_cl_clo_grm_b_5_9_t1_v1
2100961445,packed_mp_veh_mod_idx_s_23_v2
2101062984,vem_smod4_whlv210_t66_v2
2101136107,m_cl_clo_hp_h_0_1_t14_v1
2101256638,packed_mp_veh_mod_var_0_v234
2101284931,vem_cmod_tyr_11_t18_v10
2101375533,packed_mp_veh_mod_idx_11_v295
2101383178,vem_smod2_whlv156_t66_v3
2101397855,vem_fender_r_2_t37_v27
2101439341,m_ta_tat_h3_010_t0_v0
2101501045,f_cl_clo_fxf_ph_7_0_t14_v1
2101626250,packed_mp_veh_mod_idx_15_v110
2101647407,vem_smod_whlv39_t66_v3
2101731455,f_cl_clo_suf_u_5_1_t11_v1
2101735966,vem_colour_extra_1_mct_metallic_black_t24_v3
2101750369,packed_mp_veh_mod_idx_s_11_v345
2101804266,packed_mp_veh_mod_idx_s_10_v112
2101811330,f_cl_clo_busf_u_2_9_t8_v2
2101825681,packed_mp_veh_mod_idx_12_v101
2101836934,vem_supermod_48_12_t48_v7
2101843211,f_cl_outfit_clo_ltsf_o_3_t12_v0
2101855417,m_cl_clo_h4m_decl_23_t100_v0
2101900866,packed_mp_veh_mod_idx_s_20_v278
2101901603,vem_supermod_41_5_t41_v7
2102011495,packed_mp_veh_mod_idx_s_0_v149
2102026582,f_ta_tat_h27_029_t0_v0
2102027191,vem_colour_2_mct_classic_saddle_brown_t25_v0
2102058073,ve_cogcabri_t0_v3
2102105033,vem_cmod_hrn_0_t10_v34
2102119022,packed_mp_veh_livery2_0_v45
2102215770,packed_ng_vehicle_insurance_v131
2102228098,packed_mp_veh_mod_idx_23_v212
2102234813,vem_colour_1_mct_metallic_wine_red_t24_v4
2102261763,packed_mp_veh_colour1_0_v149
2102408610,packed_ng_vehicle_neon_kit_v149
2102449347,vem_colour_extra_1_mct_pearlescent_yellow_t24_v0
2102469960,packed_mp_veh_mod_idx_23_v179
2102476960,wp_wct_scope_sml_t1_v48
2102631489,f_cl_clo_grf_f_0_19_t6_v1
2102640461,mp_stat_mattotalforfactory6_v0
2102726091,packed_mp_veh_colour_extra1_0_v358
2102747615,service_earn_tuner_daily_vehicle
2103096519,f_cl_clo_h4f_decl_26_t11_v1
2103165637,vem_supermod_23_0_t64_v15
2103242624,vem_colour_extra_1_mct_pearlescent_petrol_green_t24_v0
2103471931,packed_mp_veh_colour_extra1_0_v124
2103506211,vem_supermod_7_14_t48_v3
2103651007,packed_mp_veh_mod_idx_15_v187
2103837788,m_ha_cc_eyebrw_13_t2_v1
2103915476,packed_mp_veh_mod_idx_s_1_v280
2104039885,vem_supermod_22_6_t63_v3
2104098830,f_cl_clo_hst_f_a_6_t100_v0
2104198518,dec_vw_aw_wh_33
2104198980,f_cl_clo_stf_o_19_t8_v12_cesp
2104249054,vem_supermod_20_4_t61_v28
2104290744,packed_mp_veh_mod_idx_4_v70
2104363704,wp_wct_tint_26_t2_v21_n2
2104367166,m_cl_clo_xmas_m_0_1_t1_v1
2104378619,packed_mp_veh_colour_extra1_0_v49
2104395613,m_cl_clo_x3m_b_4_1_t1_v1
2104437173,vem_supermod_1_10_t42_v26
2104439209,f_cl_clo_x6f_f_3_18_t6_v1
2104507894,f_cl_clo_x6f_f_4_18_t6_v1
2104524305,vem_colour_2_mct_classic_bison_brown_t25_v1
2104540604,vem_colour_2_mct_classic_race_yellow_t25_v2
2104557000,packed_mp_veh_mod_idx_8_v260
2104758679,packed_mp_veh_mod_idx_s_6_v371
2104803461,f_cl_clo_awf_u_4_5_t11_v1
2104806860,f_cl_clo_x6f_ey_0_7_t14_v1
2104820905,vem_colour_mct_none_62
2104947419,vem_colour_extra_1_mct_matte_matte_dirt_t24_v0
2104997384,packed_mp_veh_mod_idx_22_v324
2105211976,f_cl_clo_bhf_decl_22_t100_v0
2105335195,f_cl_u_fmf_14_6_t11_v0
2105339224,m_cl_clo_ltsmt_0_2_t3_v1
2105341830,packed_mp_veh_mod_idx_s_2_v243
2105409865,m_cl_clo_grm_ph_3_16_t14_v1
2105446032,packed_mp_veh_primary_colour_group_v339
2105500389,vem_engine_3_t5_v33
2105508595,packed_mp_veh_mod_idx_s_18_v20
2105568370,vem_rwd_suv_06_t19_v12
2105613635,dec_vw_aw_ls_2b
2105630363,vem_colour_2_mct_classic_dark_green_t25_v3
2105703913,m_cl_clo_val_decl_j_t100_v0
2105716564,m_cl_outfit_clo_awm_o_d_3_t12_v0
2105773443,mp_stat_mpsv_model_62
2105811581,packed_mp_veh_mod_idx_1_v165
2105883770,m_cl_g_fmm_9_5_t14_v0
2105959878,packed_mp_veh_primary_colour_group_v197
2105988852,f_cl_clo_x2f_ht_2_0_t14_v0
2106063292,vem_supermod_6_0_t47_v7
2106063512,f_cl_clo_bhf_u_19_1_t11_v1
2106064182,packed_mp_veh_mod_idx_0_v375
2106073883,packed_mp_veh_mod_idx_s_0_v197
2106140346,vem_cmod_col5_39_t29_v4
2106167588,packed_mp_veh_mod_idx_11_v215
2106167840,m_ha_cc_mkup_34_t7_v1
2106260526,packed_mp_veh_mod_idx_s_2_v288
2106296186,packed_ng_vehicle_neon_v403
2106312538,packed_mp_veh_window_tint_0_v225
2106420777,packed_mp_veh_mod_idx_5_v383
2106515628,packed_ng_vehicle_smoke_v76
2106521669,vem_cmod_pla_1_t23_v39
2106698359,vem_exhaust_16_t6_v35
2106709733,m_cl_clo_x6m_u_22_0_t11_v1
2106726861,m_cl_clo_stm_h_1017_t14_v1
2106748743,packed_mp_veh_mod_idx_s_11_v295
2106831370,f_cl_clo_x6f_o_o_21_t3_v12
2106982686,vem_supermod_10_17_t51_v10
2107067675,vem_fender_l_1_t36_v31
2107090054,f_cl_clo_x6f_ph_8_21_t14_v1
2107126093,f_cl_clo_sbf_l_4_16_t4_v1
2107148515,packed_mp_veh_primary_colour_group_v213
2107157119,vem_suspension_3_t15_v27
2107164112,f_cl_clo_trf_d_15_0_t10_v1
2107165379,packed_mp_veh_mod_idx_s_8_v278
2107306445,f_cl_clo_bhf_u_20_5_t11_v1
2107318618,vem_smod4_whlv78_t66_v0
2107359857,packed_mp_veh_mod_idx_18_v400
2107370918,m_ha_cc_mkup_58_t5_v0
2107414592,f_cl_clo_x6f_ph_2_24_t14_v1
2107431997,mp_stat_ie_wh_owned_vehicle_35_v0
2107457334,ve_panto_t0_v3
2107515370,ve_vectre_t1_v3
2107593563,packed_mp_veh_mod_idx_s_7_v83
2107603290,packed_mp_veh_mod_idx_s_14_v345
2107604250,m_cl_clo_awm_l_0_8_t4_v1
2107676150,vem_grill_7_t8_v3
2107749714,f_cl_clo_x6f_u_30_1_t11_v1
2107808926,packed_mp_veh_mod_idx_s_15_v181
2107927076,m_cl_l_fmm_13_0_t4_v0
2107978903,vem_supermod_0_3_t41_v7
2108040868,m_cl_clo_bhm_u_1_7_t11_v1
2108128730,packed_mp_veh_mod_idx_5_v279
2108155804,vem_colour_2_mct_matte_purple_t25_v33
2108216240,m_cl_outfit_clo_h3m_o_dh_25_t12_v0
2108440723,m_cl_clo_exm_eu_1613_t11_v1
2108559654,wp_wm_tint1_t2_v10
2108589189,packed_mp_veh_wheel_type_0_v275
2108627496,m_cl_clo_hstm_t_1_7_t7_v1
2108680576,wp_pm_tint3_t2_v33
2108683388,f_cl_clo_suf_l_3_5_t4_v1
2108869786,packed_mp_veh_plate_id_v411
2108875125,m_cl_clo_grm_u_3_12_t11_v1
2109034866,packed_mp_veh_mod_idx_13_v192
2109045573,m_cl_clo_bim_ht_8_0_t14_v1
2109052995,mp_arenag_1_t0_v0
2109075856,f_ta_tat_bus_f_002_t0_v0
2109103663,m_cl_clo_x6m_l_6_17_t4_v1
2109128554,f_cl_clo_scf_ph_6_3_t14_v1
2109149495,vem_smod2_whl29_t19_v3
2109171630,packed_mp_veh_mod_idx_15_v277
2109296571,mp_stat_dbase_privacy_glass_v0
2109414370,packed_mp_veh_mod_idx_s_5_v156
2109415566,packed_mp_veh_mod_idx_s_9_v113
2109469187,packed_mp_veh_mod_idx_s_9_v235
2109499712,m_cl_clo_vwm_pey_0_0_t14_v1
2109559368,f_cl_clo_bbf_t_2_3_t7_v1
2109565094,packed_mp_veh_mod_idx_8_v158
2109573565,m_ha_cc_mkup_21_t5_v0
2109595023,pr_mp_prop_66_t0_v0
2109602480,m_cl_clo_bhm_u_1_3_t11_v1
2109639565,packed_mp_veh_mod_idx_22_v350
2109768581,vem_armour_0_t1_v1
2109769220,dec_vw_aw_wh_35
2109988171,packed_mp_veh_mod_idx_s_12_v329
2110029036,vem_insurance_thrust
2110045687,f_cl_clo_hp_f_t_1_0_t7_v1
2110112118,m_cl_outfit_clo_h3m_o_jan_5_t12_v0
2110132663,m_cl_clo_awm_f_0_2_t6_v1
2110134987,m_cl_clo_grm_ph_4_7_t14_v1
2110161807,fcbase_gra6_t0_v0
2110286892,packed_mp_veh_mod_idx_22_v251
2110349118,packed_mp_veh_mod_idx_s_4_v385
2110580240,wp_wct_tint_20_t2_v56_n2
2110608398,packed_mp_veh_mod_idx_s_4_v369
2110741346,vem_insurance_prairie
2110745225,f_cl_l_fmf_9_12_t4_v0
2110747553,packed_mp_veh_mod_idx_s_7_v178
2110759377,f_cl_clo_s2f_u_6_8_t11_v1
2110781068,f_cl_clo_x6f_f_14_1_t6_v1
2110794652,packed_lr_vehicle_colour_5_v142
2110824402,f_cl_clo_fxf_u_4_16_t11_v1
2110872057,vem_supermod_11_0_t52_v3
2110879498,m_cl_clo_h2m_o_s_8_t3_v12
2110928686,vem_hiend_10_t19_v2
2110953287,m_cl_clo_scm_f_0_18_t6_v1
2111048069,packed_lr_vehicle_colour_6_v195
2111157142,casweb_bar_2_t0_v0
2111163169,m_cl_clo_h2m_s_9_15_t8_v1
2111206460,packed_mp_veh_colour1_0_v175
2111275271,vem_colour_2_mct_matte_midnight_blue_t25_v3
2111367589,packed_mp_veh_plate_id_v272
2111377748,packed_mp_veh_mod_idx_s_3_v167
2111394564,f_cl_clo_awf_u_17_1_t11_v1
2111411789,packed_mp_veh_mod_idx_1_v371
2111520304,f_cl_clo_v2f_u_4_0_t11_v1
2111627834,packed_mp_veh_livery_0_v4
2111648849,f_cl_clo_fxf_ph_0_5_t14_v1
2111776680,vem_cmod_smoke_7_t18_v33
2111793788,vem_rwd_suv_17_t19_v0
2111834612,m_cl_clo_hp_b_3_0_t1_v1
2111837719,vem_cmod_tyr_12_t18_v27
2111977306,packed_mp_veh_mod_idx_s_4_v148
2112007750,m_cl_clo_h3m_o_pr_1_t3_v12
2112024346,f_cl_clo_hp_f_l_2_0_t4_v1
2112036418,f_cl_clo_valf_g_0_2_t3_v1
2112085253,f_cl_clo_awf_decl_93_t100_v0
2112128681,f_cl_clo_indf_d_16_t8_v1
2112154298,packed_mp_veh_mod_var_1_v253
2112177583,vem_colour_2_mct_classic_midnight_silver_t25_v2
2112196513,dec_vw_aw_ss_10a
2112206980,m_cl_clo_x17m_o_m_9_t3_v12
2112338165,f_cl_clo_smf_b_2_9_t1_v1
2112579931,f_cl_clo_hstf_s_6_9_t8_v2
2112733051,f_cl_clo_trf_d_14_0_t10_v1
2112760779,packed_mp_veh_mod_idx_9_v163
2112763025,vem_fender_r_4_n1_t37_v27
2112777400,packed_ng_vehicle_neon_v201
2112795006,packed_mp_veh_mod_idx_11_v84
2112818741,vem_smod4_whlv206_t66_v1
2112836057,packed_mp_veh_mod_idx_s_12_v199
2112965861,packed_mp_veh_mod_idx_5_v91
2112965908,packed_mp_veh_mod_idx_13_v383
2112970465,packed_mp_veh_mod_idx_10_v405
2112983702,vem_rwd_loride_06_t19_v12
2113042640,packed_mp_veh_mod_idx_s_14_v370
2113073482,m_cl_clo_sum_u_15_17_t11_v1
2113111245,f_ta_tat_h3_025_t0_v0
2113135047,vem_offr_10_t19_v0
2113200745,f_cl_l_fmf_4_12_t4_v0
2113213999,vem_cmod_tyr_255_t18_v34
2113246828,f_cl_clo_grf_u_11_19_t11_v1
2113263408,packed_mp_veh_mod_idx_8_v333
2113265693,packed_mp_veh_mod_idx_24_v220
2113293142,m_cl_clo_awm_decl_62_t100_v0
2113435108,packed_mp_veh_mod_idx_23_v219
2113469051,packed_mp_veh_mod_idx_s_3_v290
2113474918,m_cl_clo_fxm_ph_2_13_t14_v1
2113606805,dec_vw_aw_mt_16b
2113638470,packed_mp_veh_mod_idx_s_15_v399
2113799782,packed_ng_vehicle_smoke_v328
2113805418,vem_cmod_win_3_t33_v3
2113806223,packed_ng_vehicle_neon_v414
2113808046,m_cl_clo_stm_o_15_t11_v12
2113846598,m_cl_clo_fxm_l_3_11_t4_v1
2113919152,vem_spoiler_12_t14_v38
2113928179,f_cl_clo_bus_p_0_2_t14_v1
2113933325,m_cl_clo_v2m_u_1_5_t11_v1
2113968253,f_cl_clo_sbf_lw_0_1_t14_v1
2114078422,vem_rwd_drft_21_t19_v2
2114099047,packed_mp_veh_mod_idx_8_v249
2114113496,f_cl_clo_ief_b_10_3_t1_v1
2114125493,f_cl_clo_awf_decl_94_t100_v0
2114188031,f_ha_none_t8_v0
2114223791,packed_mp_veh_primary_colour_group_v238
2114293993,mp_stat_mpsv_model_387
2114353904,packed_mp_veh_window_tint_0_v126
2114412956,f_cl_clo_x6f_u_24_13_t11_v1
2114418977,fa_upgrade_weapons_decor_0_t0_v0
2114617196,vem_grill_16_t8_v38
2114682610,packed_ng_vehicle_neon_kit_v5
2114748170,packed_mp_veh_mod_idx_s_17_v145
2114922195,vem_supermod_8_0_t49_v39
2114935226,packed_mp_veh_mod_idx_13_v107
2114966873,m_cl_clo_iem_b_8_5_t1_v1
2114982350,packed_mp_veh_mod_idx_s_3_v161
2115004591,packed_mp_veh_mod_idx_2_v298
2115040338,m_ta_tat_gr_028_t0_v0
2115057773,packed_ng_vehicle_insurance_v69
2115113450,f_cl_clo_bif_u_17_1_t11_v1
2115139054,vem_supermod_8_3_t49_v7
2115165472,packed_mp_veh_mod_idx_1_v336
2115266555,f_cl_clo_h3f_b_18_8_t1_v1
2115277462,f_ta_tat_vw_020_t0_v0
2115291086,m_cl_clo_val_decl_h_t8_v1
2115359634,m_cl_clo_s2m_u_5_2_t11_v1
2115387362,m_cl_clo_x6m_l_6_12_t4_v1
2115402040,m_cl_clo_sbm_rw_0_0_t14_v1
2115482582,vem_supermod_10_8_t51_v3
2115537685,dec_vw_aw_wv_23
2115649145,m_cl_clo_h2m_o_s_17_t3_v12
2115655111,packed_mp_veh_plate_id_v344
2115760526,packed_mp_veh_mod_idx_13_v43
2115765525,packed_mp_veh_mod_idx_s_3_v247
2115767228,packed_mp_veh_mod_idx_s_6_v35
2115781500,f_cl_clo_grf_f_3_7_t6_v1
2115836258,m_ha_cc_body_1_14_t3_v1
2115841406,f_ta_tat_x2_007_t0_v0
2115896461,service_spend_rename_acid_product
2115917905,m_cl_clo_h4m_b_0_19_t1_v1
2115958522,f_cl_outfit_clo_stf_o_12_t12_v0
2116004917,vem_horn_xm15_1_t10_v1
2116017557,f_cl_clo_trf_u_11_7_t11_v1
2116029731,wp_wct_camo_4_t1_v56_n2
2116047454,m_cl_clo_sum_u_8_7_t11_v1
2116049232,m_cl_clo_h4m_u_3_14_t11_v1
2116073596,vem_offr_13_t19_v2
2116077621,m_cl_clo_l2m_e_18_0_t14_v1
2116126959,packed_ng_vehicle_bpt_v16
2116141091,packed_mp_veh_mod_idx_22_v101
2116150684,vem_roof_12_t12_v38
2116151631,packed_mp_veh_mod_idx_s_19_v6
2116258607,dec_vw_aw_wv_29
2116309397,f_cl_clo_x6f_ph_8_4_t14_v1
2116348616,vem_supermod_57_4_t57_v7
2116454098,f_cl_clo_x6f_l_1_17_t4_v1
2116513344,packed_lr_vehicle_colour_5_v41
2116602851,m_cl_f_fmm_7_1_t6_v0
2116607850,packed_mp_veh_mod_idx_6_v73
2116608314,wp_wt_raycarbine_t0_v0
2116647996,vem_colour_extra_1_mct_metallic_straw_brown_t24_v3
2116728435,m_cl_amm_hst_b_1_0_t1_v1
2116735329,m_cl_clo_h2m_b_4_24_t1_v1
2116858646,f_cl_clo_x2f_ht_0_6_t14_v0
2116905113,vem_insurance_outlaw
2116973179,m_cl_sp_fmm_10_7_t8_v1
2116983780,packed_mp_veh_plate_id_v33
2117038273,packed_lr_vehicle_colour_5_v316
2117056801,packed_mp_veh_colour_extra2_0_v259
2117167790,packed_mp_veh_mod_idx_8_v187
2117294377,vem_supermod_21_0_t62_v28
2117302607,f_cl_clo_exf_el_0_10_t4_v1
2117304484,f_cl_clo_sbf_ph_5_3_t14_v1
2117372180,f_cl_clo_bhf_decl_11_t11_v1
2117395576,packed_mp_veh_window_tint_0_v206
2117402629,f_cl_clo_grf_decl_16_t11_v1
2117491930,packed_ng_vehicle_neon_kit_v323
2117492620,packed_mp_veh_mod_idx_3_v72
2117577277,vem_smod_whlv125_t66_v0
2117587225,arc_mac_love_t0_v0
2117636465,fcbase_sty7_t0_v0
2117648996,packed_mp_veh_mod_idx_s_19_v96
2117657210,packed_mp_veh_wheel_type_0_v87
2117702800,m_cl_clo_x6m_u_20_6_t11_v1
2117765103,f_cl_clo_h2f_b_7_7_t1_v1
2117772882,m_ha_cc_m_hs_8_t0_v2
2117851124,m_cl_clo_hp_g_1_2_t14_v0
2117863368,m_ta_tat_x2_018_t0_v0
2117911445,f_cl_clo_x6f_f_1_3_t6_v1
2117943463,wp_wct_flash_t1_v48
2117945918,f_ta_tat_hp_020_t0_v0
2117963732,wp_wct_camo_5_t1_v70_n2
2117981689,vem_rwd_bikew_09_t19_v3
2118074899,packed_mp_veh_mod_idx_s_11_v391
2118238936,packed_mp_veh_mod_idx_10_v84
2118279645,packed_mp_veh_mod_idx_6_v59
2118339336,wp_wm_tint5_t2_v28
2118352301,vem_horn_lowrder1_t10_v38
2118422585,f_cl_clo_lxf_t_11_1_t7_v1
2118429546,packed_mp_veh_colour2_0_v151
2118433968,m_cl_clo_smm_b_1_13_t1_v1
2118546248,packed_mp_veh_mod_idx_s_15_v66
2118547857,vem_insurance_rhino
2118609217,packed_mp_veh_livery_0_v257
2118721907,vem_supermod_23_16_t64_v33
2118763201,packed_mp_veh_mod_idx_s_8_v264
2118792125,vem_smod_whlv96_t66_v0
2118855351,m_cl_clo_x6m_ey_3_22_t14_v1
2118896514,m_cl_clo_fxm_ph_2_8_t14_v1
2118905534,vem_cmod_neonlay_5_t21_v35
2119270737,m_cl_clo_lxm_u_8_6_t11_v1
2119286917,packed_mp_veh_mod_idx_18_v358
2119350630,packed_mp_veh_mod_idx_s_17_v350
2119404824,packed_mp_veh_colour2_0_v373
2119438261,vem_colour_6_orange_t65_v3
2119474789,wp_ps_bag_51_t1_v33
2119740000,wp_wm_tint1_t2_v26
2119827264,m_cl_clo_stm_ht6_3_t14_v1
2119937053,vem_colour_extra_1_mct_pearlescent_stone_silver_t24_v2
2120094694,vem_supermod_15_2_t56_v11
2120095724,dec_vw_aw_mt_20
2120102857,vem_loride_13_t19_v1
2120169185,vem_smod4_whlv111_t66_v3
2120344997,packed_mp_veh_mod_idx_s_5_v308
2120482700,packed_mp_veh_mod_idx_15_v15
2120551066,vem_colour_1_mct_classic_cream_t24_v2
2120595772,packed_mp_veh_mod_idx_22_v334
2120620384,wp_wct_var_metal_t1_v48
2120705161,m_cl_clo_iem_u_5_10_t11_v1
2120753751,packed_mp_veh_mod_idx_s_0_v179
2120761599,packed_lr_vehicle_colour_5_v0
2120788714,f_cl_clo_smf_ph_2_9_t14_v1
2120878147,packed_mp_veh_colour_extra2_0_v53
2120929594,vem_colour_2_mct_classic_chocolate_brown_t25_v2
2120962499,vem_smod5_whl_23_t19_v3
2120996912,mp_stat_mpsv_model_180
2121062143,m_cl_clo_h4m_pey_2_5_t14_v1
2121223217,m_cl_clo_grm_ph_0_12_t14_v1
2121257569,packed_mp_veh_mod_idx_s_16_v326
2121292518,packed_ng_vehicle_neon_kit_v345
2121312669,vem_colour_1_mct_classic_lime_green_t24_v2
2121369774,m_cl_clo_l2m_e_27_2_t14_v1
2121444866,m_cl_clo_exm_ob_6_t3_v12
2121473128,f_cl_clo_scf_f_0_22_t6_v1
2121599265,packed_mp_veh_mod_idx_s_2_v311
2121604190,f_cl_clo_bhf_l_2_5_t4_v1
2121628642,f_cl_clo_bif_u_0_0_t11_v1
2121739018,m_cl_clo_h3m_b_14_7_t1_v1
2121845829,packed_mp_veh_mod_idx_s_6_v165
2121875357,f_cl_clo_ief_u_3_8_t11_v1
2121968031,packed_mp_veh_mod_idx_14_v320
2122045703,f_cl_clo_trf_u_7_7_t11_v1
2122146558,vem_colour_5_bright_green_t38_v3
2122206677,f_cl_clo_hstf_o_16_t8_v12
2122247262,packed_ng_vehicle_bpt_v308
2122250389,f_cl_clo_scf_u_55_13_t11_v1
2122294563,packed_mp_veh_livery2_0_v145
2122399571,f_cl_clo_suf_u_17_20_t11_v1
2122405667,vem_loride_01_t19_v3
2122413475,f_cl_outfit_o_fmf_b4_t12_v0
2122468976,m_cl_clo_exm_eu_7_4_t11_v1
2122739559,vem_horn_cnote_a0_t10_v28
2122814934,m_ta_tat_fm_017_t0_v0
2122906366,packed_mp_veh_mod_idx_14_v69
2122928517,packed_mp_veh_mod_idx_10_v138
2122999794,f_cl_clo_bif_decl_28_t100_v0
2123096244,vem_rwd_bikew_31_t19_v3
2123105505,vem_livery_255_t26_v0
2123146528,vem_rwd_suv_12_t19_v3
2123163027,ve_pyro_t0_v33
2123230757,f_cl_clo_x6f_o_o_13_t3_v12
2123231717,m_cl_clo_vwm_pe_1_0_t14_v1
2123353496,vem_insurance_entityxf
2123367219,vem_yacht_col_14_v0
2123468442,f_cl_clo_bif_decl_66_t10_v1
2123490504,f_cl_clo_vwf_u_15_23_t11_v1
2123575401,packed_mp_veh_mod_idx_9_v195
2123599102,packed_mp_veh_primary_colour_group_v92
2123614759,packed_mp_veh_mod_idx_s_18_v92
2123647598,packed_mp_veh_mod_idx_11_v162
2123671110,packed_ng_vehicle_smoke_v265
2123676700,m_cl_clo_bhm_decl_55_t100_v0
2123679825,m_cl_clo_bim_ph_12_0_t14_v1
2123708956,vem_colour_1_mct_classic_might_purple_t24_v0
2123725880,m_cl_outfit_clo_stm_o_17_t12_v0
2123738822,packed_mp_veh_mod_idx_s_9_v91
2123745179,vem_supermod_23_15_t64_v38
2123762592,m_cl_clo_x2m_o_5_t8_v12
2123889132,f_cl_outfit_clo_awf_o_c_6_t12_v0
2123985549,m_cl_clo_s2m_u_6_8_t11_v1
2124011885,wp_wm_tint3_t2_v74
2124158650,wp_wm_tint7_t2_v85
2124214786,vem_smod4_whlv141_t66_v2
2124217771,f_cl_clo_bif_pe_1_5_t14_v1
2124218576,f_cl_clo_x5f_u_16_0_t11_v1
2124266652,vem_insurance_stanier
2124319237,m_cl_clo_x6m_f_12_15_t6_v1
2124331425,f_cl_clo_half_0_2_t1_v1
2124383014,m_cl_clo_fxm_l_5_6_t4_v1
2124459639,vem_skirt_20_t13_v3
2124624166,f_cl_clo_indf_d_3_t11_v1
2124653896,packed_mp_veh_mod_idx_s_19_v411
2124803386,m_cl_clo_bus_p_0_2_t14_v0
2124839469,packed_mp_veh_mod_idx_5_v121
2124892757,f_cl_clo_bhf_u_17_12_t11_v1
2124914426,m_cl_clo_grm_ph_2_21_t14_v1
2124955568,f_cl_clo_x6f_ph_0_20_t14_v1
2125010184,m_cl_clo_x6m_ph_0_4_t14_v1
2125129881,f_cl_clo_bhf_decl_50_t11_v1
2125157132,packed_mp_veh_mod_idx_s_20_v16
2125215234,packed_mp_veh_colour_extra2_0_v212
2125243489,vem_mwt_tuner_t5_v0
2125263513,f_cl_clo_bhf_u_10_12_t11_v1
2125339391,vem_cmod_tyr_12_t18_v39
2125388351,pr_pm_modshop_13_t0_v0
2125458698,packed_mp_veh_mod_idx_5_v370
2125474455,f_cl_clo_x3f_b_12_1_t1_v1
2125478527,m_cl_clo_h2m_b_9_6_t1_v1
2125480858,packed_mp_veh_mod_idx_15_v394
2125508463,f_cl_clo_x2f_ht_4_7_t14_v1
2125509749,m_cl_clo_x4m_u_13_6_t11_v1
2125513725,m_cl_u_fmm_3_4_t11_v0
2125605969,packed_mp_veh_livery2_0_v380
2125613368,m_ha_cc_m_hs_9_t0_v1
2125613953,po_coupon_car_xmas2018
2125735631,f_cl_clo_indf_o_2_t8_v12
2125736278,m_ta_tat_st_042_t0_v0
2125811326,f_cl_clo_bhf_b_0_8_t1_v1
2125895213,packed_mp_veh_mod_var_1_v350
2125899530,packed_mp_veh_mod_idx_s_7_v237
2125992665,f_cl_clo_h2f_b_7_9_t1_v1
2126076131,vem_spoiler_15_t14_v1
2126194880,packed_mp_veh_mod_idx_14_v310
2126306319,pr_pm_modshop_12_t88_v0
2126311129,fixer_hq_art_1_t0_v0
2126339744,packed_mp_veh_window_tint_0_v350
2126344369,packed_lr_vehicle_colour_5_v320
2126433499,vem_supermod_19_10_t60_v27
2126463132,f_cl_l_fmf_9_14_t4_v0
2126505395,packed_mp_veh_mod_idx_s_11_v165
2126660092,f_cl_clo_x17f_o_m_0_t3_v12
2126891580,f_cl_clo_x6f_ph_8_17_t14_v1
2126927140,f_cl_clo_trf_o_bs_1_t8_v12
2127045762,f_cl_clo_v2f_l_1_10_t4_v1
2127134374,f_cl_clo_h4f_u_7_1_t11_v1
2127354989,m_cl_clo_h4m_b_0_14_t1_v1
2127371205,packed_mp_veh_mod_idx_16_v286
2127387437,f_cl_clo_grf_decl_14_t11_v1
2127485783,m_cl_clo_grm_u_0_11_t11_v1
2127489491,m_cl_clo_scm_u_1_3_t11_v1
2127524386,ve_jetmax_t1_v0
2127542816,vem_brake_0_t2_v28
2127560230,packed_mp_veh_mod_idx_s_1_v3
2127596358,packed_mp_veh_mod_idx_1_v18
2127761546,m_cl_clo_grm_u_18_6_t11_v1
2127780865,f_cl_clo_sbf_b_3_0_t1_v1
2127784707,vem_cmod_win_0_t33_v1
2127879772,vem_colour_extra_1_mct_matte_green_t24_v1
2127955688,mp_stat_spcontotalforwhouse0_v0
2127981876,f_cl_clo_vwf_pw_5_3_t14_v1
2128116719,m_cl_clo_smm_b_0_13_t1_v1
2128182489,f_cl_clo_lxf_l_0_4_t4_v1
2128252634,packed_mp_veh_mod_idx_s_6_v135
2128322458,f_cl_clo_ief_b_10_8_t1_v1
2128486933,packed_mp_veh_mod_idx_1_v226
2128487882,vem_colour_2_mct_classic_woodbeech_brown_t25_v4
2128515876,f_cl_clo_h4f_plw_0_3_t14_v1
2128535005,vem_colour_1_mct_classic_black_graphite_t24_v33
2128540684,packed_mp_veh_mod_idx_4_v89
2128543620,vem_colour_1_mct_metallic_mariner_blue_t24_v3
2128641980,f_cl_clo_val_decl_b_t11_v1
2128651921,f_cl_clo_suf_u_13_0_t11_v1
2128667740,vem_colour_1_mct_classic_saxon_blue_t24_v4
2128734679,m_cl_clo_grm_ph_2_23_t14_v1
2128860719,vem_bumper_r_19_t35_v35
2128970686,packed_lr_vehicle_colour_5_v408
2128986055,m_cl_clo_grm_l_3_19_t4_v1
2129038256,wp_wm_tint4_t2_v22
2129047997,packed_mp_veh_mod_idx_s_18_v330
2129193313,packed_mp_veh_mod_idx_s_21_v238
2129357524,packed_mp_veh_mod_idx_s_20_v113
2129357573,f_cl_clo_indf_d_22_t100_v0
2129371972,wp_wct_c_tint_5_t2_v9_n2
2129419800,packed_mp_veh_mod_idx_s_4_v359
2129439026,f_ha_cc_mkup_60_t5_v0
2129620899,m_cl_clo_h2m_ph_4_6_t14_v1
2129641481,m_cl_clo_awm_f_7_3_t6_v1
2129644522,pr_pm_glight_0_t0_v0
2129671386,nclu_index_1_t0_v0
2129741823,f_cl_clo_x17f_b_10_3_t1_v1
2129766900,packed_mp_veh_mod_idx_s_19_v342
2129788382,vem_colour_1_mct_classic_rolled_steel_t24_v3
2129806480,vem_colour_extra_1_mct_classic_midnight_silver_t24_v1
2129813339,packed_mp_veh_livery_0_v358
2129856944,m_cl_clo_s2m_u_1_3_t11_v1
2130040619,vem_cmod_col3_c_t25_v4
2130227594,dec_vw_aw_wv_40a
2130242896,m_cl_clo_trm_u_15_2_t11_v1
2130303836,m_cl_clo_bim_decl_57_t11_v1
2130344255,packed_mp_veh_mod_idx_s_10_v230
2130453018,packed_ng_vehicle_neon_v134
2130561931,packed_mp_veh_mod_idx_22_v215
2130573039,packed_mp_veh_mod_idx_s_15_v84
2130576868,packed_mp_veh_mod_idx_15_v1
2130578903,vem_supermod_8_4_t49_v6
2130592472,m_cl_clo_grm_b_2_20_t1_v1
2130665993,mp_stat_mpsv_model_405
2130765387,f_cl_clo_exf_eu_7_1_t11_v1
2130793461,packed_mp_veh_mod_idx_s_15_v343
2130828219,packed_mp_veh_mod_idx_13_v100
2130855428,wp_wct_c_tint_12_t2_v22_n2
2130946600,packed_mp_veh_mod_idx_s_0_v326
2130949868,f_cl_clo_smf_u_0_6_t11_v1
2130981798,packed_mp_veh_mod_idx_s_19_v290
2130999556,packed_mp_veh_livery2_0_v107
2131130747,f_cl_clo_stf_u_5_5_t11_v1
2131166989,packed_mp_veh_mod_var_1_v52
2131226759,f_cl_f_fmf_2_9_t6_v0
2131283805,packed_mp_veh_mod_idx_s_5_v190
2131324797,service_spend_off_the_radar
2131334420,m_ha_cc_eyebrw_2_t2_v1
2131374318,vem_colour_1_mct_classic_black_steel_t24_v3
2131412149,m_cl_clo_bhm_u_10_9_t11_v1
2131448850,vem_colour_2_mct_metallic_creek_brown_t25_v3
2131484395,m_cl_clo_grm_u_14_15_t11_v1
2131526792,packed_mp_veh_mod_idx_4_v220
2131676499,vem_fender_r_9_t37_v38
2131698093,packed_mp_veh_mod_idx_s_19_v162
2131728448,m_cl_clo_arm_o_13_t3_v12
2131791048,packed_ng_vehicle_insurance_v211
2131791284,packed_mp_veh_mod_idx_s_21_v338
2131814437,vem_colour_2_mct_metallic_straw_brown_t25_v2
2131828355,packed_mp_veh_mod_idx_s_18_v263
2131949262,vem_truck_slot_10_mod_4_t0_v0
2131975880,f_cl_clo_hp_f_g_1_3_t14_v1
2132012561,m_ha_cc_mkup_81_t5_v0
2132061808,m_cl_clo_stm_u_7_5_t11_v1
2132099323,packed_mp_veh_mod_idx_s_16_v169
2132247498,packed_mp_veh_mod_idx_24_v5
2132305207,vem_supermod_6_11_t47_v28
2132334599,vem_supermod_16_3_t57_v38
2132356027,f_cl_clo_hp_f_u_4_11_t11_v1
2132395686,fcclub_name_2_t0_v0
2132422477,packed_mp_veh_wheel_type_0_v183
2132451658,packed_mp_veh_mod_idx_3_v145
2132477264,f_cl_clo_arf_o_16_t8_v12
2132496596,f_cl_clo_busf_t_0_4_t7_v1
2132532545,packed_ng_vehicle_neon_kit_v338
2132548374,m_cl_outfit_clo_scm_o_4_t12_v0
2132639407,m_cl_clo_s2m_f_2_1_t6_v1
2132701315,packed_mp_veh_mod_idx_s_1_v408
2132813784,f_cl_clo_hp_f_u_0_2_t11_v1
2132827161,pr_pm_modshop_5_t88_v0
2132883698,m_cl_clo_sbm_lw_3_1_t14_v1
2132893809,m_cl_clo_hp_f_1_5_t6_v1
2132920812,m_cl_clo_trm_u_15_1_t11_v1
2132925459,packed_mp_veh_mod_idx_12_v245
2133042925,wp_wct_c_tint_27_t2_v46_n2
2133074433,f_cl_clo_fxf_u_2_9_t11_v1
2133128497,f_cl_clo_h4f_o_l2_f2_t3_v12
2133208057,packed_mp_veh_mod_idx_s_19_v373
2133266805,packed_mp_veh_mod_idx_s_15_v385
2133297132,packed_mp_veh_mod_idx_s_13_v152
2133301547,m_cl_clo_x4m_u_10_6_t11_v1
2133597284,m_cl_clo_grm_ph_6_4_t14_v1
2133671221,vem_colour_1_mct_classic_anthr_black_t24_v3
2133711554,f_ha_clo_scf_h_0_0_t0_v2
2133790836,vem_colour_1_mct_metallic_light_blue_t24_v1
2133809534,f_cl_clo_suf_u_18_9_t11_v1
2133854391,m_ta_tat_vw_024_t0_v0
2133938000,f_cl_clo_x6f_f_6_23_t6_v1
2133982572,vem_rwd_loride_02_t19_v12
2134075375,wp_wct_knife_xm3_t1_v34
2134102401,packed_mp_veh_mod_idx_s_4_v114
2134191109,vem_rwd_suv_08_t19_v0
2134315387,vem_cmod_tyr_lg_t30_v38
2134324829,f_ha_clo_s1f_h_2_0_t0_v1
2134361009,m_cl_l_fmm_15_7_t4_v0
2134375482,m_cl_clo_grm_u_15_25_t11_v1
2134410894,vem_supermod_23_18_t64_v27
2134492886,f_cl_clo_ltsfl_0_0_t4_v1
2134530818,packed_mp_veh_secondary_colour_group_v271
2134553028,f_cl_clo_grf_u_22_20_t11_v1
2134610931,vem_fender_r_20_t37_v3
2134717038,packed_mp_veh_mod_idx_s_18_v339
2134853500,vem_cmod_exp_0_t20_v27
2134918361,m_cl_outfit_clo_h2m_o_g_22_t12_v0
2134996231,m_cl_clo_fxm_ph_4_16_t14_v1
2135015245,packed_ng_vehicle_neon_kit_v191
2135032898,vem_smod2_whlv9_t66_v3
2135036146,m_cl_clo_hstmb_17_4_t1_v1
2135042347,vem_hiend_07_t19_v0
2135048238,packed_mp_veh_mod_idx_s_10_v398
2135052978,packed_mp_veh_mod_idx_s_16_v336
2135059303,m_cl_clo_x3m_u_1_2_t11_v1
2135106184,vem_truck_slot_6_mod_4_t0_v0
2135117213,m_cl_clo_indm_d_20_t8_v2
2135344750,m_cl_clo_x6m_l_7_1_t4_v1
2135398087,f_cl_clo_awf_l_5_3_t4_v1
2135500933,mp_stat_arcade_mac_14
2135577518,vem_supermod_19_8_t60_v3
2135593712,packed_mp_veh_mod_idx_s_6_v391
2135629109,m_cl_clo_h4m_pey_0_1_t14_v1
2135723925,packed_mp_veh_mod_idx_s_10_v167
2135739349,vem_insurance_kanjosj
2135832714,vem_livery2_6_t39_v3
2135883373,packed_mp_veh_mod_idx_s_23_v400
2135928170,vem_colour_1_mct_metallic_sienna_brown_t24_v0
2135977289,m_cl_clo_h2m_s_9_4_t8_v1
2136031450,f_cl_clo_grf_u_2_7_t11_v1
2136140140,vem_colour_extra_1_mct_metallic_black_steel_t24_v0
2136191808,m_cl_clo_smm_u_2_16_t11_v1
2136235994,vem_colour_1_mct_metallic_cream_t24_v3
2136262175,vem_rwd_bikew_35_t19_v3
2136264320,vem_supermod_8_7_t49_v27
2136285053,packed_mp_veh_colour1_0_v253
2136302603,f_cl_clo_s1f_u_5_0_t11_v1
2136385886,m_cl_outfit_clo_lxm_o_2_t12_v0
2136435206,packed_mp_veh_mod_idx_14_v162
2136635283,f_cl_clo_sbf_u_18_17_t11_v1
2136635626,f_cl_clo_vwf_pw_4_3_t14_v1
2136663325,f_cl_clo_vwf_d_1_15_t10_v1
2136670737,vem_supermod_11_3_t52_v27
2136695245,packed_ng_vehicle_smoke_v90
2136698387,vem_bumper_r_13_t35_v4
2136792678,f_ha_cc_blush_31_t5_v0
2136950415,ve_havok_t0_v33
2136982751,wp_wct_tint_25_t2_v48_n2
2137056939,packed_mp_veh_window_tint_0_v370
2137058699,f_cl_clo_grf_ph_0_15_t14_v1
2137060735,packed_lr_vehicle_colour_5_v70
2137071978,packed_mp_veh_mod_idx_s_23_v123
2137077939,packed_mp_veh_mod_idx_s_0_v371
2137108523,f_cl_clo_vwf_ph_0_5_t14_v1
2137116595,m_cl_clo_hstmb_21_3_t1_v1
2137121028,f_cl_clo_h2f_o_c_13_t3_v12
2137124733,vem_supermod_5_0_t46_v10
2137219434,m_cl_l_fmm_1_4_t4_v0
2137296649,mp_stat_mpsv_model_83
2137344749,packed_mp_veh_mod_idx_12_v372
2137366715,f_cl_clo_hp_f_u_0_1_t11_v1
2137460383,packed_mp_veh_mod_idx_s_6_v149
2137630141,m_cl_outfit_clo_s2m_o_4_t12_v0
2137668261,m_cl_clo_vwm_u_8_17_t11_v1
2137718514,f_cl_clo_hp_f_d_24_t100_v0
2137770440,packed_mp_veh_mod_idx_s_0_v204
2137785202,m_cl_clo_smm_ph_3_13_t14_v1
2137788146,f_cl_clo_x3f_u_1_1_t11_v1
2137909575,vem_loride_09_t19_v0
2138005795,vem_sub_heli_c_17
2138018817,f_cl_clo_x4f_u_11_7_t11_v1
2138135355,m_cl_clo_iem_b_3_1_t1_v1
2138278591,f_cl_clo_exf_al_4_1_t4_v1
2138319736,packed_mp_veh_mod_idx_s_14_v414
2138407869,vem_supermod_17_5_t58_v26
2138496708,packed_ng_vehicle_bpt_v122
2138528015,f_cl_clo_ief_u_3_5_t11_v1
2138709167,packed_mp_veh_mod_idx_24_v26
2138720128,f_cl_clo_sbf_lw_0_0_t14_v1
2138733025,pr_pm_colour_8_t0_v0
2138748444,m_cl_clo_s2m_l_1_0_t4_v1
2138763662,packed_mp_veh_mod_idx_7_v44
2138824194,vem_colour_extra_1_mct_metallic_bison_brown_t24_v2
2138910153,packed_mp_veh_mod_idx_s_9_v57
2138963204,vem_smod2_whl4_t19_v3
2138989248,packed_mp_veh_mod_idx_s_14_v242
2139010705,f_cl_clo_vwf_pe_1_2_t14_v1
2139050466,vem_cmod_neonlay_1_t21_v6
2139396820,f_cl_clo_h4f_pey_1_8_t14_v1
2139453775,packed_mp_veh_mod_idx_s_1_v96
2139510138,f_cl_clo_hstf_u_1_0_t11_v1
2139517422,m_cl_clo_hp_g_1_6_t14_v1
2139533545,f_cl_clo_x6f_f_10_9_t6_v1
2139534012,f_cl_clo_h4f_s_2_4_t8_v1
2139546428,packed_ng_vehicle_smoke_v80
2139556060,m_cl_clo_h4m_t_8_0_t7_v1
2139557476,vem_colour_extra_1_mct_pearlescent_white_t24_v3
2139610538,vem_colour_2_mct_classic_sienna_brown_t25_v1
2139678503,vem_spt_11_t19_v0
2139721344,m_cl_l_fmm_9_8_t4_v0
2139785489,packed_mp_veh_colour_extra2_0_v390
2139809025,packed_mp_veh_mod_idx_s_22_v366
2139855969,vem_cmod_exp_0_t20_v35
2139876785,wp_wt_bottle_t1_v1
2139963058,m_cl_clo_h4m_pey_110_t14_v1
2140017718,mp_stat_clbhos_font_v0
2140079768,vem_cmod_pla_2_t23_v6
2140153750,packed_mp_veh_mod_var_0_v388
2140208686,m_cl_clo_h2m_b_3_14_t1_v1
2140251315,packed_mp_veh_wheel_type_0_v403
2140342548,packed_mp_veh_mod_idx_8_v65
2140431899,m_cl_clo_grm_decl_9_t100_v0
2140520441,packed_ng_vehicle_neon_kit_v196
2140566465,m_cl_clo_x6m_u_0_19_t11_v1
2140594005,packed_mp_veh_mod_idx_s_4_v354
2140658051,f_cl_clo_s2f_u_4_14_t11_v1
2140787055,pr_pm_bgunlock_1_t0_v0
2140898652,f_cl_clo_hp_f_d_10_t100_v0
2140956772,m_cl_clo_hp_d_28_t8_v2
2140970615,mt_snk_item4_t0_v1
2141055249,f_cl_clo_hstf_t_1_5_t7_v1
2141093724,ve_windsor_t0_v3
2141140980,packed_mp_veh_colour_extra2_0_v210
2141172996,veu_bruiser_t0_v0
2141427242,vem_supermod_11_9_t52_v27
2141436709,packed_mp_veh_mod_idx_s_8_v379
2141453175,vem_cmod_tyr_stt_t30_v39
2141466585,vem_smod4_whlv120_t66_v3
2141527949,packed_mp_veh_mod_idx_11_v373
2141587012,packed_mp_veh_mod_idx_s_21_v400
2141642320,f_cl_ht_fmf_15_3_t14_v0
2141680750,packed_mp_veh_mod_idx_9_v13
2141806398,packed_ng_vehicle_bpt_v403
2141837453,f_cl_clo_bhf_u_14_8_t11_v1
2141950263,packed_mp_veh_livery_0_v407
2141966582,vem_cmod_pla_3_t23_v26
2142000982,packed_mp_veh_mod_idx_s_21_v181
2142006513,packed_mp_veh_mod_var_1_v243
2142008239,packed_lr_vehicle_colour_5_v310
2142051954,m_cl_clo_apm_u_23_5_t11_v1
2142145658,ve_kuruma2_t1_v3
2142197274,f_cl_clo_x6f_b_0_1_t1_v1
2142224022,packed_ng_vehicle_insurance_v55
2142224601,f_cl_clo_x6f_l_8_2_t4_v1
2142359277,m_cl_clo_awm_decl_105_t100_v0
2142379955,packed_mp_veh_mod_idx_11_v379
2142480688,m_cl_clo_fxm_u_2_12_t11_v1
2142553674,m_cl_l_fmm_1_3_t4_v0
2142566697,packed_mp_veh_livery2_0_v112
2142698787,f_cl_clo_fxf_l_0_11_t4_v1
2142748233,ve_big_yacht_t0_v0
2142777830,vem_cmod_neoncol_10_t21_v3
2142835023,packed_mp_veh_colour_extra1_0_v365
2142911132,packed_mp_veh_mod_var_0_v155
2142915084,m_cl_outfit_clo_h3m_o_sl_26_t12_v0
2142996515,packed_mp_veh_mod_idx_s_18_v29
2143052705,vem_colour_1_mct_classic_yellow_t24_v1
2143095184,packed_mp_veh_mod_idx_13_v74
2143174548,vem_supermod_4_7_t45_v28
2143210973,wp_wct_c_tint_16_t2_v8_n2
2143457171,packed_mp_veh_mod_idx_16_v171
2143557685,packed_mp_veh_mod_idx_s_7_v263
2143562907,vem_supermod_59_23_t59_v7
2143578693,packed_mp_veh_wheel_type_0_v43
2143712047,f_cl_clo_vwf_l_2_21_t4_v1
2143759316,f_cl_clo_grf_u_7_17_t11_v1
2143876479,packed_ng_vehicle_insurance_v384
2143910897,m_cl_clo_trm_u_16_3_t11_v1
2143945102,f_cl_clo_stf_o_9_t8_v12_cesp
2143989359,f_cl_clo_stf_l_3_9_t4_v1
2144074865,m_cl_clo_smm_b_2_0_t1_v1
2144111029,packed_mp_veh_mod_idx_s_9_v199
2144125537,f_cl_clo_hp_f_l_0_1_t4_v1
2144200137,packed_mp_veh_mod_idx_s_13_v251
2144307053,packed_mp_veh_primary_colour_group_v242
2144317731,f_ta_tat_sb_031_t0_v0
2144455858,vem_cmod_hrn_mus1_t10_v39
2144462848,packed_mp_veh_mod_idx_s_8_v31
2144563535,f_cl_clo_vwf_l_2_6_t4_v1
2144652136,m_cl_clo_h3m_u_9_2_t11_v1
2144790428,packed_mp_veh_mod_idx_10_v271
2144848279,wp_wct_tint_26_t2_v13_n2
2144896365,packed_mp_veh_mod_idx_s_10_v100
2144896539,m_cl_u_fmm_14_3_t11_v0
2145027061,vem_supermod_1_12_t42_v28
2145046617,vem_supermod_20_2_t61_v38
2145171448,vem_cmod_hrn_cop_t10_v27
2145204066,f_cl_outfit_clo_exf_ob_2_t12_v0
2145204942,packed_mp_veh_mod_idx_s_22_v285
2145305663,m_cl_clo_s1m_l_0_1_t4_v1
2145317112,vem_horn_cnote_a0_t10_v11
2145362718,vem_suv_10_t19_v1
2145364516,m_cl_clo_smm_ph_0_6_t14_v1
2145499189,f_cl_clo_x6f_ph_0_16_t14_v1
2145528411,packed_ng_vehicle_neon_v52
2145536299,packed_mp_veh_mod_idx_4_v136
2145597161,packed_mp_veh_mod_idx_11_v353
2145690105,packed_mp_veh_mod_idx_10_v320
2145691706,f_cl_clo_arf_o_16_t11_v12
2145758768,vem_horn_clas7_t10_v38
2145916725,vem_colour_6_garnet_red_t65_v3
2146003459,m_cl_clo_h3m_ph_11_7_t14_v1
2146008048,vem_supermod_2_10_t43_v27
2146029855,f_cl_clo_exf_g_1_9_t14_v0
2146037103,f_cl_clo_bhf_l_3_8_t4_v1
2146091795,f_cl_clo_h2f_o_g_10_t8_v12
2146176329,packed_mp_veh_mod_idx_s_15_v168
2146474007,packed_mp_veh_mod_idx_8_v213
2146597578,packed_mp_veh_mod_idx_s_20_v264
2146687575,f_cl_g_fmf_3_4_t14_v0
2146696845,f_cl_clo_fxf_u_1_2_t11_v1
2146935062,m_cl_clo_grm_b_2_17_t1_v1
2146935516,vem_cmod_tyr_13_t18_v30
2146951209,packed_mp_veh_mod_idx_s_21_v114
2146974835,f_cl_clo_ief_b_5_0_t1_v1
2146988641,f_cl_clo_bif_u_32_0_t11_v1
2147019410,packed_mp_veh_colour2_0_v308
2147025590,packed_mp_veh_mod_idx_s_8_v308
2147054573,packed_mp_veh_mod_idx_4_v66
2147078311,vem_colour_2_mct_metallic_mariner_blue_t25_v0
2147139135,vem_livery_3_n1_t26_v4
2147161046,packed_mp_veh_mod_idx_s_6_v249
2147200681,vem_supermod_6_9_t47_v26
2147279849,m_cl_clo_awm_f_0_19_t6_v1
2147284795,m_cl_clo_lxm_t_11_0_t7_v1
2147289586,packed_mp_veh_mod_idx_7_v95
2147317007,packed_mp_veh_mod_idx_s_1_v155
2147357124,vem_supermod_4_5_t45_v28
2147405072,vem_supermod_13_13_t54_v27
2147443896,vem_supermod_1_11_t42_v38
2147473086,vem_supermod_11_2_t52_v10
-2147404386,f_cl_outfit_clo_hstf_o_k_1_t12_v0
-2147396527,packed_mp_veh_mod_idx_s_10_v412
-2147388951,packed_mp_veh_mod_idx_24_v387
-2147377168,m_ta_tat_st_001_t0_v0
-2147329538,f_cl_clo_bif_u_19_0_t11_v1
-2147325368,m_ha_cc_blush_16_t5_v0
-2147312719,vem_grill_0_t8_v30
-2147275480,vem_turbo_0_t17_v37
-2147219244,packed_mp_veh_mod_idx_3_v286
-2147207004,ve_nimbus_t0_v3
-2147167441,packed_mp_veh_mod_idx_s_8_v289
-2147132581,packed_mp_veh_mod_idx_s_10_v134
-2147079594,m_cl_clo_grm_g_0_14_t3_v1
-2147075878,f_cl_u_fmf_13_5_t11_v0
-2147059438,vem_colour_1_mct_classic_blue_silver_t24_v1
-2147053950,wp_wct_tint_23_t2_v70_n2
-2146954949,m_ta_tat_hp_002_t0_v0
-2146918795,vem_exhaust_16_t6_v3
-2146865560,vem_smod4_whl_9_t19_v3
-2146835593,vem_supermod_62_6_t62_v7
-2146781087,f_cl_clo_exf_at_0_1_t7_v1
-2146716073,packed_ng_vehicle_bpt_v205
-2146685113,packed_mp_veh_mod_idx_s_5_v205
-2146658731,m_ta_tat_h4_026_t0_v0
-2146630657,vem_supermod_16_0_t57_v5
-2146520667,f_ta_tat_bi_060_t0_v0_cesp
-2146494075,packed_mp_veh_plate_id_v297
-2146471784,packed_mp_veh_mod_idx_s_17_v403
-2146465341,m_cl_clo_x6m_o_o_2_t3_v12
-2146380168,packed_mp_veh_mod_idx_12_v382
-2146375625,vem_insurance_rebel02
-2146365602,wp_ps_bag_31_t1_v33
-2146294320,pr_pm_modshop_18_t89_v0
-2146248586,vem_colour_1_mct_metallic_grace_red_t24_v4
-2146231706,vem_skirt_15_t13_v38
-2146147506,f_cl_clo_hstf_u_16_0_t11_v1
-2146124809,packed_mp_veh_mod_idx_15_v320
-2145981602,packed_mp_veh_colour2_0_v336
-2145962117,m_cl_clo_s2m_d_20_t11_v1
-2145917783,f_cl_g_fmf_11_1_t14_v0
-2145859241,m_cl_clo_smm_ph_8_21_t14_v1
-2145824233,vem_cmod_col5_12_t29_v3
-2145805611,m_cl_ht_fmm_13_6_t14_v0
-2145778122,vem_colour_6_bright_orange_t65_v3
-2145777808,packed_mp_veh_mod_idx_s_10_v47
-2145695667,f_cl_clo_ltsfh_0_2_t14_v1
-2145690607,vem_insurance_raiden
-2145677067,packed_mp_veh_mod_idx_8_v84
-2145624126,m_cl_clo_grm_u_14_11_t11_v1
-2145606183,packed_mp_veh_livery2_0_v180
-2145579982,packed_mp_veh_mod_idx_2_v228
-2145574462,packed_mp_veh_mod_idx_s_23_v110
-2145561973,mp_stat_mpsv_model_106
-2145455642,m_cl_clo_fxm_u_4_2_t11_v1
-2145454143,vem_supermod_61_3_t61_v7
-2145353467,packed_mp_veh_mod_idx_3_v297
-2145353113,packed_mp_veh_mod_idx_0_v377
-2145324323,vem_smod4_whlv21_t66_v0
-2145296024,packed_mp_veh_window_tint_0_v353
-2145207472,packed_mp_veh_mod_idx_11_v312
-2145187742,m_cl_clo_lxm_u_0_6_t11_v1
-2145093474,m_cl_clo_iem_u_18_2_t11_v1
-2145040013,packed_mp_veh_mod_idx_s_7_v386
-2144993237,packed_mp_veh_mod_idx_s_23_v401
-2144892415,packed_mp_veh_mod_idx_16_v199
-2144890378,ve_khamel_t1_v3
-2144870706,f_cl_outfit_clo_stf_o_9_t12_v0
-2144690881,packed_mp_veh_mod_idx_1_v392
-2144641868,m_cl_clo_x4m_u_10_1_t11_v1
-2144563133,packed_lr_vehicle_colour_5_v388
-2144531439,dec_vw_aw_wh_20
-2144527923,m_cl_clo_smm_b_8_23_t1_v1
-2144430934,vem_insurance_jester4
-2144397235,packed_mp_veh_mod_idx_0_v269
-2144259327,packed_mp_veh_mod_idx_s_0_v125
-2144250903,m_cl_clo_hp_d_2_t8_v1
-2144250385,vem_smod4_whlv49_t66_v3
-2144233916,m_cl_clo_h4m_b_4_2_t1_v1
-2144227915,packed_mp_veh_mod_idx_14_v321
-2144200944,packed_mp_veh_mod_idx_s_1_v41
-2144151251,packed_mp_veh_mod_idx_s_18_v180
-2144131043,m_cl_clo_stm_o_e_6_t11_v12
-2144098992,f_cl_clo_h3f_u_3_8_t11_v1
-2143971062,m_cl_clo_ltsm_o_7_t8_v12
-2143886822,packed_mp_veh_secondary_colour_group_v374
-2143846378,veu_tornado5_t0_v0
-2143803483,vem_brake_1_t2_v29
-2143800299,m_ta_tat_hp_027_t0_v0
-2143785107,packed_lr_vehicle_colour_6_v142
-2143761292,packed_mp_veh_mod_idx_s_9_v31
-2143735056,f_cl_clo_h4f_b_3_5_t1_v1
-2143621011,f_cl_clo_bif_pe_1_3_t14_v1
-2143601343,m_cl_clo_hst_a_0_t8_v1
-2143589580,packed_mp_veh_mod_idx_s_20_v134
-2143583619,m_ha_cc_eyebrw_30_t2_v0
-2143475651,vem_bumper_r_10_t35_v35
-2143431653,packed_ng_vehicle_insurance_v196
-2143420433,f_cl_clo_x6f_ey_3_24_t14_v1
-2143350387,vem_colour_2_mct_metals_br_aluminium_t25_v1
-2143338644,m_cl_l_fmm_5_11_t4_v0
-2143309560,wp_wct_sb_var2_t1_v71
-2143293618,m_cl_clo_sbm_u_12_13_t11_v1
-2143293339,m_cl_clo_h2m_u_7_13_t11_v1
-2143186661,f_cl_clo_busf_u_2_2_t8_v1
-2143151971,vem_cmod_neoncol_2_t21_v2
-2143081550,m_cl_clo_bim_u_10_12_t11_v1
-2143070879,packed_mp_veh_mod_idx_s_15_v378
-2143021716,packed_mp_veh_mod_idx_s_6_v235
-2142957723,f_cl_clo_scf_u_37_0_t11_v1
-2142945175,packed_mp_veh_plate_id_v367
-2142926550,f_ta_tat_hp_005_t0_v0
-2142836923,m_cl_he_fmm_18_1_t14_v1
-2142735939,f_cl_g_fmf_0_5_t14_v0
-2142524486,m_cl_clo_stm_u_4_4_t11_v1
-2142491028,f_cl_clo_sbf_f_3_12_t6_v1
-2142397074,f_cl_clo_exf_eu_11_0_t11_v1
-2142394522,packed_mp_veh_mod_idx_16_v206
-2142383126,wp_wct_c_tint_6_t2_v48_n2
-2142345065,m_cl_clo_v2m_h_0_8_t14_v1
-2142240045,vem_brake_1_t2_v7
-2142217348,vem_cmod_tyr_11_t18_v1
-2142198364,m_cl_clo_bim_decl_14_t11_v1
-2142123872,packed_mp_veh_mod_idx_s_11_v333
-2142053813,packed_mp_veh_mod_idx_s_20_v59
-2142017546,ve_deveste_t0_v3
-2142014006,vem_spt_14_t19_v1
-2142002301,f_cl_clo_fxf_u_4_8_t11_v1
-2141966192,vem_rwd_bikew_36_t19_v3
-2141941823,vem_colour_extra_1_mct_classic_sea_green_t24_v1
-2141899919,vem_supermod_63_13_t63_v7
-2141887575,packed_mp_veh_mod_idx_10_v406
-2141851239,f_cl_clo_h2f_b_1111_t1_v1
-2141839460,vem_colour_extra_1_mct_pearlescent_mariner_blue_t24_v0
-2141813515,f_cl_clo_grf_u_10_13_t11_v1
-2141683972,packed_mp_veh_mod_idx_s_16_v42
-2141668469,f_cl_clo_exf_ob_3_t8_v12
-2141649625,vem_colour_extra_1_mct_metallic_candy_red_t24_v33
-2141625312,vem_colour_1_mct_metallic_saddle_brown_t24_v4
-2141622637,m_cl_clo_valm_s_1_3_t8_v1
-2141611802,f_cl_clo_x6f_ph_9_1_t14_v1
-2141576806,packed_mp_veh_mod_idx_s_3_v104
-2141496377,vem_colour_2_mct_metallic_black_steel_t25_v0
-2141463618,vem_colour_extra_1_mct_classic_harbor_blue_t24_v2
-2141421675,f_cl_clo_x6f_f_0_10_t6_v1
-2141336536,f_cl_f_fmf_2_15_t6_v0
-2141266642,fcarcade_flr_4_t0_v0
-2141235109,packed_mp_veh_mod_idx_s_23_v321
-2141198803,packed_mp_veh_mod_idx_24_v209
-2141191406,packed_mp_veh_mod_idx_s_13_v94
-2141142494,f_cl_clo_hp_f_g_1_6_t14_v0
-2141029024,service_spend_source_cargo
-2141023179,mp_stat_mpsv_model_19
-2140972201,m_cl_clo_bim_u_0_0_t11_v1
-2140909114,packed_mp_veh_colour_extra1_0_v264
-2140852917,f_cl_clo_grf_ph_1_4_t14_v1
-2140753085,f_cl_clo_exf_af_3_3_t6_v1
-2140720097,vem_brake_3_t2_v27
-2140541048,vem_cmod_tyr_9_t18_v37
-2140527521,packed_mp_veh_mod_idx_s_19_v164
-2140507202,f_cl_clo_hstfb_23_1_t1_v1
-2140465463,kosatk_fla_22_t0_v1
-2140455791,vem_cmod_hrn_cop_t10_v10
-2140449279,packed_ng_vehicle_neon_v232
-2140378667,vem_supermod_23_1_t64_v27
-2140290085,packed_ng_vehicle_smoke_v108
-2140187313,m_ta_tat_sm_016_t0_v0
-2140136300,ve_dubsta2_t0_v2
-2140034188,packed_mp_veh_colour2_0_v100
-2139988241,packed_mp_veh_livery_0_v340
-2139986371,packed_mp_veh_mod_idx_4_v381
-2139878924,vem_bumper_r_11_t35_v2
-2139842820,m_cl_clo_smm_b_5_4_t1_v1
-2139840180,f_cl_l_fmf_3_8_t4_v0
-2139807225,autoshop_emb_7_t0_v0
-2139713661,m_cl_clo_x6m_u_1_13_t11_v1
-2139612025,vem_supermod_19_0_t60_v31
-2139353044,f_cl_clo_arf_o_29_t7_v12
-2139307052,vem_colour_2_mct_metallic_dark_blue_t25_v3
-2139276985,packed_mp_veh_mod_idx_s_21_v17
-2139223250,ve_marshall_t1_v19
-2139092489,packed_mp_veh_window_tint_0_v131
-2139069070,m_cl_f_fmm_12_7_t6_v0
-2139004652,f_cl_clo_vwf_pw_4_5_t14_v1
-2138936563,f_cl_clo_trf_ph_1_12_t14_v1
-2138931691,f_cl_clo_trf_u_12_10_t11_v1
-2138920461,m_cl_clo_stm_ht13_1_t14_v1
-2138876628,wp_wm_tint3_t2_v28
-2138760350,f_cl_clo_scf_ey_0_8_t14_v1
-2138712694,vem_fender_l_0_t36_v28
-2138520935,vem_supermod_3_34_t44_v6
-2138517940,packed_mp_veh_mod_idx_12_v301
-2138508994,packed_mp_veh_mod_idx_s_10_v71
-2138500003,packed_mp_veh_mod_idx_s_6_v321
-2138409301,m_cl_clo_arm_o_15_t3_v12
-2138356980,vem_horn_clas5_t10_v35
-2138309306,m_cl_clo_h3m_decl_3_t100_v0
-2138291331,f_cl_clo_x6f_f_5_16_t6_v1
-2138241486,wp_wct_scope_mac2_t1_v8_n2
-2138241425,packed_mp_veh_mod_idx_s_17_v161
-2138132345,f_cl_clo_scf_ph_5_3_t14_v1
-2138009685,packed_lr_vehicle_colour_5_v396
-2137996136,f_cl_clo_arf_o_25_t7_v12
-2137793887,vem_supermod_60_9_t60_v7
-2137758542,m_cl_clo_trm_u_7_7_t11_v1
-2137717383,packed_mp_veh_mod_idx_4_v172
-2137692170,packed_lr_vehicle_colour_6_v17
-2137645866,f_cl_clo_hp_f_u_2_5_t8_v1
-2137634910,packed_mp_veh_mod_idx_18_v337
-2137610841,vem_colour_1_mct_classic_racing_blue_t24_v2
-2137604974,vem_colour_2_mct_metallic_dark_green_t25_v4
-2137533140,vem_smod5_whlv84_t66_v3
-2137522014,vem_colour_extra_1_mct_pearlescent_bronze_t24_v4
-2137516379,packed_mp_veh_colour_extra1_0_v379
-2137496351,m_cl_clo_hstmb_16_0_t1_v1
-2137393742,f_cl_clo_hstf_t_3_15_t7_v1
-2137296111,f_cl_clo_x6f_f_1_2_t6_v1
-2137251520,vem_cmod_tyr_0_t31_v33
-2137139888,vem_smod5_whlv41_t66_v3
-2137113968,wp_wm_tint5_t2_v3
-2137111367,packed_mp_veh_colour_extra2_0_v108
-2137061613,m_cl_clo_vwm_f_1_3_t6_v1
-2137054229,packed_mp_veh_mod_idx_s_15_v194
-2136854642,vem_supermod_8_0_t49_v28
-2136847787,pr_pm_modshop_4_t88_v0
-2136846947,packed_mp_veh_mod_idx_s_7_v371
-2136757153,m_cl_clo_scm_b_3_0_t1_v1
-2136697555,packed_mp_veh_colour_extra2_0_v325
-2136675486,packed_lr_vehicle_colour_6_v181
-2136658329,vem_colour_2_mct_metallic_bronze_t25_v1
-2136630996,wp_wct_clip2_t1_v9_n2
-2136508469,vem_fender_r_10_t37_v27
-2136457947,packed_mp_veh_colour_extra2_0_v186
-2136340872,packed_mp_veh_mod_idx_2_v208
-2136318448,vem_insurance_visione
-2136290075,vem_smod4_whlv106_t66_v2
-2136088715,packed_mp_veh_mod_idx_s_20_v94
-2136042577,packed_mp_veh_colour_extra1_0_v171
-2136028504,m_cl_outfit_clo_hstm_o_j_3_t12_v0
-2135934041,f_cl_clo_x2f_ht_2_3_t14_v1
-2135918915,packed_mp_veh_mod_idx_23_v93
-2135860830,packed_mp_veh_mod_idx_s_21_v242
-2135728724,vem_cmod_neoncol_6_t21_v30
-2135659829,m_cl_clo_h2m_o_g_15_t3_v12
-2135617272,f_cl_clo_h4f_ph_1_2_t14_v1
-2135580194,f_cl_clo_sbf_b_10_2_t1_v1
-2135488872,vem_cmod_tyr_1_t32_v30
-2135346811,wp_wm_tint1_t2_v46
-2135339256,vem_colour_1_mct_metals_br_steel_t24_v0
-2135313475,f_cl_clo_x6f_b_4_0_t1_v1
-2135297278,f_cl_clo_x6f_f_12_18_t6_v1
-2135292549,packed_mp_veh_livery_0_v35
-2135272678,f_cl_clo_vwf_ph_1_10_t14_v1
-2135252753,f_cl_clo_suf_u_0_12_t11_v1
-2135202135,vem_cmod_hrn_sad_t10_v26
-2135179610,m_ha_cc_mkup_37_t7_v0
-2135157119,packed_mp_veh_mod_idx_11_v229
-2135133024,packed_mp_veh_mod_idx_23_v230
-2135085918,packed_mp_veh_mod_idx_6_v365
-2135062434,packed_mp_veh_window_tint_0_v150
-2135031834,packed_mp_veh_colour1_0_v42
-2134984066,f_ta_tat_bi_012_t0_v0
-2134874648,packed_mp_veh_mod_idx_12_v223
-2134865732,packed_mp_veh_mod_idx_14_v276
-2134723950,m_cl_clo_h4m_t_13_5_t7_v1
-2134623455,packed_mp_veh_mod_idx_s_23_v262
-2134606975,packed_mp_veh_mod_idx_s_21_v72
-2134597188,packed_mp_veh_mod_idx_s_19_v156
-2134547018,packed_mp_veh_mod_idx_s_13_v392
-2134441922,packed_mp_veh_mod_idx_s_21_v35
-2134437910,vem_chassis_1_t4_v31
-2134271286,packed_mp_veh_colour1_0_v400
-2134242768,f_cl_clo_sbf_l_3_23_t4_v1
-2134229114,packed_mp_veh_mod_idx_s_6_v410
-2134195949,f_cl_clo_hp_f_d_5_t8_v1
-2134170837,packed_mp_veh_mod_idx_6_v211
-2134147845,vem_smod4_whlv152_t66_v1
-2134116442,m_cl_clo_h2m_u_6_15_t11_v1
-2134101395,m_ta_tat_lx_020_t0_v0
-2133771379,packed_mp_veh_mod_idx_s_14_v19
-2133727716,packed_mp_veh_mod_idx_4_v394
-2133688643,vem_supermod_10_18_t51_v27
-2133672568,f_cl_clo_hp_f_u_0_4_t11_v1
-2133595419,m_cl_clo_trm_u_6_1_t11_v1
-2133574644,f_ta_tat_bi_011_t0_v0
-2133565815,mp_stat_arcade_ceiling_v0
-2133527529,f_ta_tat_bi_037_t0_v0_cesp
-2133489357,packed_mp_veh_mod_idx_24_v102
-2133463274,f_cl_clo_stf_o_14_t8_v12_cesp
-2133436448,vem_insurance_cogcabri
-2133430941,vem_supermod_23_38_t64_v33
-2133413229,veu_brickade2_t0_v0
-2133302132,f_cl_clo_smf_b_0_3_t1_v1
-2133299348,f_cl_clo_x6f_ey_0_0_t14_v1
-2133264298,packed_mp_veh_mod_idx_s_1_v16
-2133202406,m_ta_tat_bi_008_t0_v0_cesp
-2133091909,vem_bumper_r_4_t35_v0
-2133056829,f_cl_clo_smf_b_4_7_t1_v1
-2132966786,f_cl_outfit_clo_h3f_o_fib_3_t12_v0
-2132898289,packed_mp_veh_primary_colour_group_v205
-2132891271,mp_stat_arcade_mac_0
-2132861848,vem_colour_2_mct_metals_br_steel_t25_v33
-2132819604,packed_mp_veh_wheel_type_0_v198
-2132741843,packed_mp_veh_mod_idx_8_v179
-2132737950,f_ha_face_e_c_15_t4_v0
-2132733783,packed_mp_veh_mod_idx_5_v217
-2132727448,packed_mp_veh_mod_idx_s_11_v204
-2132708969,packed_mp_veh_mod_idx_s_10_v73
-2132705971,m_cl_clo_iem_b_6_5_t1_v1
-2132690813,vem_smod4_whlv134_t66_v1
-2132610357,f_cl_outfit_clo_assf_o_3_t12_v0
-2132556615,packed_mp_veh_mod_idx_s_20_v187
-2132548327,packed_ng_vehicle_neon_kit_v109
-2132545011,packed_mp_veh_wheel_type_0_v396
-2132414669,m_cl_clo_iem_f_0_6_t6_v1_cesp
-2132399190,vem_smod2_whl22_t19_v12
-2132301197,packed_mp_veh_mod_idx_14_v98
-2132266737,vem_bumper_r_12_t35_v27
-2132229327,wp_wct_tint_4_t2_v70_n2
-2132224056,m_cl_clo_vwm_s_2_13_t8_v2
-2132162513,packed_ng_vehicle_insurance_v144
-2132110528,vem_bumper_f_2_t34_v1
-2131919602,vem_spoiler_31_t14_v3
-2131884681,vem_smod5_whlv90_t66_v3
-2131845012,packed_mp_veh_plate_id_v29
-2131832383,packed_mp_veh_mod_idx_18_v270
-2131812947,ve_turismor_t0_v3
-2131719772,f_cl_clo_arf_o_3_t11_v12
-2131665670,packed_lr_vehicle_colour_6_v45
-2131543467,packed_mp_veh_mod_idx_0_v88
-2131430140,f_cl_clo_grf_l_0_1_t4_v1
-2131340292,packed_mp_veh_mod_idx_6_v396
-2131311694,packed_mp_veh_mod_idx_s_16_v153
-2131257679,m_cl_clo_h2m_ph_412_t14_v1
-2131239662,packed_mp_veh_mod_idx_23_v402
-2131239281,packed_mp_veh_mod_idx_s_1_v388
-2131157490,f_cl_clo_arf_u_2_0_t11_v1
-2131111283,m_cl_clo_h2m_ph_213_t14_v1
-2131055875,packed_mp_veh_mod_idx_6_v340
-2131031260,packed_mp_veh_mod_idx_13_v60
-2131020347,packed_mp_veh_mod_idx_s_9_v319
-2130976026,vem_cmod_pla_4_t23_v39
-2130971553,f_cl_clo_x6f_f_12_17_t6_v1
-2130929311,m_cl_outfit_clo_lxm_o_10_t12_v0
-2130917894,vem_rwd_offr_10_t19_v1
-2130714790,f_cl_u_fmf_6_4_t11_v0
-2130641348,packed_mp_veh_mod_idx_s_5_v243
-2130581226,packed_mp_veh_mod_idx_2_v280
-2130553479,packed_mp_veh_mod_idx_s_0_v288
-2130450119,vem_cmod_tyr_5_t18_v31
-2130377212,packed_mp_veh_mod_idx_s_2_v70
-2130354138,vem_colour_2_mct_classic_black_steel_t25_v1
-2130325020,packed_mp_veh_mod_idx_23_v9
-2130199671,service_earn_job_bonus_heist_award
-2130148118,f_cl_clo_x6f_f_4_17_t6_v1
-2130070548,packed_mp_veh_mod_idx_1_v262
-2130043494,f_cl_clo_grf_g_1_12_t3_v1
-2129942423,packed_ng_vehicle_neon_v145
-2129827160,wp_wm_tint5_t2_v91
-2129781826,service_spend_pa_service_dancer
-2129736633,vem_smod4_whlv24_t66_v2
-2129700646,vem_smod_whlv160_t66_v3
-2129528931,m_cl_clo_grm_u_3_6_t11_v1
-2129422309,m_cl_clo_x6m_f_3_24_t6_v1
-2129380494,vem_insurance_brutus2
-2129334987,f_cl_clo_hstf_u_12_3_t11_v1
-2129138760,vem_insurance_blade
-2129131920,packed_mp_veh_mod_idx_15_v26
-2129116868,f_cl_clo_awf_u_3_13_t11_v1
-2129115934,wp_wct_tint_6_t2_v8_n2
-2129100980,vem_cmod_tyr_12_t18_v5
-2128970958,f_cl_clo_bif_decl_45_t100_v0
-2128941163,packed_mp_veh_mod_idx_0_v232
-2128928468,mp_stat_casinoapt_mod_f_v0
-2128868608,vem_cmod_airhorn_01_t10_v38
-2128836675,vem_cmod_hrn_mus5_t10_v4
-2128835865,packed_mp_veh_mod_idx_6_v403
-2128812117,m_ta_tat_s2_028_t0_v0
-2128787549,f_cl_clo_h4f_b_0_9_t1_v1
-2128710589,vem_smod4_whlv160_t66_v3
-2128689509,packed_mp_veh_plate_id_v169
-2128649587,packed_mp_veh_livery_0_v362
-2128567751,f_cl_clo_ief_l_3_1_t4_v1
-2128525651,packed_mp_veh_colour_extra1_0_v50
-2128472843,packed_mp_veh_colour2_0_v350
-2128421710,packed_mp_veh_mod_idx_s_10_v140
-2128358430,m_cl_sp_fmm_6_2_t8_v0
-2128350757,packed_mp_veh_mod_idx_9_v40
-2128227193,packed_mp_veh_mod_idx_18_v259
-2128199567,packed_mp_veh_mod_idx_s_23_v229
-2128198909,vem_fender_l_3_t36_v35
-2128064083,vem_spoiler_0_t14_v27
-2127985509,packed_mp_veh_mod_idx_s_18_v79
-2127944152,vem_cmod_pla_0_t23_v0
-2127902133,vem_engine_4_t5_v34
-2127838537,m_cl_clo_exm_au_22_1_t11_v1
-2127749545,f_cl_clo_hst_f_a_4_t11_v1
-2127706928,packed_ng_vehicle_neon_kit_v385
-2127676019,packed_mp_veh_mod_idx_s_8_v148
-2127593274,packed_mp_veh_mod_idx_s_6_v350
-2127590367,vem_colour_extra_1_mct_metallic_silver_t24_v2
-2127491091,wp_wct_c_tint_13_t2_v5_n2
-2127452968,packed_mp_veh_colour2_0_v165
-2127447993,f_ta_tat_sb_007_t0_v0
-2127298932,packed_mp_veh_mod_idx_s_6_v22
-2127272245,wp_wt_dagger_t1_v1
-2127088109,m_cl_clo_awm_u_4_3_t11_v1
-2127067809,vem_exhaust_10_t6_v27
-2127064244,mp_stat_mpsv_model_223
-2126992314,vem_brake_1_t2_v33
-2126920254,packed_mp_veh_mod_idx_24_v65
-2126799595,m_ta_tat_bi_000_t0_v0
-2126796679,vem_supermod_41_20_t41_v7
-2126753678,vem_supermod_18_3_t59_v27
-2126701805,vem_cmod_hrn_mus3_t10_v3
-2126599832,packed_mp_veh_livery_0_v82
-2126568459,packed_mp_veh_mod_idx_18_v84
-2126556382,m_cl_outfit_clo_hstm_o_n_1_t12_v0
-2126535756,m_cl_clo_hst_a_0_t100_v0
-2126327773,packed_mp_veh_mod_idx_13_v390
-2126318120,vem_smod4_whlv173_t66_v0
-2126256820,m_cl_outfit_clo_assm_o_2_t12_v0
-2125806255,packed_mp_veh_mod_idx_s_1_v310
-2125776039,packed_mp_veh_mod_idx_s_10_v5
-2125739601,packed_mp_veh_mod_idx_13_v144
-2125572174,f_cl_clo_bif_ph_0_3_t14_v1
-2125534821,packed_mp_veh_mod_idx_s_21_v178
-2125487657,packed_mp_veh_mod_idx_s_23_v138
-2125418934,kosatk_wor_0_t0_v0
-2125409577,ve_imperator2_t0_v38
-2125268726,ccur_membership_purchase
-2125265227,vem_cmod_hrn_mus5_t10_v27
-2125245223,packed_mp_veh_livery_0_v161
-2124961046,packed_mp_veh_secondary_colour_group_v171
-2124817588,m_cl_clo_hstm_b_8_0_t1_v1
-2124679481,f_cl_clo_bif_decl_6_t11_v1
-2124552296,vem_supermod_16_4_t57_v6
-2124396032,m_cl_clo_vwm_pw_0_5_t14_v1
-2124347775,vem_colour_mct_none_150
-2124347578,packed_mp_veh_mod_idx_s_18_v18
-2124251760,packed_mp_veh_mod_idx_9_v223
-2124209967,packed_mp_veh_mod_idx_11_v398
-2124112822,f_cl_clo_vwf_u_20_11_t11_v1
-2124109496,packed_mp_veh_secondary_colour_group_v140
-2124103493,packed_mp_veh_mod_idx_s_6_v412
-2124099256,m_cl_clo_grm_u_4_3_t11_v1
-2124070070,packed_mp_veh_mod_idx_22_v137
-2124025595,packed_mp_veh_mod_idx_s_12_v212
-2123996355,vem_smod4_whlv35_t66_v1
-2123960625,m_cl_clo_h2m_b_5_6_t1_v1
-2123904572,packed_mp_veh_mod_idx_s_11_v381
-2123901778,m_cl_clo_scm_d_22_5_t10_v1
-2123885954,vem_colour_2_mct_metallic_saddle_brown_t25_v0
-2123851988,m_cl_clo_hstm_o_f_3_t8_v12
-2123837000,packed_mp_veh_mod_idx_10_v162
-2123717537,ve_vortex_t0_v3_cesp
-2123675781,packed_mp_veh_colour_extra2_0_v114
-2123658890,packed_mp_veh_mod_idx_4_v190
-2123629348,packed_mp_veh_mod_idx_15_v92
-2123602077,m_cl_clo_hp_b_0_1_t1_v1
-2123510645,vem_supermod_9_0_t50_v34
-2123459909,packed_mp_veh_mod_idx_5_v6
-2123361596,dec_vw_aw_wv_1b
-2123337234,packed_mp_veh_secondary_colour_group_v306
-2123130553,packed_mp_veh_mod_var_1_v377
-2123002682,f_cl_clo_s1f_u_0_1_t100_v0
-2122995515,f_cl_clo_h3f_o_sl_24_t8_v12
-2122974495,packed_mp_veh_mod_idx_s_15_v262
-2122946395,vem_truck_slot_5_mod_1_t0_v0
-2122899173,m_cl_clo_smm_u_8_1_t11_v1
-2122819186,packed_mp_veh_mod_idx_s_21_v191
-2122804739,m_cl_clo_exm_af_4_4_t6_v1
-2122588468,m_cl_clo_vwm_u_21_6_t11_v1
-2122556060,packed_mp_veh_mod_idx_s_11_v128
-2122531083,m_cl_clo_grm_ph_4_15_t14_v1
-2122513325,packed_mp_veh_wheel_type_0_v123
-2122492019,vem_colour_extra_1_mct_classic_race_yellow_t24_v2
-2122403201,vem_supermod_23_12_n1_t64_v3
-2122364636,packed_mp_veh_mod_idx_s_8_v268
-2122358859,f_cl_clo_scf_ph_6_1_t14_v1
-2122350583,f_cl_clo_x6f_l_0_25_t4_v1
-2122299283,service_spend_car_repair
-2122295485,packed_mp_veh_mod_idx_s_10_v414
-2122280233,packed_mp_veh_mod_idx_5_v2
-2122197505,vem_supermod_21_9_t62_v3
-2122104879,vem_smod2_whl4_t19_v12
-2122053827,vem_colour_extra_1_mct_classic_mariner_blue_t24_v2
-2122044424,vem_cmod_neonlay_2_t21_v26
-2122037377,packed_mp_veh_colour_extra1_0_v52
-2122016378,packed_mp_veh_mod_idx_s_7_v287
-2121970700,m_cl_outfit_clo_h3m_o_sh_31_t12_v0
-2121689941,m_cl_clo_hstm_o_10_t8_v12
-2121665014,m_cl_clo_smm_b_8_13_t1_v1
-2121659058,f_cl_clo_x6f_u_4_1_t11_v1
-2121636794,vem_colour_1_mct_metallic_cream_t24_v0
-2121632196,vem_supermod_20_0_t61_v37
-2121616322,m_cl_l_fmm_0_15_t4_v0
-2121604658,f_ta_tat_bi_018_t0_v0_cesp
-2121597045,packed_mp_veh_mod_idx_s_15_v220
-2121570553,m_cl_clo_ltsmt_1_3_t3_v1
-2121509448,packed_mp_veh_mod_idx_s_21_v290
-2121509310,vem_fender_r_5_t37_v0
-2121468178,packed_mp_veh_mod_idx_s_8_v96
-2121460841,packed_mp_veh_mod_idx_s_23_v298
-2121434624,vem_cmod_win_2_t33_v26
-2121244336,vem_cmod_win_2_t33_v2
-2121229764,packed_ng_vehicle_insurance_v282
-2121140725,m_cl_clo_bus_p_1_8_t14_v1
-2121116736,vem_supermod_7_21_t48_v3
-2121042500,packed_mp_veh_wheel_type_0_v377
-2120928975,vem_horn_cnote_a0_t10_v6
-2120830546,packed_mp_veh_mod_idx_23_v374
-2120712460,vem_supermod_15_14_t56_v27
-2120691381,packed_mp_veh_mod_idx_s_18_v7
-2120626948,f_cl_clo_hstf_s_6_10_t8_v2
-2120607032,vem_smod_whl10_t19_v3
-2120584660,vem_hiend_12_t19_v3
-2120489902,packed_mp_veh_mod_idx_s_13_v26
-2120459105,vem_mct_metals_t4_v0
-2120348628,fa_upgrade_weed_sec_0_t0_v0
-2120343719,m_cl_clo_hp_u_5_1_t8_v1
-2120248505,dec_vw_aw_wv_16
-2120204213,packed_ng_vehicle_insurance_v79
-2120181025,packed_mp_veh_mod_idx_s_22_v403
-2120151446,packed_mp_veh_mod_idx_s_10_v198
-2120143719,pr_pm_bfont_11_t1_v0
-2119928927,m_cl_g_fmm_7_1_t14_v0
-2119908526,m_cl_clo_x2m_ht_2_0_t14_v1
-2119874762,packed_mp_veh_mod_idx_s_1_v300
-2119870685,wp_wm_tint2_t2_v23
-2119824682,m_cl_clo_bhm_u_5_0_t11_v1
-2119776490,m_cl_clo_hilf_l_1_4_t4_v1
-2119574689,f_ta_tat_x6_051_t0_v0
-2119533824,packed_mp_veh_mod_idx_s_9_v260
-2119519790,packed_mp_veh_mod_idx_1_v146
-2119508539,packed_mp_veh_mod_idx_s_0_v81
-2119486750,packed_mp_veh_mod_idx_s_21_v367
-2119445492,m_cl_clo_x6m_ey_4_3_t14_v1
-2119349653,packed_mp_veh_mod_idx_10_v18
-2119320706,f_cl_clo_bif_decl_50_t11_v1
-2119305903,packed_lr_vehicle_colour_5_v43
-2119276205,vem_cmod_airhorn_03_t10_v4
-2119232026,f_cl_clo_x6f_f_14_0_t6_v1
-2119182102,packed_mp_veh_mod_idx_s_1_v213
-2119176705,m_cl_outfit_clo_awm_o_b_5_t12_v0
-2119041768,packed_mp_veh_mod_idx_s_6_v16
-2118965527,packed_mp_veh_livery_0_v77
-2118777235,packed_mp_veh_mod_idx_s_3_v257
-2118684874,packed_mp_veh_mod_idx_s_22_v390
-2118595819,m_cl_clo_trm_d_14_0_t10_v1
-2118579879,packed_mp_veh_mod_idx_5_v281
-2118543916,vem_colour_1_mct_metallic_nautical_blue_t24_v33
-2118423760,packed_ng_vehicle_neon_v366
-2118359491,wp_wm_tint6_t2_v56
-2118329635,mp_stat_mpsv_model_9
-2118300075,packed_mp_veh_mod_idx_8_v139
-2118236147,f_cl_clo_suf_u_20_3_t11_v1
-2118234943,packed_mp_veh_secondary_colour_group_v393
-2118190769,packed_mp_veh_mod_idx_s_20_v220
-2118183006,packed_mp_veh_mod_idx_s_22_v18
-2118138250,m_cl_clo_stm_ht8_13_t14_v1
-2118103254,f_cl_clo_x6f_b_2_6_t1_v1
-2118059250,packed_mp_veh_mod_idx_s_21_v97
-2117957453,vem_smod2_whlv69_t66_v3
-2117952032,vem_cmod_tyr_12_t18_v29
-2117917270,vem_rwd_hiend_04_t19_v0
-2117841581,packed_mp_veh_mod_idx_12_v357
-2117835017,f_cl_clo_ief_u_5_3_t11_v1
-2117817845,f_cl_clo_grf_decl_20_t10_v1
-2117745786,f_cl_clo_grf_b_0_4_t1_v1
-2117681591,packed_mp_veh_mod_idx_s_18_v310
-2117678983,f_cl_clo_x3f_b_14_1_t1_v1
-2117463703,packed_mp_veh_colour2_0_v391
-2117433414,packed_mp_veh_mod_idx_s_17_v135
-2117333944,vem_supermod_16_12_t57_v26
-2117313387,packed_mp_veh_mod_idx_s_23_v313
-2117217983,vem_rwd_bikew_04_t19_v4
-2117211566,m_cl_clo_smm_ph_0_5_t14_v1
-2117187961,vem_colour_extra_1_mct_classic_petrol_green_t24_v0
-2117173118,f_cl_clo_bif_f_0_3_t6_v1
-2117133665,vem_tracker_t0_v0
-2117121665,f_cl_outfit_clo_exf_ob_3_t12_v0
-2117103234,m_cl_clo_stm_h_9_16_t14_v1
-2117079238,f_cl_clo_h2f_s_2_0_t8_v1
-2117051281,m_cl_clo_fxm_ph_4_20_t14_v1
-2117029264,packed_mp_veh_mod_idx_s_19_v45
-2116965417,packed_mp_veh_livery_0_v99
-2116707395,packed_mp_veh_mod_idx_1_v357
-2116557067,vem_smod3_whlv29_t66_v3
-2116512235,packed_lr_vehicle_colour_5_v163
-2116491212,f_cl_clo_x6f_f_3_22_t6_v1
-2116437415,m_cl_clo_busm_u_3_1_t8_v1
-2116372258,m_cl_clo_sum_u_2_9_t11_v1
-2116355261,vem_armour_1_t1_v11
-2116292323,packed_lr_vehicle_colour_6_v220
-2116162649,packed_mp_veh_mod_idx_s_23_v76
-2115965539,vem_rwd_musc_06_t19_v2
-2115959255,packed_mp_veh_mod_var_1_v39
-2115842090,wp_wt_minigun_t0_v0
-2115834645,vem_exhaust_22_t6_v3
-2115827784,ve_cerberus2_t0_v38
-2115815720,m_ha_cc_m_hs_22_t0_v2
-2115796557,packed_mp_veh_mod_idx_14_v67
-2115777296,packed_ng_vehicle_neon_kit_v246
-2115722580,vem_horn_luxe3_t10_v11
-2115651452,vem_brake_3_t2_v33
-2115604658,packed_mp_veh_mod_idx_s_20_v290
-2115470301,f_cl_clo_hp_f_o_1_t3_v12
-2115437914,f_cl_clo_stf_o_20_t8_v12_cesp
-2115394542,packed_mp_veh_mod_idx_s_19_v158
-2115306794,packed_mp_veh_mod_idx_s_1_v169
-2115206050,vem_supermod_8_3_t49_v26
-2115187632,packed_mp_veh_mod_idx_s_4_v230
-2115167234,m_cl_clo_awm_decl_55_t100_v0
-2115081900,m_ta_tat_st_013_t0_v0
-2115067919,f_cl_clo_sbf_u_16_0_t11_v1
-2115038837,f_cl_clo_h4f_f_0_0_t6_v1
-2114904871,m_ha_cc_m_hs_4_t0_v2
-2114894351,f_cl_clo_grf_b_3_3_t1_v1
-2114878732,m_cl_clo_h2m_f_3_25_t6_v1
-2114860480,packed_mp_veh_mod_idx_s_16_v118
-2114734484,packed_mp_veh_colour2_0_v130
-2114704347,packed_ng_vehicle_smoke_v270
-2114701264,vem_supermod_19_20_t60_v3
-2114690662,vem_exhaust_9_t6_v35
-2114684809,vem_supermod_21_11_t62_v28
-2114680395,f_cl_clo_h3f_decl_6_t100_v0
-2114615737,packed_mp_veh_mod_idx_s_10_v114
-2114505934,vem_smod5_whlv98_t66_v3
-2114482930,wp_wm_tint1_t2_v4
-2114416503,packed_mp_veh_mod_idx_s_22_v20
-2114414828,packed_mp_veh_secondary_colour_group_v51
-2114390367,service_earn_jbonus_no_death
-2114370314,wp_wct_none_t1_v8_n2
-2114314007,vem_smod4_whlv135_t66_v3
-2114210352,packed_mp_veh_mod_idx_s_2_v119
-2114190404,f_cl_clo_h2f_u_3_1_t11_v1
-2114186846,packed_lr_vehicle_colour_5_v364
-2114108485,vem_insurance_squaddie
-2114097474,f_cl_clo_vwf_pw_7_5_t14_v1
-2114086069,packed_mp_veh_mod_idx_s_6_v218
-2114003734,m_cl_clo_x3m_u_1_9_t11_v1
-2113937090,m_cl_clo_vwm_u_6_12_t11_v1
-2113913036,vem_colour_2_mct_classic_light_blue_t25_v4
-2113846185,f_cl_clo_bbf_u_1_0_t8_v1
-2113700027,packed_mp_veh_colour_extra1_0_v140
-2113690837,wp_wct_c_tint_8_t2_v48_n2
-2113667072,f_cl_clo_l2f_h_0_4_t14_v1
-2113551623,f_cl_clo_suf_u_0_19_t11_v1
-2113469117,packed_mp_veh_mod_idx_16_v328
-2113453312,f_cl_clo_stf_o_12_t11_v12_cesp
-2113383467,packed_mp_veh_mod_idx_s_20_v8
-2113361705,kosatk_fla_21_t0_v1
-2113278385,vem_fender_r_6_t37_v5
-2113253245,vem_rwd_offr_05_t19_v3
-2113233316,m_cl_clo_bbm_l_0_4_t4_v1
-2113133686,vem_engine_2_t5_v0
-2113112531,vem_yacht_flag_30_v0
-2113078180,vem_supermod_11_10_t52_v3
-2113055868,m_cl_clo_stm_ht1511_t14_v1
-2113034892,m_cl_ht_fmm_9_7_t14_v0
-2113018783,packed_mp_veh_mod_idx_4_v405
-2113006856,vem_colour_2_mct_classic_torino_red_t25_v33
-2112998273,m_ta_tat_fx_021_t0_v0
-2112882229,f_cl_clo_bhf_u_19_2_t11_v1
-2112810100,packed_mp_veh_mod_idx_8_v72
-2112748745,service_earn_rdr_bonus_all_slots
-2112731958,f_cl_u_fmf_8_0_t11_v0
-2112691316,f_cl_clo_awf_l_3_4_t4_v1
-2112660520,m_cl_clo_grm_u_2_15_t11_v1
-2112659501,f_cl_clo_fxf_ph_2_5_t14_v1
-2112466546,packed_mp_veh_colour_extra1_0_v279
-2112448351,f_cl_o_fmf_s4_t3_v12
-2112421846,packed_mp_veh_wheel_type_0_v232
-2112382821,packed_mp_veh_mod_idx_0_v123
-2112356627,f_cl_l_fmf_9_1_t4_v0
-2112271865,vem_smod2_whl9_t19_v3
-2112230931,packed_mp_veh_window_tint_0_v398
-2112227745,packed_mp_veh_plate_id_v231
-2112155274,vem_supermod_55_9_t55_v7
-2112095825,m_cl_clo_x6m_o_o_21_t3_v12
-2112018155,f_ha_cc_mkup_2_t7_v1
-2111988805,packed_mp_veh_mod_var_1_v365
-2111965615,f_cl_u_fmf_13_1_t11_v0
-2111921884,packed_mp_veh_mod_idx_16_v279
-2111569303,vem_supermod_2_20_t43_v3
-2111527434,vem_fender_l_2_t36_v0
-2111492339,f_ha_cc_f_hs_19_t0_v0
-2111427920,packed_mp_veh_mod_idx_13_v407
-2111415962,vem_cmod_tyr_4_t18_v11
-2111401071,packed_mp_veh_mod_idx_3_v403
-2111362713,f_cl_clo_x2f_ht_4_6_t14_v1
-2111256941,packed_mp_veh_mod_idx_s_13_v5
-2111148475,packed_mp_veh_mod_idx_7_v181
-2111065839,mp_stat_appartment_var_0_v0
-2111065360,vem_supermod_54_10_t54_v7
-2111023584,f_cl_clo_sbf_u_17_11_t11_v1
-2110979310,vem_colour_1_mct_metallic_ultra_blue_t24_v1
-2110903060,m_cl_clo_l2m_e_30_1_t14_v1
-2110848732,vem_colour_2_mct_classic_bright_purple_t25_v3
-2110720764,m_cl_clo_indm_d_15_t8_v1
-2110685133,vem_cmod_exp_1_t20_v6
-2110603467,vem_engine_1_t5_v2
-2110570887,m_cl_l_fmm_1_10_t4_v0
-2110526130,m_ha_cc_body_1_17_t3_v0
-2110459709,vem_rwd_spt_15_t19_v0
-2110432175,m_cl_clo_hp_h_1_1_t14_v1
-2110369406,f_cl_clo_ltsfb_1_4_t1_v1
-2110229375,packed_mp_veh_wheel_type_0_v91
-2110206066,m_cl_clo_h3m_u_9_5_t11_v1
-2110199750,packed_mp_veh_wheel_type_0_v64
-2110172247,vem_insurance_novak
-2110096348,packed_mp_veh_mod_idx_s_15_v95
-2110009736,kosatk_fla_45_t0_v0
-2109957492,packed_mp_veh_mod_idx_s_18_v111
-2109868666,packed_lr_vehicle_colour_5_v308
-2109852576,vem_horn_clas1_t10_v11
-2109839848,packed_mp_veh_mod_idx_s_4_v6
-2109497114,vem_smod5_whlv11_t66_v3
-2109414239,packed_mp_veh_mod_idx_s_23_v81
-2109314160,vem_colour_1_mct_metallic_lava_red_t24_v4
-2109302368,vem_rwd_drft_23_t19_v3
-2109262828,packed_mp_veh_colour_extra2_0_v298
-2109223608,packed_mp_veh_mod_idx_s_8_v344
-2109219807,f_cl_clo_awf_ph_3_0_t14_v1
-2109165792,m_cl_clo_smm_f_0_2_t6_v1
-2109141191,wp_wm_tint4_t2_v10
-2109130925,m_cl_clo_scm_u_48_7_t11_v1
-2108984788,m_cl_clo_bhm_u_5_11_t11_v1
-2108977928,vem_supermod_12_0_t53_v26
-2108756320,m_cl_clo_h2m_o_g_10_t3_v12
-2108669807,f_cl_clo_sbf_u_13_10_t11_v1
-2108660186,packed_mp_veh_mod_idx_16_v363
-2108642498,packed_mp_veh_mod_idx_s_19_v357
-2108591178,packed_mp_veh_mod_idx_s_21_v208
-2108590652,f_cl_clo_vwf_u_18_8_t11_v1
-2108491129,packed_mp_veh_mod_idx_s_20_v228
-2108485669,packed_mp_veh_secondary_colour_group_v207
-2108465884,vem_suv_01_t19_v3
-2108428083,wp_wm_tint5_t2_v85
-2108366650,m_cl_clo_bim_decl_6_t11_v1
-2108305514,packed_mp_veh_mod_idx_s_9_v22
-2108290968,vem_supermod_46_1_t46_v7
-2108269667,packed_mp_veh_mod_var_0_v33
-2108255171,vem_grill_8_t8_v35
-2108215521,packed_ng_vehicle_smoke_v258
-2108204125,packed_mp_veh_mod_var_0_v39
-2108193442,packed_mp_veh_mod_idx_s_12_v109
-2108120912,packed_mp_veh_mod_var_1_v1
-2108105990,m_cl_clo_iem_b_10_9_t1_v1
-2108096723,m_cl_clo_sum_u_10_1_t11_v1
-2107977574,packed_mp_veh_mod_idx_s_7_v363
-2107908921,m_cl_clo_x6m_u_8_0_t11_v1
-2107905860,m_cl_clo_bhm_u_1_1_t11_v1
-2107823279,packed_mp_veh_colour1_0_v209
-2107811426,vem_supermod_12_3_t53_v28
-2107770042,f_cl_clo_sbf_l_4_8_t4_v1
-2107722381,f_cl_clo_v2f_l_0_8_t4_v1
-2107673396,m_cl_clo_sum_u_17_3_t11_v2
-2107610632,f_cl_clo_s2f_u_2_1_t11_v1
-2107555947,f_cl_clo_fxf_l_4_1_t4_v1
-2107545106,mp_stat_ie_wh_owned_vehicle_4_v0
-2107539281,m_cl_clo_hstm_t_2_15_t7_v1
-2107493459,packed_mp_veh_mod_idx_s_11_v352
-2107460887,vem_smod2_whlv129_t66_v3
-2107398564,packed_mp_veh_colour2_0_v189
-2107372749,vem_supermod_23_11_t64_v26
-2107356255,vem_colour_1_mct_classic_flur_yellow_t24_v4
-2107316404,packed_mp_veh_colour_extra1_0_v8
-2107075376,packed_mp_veh_mod_idx_s_15_v46
-2107064432,f_cl_clo_vwf_ph_0_11_t14_v1
-2107003660,vem_smod_whlv100_t66_v3
-2106893165,m_cl_outfit_clo_s2m_o_10_t12_v0
-2106846987,m_cl_clo_x17m_u_4_3_t11_v1
-2106841650,ve_glendale_t0_v3
-2106822232,packed_mp_veh_mod_idx_s_22_v343
-2106719174,m_cl_clo_s2m_d_23_t100_v0
-2106648909,vem_chassis_3_t4_v0
-2106637198,m_cl_clo_sum_u_5_2_t11_v1
-2106576592,m_cl_clo_hstmb_17_8_t1_v1
-2106553246,f_cl_clo_trf_f_1_7_t6_v1
-2106509993,m_ha_hair_beard19_t1_v1
-2106503424,vem_smod4_whlv24_t66_v1
-2106389577,vem_supermod_3_23_t44_v27
-2106236364,f_cl_clo_grf_b_5_21_t1_v1
-2106151000,f_cl_clo_stf_h_103_t14_v1
-2105903169,m_cl_u_fmm_13_5_t11_v0
-2105879017,m_cl_clo_stm_u_6_18_t11_v1
-2105868036,packed_mp_veh_colour1_0_v95
-2105654020,packed_mp_veh_mod_idx_s_14_v102
-2105648823,packed_mp_veh_mod_idx_s_0_v272
-2105456064,packed_mp_veh_mod_idx_s_10_v364
-2105444220,vem_colour_extra_1_mct_metallic_graphite_t24_v3
-2105419685,vem_spoiler_19_t14_v26
-2105392522,packed_mp_veh_mod_idx_15_v314
-2105362808,f_cl_clo_bhf_u_16_3_t11_v1
-2105322401,vem_spoiler_0_t14_v29
-2105256695,mp_stat_mpsv_model_123
-2105170540,packed_mp_veh_mod_idx_6_v225
-2105151410,packed_mp_veh_mod_idx_5_v331
-2105147005,packed_mp_veh_colour1_0_v133
-2105044548,m_cl_clo_vwm_u_8_18_t11_v1
-2105027025,packed_mp_veh_mod_idx_7_v256
-2104914882,m_cl_clo_h2m_b_11_2_t1_v1
-2104742116,packed_mp_veh_mod_idx_6_v358
-2104624331,m_cl_clo_fxm_pe_1_7_t14_v1
-2104622039,m_cl_clo_exm_at_0_0_t7_v1
-2104425576,vem_insurance_impaler
-2104287304,vem_brake_3_t2_v5
-2103968479,m_cl_clo_lxm_w_14_1_t14_v1
-2103924440,vem_colour_2_mct_classic_cream_t25_v2
-2103911175,packed_mp_veh_mod_idx_22_v162
-2103823337,f_cl_clo_fxf_pe_4_8_t14_v1
-2103726708,vem_hood_2_t9_v3
-2103694367,m_cl_clo_scm_u_48_24_t11_v1
-2103688975,vem_brake_0_t2_v36
-2103592936,packed_mp_veh_mod_idx_s_2_v124
-2103586271,f_cl_clo_bhf_u_2_17_t11_v1
-2103578220,packed_lr_vehicle_colour_6_v160
-2103533968,m_cl_clo_fxm_ph_1_12_t14_v1
-2103494267,m_cl_clo_h2m_o_g_25_t3_v12
-2103465454,packed_mp_veh_mod_idx_18_v98
-2103398437,packed_mp_veh_mod_idx_23_v177
-2103392148,f_ta_tat_bb_003_t0_v0
-2103218183,m_cl_clo_bhm_decl_16_t100_v0
-2103195724,m_cl_clo_grm_f_0_8_t6_v1
-2103178862,packed_mp_veh_primary_colour_group_v297
-2103081221,packed_mp_veh_mod_idx_s_6_v72
-2103015556,wp_wct_tint_23_t2_v48_n2
-2103002565,m_cl_clo_h3m_decl_19_t11_v1
-2102989611,packed_mp_veh_window_tint_0_v171
-2102975598,m_cl_clo_smm_ph_6_17_t14_v1
-2102943170,f_cl_clo_grf_l_0_9_t4_v1
-2102909263,vem_smod5_whlv140_t66_v3
-2102870113,vem_colour_extra_1_mct_metallic_wine_red_t24_v1
-2102717760,m_cl_clo_x2m_ht_5_7_t14_v1
-2102684506,m_cl_clo_iem_u_3_7_t11_v1_cesp
-2102638933,wp_wct_rpgtvr_var_t1_v27
-2102605648,vem_supermod_1_0_t42_v28
-2102540138,f_cl_clo_bhf_u_6_8_t11_v1
-2102417539,vem_supermod_1_4_t42_v26
-2102362401,m_cl_u_fmm_13_3_t8_v0
-2102357206,m_cl_outfit_clo_h3m_o_pr_3_t12_v0
-2102339609,kosatk_snr_0_t0_v0
-2102325374,m_cl_clo_bim_ph_11_4_t14_v1
-2102294982,m_cl_clo_fxm_l_0_0_t4_v1
-2102175045,packed_mp_veh_wheel_type_0_v14
-2102115511,m_cl_clo_arm_ph_0_15_t14_v1
-2102011413,packed_mp_veh_mod_idx_s_18_v393
-2101962044,vem_smod4_whlv48_t66_v1
-2101960216,wp_wct_scope_mac2_t1_v5_n2
-2101914224,vem_cmod_neonlay_4_t21_v1
-2101799248,m_cl_clo_smm_ph_2_3_t14_v1
-2101767396,vem_offr_09_t19_v1
-2101754570,vem_bikew_16_t19_v4
-2101726576,packed_mp_veh_mod_var_1_v332
-2101670069,f_cl_clo_stf_ht6_12_t14_v1_cesp
-2101584264,m_cl_clo_x6m_f_14_3_t6_v1
-2101536215,packed_mp_veh_primary_colour_group_v384
-2101489097,packed_mp_veh_mod_idx_7_v298
-2101306774,packed_lr_vehicle_colour_5_v297
-2101283603,m_cl_clo_hp_d_15_t8_v1
-2101131908,pr_mp_prop_11_t0_v0
-2101039588,vem_horn_xm15_1_t10_v36
-2100985073,f_cl_outfit_clo_bus_f_o_0_t12_v0
-2100959913,vem_rwd_drft_06_t19_v2
-2100782502,packed_mp_veh_mod_idx_15_v157
-2100438989,m_cl_clo_hstmb_23_7_t1_v1
-2100393244,packed_mp_veh_mod_idx_4_v212
-2100365719,packed_ng_vehicle_neon_v203
-2100353262,vem_smod5_whlv15_t66_v3
-2100288961,packed_mp_veh_mod_idx_14_v224
-2100269705,vem_colour_1_mct_metallic_umber_brown_t24_v1
-2100216586,packed_ng_vehicle_bpt_v215
-2100216429,packed_mp_veh_mod_idx_11_v60
-2100210785,f_cl_clo_suf_u_21_2_t11_v1
-2100146779,vem_supermod_22_0_t63_v31
-2100076528,packed_mp_veh_mod_idx_2_v105
-2100058368,packed_mp_veh_mod_idx_s_15_v182
-2100016653,fcarcade_c_liv_rem
-2099968842,f_cl_clo_fxf_u_7_24_t11_v1
-2099939489,packed_mp_veh_mod_idx_6_v39
-2099877814,vem_cmod_tyr_0_t31_v6
-2099828345,packed_mp_veh_mod_idx_s_7_v240
-2099787028,vem_drft_04_t19_v0
-2099660469,vem_supermod_8_9_t49_v26
-2099551421,packed_mp_veh_mod_idx_s_10_v150
-2099542953,vem_colour_5_grace_red_t38_v3
-2099528006,vem_smod3_whlv128_t66_v3
-2099490986,packed_mp_veh_mod_var_1_v91
-2099460425,f_cl_clo_hp_f_u_1_0_t8_v1
-2099346851,packed_mp_veh_mod_idx_5_v124
-2099242721,f_cl_clo_hp_f_d_5_t11_v1
-2099211510,vem_insurance_dune4
-2099038198,vem_colour_2_mct_metallic_harbor_blue_t25_v33
-2098972719,packed_mp_veh_mod_idx_11_v73
-2098944889,vem_smod5_whlv19_t66_v0
-2098899550,packed_mp_veh_mod_idx_s_17_v13
-2098881872,packed_mp_veh_mod_idx_23_v343
-2098811362,packed_mp_veh_mod_idx_8_v300
-2098770188,f_cl_clo_x6f_rw_213_t14_v1
-2098738669,m_cl_clo_bim_u_7_0_t11_v1
-2098597486,vem_horn_clas6_t10_v5
-2098545650,f_cl_clo_h3f_o_sl_21_t3_v12
-2098502602,f_cl_clo_h2f_b_5_9_t1_v1
-2098495370,vem_armour_0_t1_v34
-2098414159,vem_exhaust_2_t6_v3
-2098388007,packed_mp_veh_primary_colour_group_v316
-2098224694,packed_ng_vehicle_insurance_v259
-2098049029,ve_brutus_t0_v38
-2098017163,m_cl_outfit_clo_arm_o_30_t12_v0
-2097810350,f_cl_clo_awf_o_c_7_t8_v12
-2097738882,vem_supermod_2_3_t43_v28
-2097669344,vem_horn_indi_4_t10_v31
-2097642708,packed_mp_veh_mod_idx_9_v204
-2097588693,packed_mp_veh_mod_idx_12_v68
-2097550315,packed_mp_veh_mod_idx_s_22_v146
-2097542189,f_cl_clo_hstf_b_13_1_t1_v1
-2097491588,vem_insurance_mogul
-2097480392,f_cl_clo_exf_g_1_8_t14_v0
-2097476994,packed_mp_veh_mod_idx_s_18_v19
-2097452938,wp_wct_c_tint_21_t2_v46_n2
-2097354173,f_ta_tat_l2_017_t0_v0
-2097278997,packed_mp_veh_mod_idx_s_16_v72
-2097087211,vem_loride_03_t19_v0
-2096894015,vem_supermod_54_5_t54_v7
-2096875003,fcarcade_b_up3_c_14
-2096847157,packed_mp_veh_colour2_0_v222
-2096810215,f_cl_clo_bhf_u_16_17_t11_v1
-2096786148,packed_mp_veh_colour2_0_v365
-2096683959,m_cl_clo_bim_u_2_1_t11_v1
-2096544984,vem_supermod_10_6_t51_v28
-2096528858,packed_mp_veh_mod_idx_s_23_v413
-2096521258,packed_mp_veh_mod_idx_s_18_v414
-2096497780,packed_mp_veh_mod_idx_s_1_v28
-2096468297,packed_mp_veh_mod_idx_s_9_v391
-2096297064,f_cl_clo_fxf_o_g_3_t8_v12
-2096293445,m_cl_clo_trm_u_15_15_t11_v1
-2096179133,m_cl_clo_bim_decl_56_t11_v1
-2096169812,m_cl_clo_smm_ph_1_7_t14_v1
-2096132409,packed_mp_veh_mod_idx_24_v119
-2096122970,packed_mp_veh_mod_idx_3_v309
-2096072312,m_cl_clo_x6m_ey_3_16_t14_v1
-2096026554,m_cl_clo_x6m_ey_4_1_t14_v1
-2096013110,m_ha_cc_mkup_15_t7_v1
-2095872121,m_cl_clo_bbm_u_2_2_t11_v1
-2095840300,m_cl_clo_vwm_u_6_22_t11_v1
-2095789244,m_cl_clo_s2m_u_0_7_t11_v1
-2095757626,m_cl_clo_hp_d_35_t11_v1
-2095590497,vem_bumper_f_2_t34_v29
-2095555628,packed_mp_veh_mod_idx_7_v213
-2095500125,ve_kanjosj_t0_v3
-2095467541,packed_mp_veh_mod_idx_s_14_v405
-2095415087,m_cl_clo_h4m_decl_11_t100_v0
-2095365852,f_cl_clo_bif_l_4_2_t4_v1
-2095180285,packed_mp_veh_primary_colour_group_v90
-2095179228,vem_colour_extra_1_mct_metallic_sunrise_orange_t24_v1
-2095145710,packed_lr_vehicle_colour_5_v275
-2095130508,packed_mp_veh_window_tint_0_v254
-2095116373,f_cl_clo_h3f_l_4_0_t4_v1
-2095088255,f_cl_clo_suf_b_4_1_t1_v1
-2094720751,packed_mp_veh_mod_idx_4_v255
-2094694999,vem_smod2_whlv40_t66_v3
-2094680321,packed_mp_veh_mod_idx_s_21_v351
-2094660623,f_cl_clo_h4f_s_2_5_t8_v1
-2094620460,vem_colour_extra_1_mct_pearlescent_galaxy_blue_t24_v0
-2094521519,m_cl_clo_x6m_u_1_3_t11_v1
-2094435221,m_cl_clo_grm_u_9_16_t11_v1
-2094391135,wp_wct_shell_inc_t1_v22_n2
-2094347636,packed_mp_veh_mod_idx_s_4_v275
-2094320155,vem_cmod_hrn_mus1_t10_v2
-2094180470,packed_mp_veh_mod_idx_10_v380
-2093903015,packed_ng_vehicle_smoke_v383
-2093844061,m_cl_clo_bim_decl_30_t100_v0
-2093801903,m_cl_clo_smm_ph_3_9_t14_v1
-2093793457,m_cl_clo_awm_ph_1_2_t14_v1
-2093680787,f_cl_clo_x6f_b_2_20_t1_v1
-2093563780,wp_wct_tint_5_t2_v48_n2
-2093466547,m_cl_outfit_clo_v2m_o_8_t12_v0
-2093447957,packed_mp_veh_mod_idx_s_5_v229
-2093388467,ve_cypher_t0_v3
-2093332379,packed_mp_veh_mod_idx_s_16_v159
-2093269112,wp_gsa_type_r_t0_v47_n2
-2093105323,fcncl_style_1_t0_v0
-2093085612,m_cl_clo_h3m_u_10_0_t11_v1
-2093005943,m_cl_clo_halm_1_1_t1_v1
-2093004044,m_cl_clo_x6m_ph_0_0_t14_v1
-2092959472,f_cl_clo_x6f_u_24_9_t11_v1
-2092958474,packed_mp_veh_mod_idx_13_v53
-2092945302,f_cl_l_fmf_12_6_t4_v0
-2092883256,packed_ng_vehicle_neon_v192
-2092853323,f_cl_clo_x17f_o_m_4_t3_v12
-2092846010,vem_smod_whlv141_t66_v0
-2092809710,pr_pm_bfcolour_3_t1_v0
-2092795499,f_cl_clo_h3f_u_9_11_t11_v1
-2092723051,f_cl_clo_bhf_u_13_4_t11_v1
-2092716952,vem_colour_2_mct_metallic_cream_t25_v33
-2092682841,m_ta_tat_sb_042_t0_v0
-2092416256,m_cl_clo_h4m_pey_1_8_t14_v1
-2092302204,f_cl_clo_h4f_b_2_8_t1_v1
-2092100181,vem_cmod_tyr_11_t18_v39
-2091884999,m_cl_clo_bim_ph_12_6_t14_v1
-2091711304,m_cl_clo_x2m_t_0_1_t7_v1
-2091689208,f_cl_clo_grf_b_0_25_t1_v1
-2091649548,packed_mp_veh_mod_var_1_v237
-2091634355,m_cl_clo_grm_u_2_0_t11_v1
-2091557388,vem_grill_6_t8_v3
-2091512879,f_cl_clo_x6f_f_1_0_t6_v1
-2091495735,f_cl_clo_x6f_f_10_22_t6_v1
-2091469315,m_cl_clo_bus_m_0_12_t1_v1
-2091461649,wp_wm_tint5_t2_v10
-2091431768,packed_mp_veh_mod_idx_s_10_v298
-2091389355,packed_mp_veh_secondary_colour_group_v362
-2091351051,service_earn_cayo_attrition_bonus_objective
-2091325597,packed_mp_veh_mod_idx_24_v252
-2091315235,f_cl_clo_sbf_ph_5_11_t14_v1
-2091308917,ve_bruiser2_t0_v38
-2091259749,ve_scarab_t1_v38
-2091256896,m_cl_clo_x5m_u_16_0_t11_v1
-2091211271,m_cl_clo_smm_b_1_6_t1_v1
-2091186808,f_cl_clo_ief_u_3_7_t11_v1_cesp
-2091185095,packed_mp_veh_mod_idx_4_v180
-2091165000,m_cl_clo_xmasm_t_1_0_t7_v1
-2091125088,vem_horn_indi_2_t10_v3
-2091049977,m_cl_clo_v2m_l_0_6_t4_v1
-2091016372,m_cl_clo_smm_b_4_19_t1_v1
-2090977415,m_cl_clo_scm_u_48_1_t11_v1
-2090863496,packed_lr_vehicle_colour_6_v152
-2090857746,packed_mp_veh_mod_idx_s_5_v239
-2090623231,packed_mp_veh_mod_idx_8_v215
-2090605713,m_cl_clo_h2m_b_5_13_t1_v1
-2090534833,packed_mp_veh_mod_idx_s_2_v136
-2090525010,f_cl_clo_suf_b_3_11_t1_v1
-2090509518,m_cl_clo_grm_ph_5_17_t14_v1
-2090493037,vem_smod4_whlv117_t66_v2
-2090339318,wp_wct_bat_xm309_t1_v37
-2090300149,packed_mp_veh_mod_idx_s_2_v95
-2090296964,packed_mp_veh_mod_idx_s_18_v146
-2090245979,vem_colour_1_mct_metallic_straw_brown_t24_v0
-2090244616,wp_wct_camo_2_t1_v5_n2
-2090213018,packed_mp_veh_mod_idx_12_v144
-2090182790,packed_mp_veh_mod_idx_2_v331
-2090072552,packed_mp_veh_wheel_type_0_v225
-2090048114,packed_mp_veh_mod_idx_s_20_v99
-2090021968,m_cl_clo_grm_l_2_13_t4_v1
-2090014187,m_cl_clo_vwm_u_15_25_t11_v1
-2090005887,vem_colour_mct_none_159
-2089929809,m_ha_brd_hp_0_t1_v1
-2089790204,ve_btype2_t0_v3
-2089787997,f_cl_clo_grf_u_24_10_t11_v1
-2089769279,m_cl_clo_x6m_l_6_7_t4_v1
-2089731658,m_ta_tat_st_002_t0_v0
-2089506037,vem_cmod_neonlay_3_t21_v27
-2089491026,packed_mp_veh_mod_idx_4_v367
-2089465853,packed_mp_veh_colour_extra2_0_v169
-2089381308,packed_ng_vehicle_insurance_v226
-2089360725,packed_mp_veh_secondary_colour_group_v263
-2089334702,vem_supermod_6_0_t47_v35
-2089324191,packed_mp_veh_mod_idx_2_v272
-2089290781,packed_mp_veh_mod_idx_3_v28
-2089196863,f_cl_clo_ief_u_3_4_t11_v1
-2089186202,packed_mp_veh_mod_idx_24_v1
-2089151439,f_cl_clo_h3f_b_14_0_t1_v1
-2089104691,f_cl_clo_x6f_ey_2_2_t14_v1
-2089060891,packed_mp_veh_livery_0_v315
-2089028591,f_cl_clo_x2f_o_3_t8_v12
-2088980178,m_cl_clo_stm_u_5_4_t11_v1
-2088952948,vem_colour_1_mct_metallic_sea_green_t24_v0
-2088880439,packed_mp_veh_livery2_0_v396
-2088859495,vem_horn_clas6_t10_v29
-2088821061,factory_index_25_t0_v0
-2088773411,packed_mp_veh_mod_idx_s_8_v298
-2088756909,f_cl_clo_busf_g1_3_t14_v1
-2088621399,packed_mp_veh_mod_idx_23_v358
-2088592765,vem_loride_06_t19_v0
-2088530589,m_cl_clo_trm_u_8_2_t11_v1
-2088521651,packed_mp_veh_mod_idx_23_v188
-2088514648,packed_mp_veh_colour_extra2_0_v112
-2088493156,m_cl_clo_grm_ph_3_23_t14_v1
-2088297915,packed_mp_veh_plate_id_v84
-2088296827,packed_mp_veh_mod_idx_s_2_v379
-2088250147,packed_mp_veh_mod_idx_s_8_v238
-2088206535,m_cl_clo_sbm_f_2_11_t6_v1
-2088179906,m_ha_cc_mkup_35_t7_v1
-2088173248,f_cl_clo_s1f_dec_20_t11_v1
-2088167281,packed_lr_vehicle_colour_5_v282
-2088139519,packed_mp_veh_mod_idx_s_13_v55
-2088020844,f_cl_clo_lxf_u_6_4_t11_v1
-2087949460,m_cl_clo_smm_b_2_7_t1_v1
-2087764106,packed_ng_vehicle_bpt_v220
-2087489283,packed_mp_veh_mod_idx_s_20_v342
-2087385322,packed_ng_vehicle_neon_kit_v98
-2087378089,m_cl_clo_h3m_u_10_12_t11_v1
-2087196201,packed_mp_veh_mod_idx_s_23_v154
-2087153215,packed_mp_veh_livery_0_v412
-2087138481,f_cl_clo_trf_d_17_0_t10_v1
-2087024954,vem_rwd_drft_19_t19_v12
-2086983809,m_cl_clo_l2m_e_16_1_t14_v1
-2086855554,factory_index_4_t0_v0
-2086854792,f_cl_clo_vwf_u_21_0_t11_v1
-2086777033,packed_mp_veh_mod_idx_10_v143
-2086745824,dec_vw_aw_ls_14e
-2086743048,f_cl_clo_trf_f_1_0_t6_v1
-2086675655,f_cl_clo_lxf_t_10_1_t7_v1
-2086654216,m_cl_clo_h2m_b_8_13_t1_v1
-2086607961,packed_mp_veh_window_tint_0_v317
-2086481780,m_cl_clo_x6m_u_1_6_t11_v1
-2086308246,m_cl_clo_lxm_e_24_2_t14_v1
-2086259266,f_cl_clo_fxf_u_6_7_t11_v1
-2086186262,packed_mp_veh_mod_idx_22_v118
-2086145255,vem_horn_hips4_t10_v38
-2086129872,dec_vw_aw_mt_1a
-2086122123,m_cl_clo_sbm_decl_1_t100_v0
-2086026221,f_cl_clo_h3f_ph_5_13_t14_v1
-2085997627,m_cl_outfit_clo_hilf_o_3_t12_v0
-2085976505,f_cl_clo_fxf_ph_2_17_t14_v1
-2085950022,wp_wm_tint6_t2_v48
-2085838993,packed_mp_veh_mod_idx_1_v355
-2085778477,ve_warrener2_t0_v3
-2085763564,f_cl_u_fmf_12_9_t11_v0
-2085696513,m_cl_clo_l2m_dec_25_t11_v1
-2085695962,packed_mp_veh_mod_idx_s_10_v318
-2085674324,f_cl_clo_grf_b_3_1_t1_v1
-2085602948,packed_mp_veh_mod_idx_s_17_v279
-2085599554,packed_mp_veh_mod_idx_18_v410
-2085586615,packed_mp_veh_mod_var_1_v217
-2085544724,packed_ng_vehicle_smoke_v300
-2085501631,vem_rwd_spt_16_t19_v12
-2085470524,packed_ng_vehicle_bpt_v213
-2085449387,packed_mp_veh_mod_idx_7_v99
-2085448346,packed_mp_veh_mod_idx_23_v320
-2085377448,packed_mp_veh_mod_idx_6_v242
-2085266267,f_cl_clo_awf_u_9_17_t11_v1
-2085237464,packed_mp_veh_colour_extra2_0_v126
-2085226234,m_cl_clo_hst_a_2_t8_v1
-2085222917,wp_wct_muzz5_t1_v56_n2
-2085092385,vem_colour_mct_none_13
-2085031290,ve_wolfsbane_t0_v3
-2084895394,m_cl_clo_bim_decl_32_t11_v1
-2084878767,vem_colour_1_mct_classic_anthr_black_t24_v2
-2084729613,f_cl_ht_fmf_14_4_t14_v0
-2084718118,wp_wm_tint4_t2_v46
-2084395764,m_cl_clo_hstmb_14_17_t1_v1
-2084299514,packed_mp_veh_mod_idx_s_20_v337
-2084257944,f_cl_clo_smf_decl_9_t100_v0
-2084238433,packed_mp_veh_mod_idx_9_v327
-2084224437,packed_mp_veh_mod_idx_6_v278
-2084217109,m_cl_clo_sbm_u_7_0_t11_v1
-2084195619,packed_mp_veh_mod_idx_14_v313
-2084184324,m_cl_clo_h4m_b_0_24_t1_v1
-2084162286,packed_mp_veh_colour_extra1_0_v102
-2084019777,packed_mp_veh_mod_idx_s_3_v31
-2083909015,packed_mp_veh_mod_idx_9_v282
-2083798406,f_cl_clo_bhf_f_1_14_t6_v1
-2083736070,packed_mp_veh_mod_idx_s_0_v346
-2083646112,wp_wct_scope_mac2_t1_v22_n2
-2083615026,packed_mp_veh_mod_idx_s_5_v358
-2083452449,packed_mp_veh_mod_idx_s_17_v117
-2083441057,packed_mp_veh_mod_idx_18_v315
-2083394944,pr_mp_prop_73_t0_v0
-2083342979,f_cl_clo_l2f_t_13_5_t7_v1
-2083307828,fchub_mod2_3_t0_v0
-2083290952,vem_smod3_whlv51_t66_v3
-2083239263,bhub_index_7_t0_v0
-2083233550,f_cl_clo_suf_u_0_5_t11_v1
-2083090404,packed_mp_veh_mod_idx_14_v289
-2083028128,packed_mp_veh_mod_idx_s_20_v274
-2083021069,packed_mp_veh_colour_extra2_0_v350
-2082972498,f_cl_clo_stf_o_1_t11_v12
-2082869686,f_cl_clo_bhf_u_19_8_t11_v1
-2082805692,m_ta_tat_hp_026_t0_v0
-2082790319,f_cl_clo_smf_b_7_13_t1_v1
-2082759378,m_cl_clo_hstm_o_b_0_t8_v12
-2082708537,packed_mp_veh_mod_idx_16_v77
-2082705533,f_cl_clo_fxf_d_9_0_t10_v1
-2082704471,vem_colour_2_mct_classic_midnight_blue_t25_v2
-2082660967,packed_mp_veh_mod_idx_24_v13
-2082617033,vem_supermod_17_11_t58_v26
-2082594843,mp_stat_mpsv_model_286
-2082593306,m_cl_clo_x2m_ht_3_2_t14_v1
-2082567486,packed_mp_veh_mod_idx_s_3_v251
-2082545245,m_cl_clo_h3m_u_9_6_t11_v1
-2082486343,packed_mp_veh_mod_idx_s_17_v3
-2082468887,packed_mp_veh_mod_idx_s_17_v137
-2082405816,vem_chassis_0_t4_v1
-2082403994,packed_ng_vehicle_smoke_v128
-2082302712,packed_mp_veh_mod_idx_s_2_v363
-2082278695,packed_mp_veh_mod_idx_s_5_v88
-2082272450,vem_bumper_f_0_t34_v37
-2082264678,f_ta_tat_sb_011_t0_v0
-2082160636,f_cl_clo_smf_ph_6_15_t14_v1
-2082144198,packed_mp_veh_mod_idx_s_2_v207
-2082119983,f_cl_clo_bhf_u_7_3_t11_v1
-2082071874,packed_mp_veh_mod_idx_s_20_v312
-2082038239,packed_mp_veh_mod_idx_3_v243
-2082024272,packed_mp_veh_livery2_0_v299
-2082001162,packed_mp_veh_mod_idx_s_9_v136
-2081985644,f_cl_clo_s1f_ph_0_16_t14_v1
-2081984382,service_spend_nightclub_toilet_attendant
-2081764630,vem_supermod_60_15_t60_v7
-2081681738,vem_cmod_neoncol_5_t21_v36
-2081362739,packed_mp_veh_mod_idx_s_14_v250
-2081337616,packed_mp_veh_mod_idx_s_8_v253
-2081329778,packed_mp_veh_mod_idx_2_v30
-2081302950,packed_mp_veh_mod_idx_12_v319
-2081176965,wp_wct_tint_20_t2_v21_n2
-2081167113,packed_mp_veh_secondary_colour_group_v14
-2081158281,packed_mp_veh_window_tint_0_v168
-2081122878,f_cl_outfit_clo_awf_o_d_10_t12_v0
-2081036554,vem_cmod_neoncol_5_t21_v5
-2081030342,vem_yacht_flag_37_v0
-2080945165,packed_mp_veh_mod_idx_s_16_v135
-2080900191,m_cl_clo_smm_ph_1_1_t14_v1
-2080837255,dec_vw_aw_ss_28
-2080752909,packed_mp_veh_mod_idx_0_v26
-2080700474,packed_mp_veh_mod_idx_s_2_v271
-2080665525,packed_mp_veh_mod_idx_s_10_v56
-2080612082,veu_dominator5_t0_v0
-2080574210,f_cl_clo_grf_u_13_2_t11_v1
-2080516556,packed_mp_veh_mod_idx_10_v39
-2080513291,packed_mp_veh_mod_idx_2_v395
-2080456662,vem_hood_24_t9_v38
-2080437798,m_cl_clo_bhm_f_1_11_t6_v1
-2080263254,packed_mp_veh_secondary_colour_group_v111
-2080217823,f_cl_clo_fxf_l_5_16_t4_v1
-2080199179,packed_mp_veh_mod_idx_14_v110
-2080170445,packed_mp_veh_mod_idx_15_v108
-2080125483,vem_smod4_whlv8_t66_v3
-2080073041,vem_colour_2_mct_classic_pink_t25_v4
-2080049466,vem_grill_4_t8_v29
-2080022474,vem_insurance_patriot3
-2080007844,vem_supermod_23_5_n1_t64_v3
-2079971116,f_cl_outfit_clo_h3f_o_sl_14_t12_v0
-2079838074,f_cl_clo_x6f_ph_2_7_t14_v1
-2079836565,packed_mp_veh_mod_idx_5_v318
-2079757190,vem_insurance_zr350
-2079719682,packed_mp_veh_mod_idx_s_10_v273
-2079700616,packed_mp_veh_mod_idx_s_18_v372
-2079683189,f_cl_clo_bbf_p3_0_t14_v1
-2079649001,packed_mp_veh_wheel_type_0_v318
-2079644368,vem_smod_whlv199_t66_v3
-2079585854,vem_colour_1_mct_classic_dark_silver_t24_v1
-2079506955,m_cl_clo_scm_ey_1_2_t14_v1
-2079413678,f_cl_outfit_clo_stf_o_20_t12_v0
-2079183810,vem_supermod_23_22_t64_v34
-2079174888,vem_hiend_11_t19_v1
-2079103344,vem_colour_extra_1_mct_matte_orange_t24_v2
-2079060517,vem_supermod_45_20_t45_v7
-2079034004,f_cl_g_fmf_9_1_t14_v0
-2079014664,packed_mp_veh_mod_idx_11_v335
-2078996504,packed_mp_veh_mod_idx_s_5_v274
-2078926893,packed_mp_veh_colour_extra2_0_v28
-2078907928,f_cl_clo_grf_l_2_16_t4_v1
-2078841444,m_cl_clo_h3m_b_18_4_t1_v1
-2078810134,f_cl_clo_bif_u_8_2_t11_v1
-2078632274,vem_insurance_emperor2
-2078574516,packed_mp_veh_primary_colour_group_v120
-2078537097,f_cl_clo_x6f_f_15_4_t6_v1
-2078526978,m_cl_clo_scm_f_0_5_t6_v1
-2078489279,f_cl_clo_v2f_f_1_7_t6_v1
-2078409684,vem_smod4_whlv154_t66_v3
-2078387360,ve_nero_t0_v3
-2078323874,vem_colour_extra_1_mct_pearlescent_red_t24_v3
-2078311865,vem_smod5_whlv7_t66_v0
-2078284354,vem_supermod_13_11_t54_v3
-2078184178,vem_exhaust_3_t6_v11
-2078104519,vem_offr_11_t19_v1
-2077953954,f_cl_clo_trf_u_16_10_t11_v1
-2077940794,m_ha_cc_m_hs_21_t0_v2
-2077789088,m_cl_u_fmm_5_0_t8_v0
-2077770646,m_cl_clo_sbm_f_4_0_t6_v1
-2077741808,f_cl_clo_exf_au_14_0_t11_v1
-2077728164,wp_wct_comp_t1_v70_n2
-2077705892,packed_mp_veh_plate_id_v268
-2077685067,vem_skirt_1_t13_v0
-2077672086,vem_colour_extra_1_mct_classic_racing_blue_t24_v3
-2077554606,vem_supermod_51_15_t51_v7
-2077532369,f_cl_clo_h2f_b_4_11_t1_v1
-2077509221,packed_mp_veh_primary_colour_group_v407
-2077501816,packed_mp_veh_mod_idx_10_v35
-2077487574,packed_mp_veh_mod_idx_s_22_v194
-2077403637,packed_mp_veh_mod_idx_22_v16
-2077390773,vem_colour_1_mct_classic_gold_t24_v4
-2077368993,m_cl_u_fmm_12_5_t8_v1
-2077331317,packed_mp_veh_livery_0_v216
-2077324872,packed_mp_veh_mod_var_1_v28
-2077322869,packed_mp_veh_primary_colour_group_v250
-2077312834,packed_mp_veh_mod_idx_s_8_v120
-2077106901,packed_mp_veh_mod_idx_13_v188
-2076993051,packed_mp_veh_mod_idx_s_2_v21
-2076971721,m_cl_clo_smm_ph_3_23_t14_v1
-2076872583,packed_mp_veh_mod_idx_2_v251
-2076680287,vem_smod4_whlv146_t66_v3
-2076560685,vem_smod2_whlv155_t66_v3
-2076528787,f_cl_clo_vwf_pw_3_0_t14_v1
-2076471080,wp_wm_tint4_t2_v3
-2076310438,m_cl_clo_fxm_l_5_17_t4_v1
-2076308801,packed_mp_veh_window_tint_0_v111
-2076307910,packed_mp_veh_mod_idx_s_7_v138
-2076296373,packed_mp_veh_colour2_0_v72
-2076282083,m_cl_clo_bhm_u_13_1_t11_v1
-2076280859,m_cl_clo_grm_b_1_8_t1_v1
-2076154766,m_cl_clo_hp_o_9_t8_v12
-2075804220,vem_fender_l_1_t36_v5
-2075802539,packed_mp_veh_mod_idx_15_v323
-2075734173,vem_smod_whlv123_t66_v0
-2075619778,m_cl_clo_bhm_u_11_7_t11_v1
-2075601522,m_cl_clo_bhm_u_0_3_t11_v1
-2075474859,packed_ng_vehicle_bpt_v255
-2075293215,packed_mp_veh_primary_colour_group_v224
-2075272874,vem_smod_whl27_t19_v12
-2075260290,f_cl_clo_h3f_ph_11_4_t14_v1
-2075206446,f_cl_clo_awf_decl_72_t100_v0
-2075091427,packed_mp_veh_mod_idx_s_16_v297
-2075086539,m_cl_clo_bim_decl_40_t100_v0
-2075084078,m_cl_clo_x6m_ph_2_0_t14_v1
-2075052303,packed_mp_veh_colour2_0_v32
-2075013239,f_cl_clo_grf_u_12_7_t11_v1
-2074989018,vem_suv_09_t19_v3
-2074986395,vem_yacht_flag_0_v0
-2074984655,packed_mp_veh_mod_idx_s_18_v221
-2074966735,packed_mp_veh_mod_idx_s_2_v242
-2074894290,vem_trans_2_t16_v6
-2074819127,packed_mp_veh_mod_idx_s_1_v345
-2074681852,packed_mp_veh_livery2_0_v94
-2074680303,packed_lr_vehicle_colour_6_v371
-2074616822,packed_mp_veh_mod_idx_10_v127
-2074606937,f_cl_clo_sbf_u_22_24_t11_v1
-2074563560,vem_supermod_16_1_t57_v3
-2074531338,car_club_member_v0
-2074491032,m_ta_tat_h4_031_t0_v0
-2074483174,f_cl_clo_suf_decl_27_t100_v0
-2074445973,m_cl_clo_h4m_o_sm_m1_t3_v12
-2074408001,f_cl_clo_busf_u_2_0_t8_v2
-2074367663,f_cl_clo_h4f_o_s2_f4_t3_v12
-2074318810,packed_mp_veh_mod_idx_24_v260
-2074309358,packed_mp_veh_mod_idx_s_3_v280
-2074294011,packed_mp_veh_mod_idx_1_v404
-2074285374,vem_colour_mct_none_2
-2074261826,vem_musc_04_t19_v12
-2074204474,f_cl_clo_grf_f_0_3_t6_v1
-2074154403,packed_mp_veh_mod_idx_s_18_v102
-2074096816,m_cl_clo_x6m_f_10_16_t6_v1
-2074035760,f_cl_clo_h3f_u_7_0_t11_v1
-2074020771,packed_mp_veh_mod_idx_5_v40
-2073974748,vem_insurance_dominato2
-2073869935,vem_colour_extra_1_mct_classic_nautical_blue_t24_v0
-2073864017,f_cl_clo_smf_b_1_13_t1_v1
-2073817319,packed_mp_veh_mod_idx_s_3_v261
-2073771061,packed_ng_vehicle_neon_kit_v144
-2073542002,packed_lr_vehicle_colour_6_v242
-2073510690,f_cl_clo_bus_p_0_12_t14_v1
-2073486317,vem_smod4_whlv27_t66_v1
-2073375017,f_ta_tat_x2_024_t0_v0
-2073362725,packed_ng_vehicle_neon_v352
-2073105717,vem_insurance_baller4
-2073077894,vem_colour_5_ultra_blue_t38_v3
-2073075707,m_cl_clo_smm_ph_4_8_t14_v1
-2072972960,packed_mp_veh_mod_idx_2_v405
-2072909549,vem_spt_18_t19_v1
-2072867028,vem_colour_5_yellow_t38_v3
-2072857927,f_cl_outfit_clo_awf_o_b_7_t12_v0
-2072815905,wp_wct_clip_hp_t0_v5_n2
-2072700515,packed_mp_veh_mod_idx_s_2_v359
-2072576936,m_cl_clo_bhm_decl_6_t100_v0
-2072429609,m_cl_clo_fxm_u_6_2_t11_v1
-2072417767,packed_ng_vehicle_bpt_v171
-2072388241,packed_ng_vehicle_insurance_v162
-2072385769,m_cl_clo_valm_h_0_1_t14_v1
-2072379132,vem_colour_extra_1_mct_classic_sienna_brown_t24_v3
-2072358540,f_cl_clo_exf_al_8_0_t4_v1
-2072354823,f_cl_clo_s2f_u_3_14_t11_v1
-2072321367,vem_spoiler_3_t14_v28
-2072302731,wp_wct_camo_8_t1_v48_n2
-2072289654,service_spend_lottery
-2072136166,f_ta_tat_x2_017_t0_v0
-2072115357,f_cl_clo_s1f_dec_3_t100_v0
-2072069633,wp_wct_camo_7_t1_v8_n2
-2071994255,packed_mp_veh_mod_idx_16_v370
-2071964312,m_cl_clo_busm_f_0_10_t6_v1
-2071942412,vem_horn_hween2_t10_v2
-2071851743,f_cl_clo_suf_l_1_5_t4_v1
-2071823892,m_cl_clo_bhm_f_1_20_t6_v1
-2071749929,packed_mp_veh_mod_idx_3_v209
-2071569179,ve_vstr_t0_v3
-2071417402,m_cl_clo_vwm_u_21_17_t11_v1
-2071356949,packed_mp_veh_mod_idx_s_6_v274
-2071331234,packed_mp_veh_mod_idx_s_5_v414
-2071297038,vem_colour_extra_1_mct_metallic_dark_silver_t24_v3
-2071276173,packed_mp_veh_mod_idx_11_v154
-2071263442,f_cl_clo_ltsf_o_9_t8_v12
-2071246391,vem_roof_14_t12_v3
-2071041788,vem_horn_cnote_d0_t10_v7
-2070919040,packed_mp_veh_mod_idx_22_v149
-2070898534,m_cl_clo_exm_eu_15_2_t11_v1
-2070839014,packed_lr_vehicle_colour_6_v300
-2070827904,packed_mp_veh_colour2_0_v171
-2070814070,packed_mp_veh_mod_idx_16_v404
-2070733891,vem_racecar_whl14_t19_v3
-2070679380,m_cl_clo_x17m_b_10_0_t1_v1
-2070563621,packed_lr_vehicle_colour_5_v100
-2070530171,packed_mp_veh_mod_var_0_v219
-2070465798,packed_mp_veh_mod_idx_s_1_v105
-2070424574,f_cl_clo_val_decl_q_t8_v1
-2070394863,f_cl_clo_l2f_t_6_1_t7_v1
-2070387657,f_cl_clo_bhf_decl_39_t11_v1
-2070258542,mp_stat_mpsv_model_308
-2070069081,vem_smod4_whlv9_t66_v3
-2070063379,packed_mp_veh_mod_idx_s_20_v408
-2069959904,packed_mp_veh_mod_idx_s_20_v359
-2069935815,packed_mp_veh_mod_idx_6_v190
-2069883854,f_cl_clo_stf_o_10_t8_v12_cesp
-2069693408,packed_mp_veh_mod_idx_4_v76
-2069660935,f_cl_f_fmf_7_13_t6_v0
-2069658272,packed_mp_veh_mod_idx_s_13_v111
-2069596991,packed_lr_vehicle_colour_6_v173
-2069480825,vem_supermod_54_8_t54_v7
-2069452449,m_cl_clo_grm_u_7_4_t11_v1
-2069422654,f_cl_clo_fxf_ph_7_4_t14_v1
-2069416984,f_cl_clo_hstf_o_21_t4_v12
-2069398050,pr_mp_prop_18_t0_v0
-2069390069,packed_lr_vehicle_colour_5_v157
-2069271043,vem_hlight_1_t11_v37
-2069261161,f_cl_ht_fmf_7_3_t14_v0
-2069144316,m_cl_f_fmm_7_5_t6_v0
-2069130112,packed_mp_veh_mod_idx_s_17_v197
-2069100129,f_cl_clo_ief_ph_0_9_t14_v1
-2069058941,pr_pm_glight_3_t0_v0
-2068871666,vem_insurance_carboniz
-2068858988,f_cl_f_fmf_5_10_t6_v0
-2068802418,packed_mp_veh_mod_idx_s_17_v195
-2068788921,packed_ng_vehicle_neon_kit_v181
-2068733319,m_cl_clo_sbm_b_9_2_t1_v1
-2068719121,vem_supermod_0_14_t41_v27
-2068612597,m_cl_clo_smm_decl_12_t100_v0
-2068495754,packed_mp_veh_mod_var_0_v130
-2068445191,packed_mp_veh_mod_idx_s_3_v295
-2068392316,vem_cmod_hrn_mus1_t10_v35
-2068366462,m_cl_clo_sbm_l_0_20_t4_v1
-2068308667,f_cl_clo_v2f_o_11_t8_v12
-2068281983,m_cl_clo_iem_ph_0_10_t14_v1
-2068232938,packed_mp_veh_mod_idx_s_5_v107
-2068189689,vem_colour_1_mct_metallic_blue_silver_t24_v33
-2067960493,vem_colour_2_mct_classic_dark_green_t25_v1
-2067937521,m_cl_clo_halm_d_9_t11_v1
-2067927496,vem_horn_cnote_f0_t10_v1
-2067921389,m_cl_clo_lxm_e_12_1_t14_v1
-2067893737,vem_cmod_hrn_sad_t10_v39
-2067820882,packed_mp_veh_livery_0_v26
-2067730853,m_cl_clo_h4m_plw_0_9_t14_v1
-2067693729,vem_smod2_whlv12_t66_v3
-2067645044,f_cl_clo_h4f_u_7_4_t11_v1
-2067556260,m_cl_clo_s1m_ph_0_5_t14_v1
-2067540748,f_cl_clo_arf_o_27_t7_v12
-2067522817,packed_mp_veh_mod_idx_s_18_v159
-2067467007,packed_mp_veh_mod_idx_12_v288
-2067458550,f_cl_clo_suf_l_1_2_t4_v1
-2067320066,packed_mp_veh_livery2_0_v132
-2067313039,f_ha_cc_eyebrw_24_t2_v1
-2067175536,f_cl_clo_stf_u_3_7_t11_v1
-2067125189,packed_mp_veh_mod_idx_18_v79
-2066919203,f_cl_l_fmf_7_1_t4_v0
-2066914198,packed_mp_veh_mod_idx_22_v267
-2066873513,packed_mp_veh_mod_idx_s_6_v315
-2066812022,f_cl_clo_hp_f_d_29_t11_v1
-2066754724,vem_supermod_22_14_t63_v27
-2066739582,vem_supermod_22_8_t63_v28
-2066673131,packed_mp_veh_mod_idx_15_v216
-2066663954,packed_ng_vehicle_bpt_v277
-2066625466,packed_mp_veh_mod_idx_18_v161
-2066470034,vem_smod_whl28_t19_v3
-2066397125,m_cl_clo_grm_g_0_8_t3_v1
-2066288004,packed_ng_vehicle_smoke_v48
-2066198589,packed_mp_veh_mod_idx_s_3_v17
-2066148978,packed_mp_veh_mod_idx_s_16_v258
-2066105224,m_ta_tat_h3_018_t0_v0
-2066062561,packed_mp_veh_mod_idx_12_v139
-2066053450,f_cl_clo_h2f_f_3_6_t6_v1
-2065946253,packed_mp_veh_colour1_0_v266
-2065942243,f_cl_clo_smf_b_6_16_t1_v1
-2065856811,vem_colour_extra_1_mct_metallic_purple_t24_v4
-2065797411,packed_mp_veh_wheel_type_0_v78
-2065662996,packed_mp_veh_plate_id_v234
-2065609799,packed_mp_veh_colour1_0_v381
-2065591252,m_cl_clo_indm_s_0_10_t8_v1
-2065395851,m_cl_clo_hstm_u_3_1_t8_v1
-2065315959,vem_supermod_8_10_t49_v11
-2065306992,f_cl_clo_x6f_u_30_15_t11_v1
-2065276636,packed_mp_veh_mod_var_0_v407
-2065225417,packed_lr_vehicle_colour_5_v249
-2065166885,f_cl_clo_x6f_ph_1_17_t14_v1
-2065107372,m_cl_clo_bhm_u_4_5_t11_v1
-2065038928,vem_smod4_whlv20_t66_v1
-2064898011,f_cl_clo_suf_l_1_9_t4_v1
-2064882448,packed_mp_veh_mod_idx_s_17_v71
-2064867154,packed_lr_vehicle_colour_5_v274
-2064856020,m_cl_clo_x6m_ph_0_21_t14_v1
-2064844026,vem_spt_10_t19_v2
-2064806037,packed_mp_veh_mod_idx_24_v128
-2064777113,packed_mp_veh_colour1_0_v168
-2064726016,dec_vw_aw_mf_3b
-2064698695,vem_insurance_technical3
-2064606401,f_cl_outfit_clo_h2f_o_g_2_t12_v0
-2064528296,m_cl_clo_hstm_o_0_t8_v12
-2064511960,packed_mp_veh_mod_idx_s_18_v77
-2064497434,m_cl_clo_exm_eu_16_5_t11_v1
-2064439728,packed_mp_veh_colour2_0_v263
-2064431858,packed_mp_veh_mod_var_0_v152
-2064402495,vem_smod_whl23_t19_v12
-2064397271,vem_colour_extra_1_mct_pearlescent_umber_brown_t24_v0
-2064261549,f_cl_he_fmf_16_1_t14_v0
-2064248092,packed_mp_veh_mod_idx_s_16_v281
-2064241074,vem_insurance_insurgent2
-2064207393,f_cl_clo_x6f_u_6_0_t11_v1
-2064164990,m_cl_l_fmm_4_4_t4_v0
-2064157947,packed_mp_veh_mod_idx_10_v266
-2064142709,vem_cmod_neoncol_4_t21_v2
-2064128537,vem_supermod_20_2_t61_v10
-2064114952,packed_mp_veh_mod_idx_16_v148
-2064110288,candc_hacker_tnt_0_t0_v1
-2064104512,vem_supermod_5_7_t46_v10
-2064029071,f_cl_clo_h4f_decl_28_t100_v0
-2063988396,packed_mp_veh_mod_idx_s_8_v312
-2063979632,packed_mp_veh_mod_idx_s_23_v115
-2063931163,packed_mp_veh_mod_idx_12_v214
-2063930245,f_cl_clo_awf_u_7_4_t11_v1
-2063910581,packed_mp_veh_mod_idx_1_v151
-2063762879,wp_wct_var_sil_t1_v4
-2063740477,fcarcade_ne4_t0_v0
-2063731405,vem_cmod_exp_0_t20_v6
-2063693184,vem_fender_r_12_t37_v35
-2063677521,vem_smod2_whlv105_t66_v3
-2063661016,m_cl_outfit_clo_trm_o_d4_t12_v0
-2063571682,vem_supermod_4_13_t45_v26
-2063519442,mt_snk_item6_t0_v2
-2063437073,packed_mp_veh_mod_idx_s_13_v31
-2063392509,packed_mp_veh_window_tint_0_v20
-2063357005,packed_mp_veh_mod_idx_s_17_v202
-2063326830,cf_mission_passed_arcade_v1
-2063284524,m_ta_tat_x2_002_t0_v0
-2063248925,packed_mp_veh_mod_idx_s_0_v223
-2062991861,m_cl_clo_hp_u_0_0_t8_v2
-2062874797,pr_pm_bgarage_1_t0_v0
-2062852909,vem_hlight_0_t11_v33
-2062750778,packed_mp_veh_mod_idx_s_23_v392
-2062717339,packed_mp_veh_mod_idx_10_v233
-2062694554,packed_mp_veh_mod_idx_6_v150
-2062691790,vem_smod4_whlv14_t66_v1
-2062689651,wp_wt_rifle_adv_t0_v0
-2062610134,vem_insurance_roosevelt2
-2062554500,m_cl_clo_awm_l_3_11_t4_v1
-2062546779,f_cl_clo_hp_f_d_31_t100_v0
-2062480725,m_ta_tat_sm_020_t0_v0
-2062443796,f_cl_clo_grf_ph_4_25_t14_v1
-2062410750,m_cl_clo_exm_eu_1510_t11_v1
-2062264069,vem_supermod_14_0_t55_v27
-2062212802,vem_spoiler_14_t14_v1
-2062152453,packed_mp_veh_mod_idx_0_v253
-2062049390,packed_mp_veh_secondary_colour_group_v77
-2062009180,f_cl_clo_valf_l_0_4_t4_v1
-2061956719,f_cl_outfit_clo_arf_o_9_t12_v0
-2061876026,f_cl_clo_sbf_ph_5_17_t14_v1
-2061859037,m_cl_clo_trm_u_15_3_t11_v1
-2061794006,mp_stat_casinoapt_mod_e_v0
-2061776021,vem_horn_cnote_b0_t10_v6
-2061692134,packed_mp_veh_mod_idx_24_v116
-2061664687,f_cl_clo_bif_b_0_2_t1_v1
-2061578192,packed_mp_veh_mod_idx_18_v173
-2061562598,packed_mp_veh_mod_idx_s_6_v80
-2061532459,f_ha_cc_blush_5_t6_v1
-2061490132,mp_stat_nightclub_style_v0
-2061485352,f_ta_tat_bi_017_t0_v0_cesp
-2061447103,vem_supermod_5_14_t46_v26
-2061419729,packed_mp_veh_mod_idx_23_v391
-2061410007,vem_supermod_47_11_t47_v7
-2061344031,m_ta_tat_fx_026_t0_v0
-2061327246,vem_colour_extra_1_mct_pearlescent_racing_blue_t24_v2
-2061241149,f_cl_clo_bbf_u_1_2_t8_v1
-2061214968,f_cl_m_fmf_2_0_t1_v0
-2061191753,packed_mp_veh_colour_extra1_0_v408
-2061156505,packed_mp_veh_mod_idx_s_2_v109
-2061150453,mt_snk_item7_t0_v2
-2061132889,mp_stat_mpsv_model_33
-2061086557,packed_mp_veh_mod_idx_24_v84
-2061077812,packed_mp_veh_colour1_0_v198
-2061052158,packed_mp_veh_mod_idx_7_v159
-2061009863,vem_hiend_13_t19_v2
-2060929292,packed_ng_vehicle_neon_v32
-2060844000,packed_mp_veh_mod_idx_s_21_v74
-2060631897,wp_wt_battleaxe_t1_v0
-2060565253,f_ta_tat_st_032_t0_v0
-2060504190,packed_mp_veh_mod_idx_12_v177
-2060457059,packed_mp_veh_mod_idx_s_21_v102
-2060440565,vem_horn_cnote_b0_t10_v29
-2060374477,packed_mp_veh_mod_idx_6_v234
-2060302580,m_cl_clo_h3m_o_prp_1_t11_v12
-2060215150,m_cl_clo_bim_decl_34_t11_v1
-2060146864,f_cl_clo_bif_pw_2_0_t14_v1
-2060137755,packed_mp_veh_mod_idx_s_1_v335
-2060132668,packed_mp_veh_mod_idx_s_1_v209
-2060120175,m_cl_clo_bus_m_0_13_t1_v1
-2060112977,packed_mp_veh_mod_idx_s_15_v184
-2060110798,f_cl_outfit_clo_h3f_o_ff_8_t12_v0
-2059983879,wp_gsa_type_r_t0_v9_n2
-2059903984,dec_vw_aw_ss_2
-2059823249,m_cl_clo_scm_l_10_5_t4_v1
-2059805527,packed_mp_veh_colour_extra1_0_v236
-2059759338,m_cl_f_fmm_7_6_t6_v0
-2059744628,packed_mp_veh_colour_extra1_0_v15
-2059721292,f_cl_clo_bif_s_17_7_t8_v1
-2059693540,m_cl_clo_exm_af_3_1_t6_v1
-2059676364,packed_mp_veh_livery2_0_v311
-2059636464,packed_mp_veh_mod_idx_s_11_v179
-2059615119,f_cl_clo_hp_f_l_0_6_t4_v1
-2059612249,m_cl_clo_vwm_pw_7_1_t14_v1
-2059552006,packed_mp_veh_colour1_0_v276
-2059452117,packed_mp_veh_wheel_type_0_v117
-2059355278,vem_smod_whlv113_t66_v3
-2059300183,f_cl_clo_grf_l_0_8_t4_v1
-2059177685,f_cl_clo_vef_dec_46_t11_v1
-2059096891,vem_cmod_neoncol_255_t21_v0
-2059095255,vem_colour_extra_1_mct_metallic_racing_blue_t24_v0
-2059084496,wp_wct_tint_12_t2_v9_n2
-2059023522,f_cl_outfit_clo_stf_o_8_t12_v0
-2058925315,packed_mp_veh_mod_idx_s_14_v34
-2058906633,m_cl_outfit_o_fmm_p6_t12_v0
-2058898189,packed_mp_veh_livery2_0_v161
-2058747102,packed_mp_veh_mod_idx_24_v326
-2058732325,vem_supermod_8_5_t49_v7
-2058728772,m_ha_cc_body_1_1_t3_v0
-2058684011,packed_mp_veh_plate_id_v223
-2058678751,vem_loride_05_t19_v2
-2058521701,packed_mp_veh_mod_idx_7_v174
-2058490807,packed_mp_veh_mod_idx_24_v240
-2058477056,vem_colour_extra_1_mct_metallic_umber_brown_t24_v2
-2058470484,f_ha_cc_mkup_59_t5_v0
-2058341259,packed_mp_veh_mod_idx_1_v251
-2058243733,vem_colour_2_mct_metallic_saxon_blue_t25_v3
-2058239426,packed_mp_veh_mod_idx_18_v44
-2058178342,packed_mp_veh_mod_idx_s_23_v7
-2058153347,vem_horn_clas3_t10_v3
-2058131763,packed_mp_veh_mod_idx_s_1_v238
-2058073869,vem_exhaust_1_t6_v6
-2057987761,vem_colour_2_mct_classic_purple_t25_v1
-2057736475,packed_mp_veh_mod_idx_s_20_v379
-2057651170,vem_colour_2_mct_classic_harbor_blue_t25_v0
-2057581035,packed_mp_veh_mod_idx_13_v346
-2057508214,f_cl_clo_s2f_d_14_t11_v1
-2057505642,packed_mp_veh_mod_idx_6_v96
-2057483063,vem_skirt_0_t13_v7
-2057400341,vem_cmod_tyr_1_t32_v32
-2057373289,wp_wt_sg_pmp_t0_v0
-2057193408,packed_mp_veh_mod_idx_s_3_v356
-2057193304,m_cl_clo_hilf_o_12_t3_v12
-2057114194,f_cl_outfit_clo_jaf_o_1_t12_v0
-2057049323,packed_mp_veh_mod_idx_24_v254
-2057037374,packed_mp_veh_mod_idx_23_v108
-2057001132,f_cl_clo_h2f_b_5_0_t1_v1
-2056993213,vem_smod2_whlv170_t66_v3
-2056961583,m_cl_clo_fxm_l_0_21_t4_v1
-2056910815,packed_mp_veh_mod_idx_s_15_v237
-2056776034,f_cl_clo_x6f_u_24_2_t11_v1
-2056775425,packed_mp_veh_mod_idx_s_9_v227
-2056589008,packed_mp_veh_mod_idx_s_3_v69
-2056555742,vem_roof_6_t12_v4
-2056437218,f_cl_outfit_clo_bif_o_9_t12_v0
-2056390996,vem_supermod_23_24_n1_t64_v34
-2056336522,f_ta_tat_fx_021_t0_v0
-2056332534,packed_mp_veh_mod_idx_7_v126
-2056201702,vem_supermod_21_3_t62_v26
-2056180160,m_ta_tat_sb_024_t0_v0
-2056106922,f_cl_u_fmf_1_9_t11_v0
-2055933906,f_cl_clo_smf_u_3_5_t11_v1
-2055833074,vem_skirt_6_t13_v26
-2055794318,f_cl_clo_vwf_u_20_19_t11_v1
-2055788032,vem_colour_2_mct_matte_white_t25_v33
-2055712205,wp_wct_clip1_t1_v47_n2
-2055564304,packed_mp_veh_mod_var_1_v55
-2055539302,packed_mp_veh_mod_idx_11_v59
-2055504293,m_cl_clo_h2m_u_7_4_t11_v1
-2055398435,f_cl_clo_s1f_l_0_2_t4_v1
-2055343434,packed_ng_vehicle_smoke_v53
-2055334691,packed_mp_veh_mod_idx_s_7_v274
-2055294249,packed_mp_veh_mod_idx_23_v165
-2055283963,packed_mp_veh_mod_idx_10_v394
-2055161161,packed_mp_veh_colour_extra2_0_v295
-2055153454,f_cl_clo_grf_u_11_13_t11_v1
-2055146536,packed_ng_vehicle_smoke_v44
-2055139915,vem_colour_mct_none_148
-2055125613,vem_fender_r_11_t37_v28
-2054955912,m_cl_clo_h2m_b_3_17_t1_v1
-2054817991,packed_lr_vehicle_colour_6_v209
-2054783578,m_cl_clo_s2m_d_6_t11_v1
-2054726827,packed_mp_veh_livery2_0_v261
-2054690993,m_cl_clo_grm_b_5_8_t1_v1
-2054685003,pr_mp_prop_20_t0_v0
-2054548123,f_cl_clo_vwf_u_20_16_t11_v1
-2054526095,f_ha_clo_vwf_h_0_0_t0_v2
-2054491982,f_cl_clo_x17f_o_m_7_t8_v12
-2054485513,f_cl_clo_vwf_u_18_0_t11_v1
-2054473454,m_cl_clo_bbm_u_1_1_t8_v1
-2054467842,m_cl_clo_exm_eu_9_1_t11_v1
-2054374829,m_cl_outfit_clo_lxm_o_11_t12_v0
-2054320501,vem_horn_luxe2_t10_v4
-2054300028,f_cl_clo_hp_f_h_1_4_t14_v1
-2054203660,vem_rwd_spt_17_t19_v12
-2054084387,packed_mp_veh_plate_id_v14
-2054045224,packed_mp_veh_mod_idx_s_8_v102
-2053994535,packed_mp_veh_mod_idx_14_v15
-2053957147,packed_ng_vehicle_insurance_v214
-2053918980,f_cl_clo_x6f_rw_0_0_t14_v1
-2053908607,packed_mp_veh_mod_idx_11_v152
-2053832140,f_cl_clo_sbf_u_18_12_t11_v1
-2053802340,vem_suv_13_t19_v1
-2053792869,vem_supermod_13_0_t54_v28
-2053718830,packed_mp_veh_colour2_0_v120
-2053632554,packed_mp_veh_primary_colour_group_v232
-2053607612,packed_mp_veh_mod_idx_s_12_v380
-2053531584,vem_spoiler_7_t14_v38
-2053518798,packed_mp_veh_mod_idx_s_19_v67
-2053477957,m_cl_clo_busm_f_0_8_t6_v1
-2053357904,packed_mp_veh_mod_idx_s_16_v15
-2053322869,vem_smod4_whlv119_t66_v1
-2053292083,vem_supermod_11_14_t52_v26
-2053129426,packed_mp_veh_plate_id_v258
-2053126682,f_ta_tat_gr_001_t0_v0
-2052968603,candc_hacker_dec_19_t0_v0
-2052892923,f_cl_outfit_o_fmf_p9_t12_v0
-2052756087,ve_marshall_n1_t1_v0
-2052732202,wp_wct_grip_t1_v46_n2
-2052637301,f_cl_clo_hstf_s_6_3_t8_v1
-2052597057,m_cl_clo_bim_decl_68_t100_v0
-2052596182,vem_grill_18_t8_v3
-2052589602,pr_mp_prop_41_t0_v0
-2052522700,m_cl_clo_grm_b_5_6_t1_v1
-2052497019,vem_smod5_whlv156_t66_v3
-2052494566,vem_colour_extra_1_mct_classic_anthr_black_t24_v4
-2052434851,f_cl_clo_suf_u_7_19_t11_v1
-2052382120,f_cl_clo_h3f_ph_5_19_t14_v1
-2052255382,f_cl_clo_exf_au_9_3_t11_v1
-2052220744,packed_mp_veh_mod_idx_s_3_v200
-2052188042,m_cl_clo_sum_u_7_14_t11_v1
-2051976829,wp_wct_tint_23_t2_v47_n2
-2051956490,vem_truck_slot_5_mod_2_t0_v0
-2051927157,packed_mp_veh_mod_idx_23_v209
-2051777350,vem_supermod_18_12_t59_v27
-2051712377,packed_mp_veh_mod_idx_s_16_v191
-2051641586,f_cl_clo_half_d_2_t100_v0
-2051557363,m_cl_clo_h2m_o_s_18_t3_v12
-2051510469,vem_smod4_whlv50_t66_v0
-2051377642,packed_mp_veh_mod_idx_s_20_v282
-2051305385,f_cl_clo_bhf_u_4_5_t11_v1
-2051302704,m_cl_clo_h3m_b_9_16_t1_v1
-2051220793,m_cl_clo_bhm_l_0_13_t4_v1
-2051216879,packed_mp_veh_mod_idx_22_v188
-2050994662,vem_cmod_col5_2_t29_v0
-2050934766,m_cl_outfit_clo_bus_m_o_6_t12_v0
-2050796534,wp_wct_supp_t1_v10
-2050708386,packed_mp_veh_mod_idx_3_v125
-2050495358,vem_horn_hween1_t10_v28
-2050493104,vem_supermod_3_5_t44_v38
-2050480082,m_cl_clo_sum_u_14_23_t11_v1
-2050479606,packed_mp_veh_mod_var_0_v359
-2050298971,m_cl_clo_grm_u_9_11_t11_v1
-2050253494,f_cl_clo_smf_u_0_8_t11_v1
-2050026065,f_cl_clo_fxf_pe_3_8_t14_v1
-2049986804,m_ta_tat_x2_005_t0_v0
-2049952299,packed_mp_veh_mod_idx_s_19_v363
-2049893456,vem_rwd_hiend_09_t19_v1
-2049862122,wp_wct_no_liv_t1_v9_n2
-2049764278,packed_mp_veh_colour_extra2_0_v387
-2049696010,packed_mp_veh_colour2_0_v5
-2049683739,f_cl_clo_h3f_ph_5_4_t14_v1
-2049673854,f_cl_clo_bhf_u_0_21_t11_v1
-2049649164,wp_wm_tint4_t2_v98
-2049621195,packed_mp_veh_mod_idx_24_v400
-2049591243,m_cl_clo_bim_u_20_3_t11_v1
-2049545581,packed_mp_veh_mod_idx_8_v42
-2049516090,f_cl_clo_v2f_o_11_t6_v12
-2049466209,vem_supermod_17_0_t58_v39
-2049395734,packed_mp_veh_mod_idx_s_11_v372
-2049379693,packed_mp_veh_mod_idx_s_21_v175
-2049360791,m_cl_clo_awm_decl_109_t100_v0
-2049354701,vem_smod_whlv148_t66_v3
-2049295894,m_cl_clo_awm_ph_2_8_t14_v1
-2049085095,f_ta_tat_bi_002_t0_v0_cesp
-2049039623,vem_cmod_hrn_mus2_t10_v39
-2048972988,f_cl_clo_awf_l_1_1_t4_v1
-2048864577,packed_mp_veh_mod_idx_15_v345
-2048850355,vem_hiend_02_t19_v0
-2048701451,packed_mp_veh_livery2_0_v242
-2048549819,vem_colour_2_mct_classic_gold_t25_v0
-2048528503,packed_mp_veh_window_tint_0_v338
-2048496154,packed_mp_veh_mod_idx_s_21_v137
-2048453210,vem_spoiler_5_t14_v1
-2048427719,vem_colour_1_mct_classic_salmon_pink_t24_v33
-2048381971,m_cl_clo_fxm_pe_3_10_t14_v1
-2048251850,packed_mp_veh_mod_idx_s_3_v143
-2047965422,vem_supermod_47_22_t47_v7
-2047866411,packed_mp_veh_mod_idx_1_v77
-2047629181,packed_mp_veh_mod_var_0_v92
-2047553263,m_ta_tat_bi_042_t0_v0_cesp
-2047494897,vem_horn_hips2_t10_v5
-2047223356,ve_zeno_t0_v3
-2047182504,vem_rwd_spt_01_t19_v1
-2047146466,f_cl_clo_exf_ah_1_1_t14_v1
-2047097987,vem_supermod_8_14_t49_v11
-2047039829,f_cl_clo_awf_o_g_6_t8_v12
-2047032320,packed_mp_veh_mod_idx_6_v124
-2047000146,wp_wt_rifle_asl2_t1_v8
-2046916072,m_cl_clo_awm_o_h_9_t3_v12
-2046915708,packed_mp_veh_mod_idx_s_6_v343
-2046867689,f_cl_clo_bhf_u_17_16_t11_v1
-2046730793,m_cl_clo_smm_decl_17_t100_v0
-2046665123,vem_bumper_f_3_t34_v6
-2046458599,vem_roof_5_t12_v1
-2046343109,wp_wct_tint_26_t2_v1_n2
-2046327251,m_cl_clo_fxm_pe_4_6_t14_v1
-2046274168,f_cl_clo_x6f_ph_0_3_t14_v1
-2046229933,m_cl_l_fmm_5_12_t4_v0
-2046146502,f_ta_tat_vw_031_t0_v0
-2046103160,packed_mp_veh_mod_idx_10_v222
-2046101112,vem_supermod_1_0_t42_v7
-2046077956,wp_wct_scope_sml_t1_v64
-2045959781,packed_mp_veh_window_tint_0_v19
-2045833136,vem_cmod_tyr_1_t32_v27
-2045821936,vem_horn_xm15_1_t10_v6
-2045748502,m_cl_outfit_clo_awm_o_h_7_t12_v0
-2045625472,packed_mp_veh_mod_var_1_v319
-2045622920,wp_wm_tint5_t2_v4
-2045478993,vem_cmod_tyr_7_t18_v3
-2045452048,f_cl_clo_fxf_l_5_24_t4_v1
-2045442196,packed_mp_veh_colour_extra1_0_v142
-2045396873,m_cl_clo_hstmb_22_16_t1_v1
-2045280797,packed_ng_vehicle_bpt_v325
-2045135190,packed_mp_veh_secondary_colour_group_v105
-2045122692,m_cl_clo_iem_l_0_5_t4_v1
-2045097657,vem_colour_extra_1_mct_pearlescent_race_yellow_t24_v3
-2045076807,packed_mp_veh_mod_idx_s_6_v299
-2045050040,vem_supermod_6_5_t47_v28
-2044968541,f_cl_l_fmf_3_1_t4_v0
-2044953811,packed_mp_veh_mod_idx_s_10_v61
-2044792188,m_cl_clo_s1m_ph_1_6_t14_v1
-2044785920,vem_smod4_whlv30_t66_v2
-2044740218,f_cl_clo_h2f_f_3_24_t6_v1
-2044688028,packed_mp_veh_mod_idx_s_16_v33
-2044578587,m_cl_clo_sbm_l_3_17_t4_v1
-2044558541,packed_mp_veh_mod_idx_s_10_v271
-2044436710,packed_mp_veh_mod_idx_2_v316
-2044385420,vem_smod2_whlv131_t66_v3
-2044269714,m_cl_clo_vwm_u_2_5_t11_v1
-2044183461,packed_mp_veh_mod_idx_s_9_v80
-2044108017,packed_mp_veh_plate_id_v409
-2044030664,m_cl_clo_hstm_b_6_0_t1_v1
-2043964614,vem_colour_2_mct_classic_ultra_blue_t25_v4
-2043863880,wp_wt_stngunmp_t0_v0
-2043779163,vem_supermod_7_0_t48_v26
-2043717466,f_cl_clo_bhf_decl_53_t11_v1
-2043716161,m_cl_clo_iem_b_9_5_t1_v1
-2043695058,service_earn_ambient_job_distract_cops
-2043662707,ccur_buy
-2043571211,wp_wct_c_tint_26_t2_v22_n2
-2043570619,vem_aam_operations_terminal_1_t0_v0
-2043432145,vem_engine_2_t5_v30
-2043417033,packed_mp_veh_mod_idx_3_v84
-2043354650,f_cl_clo_awf_b_2_8_t1_v1
-2043312678,vem_smod4_whlv178_t66_v0
-2043276075,wp_wm_tint4_t2_v0
-2043265960,vem_chassis_18_t4_v3
-2043248038,packed_ng_vehicle_insurance_v387
-2043226506,packed_mp_veh_mod_idx_s_7_v397
-2043187203,m_cl_clo_x4m_u_10_12_t11_v1
-2043122970,vem_rwd_musc_05_t19_v12
-2043051529,vem_supermod_8_1_t49_v10
-2043038041,vem_colour_2_mct_classic_beechwood_brown_t25_v2
-2042996416,f_cl_clo_arf_b_0_4_t1_v1
-2042984762,m_cl_clo_sbm_f_4_7_t6_v1
-2042936755,packed_mp_veh_mod_idx_6_v100
-2042852428,packed_mp_veh_mod_idx_23_v281
-2042837139,fcbase_sty4_t0_v0
-2042812254,f_cl_clo_smf_ph_6_16_t14_v1
-2042729956,packed_lr_vehicle_colour_6_v96
-2042604522,f_cl_clo_bhf_l_0_3_t4_v1
-2042538165,vem_colour_2_mct_classic_bright_orange_t25_v33
-2042383741,f_cl_clo_bhf_decl_48_t100_v0
-2042368227,packed_mp_veh_mod_idx_s_13_v220
-2042140956,f_cl_clo_bbf_f_008_t6_v1
-2041987146,vem_insurance_zhaba
-2041734238,f_cl_clo_ltsfu_1_1_t11_v1
-2041726135,hangar_mod_lighting_6_t0_v0
-2041669275,packed_mp_veh_colour_extra1_0_v314
-2041630870,vem_smod_whlv181_t66_v3
-2041624625,packed_mp_veh_mod_idx_s_8_v145
-2041504417,vem_smod3_whlv89_t66_v3
-2041438891,packed_mp_veh_mod_idx_s_7_v210
-2041380988,m_cl_clo_awm_u_9_13_t11_v1
-2041268930,packed_mp_veh_mod_idx_1_v173
-2041118606,vem_engine_4_t5_v3
-2041095552,f_cl_outfit_clo_h2f_o_c_6_t12_v0
-2041049545,packed_mp_veh_mod_idx_0_v223
-2040960479,m_cl_clo_trm_o_bs_1_t3_v12
-2040893445,m_cl_clo_x6m_rw_1_1_t14_v1
-2040826352,f_cl_clo_stf_h_100_t14_v1
-2040817236,packed_mp_veh_colour2_0_v381
-2040762972,ve_pbus2_n1_t1_v5
-2040740615,vem_colour_2_mct_metallic_dark_silver_t25_v33
-2040692636,vem_skirt_20_t13_v38
-2040682886,vem_smod_whlv74_t66_v3
-2040645350,vem_bumper_f_1_t34_v11
-2040475489,auto_shop_index_2_t0_v0
-2040473758,f_cl_clo_stf_o_4_t11_v12_cesp
-2040469806,vem_hiend_09_t19_v3
-2040440576,packed_mp_veh_mod_idx_s_11_v76
-2040380967,packed_mp_veh_mod_idx_18_v370
-2040280972,vem_colour_1_mct_metallic_bleeched_brown_t24_v33
-2040258408,packed_mp_veh_mod_idx_s_6_v241
-2040228583,packed_mp_veh_mod_idx_s_10_v54
-2040180539,packed_mp_veh_mod_var_1_v105
-2040161482,m_cl_clo_lxm_u_5_7_t11_v1
-2040074966,vem_supermod_3_9_t44_v10
-2040043325,vem_horn_hips1_t10_v36
-2039897995,vem_insurance_toreador
-2039875042,wp_wct_camo_10_t1_v48_n2
-2039714017,packed_ng_vehicle_bpt_v146
-2039482255,packed_mp_veh_primary_colour_group_v166
-2039390708,wp_wct_tint_6_t2_v70_n2
-2039384220,f_cl_clo_grf_g_1_6_t3_v1
-2039348026,ie_wh_index_6_t0_v0
-2039328129,vem_supermod_0_2_t41_v10
-2039300809,vem_colour_extra_1_mct_metallic_bison_brown_t24_v33
-2039299553,m_cl_clo_x6m_u_22_10_t11_v1
-2039199228,f_cl_clo_pif_o_0_t8_v12
-2039133884,m_cl_outfit_clo_stm_o_4_t12_v0_cesp
-2039001394,packed_ng_vehicle_smoke_v115
-2038998239,packed_mp_veh_mod_idx_s_14_v79
-2038942129,vem_colour_extra_1_mct_classic_blue_t24_v1
-2038893868,f_cl_clo_x6f_ph_2_1_t14_v1
-2038845099,packed_mp_veh_colour2_0_v215
-2038681355,f_cl_clo_scf_rw_0_2_t14_v1
-2038644269,m_cl_clo_sum_decl_21_t100_v0
-2038579760,packed_mp_veh_wheel_type_0_v187
-2038573402,m_cl_clo_smm_b_4_8_t1_v1
-2038536851,f_cl_clo_indf_d_13_t11_v1
-2038422841,vem_roof_12_t12_v4
-2038300652,packed_mp_veh_mod_idx_11_v250
-2038127831,packed_mp_veh_mod_idx_s_6_v229
-2038113294,mp_stat_auto_shop_wall_v0
-2038083672,vem_cmod_col5_2_t29_v2
-2038041651,m_cl_clo_awm_decl_99_t100_v0
-2037944475,vem_rwd_musc_13_t19_v12
-2037915330,packed_mp_veh_livery2_0_v84
-2037913458,m_cl_f_fmm_11_12_t6_v0
-2037759830,m_ta_tat_h27_010_t0_v0
-2037758222,wp_ps_bag_30_t1_v33
-2037727517,packed_mp_veh_colour_extra2_0_v270
-2037710568,vem_supermod_22_13_t63_v27
-2037698941,dec_vw_aw_ls_16
-2037599501,vem_supermod_46_5_t46_v7
-2037533405,f_cl_clo_stf_o_7_t11_v12_cesp
-2037519317,packed_ng_vehicle_neon_v106
-2037385729,packed_mp_veh_mod_idx_s_11_v192
-2037367770,m_cl_clo_x6m_f_3_18_t6_v1
-2037296102,f_cl_clo_h4f_decl_48_t11_v1
-2037205811,vem_smod4_whlv181_t66_v1
-2037183391,packed_mp_veh_mod_idx_s_14_v356
-2037158033,packed_mp_veh_mod_idx_s_23_v21
-2037137141,vem_colour_extra_1_mct_metallic_bright_green_t24_v33
-2036977776,vem_supermod_23_21_t64_v3
-2036926285,packed_mp_veh_mod_idx_s_20_v143
-2036845532,vem_engine_2_t5_v33
-2036826881,m_cl_clo_v2m_u_0_7_t11_v1
-2036765929,packed_mp_veh_mod_idx_4_v378
-2036721328,vem_supermod_19_1_t60_v38
-2036679226,packed_mp_veh_mod_idx_s_19_v386
-2036608428,m_cl_clo_x6m_ph_5_0_t14_v1
-2036539060,packed_ng_vehicle_neon_v244
-2036505608,ve_bulldoze_t1_v0
-2036480284,vem_smod_whlv97_t66_v3
-2036441797,packed_mp_veh_mod_idx_10_v173
-2036342931,m_cl_clo_vwm_f_2_3_t6_v1
-2036301728,vem_rwd_spt_22_t19_v0
-2036291012,m_cl_clo_scm_u_0_2_t11_v1
-2036096305,packed_mp_veh_mod_idx_0_v138
-2036066909,m_cl_g_fmm_5_5_t14_v0
-2035978690,packed_mp_veh_mod_idx_s_12_v337
-2035892194,vem_smod4_whlv210_t66_v3
-2035871028,vem_insurance_terbyte
-2035846566,packed_mp_veh_mod_idx_s_12_v372
-2035814529,packed_mp_veh_secondary_colour_group_v27
-2035793448,vem_smod4_whlv94_t66_v0
-2035775743,packed_mp_veh_mod_var_1_v287
-2035726052,vem_colour_2_mct_classic_wine_red_t25_v2
-2035625909,vem_fender_r_0_n1_t37_v27
-2035580410,m_cl_clo_busm_t_2_9_t7_v1
-2035509163,m_cl_clo_s1m_dec_22_t100_v0
-2035481404,packed_mp_veh_mod_idx_13_v258
-2035380540,packed_mp_veh_mod_idx_5_v242
-2035374565,m_cl_clo_vwm_u_20_6_t11_v1
-2035353327,packed_mp_veh_mod_idx_s_21_v236
-2035322706,packed_mp_veh_secondary_colour_group_v39
-2035260088,m_ta_tat_h3_031_t0_v0
-2035144671,ve_akula_t0_v34
-2035046212,vem_colour_1_mct_metallic_yellow_t24_v3
-2034947370,vem_hood_14_t9_v35
-2034943692,packed_mp_veh_mod_idx_8_v2
-2034942344,wp_wct_c_tint_9_t2_v9_n2
-2034807320,f_cl_clo_stf_ht1521_t14_v1
-2034712745,vem_insurance_specter2
-2034644546,packed_ng_vehicle_insurance_v66
-2034599640,vem_armour_3_t1_v27
-2034583996,packed_mp_veh_secondary_colour_group_v409
-2034549434,packed_mp_veh_mod_idx_s_17_v255
-2034450343,wp_wct_mrfl_sight_t1_v0
-2034248123,packed_mp_veh_plate_id_v127
-2034241959,m_cl_clo_busm_l_0_0_t4_v1
-2034164008,m_cl_outfit_clo_arm_o_26_t12_v0
-2034104016,vem_supermod_11_0_t52_v28
-2034026180,f_cl_clo_x6f_rw_0_4_t14_v1
-2033942623,vem_hood_5_t9_v26
-2033941318,packed_mp_veh_mod_idx_s_20_v238
-2033913890,packed_mp_veh_mod_idx_s_23_v28
-2033851166,m_cl_clo_hp_d_10_t8_v2
-2033753115,packed_mp_veh_plate_id_v332
-2033742383,wp_wct_tint_13_t2_v70_n2
-2033742018,m_cl_clo_grm_b_3_4_t1_v1
-2033554691,m_cl_sp_fmm_10_10_t8_v1
-2033467280,wp_wct_camo_9_t1_v21_n2
-2033437926,f_cl_clo_sbf_l_4_15_t4_v1
-2033396640,packed_mp_veh_colour_extra1_0_v38
-2033342846,packed_mp_veh_mod_idx_0_v298
-2033323271,m_cl_clo_grm_l_3_4_t4_v1
-2033129336,f_cl_outfit_clo_hstf_o_b_3_t12_v0
-2033124826,packed_mp_veh_mod_var_1_v278
-2033118022,packed_mp_veh_wheel_type_0_v295
-2033098475,m_cl_clo_awm_b_12_13_t1_v1
-2033053240,m_cl_clo_hp_w_0_0_t14_v1
-2032973175,f_cl_clo_x6f_ey_4_2_t14_v1
-2032938045,packed_mp_veh_secondary_colour_group_v9
-2032736413,m_cl_m_fmm_1_1_t1_v0
-2032726036,vem_rwd_drft_10_t19_v0
-2032699805,packed_ng_vehicle_neon_kit_v288
-2032529561,service_earn_casino_heist_prep_mission
-2032447051,packed_mp_veh_mod_idx_18_v7
-2032414414,f_cl_clo_suf_l_2_2_t4_v1
-2032360462,f_cl_clo_grf_u_21_10_t11_v1
-2032027055,f_ta_tat_hp_027_t0_v0
-2031843749,packed_mp_veh_mod_idx_13_v269
-2031832436,vem_insurance_jester
-2031804799,packed_mp_veh_mod_idx_s_21_v328
-2031649102,m_cl_clo_sum_u_7_5_t11_v1
-2031632939,m_cl_clo_awm_decl_84_t100_v0
-2031599216,vem_colour_1_mct_classic_bright_green_t24_v4
-2031517848,vem_supermod_3_0_t44_v34
-2031500209,packed_mp_veh_mod_idx_s_22_v241
-2031447145,f_cl_clo_x6f_f_0_2_t6_v1
-2031443751,m_cl_clo_fxm_pe_4_5_t14_v1
-2031386403,ve_wastlndr_t1_v3
-2031358422,vem_smod4_whlv116_t66_v2
-2031345809,vem_colour_1_mct_classic_cabernet_red_t24_v1
-2031317642,m_ha_cc_body_1_3_t3_v0
-2031306240,packed_mp_veh_mod_idx_3_v314
-2031294927,packed_mp_veh_mod_idx_13_v175
-2031115856,f_cl_clo_h3f_b_9_12_t1_v1
-2031094133,m_cl_clo_grm_ph_1_17_t14_v1
-2031061611,wp_wct_camo_6_t1_v48_n2
-2031004647,vem_supermod_9_14_t50_v10
-2030991167,vem_colour_1_mct_matte_blue_t24_v2
-2030945601,vem_smod2_whlv139_t66_v3
-2030916596,packed_mp_veh_mod_idx_s_19_v124
-2030844045,vem_smod4_whlv85_t66_v0
-2030823082,pr_pm_modshop_14_t0_v0
-2030787967,vem_exhaust_14_t6_v3
-2030755944,m_cl_clo_s1m_dec_5_t100_v0
-2030707059,packed_mp_veh_mod_idx_2_v337
-2030630472,f_cl_clo_x2f_ht_1_0_t14_v0
-2030603657,packed_mp_veh_mod_idx_s_23_v45
-2030582760,packed_mp_veh_mod_idx_22_v3
-2030498368,vem_rwd_musc_16_t19_v12
-2030494888,m_ha_cc_mkup_11_t7_v0
-2030459498,m_cl_u_fmm_11_14_t11_v0
-2030412970,vem_cmod_tyr_stt_t30_v9
-2030343674,vem_chassis_21_t4_v3
-2030296804,f_cl_clo_arf_o_21_t8_v12
-2030249612,vem_colour_2_mct_metallic_galaxy_blue_t25_v2
-2030235844,m_cl_clo_h3m_u_14_0_t11_v1
-2030228939,packed_mp_veh_primary_colour_group_v18
-2030161047,packed_lr_vehicle_colour_5_v239
-2030151899,packed_mp_veh_livery2_0_v326
-2030119778,packed_mp_veh_mod_idx_s_16_v114
-2030117209,m_cl_clo_indm_d_25_t8_v2
-2030106726,packed_ng_vehicle_neon_kit_v71
-2030005124,m_cl_clo_hstm_o_18_t11_v12
-2030002435,mt_snk_item5_t0_v0
-2029982713,packed_ng_vehicle_neon_kit_v346
-2029923811,m_cl_clo_vwm_pw_1_3_t14_v1
-2029807866,packed_mp_veh_mod_idx_s_2_v321
-2029680237,f_cl_clo_smf_ph_0_0_t14_v1
-2029651581,packed_mp_veh_mod_idx_s_4_v44
-2029617781,f_cl_clo_valf_l_0_1_t4_v1
-2029590851,vem_supermod_12_22_t53_v3
-2029518952,wp_wm_tint6_t2_v23
-2029508500,m_cl_clo_arm_o_21_t3_v12
-2029479683,packed_ng_vehicle_bpt_v375
-2029451050,packed_mp_veh_wheel_type_0_v256
-2029378226,vem_cmod_win_1_t33_v4
-2029276960,packed_mp_veh_mod_idx_6_v245
-2029254381,packed_mp_veh_livery2_0_v106
-2029154034,packed_mp_veh_mod_idx_9_v67
-2029129472,packed_mp_veh_wheel_type_0_v58
-2029117795,packed_mp_veh_mod_idx_s_7_v218
-2028884575,vem_engine_2_t5_v6
-2028842812,m_ta_tat_x6_043_t0_v0
-2028756491,ve_scarab3_t0_v38
-2028679798,vem_supermod_7_6_t48_v3
-2028619472,packed_mp_veh_mod_var_0_v267
-2028571752,packed_mp_veh_window_tint_0_v191
-2028532292,m_cl_u_fmm_6_11_t11_v0
-2028461974,m_cl_clo_fxm_pe_1_5_t14_v1
-2028417254,packed_mp_veh_mod_idx_s_16_v180
-2028385121,vem_smod2_whlv43_t66_v3
-2028363882,vem_offr_20_t19_v0
-2028356905,f_cl_clo_bif_u_7_0_t11_v1
-2028223760,vem_colour_extra_1_mct_pearlescent_straw_brown_t24_v4
-2028184274,mp_stat_mpsv_model_344
-2028157937,f_cl_clo_x6f_b_2_8_t1_v1
-2028069855,vem_rwd_suv_11_t19_v3
-2027922379,f_cl_g_fmf_10_5_t14_v0
-2027915441,wp_wct_c_tint_6_t2_v70_n2
-2027842138,ve_trsmall2_t0_v29
-2027816011,m_cl_outfit_clo_stm_o_2_t12_v0_cesp
-2027814233,ve_daemon_t0_v4
-2027740025,f_cl_clo_grf_f_3_4_t6_v1
-2027732159,vem_cmod_col5_31_t29_v3
-2027710581,m_cl_clo_x17m_u_4_6_t11_v1
-2027700000,packed_mp_veh_mod_idx_1_v180
-2027695938,vem_supermod_15_9_t56_v27
-2027688977,packed_mp_veh_mod_idx_s_1_v393
-2027661255,m_cl_clo_hstmb_19_10_t1_v1
-2027658376,service_earn_casino_award_high_roller_platinum
-2027479156,service_earn_island_heist_award_mixing_it_up
-2027470298,m_cl_sp_fmm_6_3_t8_v0
-2027416343,m_cl_clo_h4m_ph_0_23_t14_v1
-2027383578,packed_mp_veh_mod_idx_s_15_v106
-2027375115,packed_ng_vehicle_neon_v90
-2027287308,packed_mp_veh_mod_idx_23_v15
-2027257747,packed_mp_veh_mod_idx_s_10_v91
-2027238692,vem_colour_2_mct_matte_green_t25_v33
-2027170423,vem_colour_1_mct_classic_maple_brown_t24_v2
-2027160442,packed_mp_veh_mod_idx_s_11_v246
-2027114256,packed_mp_veh_mod_idx_18_v71
-2027093254,packed_ng_vehicle_bpt_v332
-2027079547,f_cl_clo_hp_f_d_18_t100_v0
-2027042173,m_cl_u_fmm_14_9_t8_v1
-2026955552,packed_lr_vehicle_colour_5_v397
-2026839106,packed_mp_veh_mod_idx_s_23_v341
-2026824714,ve_infernus2_t0_v3
-2026643260,m_cl_clo_awm_u_3_12_t11_v1
-2026598017,f_cl_clo_fxf_l_1_9_t4_v1
-2026594129,vem_colour_2_mct_matte_matte_for_t25_v4
-2026547968,packed_mp_veh_mod_idx_11_v184
-2026544524,service_earn_fixer_award_agency_story
-2026452101,vem_colour_1_mct_classic_maple_brown_t24_v33
-2026410066,packed_mp_veh_mod_idx_s_11_v100
-2026402763,packed_mp_veh_mod_idx_s_7_v103
-2026369409,f_cl_clo_smf_b_9_16_t1_v1
-2026352537,vem_skirt_5_t13_v1
-2026348647,f_cl_clo_hstf_s_6_12_t8_v1
-2026259851,vem_horn_lowrder2_t10_v32
-2026231845,packed_mp_veh_plate_id_v296
-2026216481,vem_rwd_musc_11_t19_v12
-2026132219,m_cl_clo_x2m_ht_4_7_t14_v1
-2026119481,pr_pm_colour_0_t0_v0
-2026110137,f_cl_clo_h3f_u_10_21_t11_v1
-2026070547,ve_nero2_t0_v27
-2025981501,packed_mp_veh_mod_idx_12_v281
-2025974464,m_cl_clo_iem_u_6_2_t11_v1
-2025961530,vem_insurance_brutus3
-2025920257,m_cl_clo_bbm_u_1_2_t8_v1
-2025819832,vem_supermod_3_32_t44_v3
-2025796788,m_cl_u_fmm_1_14_t8_v0
-2025788730,packed_mp_veh_mod_var_0_v28
-2025713336,packed_mp_veh_mod_idx_15_v14
-2025680247,wp_wct_c_tint_17_t2_v21_n2
-2025670880,packed_mp_veh_mod_var_1_v181
-2025628851,packed_mp_veh_window_tint_0_v289
-2025597564,m_cl_sp_fmm_10_15_t8_v0
-2025485153,m_cl_clo_awm_ph_2_13_t14_v1
-2025420763,f_cl_clo_ief_l_7_5_t4_v1_cesp
-2025416682,packed_mp_veh_mod_idx_s_12_v32
-2025406807,vem_cmod_neonlay_6_t21_v38
-2025304535,arc_index_3_t0_v0
-2025076677,packed_mp_veh_mod_idx_s_22_v233
-2025048765,packed_mp_veh_mod_idx_s_0_v186
-2025032550,f_cl_clo_fxf_ph_0_1_t14_v1
-2024945185,vem_horn_clas1_t10_v32
-2024894939,m_cl_clo_bhm_u_0_0_t11_v1
-2024796576,vem_roof_2_t12_v30
-2024752688,packed_mp_veh_mod_idx_9_v136
-2024695804,mp_stat_mpsv_model_217
-2024678936,vem_supermod_14_2_t55_v28
-2024627389,f_cl_clo_grf_u_17_7_t11_v1
-2024567119,f_cl_clo_x2f_ht_4_5_t14_v1
-2024470635,vem_colour_1_mct_classic_harbor_blue_t24_v33
-2024452670,vem_rwd_musc_17_t19_v12
-2024393568,packed_mp_veh_mod_idx_14_v112
-2024375154,m_cl_clo_x6m_f_5_13_t6_v1
-2024168036,f_cl_clo_smf_b_8_16_t1_v1
-2024160406,f_cl_clo_vwf_ph_1_11_t14_v1
-2024152201,packed_mp_veh_mod_idx_s_21_v270
-2024142035,f_cl_clo_vwf_u_15_11_t11_v1
-2024104772,wp_wct_clip_tr_t0_v8_n2
-2024100267,f_cl_clo_fxf_b_1_0_t1_v1
-2024039596,f_cl_clo_h3f_o_bs_4_t8_v12
-2024038287,m_cl_clo_vwm_u_17_11_t11_v1
-2023993334,packed_mp_veh_mod_idx_s_16_v382
-2023959640,f_cl_clo_x6f_l_8_3_t4_v1
-2023909469,vem_bumper_f_0_t34_v26
-2023878767,packed_mp_veh_mod_idx_s_3_v276
-2023858285,m_cl_clo_smm_u_7_4_t11_v1
-2023843503,wp_wct_supp_t1_v2
-2023750715,f_cl_clo_trf_u_14_9_t11_v1
-2023748073,f_cl_clo_bhf_u_9_11_t11_v1
-2023674090,f_cl_clo_bbf_005_t4_v1
-2023663940,f_cl_clo_grf_f_1_4_t6_v1
-2023644865,mp_stat_mpsv_model_63
-2023628755,wp_wct_camo_8_t1_v46_n2
-2023625159,packed_mp_veh_mod_idx_2_v352
-2023539730,m_cl_clo_halm_10_0_t1_v1
-2023539590,f_cl_clo_smf_b_1_7_t1_v1
-2023523532,f_cl_u_fmf_5_1_t11_v0
-2023476316,vem_colour_extra_1_mct_classic_red_t24_v4
-2023422984,m_cl_clo_grm_u_17_8_t11_v1
-2023417064,packed_mp_veh_primary_colour_group_v200
-2023380131,f_cl_l_fmf_6_0_t4_v0
-2023323946,packed_mp_veh_mod_idx_11_v116
-2023244003,m_cl_clo_hp_u_5_3_t8_v1
-2023154226,dec_vw_aw_wv_2a
-2023136191,m_ta_tat_h4_019_t0_v0
-2023061719,pr_pm_modshop_17_t90_v0
-2022899536,packed_mp_veh_mod_idx_13_v17
-2022802653,vem_smod3_whlv64_t66_v3
-2022755233,m_cl_clo_hp_u_9_0_t11_v2
-2022708033,vem_supermod_41_13_t41_v7
-2022686865,vem_supermod_22_11_t63_v27
-2022647034,f_cl_clo_sbf_f_5_1_t6_v1
-2022552356,dec_vw_aw_wv_81
-2022533357,vem_colour_1_mct_classic_frost_white_t24_v33
-2022447701,packed_mp_veh_mod_idx_7_v223
-2022393652,packed_mp_veh_mod_idx_s_7_v407
-2022313921,packed_mp_veh_mod_idx_12_v235
-2022310031,packed_lr_vehicle_colour_5_v15
-2022255343,vem_colour_1_mct_classic_bright_purple_t24_v33
-2022251023,packed_mp_veh_mod_idx_s_0_v58
-2022187244,f_cl_clo_ief_b_6_5_t1_v1
-2022176026,vem_smod4_whlv174_t66_v0
-2022051862,wp_wct_c_tint_10_t2_v9_n2
-2022004698,mp_stat_mpsv_model_276
-2021760772,m_cl_he_fmm_18_6_t14_v0
-2021724498,m_cl_clo_halm_12_2_t1_v1
-2021552961,vem_insurance_yosemite2
-2021495183,vem_supermod_17_3_t58_v3
-2021437582,packed_ng_vehicle_smoke_v402
-2021351796,m_cl_clo_sum_decl_24_t100_v0
-2021330410,packed_mp_veh_secondary_colour_group_v380
-2021241311,vem_smod_whlv187_t66_v0
-2021215549,vem_supermod_14_23_t55_v3
-2021158400,packed_mp_veh_mod_idx_s_17_v148
-2021113589,vem_yacht_light_4_v0
-2021091288,wp_wm_tint1_t2_v0
-2020948460,packed_mp_veh_mod_idx_6_v114
-2020847819,vem_colour_2_mct_classic_flur_yellow_t25_v1
-2020771897,packed_ng_vehicle_neon_kit_v284
-2020670016,f_cl_clo_h4f_ph_0_1_t14_v1
-2020593837,f_cl_clo_bif_ph_6_5_t14_v1
-2020478842,vem_smod4_whlv90_t66_v3
-2020476669,packed_mp_veh_mod_idx_s_22_v374
-2020427553,packed_mp_veh_mod_idx_23_v186
-2020423211,vem_colour_1_mct_metallic_midnight_blue_t24_v4
-2020395447,packed_ng_vehicle_neon_v67
-2020234131,vem_cmod_tyr_7_t18_v39
-2020205878,packed_ng_vehicle_smoke_v391
-2020092698,f_cl_clo_h3f_o_bs_4_t3_v12
-2020091240,packed_ng_vehicle_neon_kit_v221
-2020069064,m_cl_clo_arm_u_3_4_t11_v1
-2020053044,m_cl_clo_scm_o_4_t3_v12
-2020033450,f_cl_clo_x4f_u_9_1_t11_v1
-2020010503,packed_mp_veh_livery_0_v51
-2019973236,m_cl_clo_exm_af_4_0_t6_v1
-2019913740,packed_mp_veh_mod_idx_s_6_v338
-2019910400,vem_smod5_whlv74_t66_v3
-2019861946,vem_colour_extra_1_mct_matte_purple_t24_v33
-2019861177,vem_insurance_openwheel2
-2019801480,m_cl_clo_s1m_u_3_0_t11_v1
-2019800614,vem_smod_whl12_t19_v3
-2019797612,m_cl_clo_grm_b_2_18_t1_v1
-2019797138,vem_rwd_offr_02_t19_v2
-2019746634,m_cl_clo_h3m_b_19_4_t1_v1
-2019703043,vem_chassis_0_t4_v11
-2019672012,vem_supermod_11_0_t52_v37
-2019663121,packed_mp_veh_mod_idx_s_15_v366
-2019611687,packed_mp_veh_mod_idx_24_v35
-2019521789,mp_stat_spcontotalforwhouse3_v0
-2019514921,vem_roof_13_t12_v4
-2019414328,f_cl_outfit_clo_awf_o_e_5_t12_v0
-2019376931,packed_mp_veh_mod_idx_s_14_v118
-2019327113,packed_mp_veh_mod_idx_s_1_v30
-2019250583,vem_supermod_2_23_t43_v3
-2019205139,vem_colour_5_saddle_brown_t38_v3
-2019184920,f_cl_clo_bbf_u_3_1_t11_v1
-2019175224,packed_mp_veh_mod_idx_s_0_v259
-2019142932,f_ha_cc_blush_2_t6_v0
-2019089326,packed_mp_veh_colour_extra2_0_v331
-2019083146,packed_mp_veh_mod_idx_10_v344
-2019063684,packed_mp_veh_mod_var_0_v5
-2018963905,vem_colour_2_mct_classic_silver_t25_v3
-2018899801,f_cl_clo_x6f_u_10_0_t11_v1
-2018871899,f_cl_clo_busf_u_2_6_t11_v1
-2018727288,packed_mp_veh_mod_idx_14_v214
-2018711169,vem_cmod_tyr_13_t18_v5
-2018628500,ve_alkonost_t0_v34
-2018583044,vem_rwd_bikew_32_t19_v4
-2018236670,f_cl_clo_busf_f_0_11_t6_v1
-2018213315,pr_pm_bname_0_t0_v0
-2018159401,packed_mp_veh_mod_idx_s_16_v141
-2018154142,packed_lr_vehicle_colour_6_v53
-2018000549,f_cl_clo_scf_f_0_15_t6_v1
-2017974030,wp_wm_tint7_t2_v88
-2017925037,service_earn_casino_story_mission_reward
-2017896156,packed_mp_veh_mod_idx_s_12_v89
-2017893670,m_cl_clo_sum_u_16_14_t11_v1
-2017849487,f_cl_clo_x6f_f_12_11_t6_v1
-2017763715,f_cl_clo_vwf_ph_1_22_t14_v1
-2017758313,packed_mp_veh_mod_idx_s_8_v177
-2017743779,m_ha_cc_eyebrw_21_t2_v1
-2017732740,vem_supermod_22_0_t63_v37
-2017644445,wp_wm_tint5_t3_v4
-2017620914,f_ta_tat_bi_050_t0_v0_cesp
-2017609107,packed_ng_vehicle_neon_v158
-2017496965,f_cl_clo_scf_ph_1_0_t14_v1
-2017367861,vem_horn_clas3_t10_v10
-2017316358,f_cl_clo_h2f_s_9_2_t8_v1
-2017285513,packed_mp_veh_mod_var_0_v343
-2017197173,m_cl_clo_bim_s_10_11_t8_v1
-2017150820,packed_lr_vehicle_colour_6_v278
-2017136866,f_cl_clo_lxf_e_7_1_t14_v1
-2017134704,packed_mp_veh_livery_0_v113
-2017099550,m_cl_clo_stm_o_5_t11_v12_cesp
-2017022225,m_cl_clo_stm_u_3_9_t11_v1
-2016908180,vem_supermod_11_5_t52_v10
-2016906440,packed_mp_veh_mod_idx_2_v17
-2016771834,autoshop_wal_7_t0_v0
-2016712663,f_cl_clo_vwf_pe_3_0_t14_v1
-2016688895,f_cl_clo_ief_u_7_12_t11_v1
-2016671036,f_cl_clo_hp_f_d_34_t11_v1
-2016624231,ve_oracle2_t0_v1
-2016599731,packed_mp_veh_mod_idx_s_13_v381
-2016588120,packed_mp_veh_mod_idx_s_8_v382
-2016552436,m_cl_clo_smm_b_8_4_t1_v1
-2016441851,vem_rwd_loride_14_t19_v0
-2016419292,packed_mp_veh_mod_idx_s_7_v76
-2016418362,m_cl_clo_grm_l_2_18_t4_v1
-2016281212,packed_mp_veh_mod_idx_23_v41
-2016222739,packed_mp_veh_mod_idx_10_v370
-2016155139,m_cl_clo_l2m_t_3_0_t7_v1
-2016109595,packed_mp_veh_mod_idx_s_16_v216
-2016039483,m_cl_u_fmm_0_2_t8_v0
-2015977581,m_cl_clo_h3m_b_18_2_t1_v1
-2015919828,packed_mp_veh_primary_colour_group_v137
-2015871085,packed_mp_veh_mod_idx_s_0_v109
-2015824364,packed_mp_veh_mod_idx_s_3_v65
-2015747603,f_cl_clo_bif_u_17_5_t11_v1
-2015686890,m_cl_clo_bim_s_11_20_t8_v1
-2015655536,vem_colour_5_bright_purple_t38_v3
-2015605892,vem_smod2_whlv51_t66_v3
-2015559917,m_cl_sp_fmm_6_14_t8_v0
-2015528351,packed_ng_vehicle_smoke_v20
-2015481525,wp_wct_clip2_t1_v50
-2015399333,service_earn_bounty_hunter_reward
-2015265846,f_cl_clo_bif_decl_30_t100_v0
-2015265379,wp_wct_knuck_01_t1_v62
-2015255911,f_cl_clo_exf_g_3_8_t14_v0
-2015202263,vem_colour_extra_1_mct_metallic_might_purple_t24_v1
-2015149568,vem_supermod_10_1_t51_v38
-2015066227,vem_supermod_15_3_n1_t56_v38
-2015009786,packed_mp_veh_mod_idx_22_v283
-2014992234,vem_supermod_19_0_t60_v10
-2014883158,f_cl_clo_bbf_f_007_t6_v1
-2014877453,ve_f620_t0_v1
-2014837327,packed_mp_veh_mod_idx_s_20_v229
-2014824016,pr_pm_bfont_5_t0_v0
-2014791262,f_cl_clo_exf_g_14_10_t14_v0
-2014766077,f_cl_clo_hstf_o_m_0_t3_v12
-2014747353,packed_mp_veh_wheel_type_0_v11
-2014745859,m_cl_clo_h4m_prw_0_7_t14_v1
-2014731985,mp_stat_mpsv_model_32
-2014653422,m_cl_clo_l2m_e_18_2_t14_v1
-2014611997,m_cl_clo_h4m_pey_3_7_t14_v1
-2014444449,f_cl_clo_x17f_o_m_11_t3_v12
-2014438362,vem_colour_extra_1_mct_pearlescent_lava_red_t24_v2
-2014404756,m_cl_clo_vwm_u_15_20_t11_v1
-2014360224,m_cl_clo_exm_au_4_0_t11_v1
-2014295000,packed_mp_veh_mod_var_0_v163
-2014194775,packed_mp_veh_mod_idx_s_10_v372
-2014096847,packed_mp_veh_mod_idx_s_19_v59
-2013981618,vem_grill_5_t8_v27
-2013914683,packed_mp_veh_mod_idx_s_12_v225
-2013872688,f_cl_outfit_clo_arf_o_7_t12_v0
-2013839276,m_cl_clo_h2m_b_9_12_t1_v1
-2013838718,packed_lr_vehicle_colour_5_v122
-2013817884,vem_yacht_flag_32_v0
-2013760296,service_spend_agent_14_vehicle_request
-2013748909,m_cl_outfit_clo_indm_o_2_t12_v0
-2013743866,vem_smod5_whlv51_t66_v3
-2013729510,vem_colour_extra_1_mct_pearlescent_bison_brown_t24_v3
-2013681486,m_cl_clo_hilf_u_1_2_t11_v1
-2013548846,packed_mp_veh_mod_idx_7_v8
-2013460018,vem_supermod_23_7_t64_v28
-2013426635,packed_mp_veh_mod_idx_s_5_v246
-2013414877,m_cl_clo_awm_decl_110_t100_v0
-2013289891,packed_mp_veh_mod_idx_s_2_v33
-2013264256,packed_mp_veh_mod_idx_s_1_v129
-2013241596,vem_insurance_schlagen
-2013177051,packed_mp_veh_window_tint_0_v218
-2013073316,packed_mp_veh_livery_0_v367
-2013021104,packed_mp_veh_mod_idx_s_3_v363
-2012974864,vem_insurance_italigtb
-2012945961,m_cl_clo_bim_pe_1_3_t14_v1
-2012837602,f_cl_outfit_clo_awf_o_f_2_t12_v0
-2012807289,m_cl_clo_lxm_dec_36_t11_v1
-2012717740,f_ta_tat_h3_023_t0_v0
-2012662618,wp_wct_var_gold_t1_v1
-2012661799,vem_rwd_musc_12_t19_v0
-2012570448,packed_mp_veh_mod_idx_s_15_v33
-2012479380,m_cl_clo_busm_s_1_15_t8_v1
-2012269277,vem_spt_08_t19_v2
-2012215483,packed_mp_veh_mod_idx_11_v123
-2012209124,packed_mp_veh_mod_idx_s_22_v58
-2012105804,vem_cmod_smoke_pat_t18_v33
-2012077050,mp_stat_mpsv_model_372
-2012045245,fcbase_sty1_t0_v0
-2011943398,f_cl_clo_hstfb_19_8_t1_v1
-2011932974,packed_mp_veh_mod_idx_11_v182
-2011896244,vem_trans_2_t16_v29
-2011872989,packed_mp_veh_mod_idx_1_v275
-2011712363,m_ta_tat_bus_011_t0_v0
-2011625526,vem_cmod_pla_3_t23_v0
-2011564885,f_cl_clo_exf_au_24_1_t11_v1
-2011534684,m_cl_clo_smm_b_6_15_t1_v1
-2011480295,ve_vigero2_t0_v3
-2011445484,m_ha_none_t2_v0
-2011341155,vem_supermod_1_9_t42_v38
-2011340178,casweb_spa_1_t0_v0
-2011242904,m_cl_clo_iem_o_10_t3_v12_cesp
-2011200632,vem_supermod_47_6_t47_v7
-2011188551,m_cl_clo_sum_l_1_17_t4_v1
-2011166758,vem_spoiler_1_t14_v28
-2011104174,packed_mp_veh_colour2_0_v327
-2011059474,vem_colour_extra_1_mct_classic_lava_red_t24_v3
-2010961435,vem_engine_3_t5_v6
-2010856859,packed_mp_veh_mod_idx_s_17_v277
-2010846437,m_ha_cc_blush_0_t6_v0
-2010776337,vem_spoiler_4_t14_v7
-2010733084,vem_cmod_win_3_t33_v27
-2010727867,f_cl_clo_bbf_u_3_4_t11_v1
-2010645540,f_cl_clo_grf_u_24_5_t11_v1
-2010634319,vem_colour_2_mct_classic_blaze_red_t25_v4
-2010633989,m_cl_clo_ltsm_o_14_t8_v12
-2010597973,f_cl_clo_l2f_dec_9_t11_v1
-2010525367,m_cl_clo_bim_decl_53_t11_v1
-2010371168,m_cl_clo_awm_decl_2_t100_v0
-2010360186,packed_mp_veh_mod_idx_s_10_v350
-2010343968,f_cl_clo_scf_f_0_24_t6_v1
-2010208596,f_cl_clo_bif_u_12_3_t11_v1
-2010102326,packed_mp_veh_mod_idx_14_v396
-2009955689,f_cl_clo_bif_decl_57_t11_v1
-2009852813,f_cl_clo_s2f_u_3_15_t11_v1
-2009779051,f_cl_outfit_clo_stf_o_10_t12_v0
-2009698683,vem_supermod_48_8_t48_v7
-2009590143,vem_grill_3_t8_v35
-2009585249,pr_pm_modshop_5_t90_v0
-2009505418,packed_mp_veh_mod_idx_7_v251
-2009470667,f_ta_tat_h4_002_t0_v0
-2009465026,vem_supermod_13_7_t54_v26
-2009459613,packed_mp_veh_mod_idx_0_v245
-2009451045,vem_colour_extra_1_mct_metallic_yellow_t24_v0
-2009432038,packed_lr_vehicle_colour_5_v20
-2009354766,packed_mp_veh_mod_idx_s_14_v383
-2009282734,packed_mp_veh_mod_idx_s_6_v125
-2009144400,packed_mp_veh_mod_var_1_v404
-2009026774,vem_supermod_18_2_t59_v27
-2009015557,m_cl_clo_grm_l_3_21_t4_v1
-2008968662,wp_wct_camo_2_t1_v47_n2
-2008946485,vem_smod3_whlv36_t66_v3
-2008910291,vem_smod4_whlv69_t66_v0
-2008837278,packed_ng_vehicle_neon_kit_v8
-2008437231,vem_colour_1_mct_classic_blue_t24_v3
-2008403131,m_cl_clo_s1m_f_1_8_t6_v1
-2008344539,m_cl_clo_bus_m_0_10_t1_v1
-2008299683,vem_hood_20_t9_v1
-2008283543,packed_mp_veh_mod_idx_s_20_v221
-2008282055,m_cl_clo_h3m_o_pr_2_t3_v12
-2008274591,vem_smod4_whlv18_t66_v3
-2008208611,wp_wct_clip2_t1_v73
-2008201347,m_cl_clo_bhm_u_4_6_t11_v1
-2008094864,vem_colour_extra_1_mct_pearlescent_creek_brown_t24_v3
-2008043895,vem_rwd_loride_03_t19_v0
-2008038941,packed_mp_veh_primary_colour_group_v400
-2008011660,vem_supermod_8_10_t49_v3
-2008011286,packed_mp_veh_colour2_0_v272
-2007995135,vem_cmod_hrn_sad_t10_v0
-2007920749,vem_suspension_3_t15_v6
-2007873987,m_cl_clo_hilf_u_2_5_t11_v1
-2007738202,packed_mp_veh_mod_idx_11_v198
-2007645411,vem_cmod_neoncol_10_t21_v7
-2007645099,m_cl_clo_bim_decl_53_t100_v0
-2007608363,vem_supermod_3_38_t44_v27
-2007592031,m_cl_clo_exm_au_11_3_t11_v1
-2007589147,packed_mp_veh_mod_idx_3_v410
-2007571731,packed_ng_vehicle_insurance_v181
-2007485051,vem_grill_3_t8_v0
-2007400668,vem_supermod_7_5_t48_v26
-2007231109,m_cl_clo_bim_u_5_3_t11_v1
-2007186278,m_cl_clo_smm_b_5_18_t1_v1
-2007015538,f_cl_clo_s1f_u_6_0_t100_v0
-2007003026,f_cl_t_fmf_2_4_t7_v0
-2006924269,packed_mp_veh_mod_idx_14_v307
-2006872653,wp_pm_tint1_t2_v33
-2006838453,vem_skirt_4_t13_v26
-2006791720,m_cl_clo_fxm_l_3_21_t4_v1
-2006771933,packed_mp_veh_secondary_colour_group_v245
-2006751865,f_cl_clo_exf_ah_1_0_t14_v1
-2006731540,f_cl_clo_grf_decl_4_t11_v1
-2006626856,f_cl_clo_smf_u_2_9_t11_v1
-2006588721,packed_mp_veh_mod_idx_s_23_v186
-2006577157,vem_colour_2_mct_metallic_lava_red_t25_v0
-2006539960,packed_mp_veh_mod_idx_s_18_v122
-2006524713,packed_mp_veh_mod_var_0_v285
-2006425371,vem_supermod_55_11_t55_v7
-2006318394,f_cl_l_fmf_8_10_t4_v0
-2006270787,packed_mp_veh_mod_idx_s_21_v392
-2006227463,f_ha_none_t6_v1
-2006115230,ve_pyro_t1_v33
-2006029151,f_cl_clo_h4f_o_s2_f1_t3_v12
-2006026702,m_cl_clo_trm_u_8_14_t11_v1
-2006017839,vem_smod_whl14_t19_v3
-2006013506,f_cl_outfit_clo_scf_o_7_t12_v0
-2005968009,f_cl_clo_apf_l_10_5_t4_v1
-2005883725,vem_supermod_6_8_t47_v27
-2005880792,vem_colour_2_mct_matte_matte_od_t25_v33
-2005784543,m_cl_clo_bim_ph_10_1_t14_v1
-2005742322,packed_mp_veh_mod_idx_1_v119
-2005739508,packed_mp_int_truck_mod_slot_4_v0
-2005662518,packed_mp_veh_mod_idx_16_v22
-2005651063,vem_colour_extra_1_mct_pearlescent_dark_green_t24_v0
-2005645146,f_cl_clo_grf_u_23_9_t11_v1
-2005605689,f_cl_clo_v2f_o_5_t3_v12
-2005596503,vem_rwd_musc_04_t19_v12
-2005520733,packed_mp_veh_mod_idx_14_v237
-2005390476,m_cl_outfit_clo_h3m_o_bs_4_t12_v0
-2005338007,m_cl_clo_l2m_t_4_0_t7_v1
-2005327031,vem_smod4_whlv206_t66_v2
-2005250146,m_cl_clo_bim_s_11_5_t8_v1
-2005041462,packed_mp_veh_plate_id_v277
-2005007808,packed_mp_veh_mod_var_0_v66
-2004894920,packed_mp_veh_mod_idx_s_3_v345
-2004772673,packed_mp_veh_colour_extra2_0_v371
-2004733268,vem_colour_1_mct_metallic_garnet_red_t24_v33
-2004696096,m_ta_tat_bi_037_t0_v0_cesp
-2004587713,f_cl_clo_s2f_o_4_t8_v12
-2004390986,vem_cmod_tyr_11_t18_v5
-2004314537,packed_mp_veh_mod_idx_0_v384
-2004307396,m_cl_clo_bbm_h_1_5_t14_v1
-2004288354,packed_mp_veh_mod_idx_s_23_v382
-2004199322,packed_mp_veh_colour1_0_v55
-2004158304,ve_bmx_t0_v4
-2004122645,m_cl_outfit_clo_hilf_o_20_t12_v0
-2004032852,m_cl_outfit_clo_h2m_o_g_9_t12_v0
-2004029149,m_cl_clo_h3m_u_10_15_t11_v1
-2003927984,packed_mp_veh_mod_idx_0_v218
-2003897850,m_cl_clo_sum_b_3_13_t1_v1
-2003864499,packed_mp_veh_mod_idx_4_v121
-2003837670,packed_mp_veh_colour1_0_v26
-2003822671,packed_mp_veh_mod_idx_s_15_v100
-2003631904,wp_ps_bag_49_t1_v33
-2003593543,m_cl_clo_bhm_u_9_5_t11_v1
-2003523464,m_cl_outfit_clo_trm_o_r2_t12_v0
-2003460228,m_cl_clo_h4m_u_7_5_t11_v1
-2003335603,m_cl_clo_hp_d_23_t11_v1
-2003283038,packed_mp_veh_mod_idx_13_v330
-2003254504,wp_wct_clip2_t1_v8
-2003246454,packed_mp_veh_mod_idx_s_16_v178
-2003189458,m_cl_u_fmm_6_8_t11_v0
-2003173105,vem_cmod_neoncol_255_t21_v28
-2003106499,m_cl_clo_busm_u_3_6_t8_v1
-2003071370,packed_mp_veh_mod_idx_s_16_v35
-2003058916,vem_mwt_sport_t0_v0
-2002987563,packed_mp_veh_mod_idx_18_v215
-2002917049,vem_supermod_0_2_t41_v3
-2002908356,packed_mp_int_hackertruck_motorcycle_workshop_v0
-2002899884,m_cl_clo_hp_d_29_t8_v1
-2002864732,f_cl_clo_stf_l_3_17_t4_v1
-2002841754,packed_mp_veh_wheel_type_0_v215
-2002751276,f_cl_clo_trf_u_14_16_t11_v1
-2002743405,m_cl_clo_h2m_u_6_14_t11_v1
-2002703889,packed_mp_veh_mod_idx_11_v231
-2002637944,f_cl_clo_bhf_u_1_2_t11_v1
-2002573048,m_cl_clo_vwm_decl_25_t100_v0
-2002572741,pr_pm_modshop_8_t88_v0
-2002505879,vem_cmod_tyr_9_t18_v0
-2002500567,packed_mp_veh_mod_idx_12_v14
-2002462371,f_cl_clo_x6f_f_0_7_t6_v1
-2002403917,vem_bumper_r_18_t35_v28
-2002336865,f_cl_clo_trf_u_11_9_t11_v1
-2002319087,m_cl_clo_exm_au_10_2_t11_v1
-2002265472,packed_mp_veh_livery2_0_v322
-2002254041,m_ta_tat_sm_018_t0_v0
-2002196595,packed_mp_veh_mod_idx_s_17_v58
-2002131180,m_cl_clo_awm_decl_77_t100_v0
-2002117983,f_cl_clo_grf_ph_0_9_t14_v1
-2002057838,m_cl_clo_exm_eu_10_5_t8_v1
-2001997917,f_cl_clo_fxf_pe_2_10_t14_v1
-2001988915,vem_rwd_drft_18_t19_v3
-2001953312,packed_mp_veh_mod_idx_16_v219
-2001950662,packed_lr_vehicle_colour_5_v277
-2001911411,m_cl_clo_h4m_b_4_17_t1_v1
-2001903279,packed_mp_veh_mod_idx_5_v83
-2001729967,m_cl_g_fmm_10_5_t14_v0
-2001660052,wp_wct_tint_18_t2_v13_n2
-2001622661,f_cl_clo_l2f_h_0_5_t14_v1
-2001584799,vem_colour_1_mct_metallic_sienna_brown_t24_v33
-2001577421,m_cl_clo_trm_f_1_5_t6_v1
-2001568115,f_cl_clo_awf_o_b_15_t3_v12
-2001495716,packed_mp_veh_mod_idx_s_15_v114
-2001473786,f_cl_clo_arf_ph_0_17_t14_v1
-2001339850,m_cl_clo_hp_d_16_t8_v2
-2001254803,fcclub_garg_2_t0_v0
-2001241931,packed_mp_veh_livery_0_v285
-2001223684,mp_stat_mission_tuner_client_1_v0
-2001037046,packed_mp_veh_mod_idx_9_v354
-2000917577,packed_ng_vehicle_bpt_v116
-2000873600,m_cl_clo_h3m_ph_1_1_t14_v1
-2000870622,mp_stat_multi_property_3_v0
-2000869990,packed_mp_veh_mod_var_1_v394
-2000725452,m_cl_clo_smm_u_8_5_t11_v1
-2000695878,f_cl_clo_bif_decl_38_t100_v0
-2000652636,packed_mp_veh_mod_idx_11_v406
-2000626973,wp_wct_tint_15_t2_v5_n2
-2000600812,m_cl_clo_grm_u_16_15_t11_v1
-2000513452,f_cl_clo_fxf_u_2_0_t11_v1
-2000464772,m_cl_clo_hp_l_0_3_t4_v1
-2000374210,packed_mp_veh_colour2_0_v146
-2000294489,packed_mp_veh_mod_idx_22_v239
-2000264317,vem_colour_extra_1_mct_pearlescent_bright_orange_t24_v3
-2000205704,m_cl_clo_bim_f_2_0_t6_v1
-2000193823,packed_mp_veh_mod_idx_s_15_v332
-1999832346,service_earn_tuner_award_bolingbroke_ass
-1999552686,packed_ng_vehicle_bpt_v284
-1999516418,vem_sub_heli_w_2
-1999491345,m_cl_clo_val_decl_e_t8_v1
-1999473784,vem_supermod_23_12_t64_v34
-1999416067,f_cl_u_fmf_2_14_t11_v0
-1999305109,packed_mp_veh_primary_colour_group_v110
-1999223241,f_cl_outfit_clo_awf_o_h_7_t12_v0
-1999074379,packed_mp_veh_mod_idx_15_v95
-1999069738,vem_colour_1_mct_classic_spin_purple_t24_v0
-1998947288,vem_supermod_18_21_t59_v3
-1998940414,m_cl_clo_smm_f_0_1_t6_v1
-1998828801,packed_mp_veh_mod_idx_7_v377
-1998710251,packed_mp_veh_mod_idx_s_11_v2
-1998696476,packed_mp_veh_mod_var_0_v110
-1998647734,m_cl_clo_vwm_pey_1_0_t14_v1
-1998635321,packed_mp_veh_mod_idx_s_0_v333
-1998580945,dec_vw_aw_wv_11d
-1998509082,m_cl_clo_v2m_f_0_2_t6_v1
-1998466805,f_cl_clo_bif_decl_47_t100_v0
-1998410980,m_cl_clo_scm_b_2_2_t1_v1
-1998279121,packed_mp_veh_mod_idx_4_v29
-1998272223,f_cl_clo_exf_af_4_0_t6_v1
-1998217040,packed_mp_veh_mod_idx_s_6_v150
-1998212550,packed_mp_veh_secondary_colour_group_v188
-1998106619,vem_exhaust_1_t6_v0
-1998099401,packed_mp_veh_mod_idx_s_23_v99
-1998067388,m_cl_clo_sum_decl_15_t100_v0
-1997891240,f_cl_clo_apf_u_19_0_t11_v1
-1997888013,packed_mp_veh_mod_idx_s_20_v325
-1997814075,wp_wct_scope_mac2_t1_v56_n2
-1997779684,m_cl_clo_sum_l_2_6_t4_v1
-1997728576,packed_mp_veh_mod_idx_8_v263
-1997639933,f_cl_clo_h4f_u_2_4_t11_v1
-1997630470,vem_rwd_bikew_15_t19_v3
-1997628180,packed_mp_veh_mod_idx_s_16_v81
-1997572438,packed_mp_veh_mod_idx_s_4_v394
-1997563812,packed_mp_veh_mod_idx_s_12_v271
-1997516999,packed_mp_veh_mod_idx_22_v344
-1997485381,f_ta_tat_st_030_t0_v0
-1997449447,packed_mp_veh_mod_idx_8_v107
-1997430831,f_cl_clo_ief_o_8_t3_v12
-1997417948,m_cl_clo_h2m_u_7_10_t11_v1
-1997371781,vem_bumper_f_6_t34_v3
-1997290880,packed_mp_veh_mod_idx_6_v209
-1997076209,m_cl_clo_x6m_o_o_8_t3_v12
-1997012588,m_cl_clo_awm_u_9_7_t11_v1
-1996945535,m_ta_tat_h27_002_t0_v0
-1996922865,po_coupon_car_xmas2017
-1996827296,packed_mp_veh_mod_idx_7_v309
-1996826258,m_cl_clo_scm_ey_1_0_t14_v1
-1996784775,vem_suv_07_t19_v2
-1996733583,packed_mp_veh_livery2_0_v354
-1996717985,packed_mp_veh_mod_idx_24_v371
-1996638522,m_cl_clo_h4m_b_4_16_t1_v1
-1996592674,vem_supermod_8_11_t49_v3
-1996556839,vem_supermod_45_0_t45_v7
-1996532300,vem_supermod_54_7_t54_v7
-1996463882,mp_stat_mpsv_model_343
-1996405487,f_cl_clo_hstf_u_16_3_t11_v1
-1996391455,f_cl_clo_stf_o_20_t3_v12
-1996381656,vem_supermod_7_7_t48_v7
-1996310158,f_cl_clo_sbf_b_10_7_t1_v1
-1996308038,f_cl_clo_lxf_e_3_1_t14_v1
-1996231061,f_cl_clo_vwf_u_6_10_t11_v1
-1996212873,packed_mp_veh_mod_idx_14_v200
-1996191338,m_cl_clo_hp_u_1_1_t11_v1
-1996178543,m_cl_clo_x6m_u_26_7_t11_v1
-1996050889,packed_ng_vehicle_neon_v161
-1995975938,packed_mp_veh_mod_idx_s_4_v240
-1995947752,packed_mp_veh_livery2_0_v121
-1995946437,packed_mp_veh_mod_idx_0_v78
-1995888837,m_cl_clo_iem_l_0_1_t4_v1
-1995854221,f_cl_clo_ief_ph_0_0_t14_v1
-1995810009,m_cl_clo_hp_u_8_3_t11_v1
-1995781442,m_cl_outfit_clo_x6m_o_o_24_t12_v0
-1995671784,vem_colour_5_mariner_blue_t38_v3
-1995596440,packed_mp_veh_mod_idx_9_v392
-1995579015,vem_supermod_19_10_t60_v28
-1995570306,vem_supermod_15_24_t56_v3
-1995474326,m_cl_f_fmm_12_0_t6_v0
-1995422983,packed_mp_veh_mod_idx_15_v173
-1995392508,f_cl_clo_busf_g0_6_t14_v1
-1995259374,packed_mp_veh_mod_idx_23_v389
-1995208180,f_cl_clo_vwf_u_13_15_t11_v1
-1995126852,m_cl_clo_x6m_f_5_17_t6_v1
-1995104814,packed_mp_veh_colour_extra1_0_v340
-1995086409,f_cl_clo_hstf_u_3_0_t11_v1
-1995004859,m_cl_clo_x6m_ph_0_15_t14_v1
-1994952203,vem_hlight_0_t11_v4
-1994559206,f_cl_clo_h3f_b_9_6_t1_v1
-1994188669,vem_bumper_f_4_t34_v4
-1994186490,vem_colour_extra_1_mct_classic_cast_iron_sil_t24_v2
-1994175737,f_ha_cc_mkup_40_t7_v1
-1994152718,packed_mp_veh_mod_idx_s_18_v147
-1994089007,m_cl_clo_vwm_pe_0_0_t14_v1
-1994087969,f_cl_clo_suf_u_18_10_t11_v1
-1994072212,packed_mp_veh_mod_idx_16_v54
-1994042234,m_cl_outfit_clo_exm_ob_14_t12_v0
-1994034524,m_cl_clo_smm_decl_6_t100_v0
-1993953713,m_cl_clo_vwm_decl_29_t100_v0
-1993804346,vem_bumper_f_17_t34_v1
-1993729381,f_cl_clo_grf_u_21_11_t11_v1
-1993639364,vem_colour_extra_1_mct_pearlescent_bright_green_t24_v2
-1993585745,m_cl_clo_stm_u_3_1_t11_v1
-1993553358,m_cl_clo_h4m_ph_1_5_t14_v1
-1993537165,packed_mp_veh_mod_idx_s_5_v338
-1993510042,packed_mp_veh_secondary_colour_group_v12
-1993433506,vem_insurance_rcbandito
-1993426277,f_cl_clo_h3f_u_9_6_t11_v1
-1993337673,packed_mp_veh_mod_idx_4_v150
-1993314725,m_cl_clo_x6m_ph_1_22_t14_v1
-1993300794,vem_insurance_daemon
-1993233813,packed_lr_vehicle_colour_6_v3
-1993092439,packed_mp_veh_mod_idx_15_v367
-1993069537,f_cl_clo_l2f_u_7_8_t11_v1
-1992977241,f_cl_clo_bhf_u_4_6_t11_v1
-1992976660,m_cl_clo_bhm_decl_40_t11_v1
-1992969603,m_cl_clo_h3m_u_3_6_t11_v1
-1992941171,m_cl_outfit_o_fmm_p7_t12_v0
-1992928933,packed_mp_veh_mod_idx_6_v188
-1992900554,m_cl_clo_hstm_t_1_11_t7_v1
-1992892920,packed_mp_veh_window_tint_0_v236
-1992881413,m_cl_clo_hstm_b_13_0_t1_v1
-1992864087,vem_offr_13_t19_v3
-1992844834,packed_mp_veh_livery_0_v46
-1992844282,f_cl_clo_trf_b_2_0_t1_v1
-1992750633,packed_mp_veh_mod_idx_s_14_v1
-1992649168,m_cl_clo_stm_u_3_0_t11_v1
-1992639315,packed_mp_veh_secondary_colour_group_v413
-1992448470,vem_smod_whlv108_t66_v0
-1992430463,m_cl_u_fmm_3_5_t11_v0
-1992378431,vem_bumper_f_14_t34_v27
-1992293778,f_cl_clo_x2f_ht_4_1_t14_v0
-1992290286,m_cl_clo_vwm_u_23_9_t11_v1
-1992275416,vem_supermod_21_10_t62_v26
-1992248519,f_cl_clo_ief_ph_0_10_t14_v1
-1992225999,packed_mp_veh_mod_idx_s_4_v338
-1992097648,vem_colour_2_mct_matte_matte_for_t25_v33
-1991884920,packed_mp_veh_mod_idx_s_7_v318
-1991879320,f_cl_clo_scf_ey_0_18_t14_v1
-1991849128,vem_colour_2_mct_classic_anthr_black_t25_v4
-1991742564,packed_mp_veh_mod_idx_s_9_v414
-1991691414,f_cl_g_fmf_1_4_t14_v0
-1991611244,packed_mp_veh_mod_idx_s_14_v234
-1991519750,vem_colour_2_mct_classic_bison_brown_t25_v33
-1991268987,vem_colour_extra_1_mct_pearlescent_bleeched_brown_t24_v0
-1991201620,f_cl_clo_bhf_u_1_11_t11_v1
-1991191060,f_cl_clo_suf_l_1_13_t4_v1
-1991174489,f_cl_outfit_clo_hstf_o_10_t12_v0
-1991124852,packed_mp_veh_mod_idx_s_10_v309
-1991094654,packed_mp_veh_mod_idx_s_8_v378
-1990939895,m_cl_u_fmm_8_14_t11_v0
-1990928344,vem_fender_r_13_t37_v35
-1990914696,vem_supermod_7_6_t48_v11
-1990904228,m_cl_clo_trm_d_20_0_t10_v1
-1990852051,m_cl_clo_fxm_u_6_10_t11_v1
-1990704341,packed_mp_veh_colour1_0_v278
-1990680445,packed_mp_veh_mod_idx_s_9_v1
-1990665415,m_cl_clo_grm_b_5_21_t1_v1
-1990621990,packed_mp_veh_plate_id_v235
-1990599226,f_cl_clo_s1f_dec_19_t11_v1
-1990471308,f_ha_cc_mkup_87_t5_v0
-1990452157,packed_mp_veh_plate_id_v0
-1990327269,m_cl_clo_hp_u_1_0_t8_v1
-1990320564,f_cl_clo_h2f_b_4_24_t1_v1
-1990249108,vem_smod2_whlv101_t66_v3
-1990227592,packed_lr_vehicle_colour_5_v77
-1990218340,f_cl_clo_h4f_pey_3_8_t14_v1
-1990164571,vem_colour_2_mct_matte_white_t25_v1
-1989997190,packed_mp_veh_mod_idx_s_1_v197
-1989947460,m_cl_clo_trm_o_bs_0_t3_v12
-1989940599,m_cl_clo_vwm_l_2_9_t4_v1
-1989923424,f_cl_clo_grf_u_22_6_t11_v1
-1989890427,m_cl_clo_stm_ht1515_t14_v1
-1989887778,vem_colour_extra_1_mct_classic_diamond_blue_t24_v2
-1989696313,packed_mp_veh_mod_idx_s_6_v263
-1989530604,f_ta_tat_fm_244_t0_v0
-1989401185,f_cl_clo_smf_u_1_0_t11_v1
-1989387370,m_cl_outfit_clo_awm_o_c_4_t12_v0
-1989360532,packed_mp_veh_colour2_0_v68
-1989284774,m_cl_clo_indm_d_9_t8_v2
-1989268905,f_cl_clo_scf_ph_6_2_t14_v1
-1989255970,vem_colour_2_mct_metallic_harbor_blue_t25_v2
-1989225939,f_ta_tat_h3_037_t0_v0
-1989152950,f_cl_clo_hp_f_h_1_3_t14_v1
-1989134453,packed_mp_veh_livery_0_v64
-1989093581,m_cl_clo_fxm_u_6_8_t11_v1
-1989063266,packed_ng_vehicle_bpt_v249
-1989030195,vem_colour_extra_1_mct_matte_light_grey_t24_v4
-1989017403,m_cl_clo_fxm_pe_4_3_t14_v1
-1989012802,packed_mp_veh_mod_idx_2_v110
-1988989039,packed_mp_veh_mod_idx_8_v325
-1988945749,m_cl_m_fmm_7_1_t1_v0
-1988883922,hangar_mod_colour_5_t0_v0
-1988820521,wp_wt_ngtstk_t1_v1
-1988799345,packed_mp_veh_mod_idx_22_v307
-1988798784,wp_wct_tint_8_t2_v5_n2
-1988645347,m_cl_clo_bhm_decl_57_t100_v0
-1988591109,vem_musc_10_t19_v2
-1988492544,packed_mp_veh_mod_idx_s_4_v404
-1988489200,packed_mp_veh_mod_idx_15_v47
-1988300019,vem_roof_10_t12_v1
-1988291712,packed_mp_veh_mod_idx_s_1_v0
-1988215131,packed_ng_vehicle_smoke_v248
-1988209889,packed_mp_veh_mod_idx_s_19_v75
-1988138415,f_cl_u_fmf_13_6_t8_v0
-1988069304,bcm_veh_0_t0_v0_sell
-1988039669,vem_supermod_2_3_n1_t43_v38
-1988032561,vem_colour_2_mct_metals_gold_s_t25_v4
-1987723185,vem_cmod_col5_6_t29_v0
-1987705626,packed_mp_veh_mod_idx_13_v15
-1987665689,packed_mp_veh_mod_idx_s_9_v5
-1987536576,packed_mp_veh_mod_idx_14_v264
-1987476439,vem_supermod_53_16_t53_v7
-1987410380,m_cl_clo_iem_b_1_2_t1_v1
-1987389042,packed_mp_veh_mod_idx_s_8_v365
-1987369097,f_cl_clo_bif_u_25_6_t11_v1
-1987308661,packed_mp_veh_plate_id_v75
-1987151170,packed_mp_veh_secondary_colour_group_v360
-1987138308,f_cl_clo_awf_l_5_9_t4_v1
-1987084681,packed_mp_veh_mod_var_1_v260
-1987063836,vem_cmod_tyr_3_t18_v4
-1987025662,f_cl_clo_fxf_ph_6_6_t14_v1
-1987018333,f_cl_clo_bif_decl_60_t10_v1
-1986962379,wp_wm_tint4_t2_v88
-1986948565,f_cl_clo_arf_ph_0_11_t14_v1
-1986850094,m_cl_clo_lxm_u_5_11_t11_v1
-1986843907,f_cl_g_fmf_10_0_t14_v0
-1986769906,ve_banshee_t1_v3
-1986732565,f_cl_clo_smf_b_9_13_t1_v1
-1986705625,fcarcade_b_up3_c_19
-1986568056,vem_colour_2_mct_metallic_black_graphite_t25_v1
-1986469755,veu_specter2_t0_v0
-1986448136,m_cl_clo_x6m_u_1_19_t11_v1
-1986316070,packed_mp_veh_mod_idx_8_v414
-1986287506,m_cl_clo_sbm_u_11_22_t11_v1
-1986260531,packed_mp_veh_mod_idx_s_17_v104
-1986217155,packed_mp_veh_mod_idx_12_v180
-1986208940,m_ta_tat_h3_012_t0_v0
-1986183351,m_cl_clo_grm_u_16_1_t11_v1
-1986079660,vem_colour_1_mct_classic_graphite_t24_v2
-1985939602,vem_colour_1_mct_classic_yellow_t24_v4
-1985747971,m_cl_clo_arm_u_2_2_t11_v1
-1985743759,vem_suv_02_t19_v1
-1985695957,vem_cmod_smoke_9_t18_v33
-1985666650,vem_chassis_1_t4_v32
-1985658147,packed_ng_vehicle_insurance_v31
-1985645068,m_cl_clo_busm_t_2_7_t7_v1
-1985603528,vem_supermod_21_9_t62_v28
-1985452577,m_cl_outfit_clo_hstm_o_10_t12_v0
-1985295605,m_cl_clo_trm_u_19_2_t11_v1
-1985170525,f_cl_clo_hstf_s_8_5_t8_v1
-1985150258,service_earn_jobshare_cash
-1984976516,f_cl_clo_bhf_f_1_6_t6_v1
-1984934563,vem_smod_whlv186_t66_v0
-1984932412,vem_chassis_4_t4_v39
-1984912872,vem_supermod_5_5_t46_v28
-1984912635,packed_mp_veh_mod_idx_s_9_v181
-1984909069,m_cl_clo_indm_d_2_t100_v0
-1984807512,vem_smod4_whlv151_t66_v1
-1984774768,f_cl_clo_x6f_u_1_19_t11_v1
-1984667183,m_cl_clo_x6m_f_1_9_t6_v1
-1984647689,m_cl_clo_indm_ht_6_2_t14_v1
-1984513155,vem_supermod_21_12_t62_v26
-1984512211,wp_wct_c_tint_22_t2_v70_n2
-1984472614,packed_mp_veh_mod_var_0_v174
-1984371824,packed_mp_veh_livery_0_v141
-1984276869,packed_mp_veh_plate_id_v399
-1984257574,m_cl_clo_smm_ph_4_15_t14_v1
-1984038684,packed_mp_veh_mod_idx_6_v43
-1984032158,packed_mp_veh_mod_idx_s_7_v112
-1983974974,m_cl_clo_l2m_u_6_2_t11_v1
-1983942058,m_cl_clo_smm_b_7_20_t1_v1
-1983912966,vem_colour_1_mct_classic_pink_t24_v2
-1983832390,casweb_style_9_t0_v0
-1983799466,f_cl_clo_sbf_f_2_4_t6_v1
-1983791393,packed_mp_veh_mod_idx_s_2_v297
-1983699750,wp_wct_var_metal_t1_v25
-1983640516,vem_supermod_18_0_t59_v33
-1983627206,vem_offr_12_t19_v1
-1983560789,packed_mp_veh_mod_idx_s_19_v403
-1983466811,m_cl_clo_smm_b_9_24_t1_v1
-1983461680,packed_mp_veh_mod_idx_9_v194
-1983453696,packed_mp_veh_mod_idx_18_v180
-1983446947,packed_mp_veh_mod_idx_s_22_v346
-1983400985,packed_mp_veh_mod_idx_s_23_v143
-1983392095,f_cl_clo_hstfb_14_9_t1_v1
-1983351825,vem_smod4_whlv54_t66_v0
-1982973169,packed_mp_veh_secondary_colour_group_v155
-1982804542,packed_mp_veh_mod_idx_22_v319
-1982751798,vem_supermod_17_2_t58_v28
-1982739973,f_cl_clo_vwf_u_20_14_t11_v1
-1982679142,f_cl_clo_ief_u_20_2_t11_v1
-1982592810,m_cl_clo_ltsmu_1_0_t11_v1
-1982579879,m_cl_clo_stm_ht6_12_t14_v1
-1982510049,f_cl_clo_grf_g_0_12_t3_v1
-1982509234,m_cl_clo_vwm_d_1_13_t10_v1
-1982473722,packed_mp_veh_mod_idx_s_14_v47
-1982441123,packed_mp_veh_mod_idx_22_v88
-1982233274,vem_bumper_f_5_t34_v3
-1982176316,m_cl_clo_x6m_f_15__2_t6_v1
-1982170320,ve_retinue2_t1_v3
-1982098745,vem_colour_extra_1_mct_metallic_cast_iron_sil_t24_v1
-1982087550,packed_mp_veh_mod_idx_s_0_v138
-1981979584,wp_wct_tint_1_t2_v46_n2
-1981925332,vem_colour_extra_1_mct_classic_ultra_blue_t24_v3
-1981907257,vem_smod_whlv157_t66_v0
-1981902317,packed_mp_veh_colour1_0_v79
-1981893929,m_cl_clo_trm_decl_14_t100_v0
-1981850498,packed_mp_veh_mod_idx_s_5_v114
-1981804945,packed_mp_veh_mod_idx_s_6_v303
-1981763611,wp_wct_tint_6_t2_v22_n2
-1981745017,packed_mp_veh_mod_idx_s_13_v247
-1981684630,f_cl_clo_scf_l_13_14_t4_v1
-1981673176,f_ha_cc_mkup_17_t5_v0
-1981541838,packed_mp_veh_colour1_0_v43
-1981449015,vem_horn_indi_2_t10_v30
-1981145876,packed_mp_veh_mod_idx_5_v176
-1980860375,m_cl_clo_iem_l_3_2_t4_v1
-1980858311,packed_lr_vehicle_colour_6_v165
-1980815668,f_ta_tat_gr_003_t0_v0
-1980792487,packed_mp_veh_mod_idx_5_v352
-1980789520,wp_ps_bag_6_t1_v33
-1980736384,packed_ng_vehicle_insurance_v121
-1980725983,packed_lr_vehicle_colour_6_v122
-1980677997,f_cl_clo_ief_l_7_9_t4_v1
-1980664132,vem_colour_extra_1_mct_pearlescent_diamond_blue_t24_v0
-1980574573,f_cl_outfit_clo_ief_o_10_t12_v0
-1980545295,m_cl_clo_bhm_b_0_16_t1_v1
-1980542803,vem_cmod_tyr_2_t30_v27
-1980423682,m_cl_clo_sum_u_6_2_t11_v1
-1980378509,vem_insurance_ignus
-1980338617,f_cl_f_fmf_15_7_t6_v0
-1980287200,f_cl_clo_bif_decl_64_t10_v1
-1980239984,f_cl_clo_stf_ht11_3_t14_v1
-1980175496,vem_cmod_tyr_2_t30_v6
-1980043606,m_cl_clo_bhm_decl_28_t11_v1
-1980016060,vem_colour_extra_1_mct_classic_torino_red_t24_v0
-1979828521,vem_horn_clas2_t10_v28
-1979782275,m_cl_clo_stm_h_9_4_t14_v1
-1979710680,packed_mp_veh_mod_idx_s_23_v351
-1979655598,vem_supermod_8_13_t49_v6
-1979521532,f_cl_clo_bhf_u_4_1_t11_v1
-1979238707,m_cl_clo_x4m_u_10_8_t11_v1
-1979215049,packed_mp_veh_mod_idx_14_v73
-1979087873,m_cl_clo_sum_u_4_3_t11_v1
-1979029446,f_cl_clo_ief_u_4_2_t11_v1
-1978958011,packed_mp_veh_mod_idx_5_v337
-1978939982,packed_mp_veh_mod_idx_s_9_v90
-1978939902,packed_ng_vehicle_insurance_v18
-1978770938,mp_stat_ie_wh_owned_vehicle_17_v0
-1978699916,vem_supermod_3_11_t44_v6
-1978679107,packed_mp_veh_mod_idx_s_19_v219
-1978649898,packed_mp_veh_mod_idx_4_v47
-1978547319,vem_colour_extra_1_mct_pearlescent_stone_silver_t24_v1
-1978449192,packed_mp_veh_mod_idx_14_v331
-1978279623,vem_cmod_tyr_10_t18_v29
-1978279510,pr_pm_font_12_t1_v0
-1978261923,packed_mp_veh_mod_idx_s_15_v130
-1978237725,packed_mp_veh_mod_idx_s_15_v329
-1978232200,packed_mp_veh_mod_idx_s_16_v41
-1978214230,m_ta_tat_bi_043_t0_v0_cesp
-1978201683,vem_colour_1_mct_classic_olive_green_t24_v2
-1978169967,packed_mp_veh_mod_idx_s_5_v0
-1978097480,f_cl_clo_grf_u_21_14_t11_v1
-1977993371,packed_lr_vehicle_colour_5_v257
-1977985823,vem_insurance_khanjali
-1977784957,vem_supermod_54_13_t54_v7
-1977747044,packed_mp_veh_mod_idx_s_8_v81
-1977653815,packed_mp_veh_mod_idx_s_14_v331
-1977639294,packed_mp_veh_colour_extra2_0_v48
-1977591339,packed_ng_vehicle_neon_kit_v395
-1977585724,packed_mp_veh_mod_idx_s_0_v96
-1977567823,packed_mp_veh_mod_idx_s_5_v188
-1977380938,m_cl_clo_h3m_decl_22_t11_v1
-1977344976,m_ta_tat_lx_000_t0_v0
-1977261973,m_cl_l_fmm_9_9_t4_v0
-1977261693,m_cl_clo_lxm_t_15_1_t7_v1
-1977148807,vem_colour_mct_none_137
-1977124127,packed_ng_vehicle_smoke_v65
-1977072850,f_cl_clo_smf_b_9_1_t1_v1
-1977043888,m_cl_clo_bhm_decl_49_t11_v1
-1976938204,f_cl_clo_bhf_u_5_3_t11_v1
-1976888353,packed_mp_veh_mod_idx_s_20_v124
-1976821489,packed_mp_veh_mod_idx_s_14_v364
-1976754027,m_cl_clo_sbm_lw_0_1_t14_v1
-1976719981,packed_ng_vehicle_insurance_v1
-1976705350,packed_mp_veh_livery_0_v174
-1976635708,m_cl_clo_h3m_ph_3_1_t14_v1
-1976574866,m_ta_tat_vw_002_t0_v0
-1976442997,f_cl_clo_x6f_ey_3_19_t14_v1
-1976416573,wp_wm_tint4_t2_v48
-1976361636,f_cl_clo_sbf_u_17_9_t11_v1
-1976250328,vem_fender_l_11_t36_v38
-1976212879,packed_mp_veh_mod_idx_s_4_v281
-1976195487,vem_roof_1_t12_v31
-1976109436,f_cl_outfit_clo_scf_o_10_t12_v0
-1976019392,vem_colour_1_mct_classic_galaxy_blue_t24_v3
-1975969802,m_cl_clo_iem_b_4_0_t1_v1
-1975923343,vem_supermod_2_0_t43_v33
-1975885175,m_cl_outfit_clo_stm_o_20_t12_v0_cesp
-1975884796,packed_mp_veh_mod_idx_18_v275
-1975625961,packed_mp_veh_livery2_0_v220
-1975595305,f_cl_clo_sbf_ph_3_0_t14_v1
-1975583736,packed_mp_veh_mod_idx_s_3_v71
-1975459213,vem_cmod_tyr_stt_t30_v4
-1975385445,f_cl_clo_awf_decl_27_t100_v0
-1975377927,packed_mp_veh_mod_idx_1_v31
-1975369722,vem_supermod_47_1_t47_v7
-1975313925,packed_mp_veh_mod_idx_s_3_v234
-1975264690,packed_mp_veh_mod_idx_7_v324
-1975183857,packed_mp_veh_mod_idx_s_19_v323
-1975082389,packed_ng_vehicle_smoke_v378
-1975081079,packed_mp_veh_colour_extra2_0_v317
-1975053852,vem_hood_0_t9_v7
-1975031331,packed_mp_veh_livery2_0_v91
-1975004971,m_cl_clo_smm_ph_8_0_t14_v1
-1974935760,packed_mp_veh_mod_idx_s_4_v296
-1974890338,m_cl_outfit_clo_h3m_o_sh_14_t12_v0
-1974883230,packed_mp_veh_mod_idx_s_6_v365
-1974632475,m_cl_u_fmm_9_5_t11_v0
-1974617344,m_cl_u_fmm_0_1_t8_v1
-1974610531,f_cl_clo_x6f_f_10_3_t6_v1
-1974609634,packed_mp_veh_mod_idx_7_v317
-1974578648,f_cl_clo_sbf_b_10_14_t1_v1
-1974541567,vem_roof_2_n2_t12_v33
-1974534895,packed_mp_veh_mod_idx_3_v61
-1974494152,packed_mp_veh_mod_idx_9_v356
-1974469638,vem_smod2_whlv173_t66_v3
-1974459546,packed_ng_vehicle_smoke_v366
-1974386153,m_ha_brd_hp_4_t1_v1
-1974045241,f_cl_clo_grf_decl_17_t100_v0
-1973831214,vem_colour_extra_1_mct_pearlescent_lime_green_t24_v1
-1973727580,vem_supermod_3_24_t44_v3
-1973692096,vem_supermod_22_0_t63_v28
-1973641135,m_cl_clo_sum_u_10_4_t11_v1
-1973601072,f_cl_clo_awf_u_9_11_t11_v1
-1973520969,vem_bumper_r_10_t35_v4
-1973449421,m_cl_clo_scm_b_7_0_t1_v1
-1973364231,vem_skirt_2_t13_v2
-1973338253,f_cl_outfit_clo_h3f_o_sh_25_t12_v0
-1973328247,m_cl_sp_fmm_10_4_t8_v0
-1973324249,vem_sub_heli_c_28
-1973291319,m_cl_clo_h3m_decl_19_t100_v0
-1973275658,vem_smod4_whlv66_t66_v0
-1973230979,packed_mp_veh_mod_idx_18_v297
-1973013614,wp_wct_knife_xm302_t1_v34
-1972972018,packed_mp_veh_mod_idx_s_17_v316
-1972905221,m_cl_clo_valm_l_0_2_t4_v1
-1972868527,f_cl_f_fmf_13_9_t6_v0
-1972798552,packed_mp_veh_window_tint_0_v346
-1972783462,vem_supermod_1_1_t42_v28
-1972723147,packed_mp_veh_mod_idx_s_16_v240
-1972648570,m_cl_clo_vwm_pe_2_0_t14_v1
-1972552491,m_cl_clo_hilf_s_2_4_t8_v2
-1972411773,m_cl_clo_grm_b_0_22_t1_v1
-1972388753,vem_smod4_whlv81_t66_v0
-1972364625,packed_mp_veh_window_tint_0_v144
-1972302882,vem_cmod_airhorn_02_t10_v38
-1972257967,m_cl_clo_lxm_dec_37_t100_v0
-1972242647,vem_colour_extra_1_mct_classic_grace_red_t24_v1
-1972213012,packed_mp_veh_mod_idx_13_v193
-1972202611,vem_insurance_niteshad
-1972169467,vem_fender_l_6_t36_v27
-1972161083,packed_mp_veh_colour1_0_v256
-1972146534,f_cl_clo_bhf_u_15_3_t11_v1
-1972136842,m_cl_clo_sbm_u_12_14_t11_v1
-1972061287,packed_mp_veh_livery2_0_v192
-1972044901,vem_colour_2_mct_metallic_chocolate_brown_t25_v3
-1971946410,f_cl_he_fmf_17_3_t14_v0
-1971862010,f_cl_clo_sbf_f_4_8_t6_v1
-1971856514,m_cl_clo_grm_u_8_1_t11_v1
-1971847483,packed_mp_veh_secondary_colour_group_v342
-1971802407,vem_colour_1_mct_metallic_bright_purple_t24_v2
-1971737469,packed_mp_veh_mod_idx_s_11_v402
-1971606994,packed_mp_veh_mod_idx_s_2_v396
-1971499072,m_cl_outfit_clo_stm_o_11_t12_v0_cesp
-1971376993,f_cl_clo_hst_b_2_0_t1_v1
-1971321524,vem_supermod_23_2_t64_v25
-1971297642,vem_colour_1_mct_metals_br_steel_t24_v1
-1971231988,m_cl_clo_hp_f_0_7_t6_v1
-1971180606,vem_smod_whlv85_t66_v0
-1971161821,vem_supermod_21_0_t62_v37
-1971118539,packed_mp_veh_colour_extra2_0_v74
-1971067801,packed_mp_veh_mod_idx_s_6_v164
-1970939066,packed_mp_veh_mod_var_1_v122
-1970911684,vem_colour_1_mct_metals_br_aluminium_t24_v1
-1970902405,packed_mp_veh_mod_idx_s_10_v403
-1970883030,f_cl_clo_bhf_decl_23_t11_v1
-1970806094,packed_mp_veh_mod_idx_10_v197
-1970803678,f_cl_clo_l2f_u_7_4_t11_v1
-1970744848,f_cl_clo_grf_u_2_18_t100_v0
-1970730231,m_cl_clo_hilf_s_2_0_t8_v1
-1970552960,f_ta_tat_bi_046_t0_v0
-1970530011,vem_supermod_2_14_t43_v27
-1970521396,vem_roof_10_t12_v38
-1970493168,f_cl_clo_fxf_ph_2_2_t14_v1
-1970445049,packed_mp_veh_mod_idx_12_v400
-1970359753,wp_wm_tint7_t2_v98
-1970289788,vem_horn_clas7_t10_v37
-1970240592,vem_supermod_3_31_t44_v6
-1970151306,service_earn_refund_head_2_head
-1970016576,kosatk_fla_27_t0_v0
-1969998177,packed_mp_veh_mod_idx_18_v83
-1969971660,vem_colour_mct_none_116
-1969963244,f_cl_clo_x6f_ph_1_10_t14_v1
-1969934248,f_cl_clo_x6f_ph_1016_t14_v1
-1969853672,packed_mp_veh_mod_idx_s_21_v261
-1969849216,dec_vw_aw_ss_41
-1969848410,fcarcade_c_up3_c_16
-1969820796,packed_mp_veh_mod_idx_12_v381
-1969801613,m_cl_clo_arm_u_2_3_t11_v1
-1969794558,f_cl_clo_h3f_o_jan_3_t4_v12
-1969687626,packed_mp_veh_mod_var_0_v48
-1969675505,packed_lr_vehicle_colour_6_v196
-1969631326,packed_mp_veh_mod_idx_6_v140
-1969623555,dec_vw_aw_ss_42a
-1969588070,packed_mp_veh_mod_idx_s_21_v125
-1969511252,mp_stat_bunker_equipment_v0
-1969494903,f_cl_clo_indf_d_13_t100_v0
-1969445264,m_cl_clo_bus_m_1_1_t1_v1
-1969427531,f_cl_clo_suf_decl_33_t11_v1
-1969281822,packed_mp_veh_mod_idx_s_6_v280
-1969239340,m_cl_l_fmm_7_5_t4_v0
-1969150754,vem_colour_extra_1_mct_classic_sea_green_t24_v2
-1969111176,mp_stat_arenagarage_mod_weaponmech_v0
-1968990853,packed_mp_veh_mod_idx_0_v101
-1968980476,packed_mp_veh_mod_var_0_v242
-1968978629,f_ha_cc_blush_3_t6_v1
-1968942766,f_ta_tat_st_042_t0_v0
-1968871167,f_cl_outfit_clo_stf_o_5_t12_v0_cesp
-1968856124,wp_wct_camo_1_t1_v10
-1968844761,f_cl_clo_h3f_u_11_12_t11_v1
-1968803999,vem_hiend_09_t19_v1
-1968800688,packed_mp_veh_mod_idx_s_22_v354
-1968785184,packed_ng_vehicle_neon_v413
-1968734294,vem_armour_3_t1_v30
-1968728015,vem_supermod_22_19_t63_v3
-1968711603,packed_mp_veh_mod_idx_s_10_v382
-1968551590,f_cl_outfit_clo_x2f_o_6_t12_v0
-1968544334,packed_ng_vehicle_neon_kit_v402
-1968519563,vem_smod_whlv213_t66_v0
-1968431443,m_cl_clo_sbm_ph_6_12_t14_v1
-1968374883,packed_mp_veh_mod_idx_s_12_v369
-1968325252,vem_supermod_3_37_t44_v7
-1968317011,m_cl_clo_grm_f_3_5_t6_v1
-1968311237,packed_mp_veh_mod_idx_13_v119
-1968074372,vem_smod4_whlv148_t66_v1
-1968038829,packed_mp_veh_colour_extra2_0_v97
-1967914139,f_cl_clo_bhf_decl_60_t11_v1
-1967850547,vem_supermod_14_3_t55_v38
-1967713861,m_cl_clo_sum_decl_32_t100_v0
-1967645097,f_cl_outfit_clo_arf_o_4_t12_v0
-1967533827,packed_lr_vehicle_colour_6_v264
-1967516751,packed_mp_veh_mod_idx_s_15_v207
-1967418206,vem_smod2_whl18_t19_v3
-1967413172,packed_mp_veh_mod_idx_11_v209
-1967367018,packed_mp_veh_mod_idx_15_v388
-1967073477,m_ta_tat_h3_022_t0_v0
-1966991223,vem_insurance_rapidgt2
-1966896807,m_cl_clo_l2m_dec_10_t11_v1
-1966849665,f_cl_outfit_clo_h3f_o_sl_13_t12_v0
-1966738712,m_cl_clo_iem_f_0_2_t6_v1_cesp
-1966725373,packed_mp_veh_mod_idx_s_18_v158
-1966655149,vem_smod4_whlv73_t66_v2
-1966503375,packed_mp_veh_mod_idx_2_v241
-1966493067,m_cl_clo_h3m_u_9_4_t11_v1
-1966403524,f_cl_clo_x6f_f_6_7_t6_v1
-1966343138,packed_mp_veh_mod_idx_s_9_v378
-1966310761,f_ta_tat_fx_015_t0_v0
-1966272186,packed_mp_veh_mod_idx_14_v88
-1966269642,f_cl_clo_bif_s_16_4_t8_v1
-1966117805,packed_mp_veh_wheel_type_0_v22
-1966098659,f_cl_clo_suf_u_14_2_t11_v1
-1966036972,vem_supermod_13_5_t54_v3
-1966021948,packed_mp_veh_mod_idx_16_v53
-1966002262,m_ha_cc_eyebrw_9_t2_v1
-1965938911,packed_lr_vehicle_colour_5_v283
-1965913000,packed_mp_veh_mod_idx_s_15_v69
-1965909973,m_cl_clo_h3m_u_11_21_t11_v1
-1965895992,f_ta_tat_bi_055_t0_v0_cesp
-1965841660,packed_mp_veh_mod_idx_s_3_v201
-1965742999,packed_ng_vehicle_insurance_v215
-1965704602,m_cl_clo_grm_ph_1_12_t14_v1
-1965645901,vem_supermod_17_13_t58_v27
-1965547158,packed_mp_veh_mod_idx_13_v81
-1965501006,packed_mp_veh_colour_extra2_0_v157
-1965386890,f_cl_clo_h2f_b_9_13_t1_v1
-1965283540,m_cl_u_fmm_14_1_t8_v2
-1965253309,m_cl_clo_grm_b_0_9_t1_v1
-1965227986,packed_mp_veh_mod_idx_s_2_v6
-1965213945,packed_mp_veh_mod_idx_s_18_v239
-1965013117,packed_mp_veh_mod_idx_5_v307
-1964942418,vem_colour_2_mct_classic_galaxy_blue_t25_v0
-1964915876,wp_wct_tint_19_t2_v5_n2
-1964888129,packed_mp_veh_primary_colour_group_v33
-1964789002,vem_spoiler_8_t14_v27
-1964767818,vem_cmod_neonlay_5_t21_v11
-1964725917,vem_smod4_whlv68_t66_v1
-1964629505,packed_mp_veh_mod_idx_5_v264
-1964618338,vem_rwd_musc_11_t19_v0
-1964607937,ccur_collectible_reward
-1964550984,m_cl_clo_indm_d_12_t8_v2
-1964466615,m_cl_outfit_clo_lxm_o_9_t12_v0
-1964456179,wp_wct_knife_xm308_t1_v34
-1964416687,packed_mp_veh_livery_0_v189
-1964371383,packed_mp_veh_mod_idx_s_15_v225
-1964355385,m_cl_clo_bhm_decl_14_t100_v0
-1964335894,m_cl_m_fmm_4_1_t1_v0
-1964332923,packed_mp_veh_mod_idx_s_6_v252
-1964323711,f_ta_tat_fx_005_t0_v0
-1964161974,dec_vw_aw_wv_69
-1964124018,m_cl_clo_bus_m_0_7_t1_v1
-1964082472,f_cl_clo_grf_u_8_9_t11_v1
-1964080127,wp_wct_tint_13_t2_v21_n2
-1963952560,vem_supermod_16_11_t57_v6
-1963915409,packed_mp_veh_mod_idx_s_2_v137
-1963866959,f_cl_clo_x17f_b_6_2_t1_v1
-1963847801,vem_brake_4_t2_v4
-1963819986,vem_colour_2_mct_classic_lava_red_t25_v2
-1963818940,vem_armour_3_t1_v37
-1963816284,f_cl_clo_lxf_t_16_1_t7_v1
-1963809471,m_ta_tat_bi_046_t0_v0
-1963744838,vem_colour_1_mct_classic_candy_red_t24_v0
-1963741714,m_cl_clo_x6m_b_2_22_t1_v1
-1963710402,m_cl_outfit_clo_assm_o_5_t12_v0
-1963594878,vem_supermod_11_2_t52_v26
-1963530457,ve_euros_t0_v3
-1963449660,m_cl_clo_smm_b_5_16_t1_v1
-1963439211,packed_mp_veh_mod_idx_11_v80
-1963427376,packed_mp_veh_mod_idx_s_14_v247
-1963366963,m_ha_cc_lipstick_6_t8_v1
-1963329757,f_cl_outfit_clo_stf_o_16_t12_v0
-1963268653,packed_mp_veh_mod_idx_13_v370
-1963255604,f_cl_clo_bif_ph_1_9_t14_v1
-1963235708,m_cl_clo_fxm_u_4_7_t11_v1
-1963131966,f_cl_clo_grf_b_5_1_t1_v1
-1963127485,vem_colour_extra_1_mct_metals_br_aluminium_t24_v2
-1963068558,f_cl_l_fmf_4_8_t4_v0
-1963008915,packed_mp_veh_mod_idx_s_5_v138
-1962998774,m_cl_clo_awm_decl_114_t100_v0
-1962964515,packed_mp_veh_mod_idx_16_v28
-1962915439,f_cl_clo_h3f_s_1_4_t8_v1
-1962580221,vem_horn_luxe2_t10_v35
-1962520431,f_cl_clo_fxf_u_7_13_t11_v1
-1962479947,f_cl_clo_h4f_b_3_4_t1_v1
-1962461683,m_cl_clo_bim_decl_8_t11_v1
-1962455769,vem_smod3_whlv57_t66_v3
-1962426061,packed_mp_veh_mod_idx_6_v369
-1962383543,packed_mp_veh_mod_idx_7_v110
-1962379970,vem_supermod_23_26_t64_v3
-1962369902,vem_supermod_47_10_t47_v7
-1962369032,m_cl_clo_indm_d_19_t8_v2
-1962258124,packed_mp_veh_mod_idx_s_22_v281
-1962250889,f_cl_clo_h3f_ph_0_0_t14_v1
-1962248944,packed_mp_veh_mod_idx_12_v216
-1962069358,f_cl_clo_stf_ht13_1_t14_v1
-1962034141,vem_colour_1_mct_classic_blue_t24_v33
-1962013795,f_cl_clo_trf_u_9_5_t11_v1
-1961974591,vem_colour_2_mct_classic_purple_t25_v2
-1961948676,pr_mp_prop_23_t0_v0
-1961941373,packed_mp_veh_colour2_0_v379
-1961868647,f_cl_clo_hstf_o_12_t8_v12
-1961855717,vem_bumper_f_8_t34_v0
-1961848527,f_cl_t_fmf_3_4_t7_v0
-1961844962,packed_mp_veh_mod_idx_s_17_v175
-1961836735,vem_supermod_14_1_t55_v6
-1961829177,vem_cmod_pla_0_t23_v33
-1961829135,wp_wct_c_tint_17_t2_v22_n2
-1961769737,vem_colour_5_bleeched_brown_t38_v3
-1961764438,wp_rwt_tint4_t2_v81
-1961761447,vem_fender_r_9_t37_v33
-1961750056,packed_mp_veh_mod_idx_s_2_v236
-1961557271,vem_spoiler_4_t14_v6
-1961536114,packed_mp_veh_mod_var_0_v121
-1961509908,f_cl_clo_hp_f_g_1_7_t14_v1
-1961481893,m_ha_cc_m_hs_5_t0_v2
-1961358137,packed_mp_veh_mod_idx_9_v20
-1961310099,vem_colour_extra_1_mct_pearlescent_racing_green_t24_v2
-1961294617,f_cl_clo_h4f_b_0_13_t1_v1
-1961275923,vem_armour_4_t1_v36
-1961267690,f_cl_clo_grf_u_2_18_t11_v1
-1961229177,m_ta_tat_x2_001_t0_v0
-1961213248,packed_mp_veh_mod_idx_s_14_v411
-1961089338,m_cl_clo_stm_h_9_5_t14_v1
-1961037655,packed_mp_veh_mod_idx_s_0_v82
-1961027425,f_cl_clo_hst_f_a_9_t100_v0
-1960948973,f_cl_clo_h3f_u_2_1_t11_v1
-1960888828,vem_colour_2_mct_metallic_blue_t25_v33
-1960874262,packed_mp_veh_mod_idx_s_17_v96
-1960804026,f_cl_clo_bhf_u_4_20_t11_v1
-1960708507,m_cl_clo_lxm_u_8_4_t11_v1
-1960660317,m_cl_clo_hp_t_0_4_t7_v1
-1960627945,m_ha_cc_m_hs_10_t0_v0
-1960598389,f_cl_clo_bhf_u_4_14_t11_v1
-1960567548,packed_mp_veh_mod_idx_s_16_v268
-1960419106,m_cl_clo_val_decl_q_t8_v1
-1960412917,veu_yosemite3_t0_v0
-1960412052,m_cl_clo_busm_l_0_4_t4_v1
-1960382090,wp_wct_bat_xm307_t1_v37
-1960379627,packed_mp_veh_mod_idx_3_v14
-1960347891,m_cl_clo_bhm_decl_52_t11_v1
-1960238687,f_cl_clo_trf_f_1_10_t6_v1
-1960175722,m_cl_clo_s1m_u_1_2_t100_v0
-1960099848,vem_rwd_drft_23_t19_v12
-1960095807,m_cl_clo_awm_u_1_2_t11_v1
-1959946657,m_cl_clo_stm_ht1520_t14_v1
-1959888689,vem_armour_3_t1_v1
-1959825952,packed_mp_veh_colour_extra1_0_v249
-1959623472,f_cl_clo_bbf_p0_4_t14_v1
-1959490711,f_cl_clo_valf_g_0_4_t3_v1
-1959448855,m_cl_u_fmm_0_3_t11_v0
-1959351013,m_ta_tat_ie_011_t0_v0
-1959326019,vem_colour_extra_1_mct_pearlescent_moss_brown_t24_v2
-1959289837,packed_mp_veh_mod_idx_s_10_v26
-1959289514,packed_mp_veh_window_tint_0_v156
-1959277931,m_cl_clo_hstm_b_7_1_t1_v1
-1959221428,m_cl_outfit_clo_s1m_o_4_t12_v0
-1959096398,wp_wct_c_tint_20_t2_v48_n2
-1959090915,packed_mp_veh_mod_idx_s_22_v40
-1959090655,packed_mp_veh_mod_idx_s_9_v185
-1959083951,vem_truck_slot_7_mod_4_t0_v0
-1959062824,packed_mp_veh_mod_idx_s_10_v224
-1959011506,packed_mp_veh_mod_idx_18_v149
-1958957163,m_cl_outfit_clo_indm_o_1_t12_v0
-1958925811,packed_mp_veh_primary_colour_group_v338
-1958807018,vem_colour_2_mct_classic_dark_green_t25_v4
-1958794911,packed_mp_veh_secondary_colour_group_v69
-1958750147,f_cl_clo_bif_u_32_3_t11_v1
-1958729095,m_cl_clo_smm_b_4_9_t1_v1
-1958667188,packed_mp_veh_mod_idx_s_22_v198
-1958570398,m_cl_clo_stm_ht11_4_t14_v1
-1958553744,packed_mp_veh_mod_idx_s_4_v246
-1958495684,m_cl_clo_iem_b_4_6_t1_v1
-1958392673,vem_fender_l_0_t36_v2
-1958314649,packed_mp_veh_livery_0_v101
-1958294613,packed_mp_veh_colour_extra2_0_v201
-1958180855,m_cl_outfit_clo_hstm_o_d_1_t12_v0
-1958146823,vem_supermod_14_3_t55_v11
-1958123496,packed_mp_veh_mod_idx_s_11_v43
-1958035979,m_cl_clo_hp_d_31_t11_v1
-1958033449,vem_supermod_19_21_t60_v3
-1957998918,m_cl_clo_sbm_f_4_10_t6_v1
-1957984407,m_ta_tat_l2_010_t0_v0
-1957917495,f_cl_clo_trf_u_6_4_t11_v1
-1957916528,f_cl_clo_hstfb_18_4_t1_v1
-1957844137,mp_stat_mpsv_model_41
-1957812685,vem_smod4_whlv64_t66_v1
-1957785081,ve_dinghy5_n1_t1_v0
-1957748955,vem_colour_mct_none_76
-1957724099,f_cl_clo_vwf_u_4_7_t11_v1
-1957723102,vem_horn_cnote_c0_t10_v39
-1957694452,vem_exhaust_1_t6_v28
-1957474295,m_cl_clo_sbm_l_0_18_t4_v1
-1957428774,f_cl_clo_exf_eu_16_3_t11_v1
-1957422446,f_ta_tat_h27_000_t0_v0
-1957407446,f_cl_clo_scf_u_4_9_t11_v1
-1957382476,wp_wm_tint1_t2_v67
-1957361607,packed_mp_veh_mod_idx_s_22_v380
-1957325843,packed_mp_veh_colour1_0_v62
-1957231639,f_cl_clo_half_d_4_t11_v1
-1957193699,vem_smod5_whlv27_t66_v3
-1957153469,vem_colour_extra_1_mct_metals_br_steel_t24_v0
-1957124460,m_ha_cc_mkup_5_t7_v0
-1957039277,packed_mp_veh_mod_idx_s_1_v387
-1956995879,vem_colour_1_mct_classic_garnet_red_t24_v0
-1956953059,kosatk_fla_18_t0_v0
-1956933541,vem_hiend_03_t19_v0
-1956926792,m_cl_clo_scm_u_0_0_t11_v1
-1956850118,vem_smod3_whlv81_t66_v3
-1956829715,packed_mp_veh_mod_idx_s_18_v134
-1956784554,ve_dune2_t1_v0
-1956767176,packed_mp_veh_mod_idx_s_10_v126
-1956630940,packed_mp_veh_mod_idx_s_1_v75
-1956604269,packed_mp_veh_mod_idx_2_v115
-1956577653,packed_mp_veh_mod_idx_s_21_v162
-1956506297,vem_brake_2_t2_v7
-1956483673,vem_smod4_whlv201_t66_v2
-1956419672,vem_horn_clas2_t10_v7
-1956389996,packed_mp_veh_mod_idx_s_17_v346
-1956385977,packed_ng_vehicle_insurance_v164
-1956337771,f_cl_clo_h3f_l_4_1_t4_v1
-1956209152,m_cl_clo_h4m_decl_7_t100_v0
-1956141005,m_cl_clo_x6m_u_2_6_t11_v1
-1955960105,f_cl_clo_stf_h_9_8_t14_v1
-1955905218,autoshop_qtr_1_t0_v0
-1955798991,f_cl_clo_h2f_b_1120_t1_v1
-1955595552,packed_mp_veh_mod_idx_s_8_v73
-1955564771,service_earn_refund_share_last_job
-1955532542,vem_loride_01_t19_v0
-1955452930,f_cl_clo_x6f_o_o_6_t3_v12
-1955386780,packed_mp_veh_mod_idx_s_6_v0
-1955386745,vem_fender_r_5_t37_v38
-1955369379,packed_mp_veh_mod_idx_12_v391
-1955340654,pr_pm_bfcolour_5_t1_v0
-1955313299,packed_mp_veh_colour2_0_v132
-1955201818,pr_mp_prop_46_t0_v0
-1955147943,packed_mp_veh_mod_idx_s_17_v69
-1955144803,f_cl_clo_h4f_ph_0_13_t14_v1
-1955052669,m_cl_outfit_clo_arm_o_15_t12_v0
-1954969872,vem_cmod_tyr_6_t18_v36
-1954883795,m_cl_clo_x6m_f_12_20_t6_v1
-1954841781,f_cl_clo_bif_u_8_3_t11_v1
-1954620648,packed_mp_veh_mod_idx_8_v111
-1954541398,packed_mp_veh_mod_idx_13_v239
-1954523858,packed_mp_veh_mod_idx_s_8_v396
-1954497592,hangar_mod_furniture_1_t0_v0
-1954483858,packed_mp_veh_mod_idx_s_10_v141
-1954470312,vem_colour_extra_1_mct_pearlescent_white_t24_v4
-1954441010,m_cl_clo_fxm_l_0_15_t4_v1
-1954439188,packed_mp_veh_mod_idx_s_12_v299
-1954369035,m_cl_clo_x6m_ph_1_2_t14_v1
-1954366811,vem_supermod_3_21_t44_v6
-1954326084,vem_colour_extra_1_mct_pearlescent_umber_brown_t24_v2
-1954237236,m_ta_tat_s2_012_t0_v0
-1954136692,m_cl_clo_fxm_l_0_7_t4_v1
-1954135172,m_cl_clo_h2m_s_9_1_t8_v1
-1953977601,m_ta_tat_h4_007_t0_v0
-1953906592,m_cl_he_fmm_18_0_t14_v0
-1953855755,packed_lr_vehicle_colour_6_v134
-1953837454,packed_mp_veh_mod_idx_s_2_v164
-1953826303,vem_smod_whlv175_t66_v3
-1953689789,packed_mp_veh_mod_idx_s_20_v244
-1953651236,f_cl_clo_s1f_o_6_t3_v12
-1953617896,packed_mp_veh_mod_idx_s_10_v166
-1953551687,pr_mp_prop_clubh6_t0_v0
-1953544004,m_cl_clo_bim_pe_1_0_t14_v1
-1953518751,wp_wct_clip2_t1_v48_n2
-1953327168,f_cl_clo_s2f_d_21_t11_v1
-1953148014,f_cl_clo_h4f_b_3_10_t1_v1
-1953056657,m_cl_clo_grm_ph_3_20_t14_v1
-1953037716,packed_mp_veh_mod_idx_5_v335
-1952969800,vem_supermod_3_18_t44_v7
-1952894437,packed_lr_vehicle_colour_5_v202
-1952846986,m_cl_clo_sbm_ph_5_24_t14_v1
-1952835649,packed_mp_veh_mod_idx_3_v9
-1952707581,f_cl_clo_l2f_dec_26_t100_v0
-1952689930,packed_mp_veh_colour_extra2_0_v249
-1952663574,packed_mp_veh_mod_idx_6_v221
-1952661758,m_cl_clo_vwm_u_17_23_t11_v1
-1952538819,vem_chassis_7_t4_v1
-1952532763,vem_supermod_23_13_t64_v38
-1952508877,f_cl_clo_h2f_b_4_18_t1_v1
-1952386333,wp_wct_c_tint_2_t2_v9_n2
-1952385501,m_cl_clo_h4m_b_2_13_t1_v1
-1952380899,packed_ng_vehicle_neon_v200
-1952340199,vem_supermod_17_3_t58_v38
-1952297033,packed_mp_veh_plate_id_v303
-1952227920,m_cl_clo_h2m_u_7_2_t11_v1
-1952054553,packed_mp_veh_mod_idx_5_v44
-1951959513,packed_mp_veh_mod_idx_4_v364
-1951950065,m_cl_clo_sum_decl_34_t100_v0
-1951911893,m_cl_clo_grm_u_8_7_t11_v1
-1951909120,m_cl_clo_busm_s_1_9_t8_v1
-1951898879,vem_supermod_12_11_t53_v3
-1951886879,packed_mp_veh_mod_var_1_v298
-1951778943,m_cl_clo_trm_u_7_14_t11_v1
-1951487942,m_ha_clo_vwm_h_0_0_t0_v1
-1951101489,packed_mp_veh_mod_idx_13_v284
-1951071156,wp_wct_clip1_t1_v56_n2
-1951002344,f_cl_clo_sbf_u_22_21_t11_v1
-1950992800,vem_colour_extra_1_mct_pearlescent_mariner_blue_t24_v1
-1950956786,packed_mp_veh_mod_idx_s_11_v300
-1950777189,m_cl_clo_x2m_o_2_t3_v12
-1950665130,m_cl_clo_awm_o_i_0_t3_v12
-1950633125,packed_mp_veh_mod_idx_0_v191
-1950588494,packed_mp_veh_plate_id_v193
-1950552522,packed_mp_veh_mod_idx_s_23_v334
-1950546237,ve_thrax_t0_v3
-1950415204,m_cl_outfit_clo_h3m_o_dl_12_t12_v0
-1950395068,packed_mp_veh_mod_idx_s_16_v372
-1950211097,packed_ng_vehicle_neon_v404
-1950162640,f_cl_clo_scf_u_55_2_t11_v1
-1950104274,m_cl_clo_h4m_s_2_3_t8_v1
-1950078116,vem_supermod_7_2_t48_v27
-1950057593,f_cl_outfit_clo_smf_o_6_t12_v0
-1950009033,packed_mp_veh_mod_idx_0_v403
-1949928968,packed_mp_veh_mod_idx_s_11_v129
-1949735096,m_cl_clo_h4m_l_1_0_t4_v1
-1949733961,f_cl_clo_h2f_o_g_4_t3_v12
-1949712739,f_cl_clo_fxf_ph_1_4_t14_v1
-1949573778,m_cl_clo_fxm_l_5_21_t4_v1
-1949546373,m_cl_clo_vwm_b_1_0_t1_v1
-1949455031,m_cl_clo_sbm_u_11_16_t11_v1
-1949417963,vem_colour_extra_1_mct_metallic_olive_green_t24_v1
-1949337652,vem_drft_11_t19_v1
-1949294190,packed_mp_veh_mod_idx_6_v411
-1949219831,f_cl_clo_hst_f_a_1_t11_v1
-1949151953,m_cl_clo_iem_u_7_1_t11_v1
-1949103261,vem_smod_whlv188_t66_v0
-1949000555,packed_mp_veh_mod_idx_24_v132
-1948946997,f_cl_clo_valf_t_0_2_t7_v1
-1948897178,m_cl_clo_bim_u_20_4_t11_v1
-1948717816,m_cl_clo_hstmb_14_6_t1_v1
-1948709876,packed_lr_vehicle_colour_5_v314
-1948637759,m_cl_clo_h4m_b_2_11_t1_v1
-1948621833,packed_mp_veh_window_tint_0_v226
-1948503583,f_cl_clo_hp_f_d_1_t8_v1
-1948489633,packed_mp_veh_mod_idx_12_v332
-1948487413,vem_supermod_7_3_t48_v11
-1948405827,m_cl_clo_hstm_g_3_0_t3_v1
-1948330939,m_cl_clo_h2m_u_3_10_t11_v1
-1948298306,f_cl_clo_smf_ph_2_6_t14_v1
-1948228247,packed_ng_vehicle_neon_kit_v200
-1948207498,mp_stat_mpsv_model_262
-1948200303,vem_engine_1_t5_v1
-1948193175,vem_smod_whlv160_t66_v0
-1948144186,f_cl_clo_x4f_u_11_14_t11_v1
-1948120807,vem_smod4_whlv108_t66_v2
-1948110136,m_cl_clo_ltsmt_1_2_t3_v1
-1948031459,packed_mp_veh_mod_idx_s_9_v18
-1948023083,f_cl_clo_grf_ph_0_12_t14_v1
-1947825618,packed_mp_veh_primary_colour_group_v182
-1947725316,vem_horn_xm15_2_t10_v30
-1947648756,wp_wt_flaregun_t0_v0
-1947648707,f_ta_tat_bi_006_t0_v0_cesp
-1947616723,f_cl_clo_scf_b_2_0_t1_v1
-1947587940,wp_wct_clip1_t1_v8
-1947552518,vem_hlight_12_t11_v38
-1947442826,packed_mp_veh_mod_var_1_v94
-1947440688,f_cl_clo_x6f_ph_1018_t14_v1
-1947393092,m_cl_clo_stm_h_1014_t14_v1
-1947368414,m_cl_clo_hstm_u_5_0_t11_v1
-1947347162,packed_ng_vehicle_insurance_v58
-1947310920,vem_supermod_7_5_t48_v3
-1947236089,vem_smod5_whlv199_t66_v3
-1947060776,f_cl_clo_busf_u_2_9_t8_v1
-1947056478,m_cl_clo_h3m_s_1_11_t8_v1
-1947010159,packed_mp_veh_mod_idx_s_4_v384
-1947009532,packed_mp_veh_livery_0_v392
-1946879913,packed_ng_vehicle_neon_kit_v322
-1946839369,packed_mp_veh_mod_idx_14_v78
-1946833912,packed_mp_veh_colour_extra1_0_v387
-1946798212,vem_supermod_3_40_t44_v7
-1946766422,m_cl_clo_hp_u_5_0_t8_v1
-1946738477,m_ha_cc_mkup_32_t7_v1
-1946561546,packed_mp_veh_mod_idx_11_v307
-1946473107,kosatk_fla_37_t0_v0
-1946459743,m_cl_clo_trm_u_11_5_t11_v1
-1946344759,f_cl_clo_half_d_9_t100_v0
-1946283176,vem_colour_2_mct_metallic_spin_purple_t25_v0
-1946276773,packed_mp_veh_plate_id_v99
-1946249353,f_cl_clo_vwf_u_4_23_t11_v1
-1946223994,wp_wct_clip_ap_t1_v56_n2
-1946215128,f_cl_clo_arf_ph_0_9_t14_v1
-1946213201,packed_mp_veh_mod_idx_3_v103
-1946201717,m_ha_cc_eyebrw_23_t2_v1
-1946119653,packed_mp_veh_colour_extra1_0_v153
-1946102033,m_cl_clo_grm_u_4_0_t11_v1
-1946093698,m_cl_clo_smm_u_7_6_t11_v1
-1945924957,packed_mp_veh_mod_idx_7_v46
-1945877576,packed_lr_vehicle_colour_5_v103
-1945870434,m_cl_clo_halm_d_6_t11_v1
-1945808820,packed_mp_veh_mod_idx_s_3_v413
-1945806095,packed_mp_veh_mod_idx_s_14_v99
-1945679822,f_cl_clo_bhf_u_5_16_t11_v1
-1945625824,packed_mp_veh_mod_idx_3_v274
-1945625632,packed_mp_veh_mod_idx_24_v160
-1945613082,f_cl_clo_hstf_u_11_4_t11_v1
-1945580614,packed_mp_veh_livery2_0_v333
-1945412839,packed_mp_veh_mod_idx_s_4_v224
-1945284375,packed_mp_veh_mod_idx_s_10_v8
-1945257519,packed_mp_veh_mod_idx_s_22_v411
-1945228629,vem_trans_3_t16_v26
-1945096293,f_cl_clo_hstf_s_8_1_t8_v1
-1944999545,f_cl_clo_x6f_ph_0_21_t14_v1
-1944974401,packed_lr_vehicle_colour_6_v345
-1944972459,packed_mp_veh_mod_idx_s_15_v250
-1944971590,packed_mp_veh_colour_extra1_0_v196
-1944906028,vem_supermod_8_4_t49_v10
-1944762092,kosatk_col_7_t0_v0
-1944761229,m_cl_clo_iem_b_4_7_t1_v1
-1944748527,f_cl_clo_h4f_decl_21_t100_v0
-1944543384,m_cl_clo_grm_b_3_17_t1_v1
-1944457881,f_cl_clo_suf_l_2_8_t4_v1
-1944440069,m_cl_clo_x3m_b_2_2_t1_v1
-1944414171,f_cl_clo_vwf_decl_11_t100_v0
-1944345231,mp_stat_mpsv_model_396
-1944318565,vem_smod5_whl_25_t19_v3
-1944289478,f_cl_clo_trf_decl_6_t11_v1
-1944281678,packed_mp_veh_wheel_type_0_v304
-1944267606,packed_mp_veh_mod_idx_22_v331
-1944259085,f_cl_clo_suf_g_1_7_t3_v1
-1944245837,vem_colour_1_mct_classic_dark_green_t24_v33
-1944037169,f_cl_clo_h3f_b_18_17_t1_v1
-1944000517,f_cl_clo_smf_b_0_14_t1_v1
-1943850272,packed_mp_veh_mod_idx_1_v372
-1943822007,vem_supermod_10_17_t51_v27
-1943789504,packed_mp_veh_mod_idx_s_18_v21
-1943733515,f_cl_clo_grf_ph_4_9_t14_v1
-1943617086,wp_wt_musket_t0_v0
-1943602279,m_cl_clo_l2m_dec_11_t11_v1
-1943570698,f_cl_clo_s2f_d_4_t100_v0
-1943501338,vem_smod4_whlv143_t66_v0
-1943447956,m_cl_clo_h2m_b_1114_t1_v1
-1943308334,packed_mp_veh_mod_idx_s_14_v208
-1943295301,packed_lr_vehicle_colour_5_v164
-1943274687,vem_smod2_whlv16_t66_v3
-1943211827,packed_mp_veh_mod_idx_s_4_v368
-1943181684,vem_chassis_5_t4_v26
-1943163049,packed_mp_veh_mod_idx_s_22_v82
-1943162647,f_cl_clo_x3f_u_1_6_t11_v1
-1943046266,mba_floor1_0_t0_v0
-1942885531,f_cl_u_fmf_1_11_t11_v0
-1942805783,dec_vw_aw_wh_34
-1942781667,packed_mp_veh_mod_idx_s_15_v321
-1942724532,vem_bumper_f_2_t34_v38
-1942687986,vem_colour_extra_1_mct_metallic_surf_blue_t24_v0
-1942603900,hangar_mod_lighting_20_t0_v0
-1942567649,f_ta_tat_sm_006_t0_v0
-1942561953,packed_mp_veh_mod_idx_s_10_v384
-1942520953,packed_mp_veh_mod_idx_6_v74
-1942496155,vem_colour_2_mct_classic_rolled_steel_t25_v1
-1942456546,vem_colour_2_mct_metallic_might_purple_t25_v0
-1942297868,vem_supermod_23_4_t64_v9
-1942267341,packed_mp_veh_colour_extra2_0_v197
-1942266239,packed_mp_veh_mod_idx_18_v178
-1942197020,vem_spoiler_19_t14_v38
-1942189514,vem_smod4_whlv92_t66_v1
-1942107179,vem_colour_extra_1_mct_pearlescent_garnet_red_t24_v0
-1942081762,ve_turismo2_t0_v3
-1942048700,vem_rwd_musc_07_t19_v0
-1942031217,m_cl_clo_fxm_l_4_9_t4_v1
-1941988318,f_cl_clo_og_decl_7_t11_v1
-1941905084,pr_pm_modshop_12_t87_v0
-1941897338,packed_mp_veh_mod_idx_11_v45
-1941848323,vem_smod4_whl_11_t19_v3
-1941772327,packed_mp_veh_mod_idx_s_6_v166
-1941695573,mba_floor1_4_t0_v0
-1941684080,f_cl_clo_grf_u_8_13_t11_v1
-1941597622,packed_mp_veh_livery2_0_v110
-1941591761,packed_mp_veh_mod_idx_s_6_v48
-1941580027,m_cl_clo_smm_ph_2_8_t14_v1
-1941575231,packed_mp_veh_secondary_colour_group_v250
-1941524023,m_cl_clo_hstm_t_1_9_t7_v1
-1941461390,wp_wm_tint4_t2_v21
-1941429053,vem_rwd_hiend_17_t19_v1
-1941411893,fcarcade_b_up3_c_7
-1941385109,vem_offr_02_t19_v0
-1941345608,packed_mp_veh_mod_idx_s_4_v109
-1941331874,f_cl_clo_suf_u_20_11_t11_v1
-1941272564,packed_ng_vehicle_insurance_v110
-1941253399,vem_hood_18_t9_v35
-1941245041,f_cl_clo_val_decl_c_t8_v1
-1941123313,f_cl_clo_awf_decl_68_t100_v0
-1941095908,packed_mp_veh_mod_idx_14_v4
-1940944128,vem_armour_4_t1_v2
-1940776037,f_cl_clo_fxf_u_5_6_t11_v1
-1940759904,vem_smod3_whlv110_t66_v3
-1940752632,wp_wt_pist_50_t0_v0
-1940720587,packed_mp_veh_mod_idx_s_0_v94
-1940701950,vem_insurance_tornado3
-1940682144,vem_smod4_whlv92_t66_v3
-1940625806,vem_supermod_9_9_t50_v27
-1940586722,packed_mp_veh_mod_idx_8_v393
-1940516870,m_cl_clo_sum_u_14_19_t11_v1
-1940406518,packed_mp_veh_mod_idx_s_19_v175
-1940389327,vem_supermod_5_0_t46_v35
-1940282141,vem_exhaust_7_t6_v1
-1940243671,m_cl_clo_h3m_u_11_2_t11_v1
-1940224882,packed_mp_veh_wheel_type_0_v353
-1940155635,m_cl_clo_hp_d_2_t11_v1
-1940132265,vem_colour_1_mct_classic_chocolate_brown_t24_v0
-1940131754,packed_mp_veh_livery2_0_v79
-1940115806,vw_lucky_wheel_veh_prize
-1940018880,f_cl_clo_exf_eu_5_3_t11_v1
-1939998591,f_cl_outfit_clo_h3f_o_bs_4_t12_v0
-1939985454,f_cl_t_fmf_6_3_t7_v0
-1939835760,vem_cmod_pla_2_t23_v37
-1939824226,packed_mp_veh_mod_idx_s_3_v246
-1939817042,f_cl_clo_x4f_u_11_4_t11_v1
-1939707806,m_cl_clo_lxm_e_2_1_t14_v1
-1939703361,packed_mp_veh_mod_idx_1_v333
-1939690682,f_cl_clo_hstf_s_6_15_t8_v2
-1939683558,packed_mp_veh_mod_idx_15_v194
-1939629573,packed_mp_veh_mod_idx_14_v54
-1939515770,vem_horn_hips1_t10_v28
-1939441424,vem_colour_1_mct_classic_bleeched_brown_t24_v33
-1939390209,packed_ng_vehicle_smoke_v273
-1939308681,packed_mp_veh_mod_idx_s_13_v16
-1939270075,m_cl_clo_awm_o_b_5_t3_v12
-1939240767,vem_supermod_58_9_t58_v7
-1939226998,packed_mp_veh_mod_idx_s_19_v148
-1939213111,m_cl_outfit_clo_h3m_o_ff_7_t12_v0
-1939088160,ve_openwheel2_t0_v3
-1938980503,packed_mp_veh_mod_idx_2_v407
-1938903022,f_cl_clo_sbf_ph_5_22_t14_v1
-1938800168,vem_cmod_neonlay_1_t21_v29
-1938768078,packed_lr_vehicle_colour_5_v265
-1938741784,packed_mp_veh_mod_idx_8_v95
-1938609572,vem_smod4_whlv70_t66_v0
-1938407136,packed_mp_veh_mod_idx_14_v134
-1938407100,vem_cmod_neoncol_6_t21_v5
-1938341457,packed_mp_veh_mod_idx_s_19_v336
-1938336304,vem_colour_extra_1_mct_metallic_blue_silver_t24_v2
-1938267584,packed_mp_veh_mod_idx_s_17_v237
-1938206349,packed_mp_veh_mod_idx_6_v250
-1938186191,f_cl_clo_scf_u_4_8_t11_v1
-1938169468,packed_mp_veh_mod_idx_10_v61
-1938156941,m_cl_clo_bhm_decl_15_t11_v1
-1938118454,packed_mp_veh_mod_idx_s_6_v142
-1938091679,f_cl_clo_s2f_f_0_3_t6_v1
-1938077727,vem_supermod_1_10_t42_v27
-1938073656,packed_mp_veh_mod_idx_s_6_v405
-1938073441,packed_mp_veh_mod_idx_s_17_v380
-1938052527,vem_supermod_3_42_t44_v27
-1937988977,m_ta_tat_gr_005_t0_v0
-1937951652,packed_mp_veh_mod_idx_8_v248
-1937911372,packed_mp_veh_mod_idx_s_23_v251
-1937900883,packed_mp_veh_mod_idx_s_20_v26
-1937798726,vem_colour_2_mct_classic_garnet_red_t25_v33
-1937780707,f_ta_tat_h3_005_t0_v0
-1937720211,hangar_mod_lighting_4_t0_v1
-1937634571,packed_lr_vehicle_colour_5_v40
-1937515058,f_cl_clo_bbf_007_t4_v1
-1937512474,vem_fender_l_0_t36_v36
-1937478584,packed_mp_veh_mod_idx_6_v388
-1937471763,packed_mp_veh_mod_idx_23_v43
-1937414478,packed_mp_veh_mod_idx_s_12_v408
-1937220759,vem_smod2_whlv28_t66_v3
-1937127234,packed_mp_veh_mod_idx_0_v39
-1937104444,vem_supermod_16_12_t57_v27
-1937084833,m_cl_outfit_clo_h3m_o_sh_26_t12_v0
-1936867304,vem_colour_extra_1_mct_classic_blaze_red_t24_v33
-1936746593,packed_mp_veh_mod_idx_24_v190
-1936648065,vem_supermod_6_2_t47_v27
-1936638607,m_cl_clo_busm_g0_6_t14_v0
-1936535198,packed_mp_veh_mod_idx_s_6_v116
-1936528015,packed_mp_veh_mod_idx_6_v372
-1936472083,m_cl_clo_bim_l_0_0_t4_v1
-1936252593,vem_offr_03_t19_v1
-1936242414,packed_mp_veh_mod_idx_12_v195
-1936157108,vem_cmod_tyr_12_t18_v2
-1936143035,f_cl_clo_fxf_l_0_10_t4_v1
-1935974412,f_cl_clo_h2f_u_7_12_t11_v1
-1935931439,vem_supermod_51_23_t51_v7
-1935897942,m_cl_clo_h2m_o_g_14_t3_v12
-1935892558,f_cl_clo_grf_ph_2_6_t14_v1
-1935619782,packed_mp_veh_mod_idx_15_v186
-1935602032,f_cl_clo_suf_l_1_21_t4_v1
-1935554696,m_cl_u_fmm_12_10_t11_v0
-1935549553,packed_mp_veh_mod_idx_18_v239
-1935532231,f_ha_face_e_c_0_t4_v0
-1935521274,f_cl_clo_bhf_f_1_24_t6_v1
-1935459506,m_cl_clo_awm_decl_58_t100_v0
-1935447242,m_ha_cc_blush_10_t5_v0
-1935415376,f_cl_clo_x6f_f_10_24_t6_v1
-1935413279,vem_supermod_22_18_t63_v3
-1935406012,vem_supermod_47_19_t47_v7
-1935378545,packed_mp_veh_mod_idx_18_v117
-1935282893,vem_mwt_supermod5_t12_v0
-1935256573,f_cl_clo_suf_u_7_23_t11_v1
-1935251268,m_cl_clo_bhm_u_2_2_t11_v1
-1935138696,f_cl_clo_h4f_decl_63_t100_v0
-1935135173,wp_wm_tint6_t2_v9
-1935092358,f_cl_clo_sbf_s_1_0_t8_v1
-1935073784,m_cl_clo_stm_o_17_t3_v12_cesp
-1935065270,m_cl_clo_sbm_f_2_0_t6_v1
-1935027460,vem_smod2_whl31_t19_v3
-1935022271,vem_smod5_whlv12_t66_v3
-1934924184,vem_supermod_5_23_t46_v3
-1934871007,vem_colour_2_mct_metallic_midnight_silver_t25_v1
-1934858491,packed_mp_veh_mod_idx_s_7_v32
-1934853132,packed_mp_veh_mod_idx_s_22_v318
-1934789809,f_ta_tat_bi_029_t0_v0
-1934633044,mp_stat_mission_tuner_client_0_v0
-1934630901,vem_colour_extra_1_mct_classic_midnight_silver_t24_v2
-1934616923,m_cl_clo_vwm_u_2_23_t11_v1
-1934604987,vem_supermod_12_7_t53_v27
-1934597944,m_cl_clo_h2m_u_6_21_t11_v1
-1934521766,f_ta_tat_fm_229_t0_v0
-1934486349,vem_colour_mct_none_26
-1934486169,packed_mp_veh_mod_idx_9_v82
-1934392959,vem_hood_25_t9_v38
-1934340585,packed_mp_veh_mod_idx_0_v338
-1934325667,packed_mp_veh_mod_var_1_v252
-1934274305,vem_colour_1_mct_classic_spin_purple_t24_v33
-1934252219,m_cl_l_fmm_0_5_t4_v0
-1934186631,f_cl_outfit_clo_trf_o_l2_t12_v0
-1934139081,wp_wm_tint2_t2_v89
-1934070473,vem_bikew_31_t19_v3
-1934018233,f_cl_clo_grf_u_2_2_t11_v1
-1934014586,m_ta_tat_sb_003_t0_v0
-1933956635,packed_mp_veh_colour2_0_v374
-1933935625,m_cl_clo_bim_s_11_12_t8_v1
-1933921716,packed_mp_veh_colour1_0_v246
-1933921338,packed_mp_veh_mod_idx_15_v143
-1933823655,wp_wt_raypistol_t0_v1
-1933788372,f_cl_clo_suf_l_2_9_t4_v1
-1933769724,vem_supermod_1_21_t42_v3
-1933725317,packed_mp_veh_mod_idx_0_v158
-1933715386,f_cl_clo_h3f_o_bs_5_t4_v12
-1933709226,m_cl_clo_sum_u_17_5_t11_v2
-1933696908,ve_huntley_t0_v1_cesp
-1933523950,packed_mp_veh_colour2_0_v103
-1933502213,m_cl_clo_bhm_decl_9_t11_v1
-1933480340,vem_colour_2_mct_classic_cast_iron_sil_t25_v0
-1933437306,f_cl_clo_stf_ht11_2_t14_v1
-1933345886,f_ha_face_e_c_11_t4_v0
-1933332533,f_cl_clo_fxf_ph_4_2_t14_v1
-1933190813,m_cl_clo_fxm_ph_2_22_t14_v1
-1933058403,vem_supermod_14_4_t55_v6
-1933050384,vem_colour_extra_1_mct_metallic_blue_t24_v33
-1932949826,packed_mp_veh_mod_idx_8_v153
-1932838536,packed_mp_veh_mod_idx_8_v201
-1932783993,dec_vw_aw_wv_18a
-1932675788,vem_hood_2_t9_v27
-1932608571,m_cl_clo_lxm_dec_34_t100_v0
-1932480309,vem_supermod_15_2_t56_v10
-1932346131,f_cl_clo_awf_u_3_1_t11_v1
-1932220886,vem_colour_2_mct_classic_white_t25_v4
-1932204456,packed_mp_veh_mod_idx_10_v108
-1932112585,vem_colour_1_mct_metallic_surf_blue_t24_v1
-1932097476,f_cl_clo_lxf_e_5_1_t14_v1
-1932068025,packed_mp_veh_mod_idx_s_22_v106
-1932037721,f_cl_clo_x6f_f_1_7_t6_v1
-1931993667,packed_mp_veh_mod_idx_s_8_v19
-1931957930,f_cl_clo_suf_decl_4_t100_v0
-1931889627,packed_ng_vehicle_smoke_v345
-1931811409,vem_colour_1_mct_classic_straw_brown_t24_v0
-1931679345,vem_smod4_whlv159_t66_v3
-1931580977,packed_mp_veh_window_tint_0_v277
-1931522215,m_cl_clo_busm_l_1_6_t4_v1
-1931513614,vem_cmod_neoncol_4_t21_v11
-1931446070,packed_ng_vehicle_neon_kit_v339
-1931213528,vem_supermod_3_1_n1_t44_v27
-1931096492,packed_mp_veh_livery2_0_v344
-1931065055,packed_mp_veh_mod_idx_1_v205
-1931002679,packed_mp_veh_plate_id_v67
-1930822077,packed_mp_veh_secondary_colour_group_v43
-1930807890,vem_rwd_bikew_07_t19_v4
-1930775568,packed_mp_veh_colour1_0_v238
-1930635003,pr_mp_prop_33_t0_v0
-1930630216,m_cl_clo_s2m_d_26_t11_v1
-1930621375,m_cl_clo_sbm_u_11_18_t11_v1
-1930539947,packed_mp_veh_wheel_type_0_v154
-1930520119,vem_smod_whlv136_t66_v0
-1930516702,vem_supermod_10_3_t51_v3
-1930430620,packed_mp_veh_mod_idx_8_v311
-1930385383,m_cl_clo_s2m_o_9_t100_v0
-1930266385,vem_colour_extra_1_mct_metallic_bison_brown_t24_v3
-1930101713,f_cl_u_fmf_10_1_t11_v0
-1930089305,packed_mp_veh_mod_idx_s_23_v278
-1929968264,packed_mp_veh_livery_0_v300
-1929910243,f_cl_clo_exf_al_3_0_t4_v1
-1929776669,m_cl_clo_exm_decl_0_t100_v0
-1929768738,m_cl_clo_grm_b_2_7_t1_v1
-1929742778,m_cl_clo_grm_ph_4_0_t14_v1
-1929628498,m_cl_clo_bhm_u_5_2_t11_v1
-1929565136,m_cl_sp_fmm_6_7_t8_v0
-1929525333,packed_ng_vehicle_bpt_v282
-1929119841,m_ta_tat_ie_000_t0_v0
-1929114446,pr_pm_modshop_13_t90_v0
-1929111517,packed_mp_veh_mod_idx_s_14_v342
-1929031905,packed_mp_veh_mod_idx_1_v131
-1928880944,f_cl_clo_bif_pe_1_2_t14_v1
-1928854237,packed_mp_veh_mod_idx_s_5_v84
-1928779230,f_cl_clo_s2f_u_3_10_t11_v1
-1928648730,vem_colour_1_mct_classic_cream_t24_v1
-1928644863,f_cl_clo_bif_u_32_2_t11_v1
-1928618444,packed_mp_veh_secondary_colour_group_v229
-1928584146,packed_mp_veh_mod_idx_13_v73
-1928548547,packed_mp_veh_mod_idx_5_v186
-1928502408,m_cl_outfit_clo_h3m_o_dl_24_t12_v0
-1928474924,vem_colour_extra_1_mct_metallic_bronze_t24_v33
-1928414594,packed_mp_veh_mod_idx_s_18_v264
-1928409924,packed_mp_veh_mod_idx_s_0_v127
-1928378113,packed_mp_veh_colour2_0_v152
-1928330918,f_cl_clo_smf_ph_4_23_t14_v1
-1928325270,vem_rwd_musc_17_t19_v3
-1928268476,packed_mp_veh_mod_idx_23_v409
-1928250967,packed_mp_veh_plate_id_v34
-1928211087,f_cl_clo_vwf_decl_5_t100_v0
-1928188031,vem_smod5_whlv9_t66_v3
-1928184341,f_cl_clo_trf_u_11_11_t11_v1
-1928118531,packed_mp_veh_mod_idx_18_v93
-1928111571,wp_wct_tint_30_t2_v5_n2
-1928076539,m_cl_clo_indm_d_14_t11_v1
-1927971664,vem_colour_extra_1_mct_metallic_bleeched_brown_t24_v3
-1927903364,packed_mp_veh_mod_idx_15_v282
-1927788438,packed_mp_veh_mod_idx_23_v145
-1927743048,vem_supermod_59_16_t59_v7
-1927640050,vem_supermod_47_15_t47_v7
-1927636690,vem_supermod_16_5_t57_v26
-1927586120,m_cl_clo_hstm_u_7_2_t11_v1
-1927583700,f_cl_g_fmf_1_0_t14_v0
-1927482875,m_ta_tat_l2_026_t0_v0
-1927406190,vem_horn_lowrder1_t10_v11
-1927276357,vem_horn_cnote_f0_t10_v38
-1927220258,f_cl_clo_x6f_f_5_17_t6_v1
-1927125445,vem_trans_1_t16_v31
-1926998715,f_ta_tat_st_038_t0_v0
-1926921121,f_cl_clo_exf_decl_0_t100_v0
-1926872759,m_cl_outfit_clo_x6m_o_o_3_t12_v0
-1926801041,f_cl_clo_bif_s_17_14_t8_v1
-1926759482,packed_mp_veh_livery_0_v359
-1926704853,vem_colour_extra_1_mct_classic_bronze_t24_v3
-1926657008,packed_ng_vehicle_neon_v396
-1926652323,ve_blimp3_n1_t1_v4
-1926633039,f_cl_clo_awf_decl_70_t100_v0
-1926632227,vem_smod_whlv149_t66_v3
-1926627262,packed_mp_veh_livery_0_v270
-1926543745,f_cl_clo_hp_f_u_5_4_t11_v1
-1926473537,vem_colour_1_mct_metallic_anthr_black_t24_v4
-1926435119,packed_mp_veh_mod_idx_s_18_v397
-1926419059,packed_mp_veh_plate_id_v82
-1926372333,packed_ng_vehicle_insurance_v136
-1926357706,packed_mp_veh_colour_extra1_0_v200
-1926345829,f_cl_clo_x6f_l_7_14_t4_v1
-1926329888,packed_mp_veh_mod_idx_8_v170
-1926269226,packed_mp_veh_mod_idx_s_11_v140
-1926210370,packed_mp_veh_mod_idx_s_13_v3
-1926131466,wp_wt_pist_cbt_t0_v1
-1926075276,packed_mp_veh_mod_idx_6_v397
-1926069032,packed_mp_veh_mod_idx_5_v52
-1926018891,packed_mp_veh_colour2_0_v35
-1925967287,m_cl_outfit_clo_bus_m_o_18_t12_v0
-1925932285,f_cl_clo_awf_o_c_4_t8_v12
-1925873915,packed_ng_vehicle_bpt_v164
-1925873881,f_cl_l_fmf_1_0_t4_v0
-1925872612,m_cl_clo_sum_u_15_16_t11_v1
-1925866447,vem_colour_1_mct_metallic_mariner_blue_t24_v2
-1925729604,m_cl_clo_scm_d_17_0_t10_v1
-1925690426,f_ha_cc_mkup_78_t5_v0
-1925655811,vem_smod_whlv98_t66_v3
-1925648455,packed_mp_veh_mod_idx_s_8_v1
-1925453804,vem_chassis_2_t4_v30
-1925397730,ve_marshall_n1_t1_v19
-1925378351,ve_strikeforce_t0_v34
-1925360740,m_cl_clo_x6m_u_26_11_t11_v1
-1925348142,vem_colour_6_moss_brown_t65_v3
-1925302898,f_cl_clo_h3f_u_14_6_t11_v1
-1925248680,m_cl_clo_vwm_decl_35_t100_v0
-1925217673,m_cl_clo_h3m_ph_9_8_t14_v1
-1925204922,m_cl_clo_bhm_decl_58_t100_v0
-1925190352,vem_smod5_whl_11_t19_v3
-1925189615,m_ha_cc_mkup_42_t5_v0
-1925126884,wp_wct_c_tint_3_t2_v46_n2
-1925081308,vem_spt_15_t19_v1
-1925070344,packed_mp_veh_mod_idx_1_v166
-1925045124,packed_mp_veh_mod_idx_7_v96
-1924973345,f_cl_clo_l2f_dec_15_t100_v0
-1924842343,f_cl_clo_x6f_u_26_23_t11_v1
-1924742397,packed_mp_veh_mod_var_0_v387
-1924699110,m_cl_outfit_clo_hstm_o_e_0_t12_v0
-1924669890,m_cl_clo_grm_ph_1_4_t14_v1
-1924666606,m_cl_clo_hstmb_16_2_t1_v1
-1924620654,packed_mp_veh_mod_idx_s_12_v43
-1924601864,m_cl_clo_smm_b_2_17_t1_v1
-1924581153,m_cl_clo_x6m_u_0_7_t11_v1
-1924576160,m_cl_clo_x6m_u_22_22_t11_v1
-1924469593,f_cl_clo_x6f_ph_5_0_t14_v1
-1924455548,f_cl_clo_smf_b_2_17_t1_v1
-1924359256,vem_supermod_17_12_t58_v28
-1924095072,packed_mp_veh_mod_var_1_v53
-1924049751,m_cl_outfit_clo_v2m_o_6_t12_v0
-1923949339,vem_supermod_1_2_t42_v28
-1923947138,m_cl_clo_bhm_decl_10_t11_v1
-1923875176,vem_smod5_whlv162_t66_v3
-1923792537,m_cl_outfit_clo_bim_o_15_t12_v0
-1923740572,packed_mp_veh_mod_idx_7_v78
-1923682122,vem_horn_clas3_t10_v30
-1923666276,m_cl_clo_smm_u_7_19_t11_v1
-1923565352,m_cl_clo_grm_u_8_16_t11_v1
-1923465109,packed_mp_veh_mod_idx_s_19_v146
-1923437910,m_cl_outfit_clo_hstm_o_13_t12_v0
-1923420559,packed_mp_veh_mod_idx_s_21_v289
-1923392378,packed_ng_vehicle_smoke_v410
-1923379310,f_cl_g_fmf_0_2_t14_v0
-1923245496,packed_mp_veh_mod_idx_s_20_v126
-1923204614,mt_snk_item4_t0_v0
-1923182246,packed_mp_veh_primary_colour_group_v141
-1923145015,f_cl_clo_h4f_b_2_15_t1_v1
-1923129932,packed_mp_veh_mod_idx_s_20_v181
-1923112288,packed_mp_veh_mod_idx_9_v276
-1922964525,vem_colour_1_mct_metallic_graphite_t24_v33
-1922961217,vem_colour_2_mct_metallic_creek_brown_t25_v2
-1922907163,vem_supermod_14_1_t55_v7
-1922845828,m_ta_tat_sm_005_t0_v0
-1922792134,vem_cmod_win_2_t33_v31
-1922731609,mp_stat_mpsv_model_140
-1922703910,m_cl_l_fmm_3_12_t4_v0
-1922659523,vem_supermod_8_14_t49_v3
-1922554349,service_earn_ambient_job_destroy_veh
-1922529330,packed_mp_veh_primary_colour_group_v171
-1922487236,packed_mp_veh_mod_idx_16_v189
-1922450666,packed_mp_veh_mod_idx_11_v372
-1922423828,packed_mp_veh_mod_idx_5_v171
-1922375172,packed_mp_veh_mod_idx_s_3_v20
-1922373433,f_cl_clo_vwf_u_16_8_t11_v1
-1922233305,f_cl_clo_fxf_l_2_2_t4_v1
-1922215724,vem_cmod_tyr_8_t18_v5
-1922093504,wp_wct_camo_4_t1_v48_n2
-1922070949,packed_lr_vehicle_colour_6_v177
-1922056959,packed_mp_veh_colour2_0_v232
-1921992728,f_cl_outfit_clo_awf_o_h_3_t12_v0
-1921981473,vem_cmod_exp_0_t20_v28
-1921968135,f_cl_clo_h4f_pey_3_5_t14_v1
-1921929046,packed_mp_veh_primary_colour_group_v399
-1921901081,vem_supermod_23_11_t64_v33
-1921844293,packed_mp_veh_colour_extra1_0_v398
-1921812673,vem_rwd_loride_08_t19_v2
-1921796516,m_cl_u_fmm_14_0_t8_v2
-1921763424,packed_mp_veh_mod_idx_s_22_v93
-1921735773,f_cl_clo_x6f_ph_11_0_t14_v1
-1921640573,vem_spoiler_21_t14_v1
-1921602341,f_cl_clo_h4f_decl_19_t100_v0
-1921599797,pr_mp_prop_59_t0_v0
-1921598660,packed_mp_veh_mod_idx_11_v378
-1921537765,vem_smod_whlv115_t66_v0
-1921497971,packed_mp_veh_mod_idx_s_7_v238
-1921403184,vem_colour_2_mct_metallic_umber_brown_t25_v4
-1921381684,f_cl_clo_stf_l_3_0_t4_v1
-1921323090,packed_mp_veh_mod_idx_12_v28
-1921250880,m_cl_clo_fxm_pe_2_5_t14_v1
-1921250821,service_spend_submarine_utility_fee
-1921187376,packed_mp_veh_livery_0_v109
-1921173707,packed_mp_veh_mod_var_1_v9
-1921160209,m_cl_clo_bim_decl_7_t11_v1
-1921028934,f_cl_clo_trf_u_7_2_t11_v1
-1921011842,packed_mp_veh_primary_colour_group_v48
-1920990990,packed_mp_veh_mod_idx_s_12_v176
-1920973748,wp_gsa_type_f_t0_v57
-1920924807,packed_mp_veh_mod_idx_3_v66
-1920823136,f_cl_clo_h3f_u_4_8_t11_v1
-1920773530,packed_ng_vehicle_bpt_v212
-1920674052,wp_wct_msmgfrn_var_t1_v7
-1920556076,f_cl_clo_fxf_u_7_5_t11_v1
-1920467071,packed_mp_veh_mod_idx_24_v211
-1920451439,vem_smod2_whlv103_t66_v3
-1920414021,vem_spoiler_5_t14_v28
-1920395008,autoshop_crw_1_t0_v0
-1920326941,f_cl_clo_h3f_l_4_16_t4_v1
-1920314107,packed_mp_veh_mod_idx_s_0_v372
-1920142768,packed_mp_veh_mod_idx_s_15_v358
-1919934062,m_cl_clo_valm_b_0_2_t1_v1
-1919918473,vem_cmod_tyr_pat_t18_v35
-1919884284,m_ta_tat_bi_053_t0_v0_cesp
-1919868317,f_cl_clo_lxf_dec_31_t11_v1
-1919742650,packed_lr_vehicle_colour_6_v113
-1919679282,f_cl_clo_vwf_pey_0_7_t14_v1
-1919638678,vem_supermod_23_18_t64_v38
-1919566850,packed_mp_veh_colour1_0_v250
-1919547825,mp_stat_property_house_v0
-1919440881,f_cl_clo_apf_u_1_2_t11_v1
-1919314849,packed_mp_veh_mod_idx_15_v89
-1919312542,vem_supermod_3_40_t44_v27
-1919310348,packed_mp_veh_colour_extra1_0_v302
-1919266735,packed_mp_veh_mod_idx_s_2_v106
-1919229710,packed_mp_veh_colour_extra2_0_v127
-1919194607,vem_fender_l_0_t36_v38
-1919182889,f_cl_clo_hstfb_21_3_t1_v1
-1919102212,f_cl_clo_grf_u_24_11_t11_v1
-1918999699,dec_vw_aw_wv_8
-1918983338,f_cl_outfit_clo_hstf_o_d_1_t12_v0
-1918967151,service_earn_casino_award_full_house
-1918851005,f_ta_tat_bi_015_t0_v0_cesp
-1918786677,vem_smod4_whlv183_t66_v3
-1918784541,m_cl_clo_sbm_ph_5_2_t14_v1
-1918782054,vem_cmod_tyr_12_t18_v28
-1918777628,f_cl_clo_smf_o_7_t3_v12
-1918777281,packed_mp_veh_mod_idx_s_7_v319
-1918720703,packed_mp_veh_colour_extra2_0_v393
-1918656356,packed_mp_veh_mod_idx_s_17_v160
-1918629778,packed_mp_veh_mod_idx_18_v109
-1918563868,packed_mp_veh_mod_idx_5_v340
-1918463144,m_cl_clo_exm_au_5_0_t11_v1
-1918342909,packed_mp_veh_mod_idx_s_20_v407
-1918318074,packed_mp_veh_mod_idx_1_v218
-1918210341,vem_supermod_22_10_t63_v28
-1918174373,vem_grill_0_t8_v3
-1918139200,wp_wct_tint_21_t2_v9_n2
-1918132382,packed_mp_veh_primary_colour_group_v1
-1918093773,packed_mp_veh_mod_idx_4_v284
-1918085038,m_ta_tat_x2_029_t0_v0
-1918084683,vem_loride_10_t19_v1
-1918079666,m_cl_outfit_clo_hstm_o_g_3_t12_v0
-1918051016,service_earn_gangops_award_supporting
-1917992689,mp_stat_ie_wh_owned_vehicle_2_v0
-1917949388,packed_mp_veh_mod_idx_s_12_v411
-1917944184,packed_mp_veh_mod_idx_s_5_v31
-1917788879,packed_mp_veh_mod_idx_s_22_v261
-1917634518,f_ta_tat_st_017_t0_v0
-1917611862,packed_mp_veh_mod_idx_23_v252
-1917598181,vem_smod2_whlv203_t66_v3
-1917593152,hangar_index_5_t0_v0
-1917517098,packed_mp_veh_mod_idx_s_8_v69
-1917491273,m_cl_clo_grm_b_3_3_t1_v1
-1917458988,packed_mp_veh_mod_idx_7_v132
-1917439728,m_cl_clo_val_decl_l_t100_v0
-1917386827,packed_mp_veh_mod_idx_14_v101
-1916974548,vem_supermod_6_9_t47_v27
-1916912054,packed_mp_veh_mod_idx_23_v197
-1916903719,m_cl_clo_smm_b_7_0_t1_v1
-1916900178,packed_mp_veh_secondary_colour_group_v259
-1916788365,packed_lr_vehicle_colour_5_v409
-1916572309,vem_cmod_col5_12_t29_v2
-1916563590,m_ta_tat_ar_002_t0_v0
-1916545817,wp_wm_tint5_t2_v9
-1916488633,wp_wm_tint7_t2_v54
-1916351130,packed_mp_veh_mod_idx_1_v265
-1916337318,f_cl_clo_h2f_b_4_8_t1_v1
-1916328870,packed_mp_veh_mod_idx_3_v287
-1916324941,wp_wct_tint_29_t2_v13_n2
-1916280902,vem_supermod_16_0_t57_v31
-1916220112,f_cl_clo_lxf_dec_0_t100_v0
-1916088942,m_ta_tat_fx_010_t0_v0
-1916059277,packed_mp_veh_plate_id_v136
-1916030098,packed_mp_veh_primary_colour_group_v50
-1916019147,vem_fender_r_11_t37_v0
-1915976273,f_cl_rstar_dev_2_t100_v0
-1915969571,vem_colour_2_mct_metallic_purple_t25_v4
-1915892692,vem_smod4_whlv120_t66_v2
-1915821609,packed_mp_veh_mod_idx_15_v395
-1915788221,f_cl_clo_h2f_f_5_24_t6_v1
-1915762744,f_cl_clo_sbf_u_13_4_t11_v1
-1915664083,m_cl_clo_bim_prw_3_0_t14_v1
-1915652568,packed_mp_veh_mod_idx_s_20_v46
-1915565534,packed_mp_veh_mod_idx_1_v143
-1915534028,packed_mp_veh_mod_idx_15_v401
-1915442276,f_cl_clo_scf_b_9_1_t1_v1
-1915440255,f_cl_outfit_clo_hstf_o_i_2_t12_v0
-1915427041,packed_mp_veh_mod_idx_11_v149
-1915420325,f_ta_tat_lx_001_t0_v0
-1915407310,packed_mp_veh_mod_var_1_v354
-1915389394,f_cl_clo_bif_pe_0_0_t14_v1
-1915224446,f_cl_clo_awf_ph_2_7_t14_v1
-1915155318,f_cl_clo_smf_b_7_19_t1_v1
-1915135779,packed_mp_veh_colour_extra1_0_v89
-1915022566,m_cl_clo_stm_o_e_3_t3_v12
-1914976244,packed_mp_veh_plate_id_v111
-1914951697,po_coupon_tatoo
-1914935732,f_cl_clo_grf_decl_11_t100_v0
-1914904084,packed_mp_veh_colour1_0_v349
-1914868325,m_cl_outfit_clo_arm_o_20_t12_v0
-1914812522,m_cl_outfit_clo_s2m_o_3_t12_v0
-1914688099,packed_mp_veh_colour_extra1_0_v368
-1914677278,m_cl_clo_smm_b_0_3_t1_v1
-1914649533,packed_ng_vehicle_neon_v126
-1914531411,m_cl_clo_smm_ph_1_10_t14_v1
-1914473174,f_cl_clo_awf_u_17_0_t11_v1
-1914435797,f_cl_clo_hst_f_a_9_t11_v1
-1914371096,m_cl_clo_sum_decl_32_t11_v1
-1914366277,vem_supermod_23_26_n1_t64_v3
-1914311458,packed_mp_veh_livery_0_v151
-1914238585,candc_hacker_tnt_1_t0_v0
-1914232762,f_cl_clo_vwf_u_20_6_t11_v1
-1914228045,mp_stat_mpsv_model_253
-1914196906,packed_mp_veh_mod_idx_4_v271
-1914166240,vem_smod4_whlv183_t66_v0
-1914061178,vem_supermod_8_0_t49_v6
-1914008028,vem_rwd_spt_07_t19_v0
-1914001047,packed_mp_veh_mod_idx_s_9_v162
-1913998716,packed_mp_veh_mod_idx_s_6_v370
-1913978050,kosatk_fla_44_t0_v0
-1913919203,packed_mp_veh_mod_idx_11_v165
-1913864757,packed_mp_veh_mod_var_0_v312
-1913786160,vem_smod4_whlv72_t66_v1
-1913767519,m_cl_clo_sbm_u_11_9_t11_v1
-1913704622,m_cl_clo_indm_o_1_t3_v12
-1913646030,f_cl_clo_x6f_ph_10_6_t14_v1
-1913619694,packed_mp_veh_mod_idx_2_v143
-1913538560,vem_colour_2_mct_matte_matte_dirt_t25_v33
-1913535199,f_cl_clo_sbf_f_3_15_t6_v1
-1913446424,ve_blimp3_n1_t1_v1
-1913444777,m_cl_clo_x4m_u_12_3_t11_v1
-1913435903,packed_mp_veh_mod_var_1_v149
-1913348369,packed_mp_veh_mod_idx_0_v367
-1913283571,ve_bison_t0_v2
-1913242818,vem_trans_1_t16_v4
-1913186073,f_cl_outfit_clo_arf_o_5_t12_v0
-1913174559,mp_stat_arcade_mac_13
-1913012353,f_cl_clo_awf_decl_65_t100_v0
-1912983814,m_cl_clo_bim_u_10_5_t11_v1
-1912964655,vem_smod_whlv54_t66_v0
-1912932381,m_cl_clo_bhm_decl_44_t100_v0
-1912873698,m_cl_outfit_clo_hstm_o_b_1_t12_v0
-1912826380,m_cl_clo_x6m_l_6_6_t4_v1
-1912809904,vem_spt_25_t19_v1
-1912784909,vem_colour_extra_1_mct_pearlescent_harbor_blue_t24_v1
-1912774209,kosatk_fla_8_t0_v0
-1912746528,m_cl_clo_grm_decl_3_t11_v1
-1912688415,packed_mp_veh_mod_idx_s_6_v236
-1912684994,dec_vw_aw_ls_2a
-1912586269,m_cl_u_fmm_14_3_t8_v2
-1912567159,f_cl_clo_hstf_s_8_2_t8_v2
-1912565728,m_cl_clo_smm_ph_3_0_t14_v1
-1912374226,packed_mp_veh_mod_idx_s_4_v357
-1912260895,packed_mp_veh_mod_idx_4_v282
-1912157175,packed_lr_vehicle_colour_5_v141
-1912108905,packed_mp_veh_mod_var_1_v275
-1911992386,f_cl_outfit_clo_stf_o_6_t12_v0_cesp
-1911877285,vem_colour_2_mct_metallic_umber_brown_t25_v33
-1911876742,vem_colour_extra_1_mct_classic_umber_brown_t24_v2
-1911686661,f_ta_tat_bi_004_t0_v0_cesp
-1911660641,vem_roof_4_t12_v38
-1911610418,wp_wct_clip_fmj_t1_v9_n2
-1911463352,packed_mp_veh_mod_idx_s_8_v269
-1911422644,packed_mp_veh_wheel_type_0_v74
-1911387427,vem_cmod_tyr_9_t18_v36
-1911314682,f_cl_clo_h3f_o_jan_2_t8_v12
-1911304444,packed_mp_veh_mod_idx_s_2_v126
-1911262685,f_cl_clo_h4f_s_2_3_t8_v1
-1911241613,vem_smod_whlv37_t66_v0
-1911194527,f_cl_clo_x6f_u_12_11_t11_v1
-1911182390,mba_mechanic_2_0_t0_v0
-1911054481,vem_smod4_whlv188_t66_v2
-1911036816,vem_suspension_0_t15_v37
-1910972401,f_cl_clo_h4f_b_2_2_t1_v1
-1910926244,packed_ng_vehicle_insurance_v363
-1910885089,vem_supermod_23_4_t64_v28
-1910834023,packed_mp_veh_mod_idx_3_v56
-1910564420,f_cl_clo_half_6_1_t1_v1
-1910459852,kosatk_fla_22_t0_v0
-1910390248,vem_hood_2_t9_v38
-1910363815,packed_mp_veh_mod_idx_s_7_v208
-1910351606,f_cl_clo_h3f_u_13_12_t11_v1
-1910318332,f_ta_tat_bi_033_t0_v0_cesp
-1910135073,wp_wct_supp_t1_v3
-1910118892,m_cl_clo_vwm_u_8_4_t11_v1
-1910102309,m_cl_clo_trm_f_1_16_t6_v1
-1909947275,vem_smod_whl9_t19_v3
-1909838996,vem_colour_extra_1_mct_classic_sea_green_t24_v0
-1909758921,packed_mp_veh_mod_idx_22_v60
-1909738597,packed_mp_veh_colour_extra2_0_v353
-1909714439,vem_exhaust_2_t6_v35
-1909625999,vem_colour_extra_1_mct_metallic_blaze_red_t24_v1
-1909581414,packed_mp_veh_colour1_0_v64
-1909525491,f_cl_clo_bif_u_5_2_t11_v1
-1909434704,m_cl_clo_vwm_ph_0_2_t14_v1
-1909370206,packed_ng_vehicle_bpt_v204
-1909345352,m_cl_clo_h3m_ph_5_19_t14_v1
-1909303317,packed_mp_veh_mod_idx_7_v397
-1909292987,vem_colour_2_mct_classic_dark_green_t25_v0
-1909290876,f_cl_outfit_clo_exf_ob_6_t12_v0
-1909272265,vem_smod5_whlv83_t66_v3
-1909232579,vem_supermod_8_7_t49_v26
-1909230619,m_cl_clo_hstm_o_a_0_t3_v12
-1909218397,packed_mp_veh_mod_idx_s_10_v46
-1909194847,f_cl_clo_h3f_b_9_13_t1_v1
-1909168017,packed_mp_veh_livery2_0_v28
-1909144674,vem_brake_1_t2_v28
-1908930269,packed_mp_veh_mod_idx_5_v74
-1908691374,m_cl_clo_bim_decl_44_t11_v1
-1908682102,f_cl_clo_grf_b_5_8_t1_v1
-1908650070,packed_mp_veh_mod_idx_s_19_v237
-1908611938,packed_mp_veh_mod_idx_s_0_v227
-1908596549,m_cl_clo_smm_b_8_11_t1_v1
-1908589080,f_cl_clo_suf_u_0_4_t11_v1
-1908587196,vem_supermod_21_7_t62_v27
-1908564068,packed_mp_veh_mod_idx_s_12_v70
-1908557425,wp_wct_muzz_t1_v22_n2
-1908486784,packed_mp_veh_mod_idx_9_v178
-1908470708,m_cl_clo_awm_f_0_1_t6_v1
-1908369427,m_ta_tat_bi_045_t0_v0_cesp
-1908311354,f_cl_clo_h4f_t_4_2_t7_v1
-1908301393,f_ta_tat_st_035_t0_v0
-1908282211,f_ta_tat_fx_000_t0_v0
-1908271719,m_cl_u_fmm_12_10_t8_v1
-1908236076,packed_mp_veh_mod_idx_4_v173
-1908196233,packed_mp_veh_mod_idx_3_v131
-1908142615,f_cl_clo_busf_t_0_2_t7_v1
-1908079807,packed_mp_veh_mod_idx_s_5_v40
-1908036775,vem_supermod_21_2_t62_v28
-1908022926,m_cl_clo_arm_o_4_t3_v12
-1907995393,packed_mp_veh_mod_var_1_v151
-1907943950,pr_mp_prop_70_t0_v0
-1907776012,mp_stat_mpsv_model_216
-1907753210,vem_smod4_whlv187_t66_v3
-1907679255,m_cl_f_fmm_9_10_t6_v0
-1907646235,packed_mp_veh_primary_colour_group_v299
-1907634949,packed_mp_veh_mod_idx_s_14_v162
-1907511562,vem_smod4_whlv206_t66_v0
-1907480233,f_cl_clo_s2f_d_27_t100_v0
-1907414232,packed_lr_vehicle_colour_5_v395
-1907408411,vem_skirt_14_t13_v38
-1907357897,pr_pm_bemblem_8_t0_v0
-1907279879,vem_brake_2_t2_v35
-1907268475,ve_stafford_t0_v3
-1907255577,packed_mp_veh_mod_idx_s_1_v93
-1907176492,packed_mp_veh_mod_idx_s_5_v204
-1907164904,vem_smod4_whlv177_t66_v3
-1907142291,vem_colour_extra_1_mct_classic_creek_brown_t24_v33
-1907072605,f_cl_clo_hp_f_d_25_t8_v1
-1907012543,packed_mp_veh_mod_idx_5_v324
-1906947846,vem_colour_2_mct_metallic_midnight_silver_t25_v33
-1906920640,vem_spoiler_2_t14_v1
-1906912059,m_cl_clo_smm_ph_4_20_t14_v1
-1906819453,f_cl_u_fmf_13_10_t11_v0
-1906618383,packed_mp_veh_mod_idx_7_v412
-1906564759,m_cl_clo_x6m_b_2_17_t1_v1
-1906558857,m_cl_outfit_clo_v2m_o_11_t12_v0
-1906516146,packed_mp_veh_mod_idx_10_v55
-1906442937,m_cl_clo_arm_o_9_t11_v12
-1906367571,packed_mp_veh_colour_extra2_0_v96
-1906316876,vem_spoiler_1_t14_v5
-1906258112,packed_mp_veh_mod_idx_0_v310
-1906241686,f_cl_clo_x6f_b_3_1_t1_v1
-1906222106,dec_vw_aw_wv_75
-1906196190,f_cl_clo_stf_ht6_0_t14_v1
-1906179746,packed_ng_vehicle_bpt_v160
-1906060737,f_cl_clo_hstfb_14_14_t1_v1
-1905878351,vem_supermod_3_12_t44_v7
-1905869408,m_cl_clo_x5m_u_16_11_t11_v1
-1905754476,packed_mp_veh_mod_idx_s_12_v328
-1905648581,f_cl_clo_ief_f_0_2_t6_v1
-1905626316,fa_upgrade_cash_equip_1_t0_v0
-1905546454,m_cl_clo_vwm_decl_21_t100_v0
-1905519990,m_ta_tat_bi_025_t0_v0_cesp
-1905461431,packed_mp_veh_mod_idx_12_v253
-1905329125,f_cl_clo_hstf_o_0_t8_v12
-1905287065,ve_nokota_t1_v33
-1905238286,f_cl_clo_exf_g_1_10_t14_v0
-1905234668,packed_mp_veh_mod_idx_7_v249
-1905233902,f_ha_cc_f_hs_11_t0_v0
-1905211554,packed_ng_vehicle_smoke_v254
-1905139865,packed_mp_veh_mod_idx_22_v190
-1905124759,m_cl_clo_x6m_ph_10_5_t14_v1
-1905107978,packed_mp_veh_mod_idx_s_5_v286
-1905037178,packed_ng_vehicle_insurance_v195
-1905035201,mp_stat_mpsv_model_181
-1904971417,vem_fender_l_0_t36_v27
-1904896832,ve_coquette2_t0_v1_cesp
-1904852858,ve_vindicator_t0_v4
-1904812458,wp_wct_tint_17_t2_v5_n2
-1904795331,f_cl_clo_stf_h_9_13_t14_v1
-1904794923,packed_mp_veh_mod_idx_5_v280
-1904721669,packed_mp_veh_mod_idx_s_19_v190
-1904701773,m_cl_clo_iem_b_3_5_t1_v1
-1904620582,vem_supermod_15_0_t56_v39
-1904474036,packed_lr_vehicle_colour_6_v171
-1904384377,packed_mp_veh_mod_idx_s_17_v398
-1904360330,m_cl_clo_h2m_u_7_8_t11_v1
-1904347066,m_cl_clo_sum_u_7_2_t11_v1
-1904321199,vem_colour_2_mct_classic_black_t25_v1
-1904316046,f_ta_tat_fx_008_t0_v0
-1904288016,vem_skirt_5_t13_v7
-1904246739,packed_mp_veh_mod_idx_4_v124
-1904064461,packed_mp_veh_mod_idx_9_v139
-1904023202,packed_mp_veh_mod_idx_s_7_v370
-1903957392,vem_supermod_3_10_t44_v7
-1903885641,f_cl_clo_x6f_f_3_11_t6_v1
-1903854886,packed_mp_veh_mod_idx_12_v242
-1903724076,wp_wct_c_tint_7_t2_v8_n2
-1903714651,m_cl_clo_h4m_decl_5_t100_v0
-1903684958,packed_mp_veh_colour_extra1_0_v115
-1903649127,m_cl_clo_halm_d_8_t100_v0
-1903611507,vem_insurance_caracara
-1903602907,m_cl_clo_hstm_t_3_14_t7_v1
-1903543071,f_cl_clo_xmas_h_2_0_t14_v1
-1903520543,m_cl_clo_hstm_b_12_1_t1_v1
-1903389204,packed_mp_veh_mod_idx_s_9_v258
-1903246504,m_cl_clo_smm_b_4_7_t1_v1
-1903056748,ve_stalion_t1_v0
-1903034894,packed_mp_veh_mod_idx_s_3_v97
-1903029808,m_cl_clo_h3m_ph_2_0_t14_v1
-1902881607,f_cl_clo_grf_ph_5_12_t14_v1
-1902814490,vem_hood_16_t9_v3
-1902754276,vem_cmod_neonlay_2_t21_v27
-1902699147,packed_mp_veh_mod_idx_23_v273
-1902601681,packed_mp_veh_mod_idx_8_v298
-1902434771,packed_mp_veh_window_tint_0_v132
-1902333043,packed_mp_veh_mod_idx_3_v244
-1902263792,vem_grill_3_t8_v3
-1902225394,vem_smod2_whlv201_t66_v3
-1902178722,packed_mp_veh_mod_idx_s_4_v410
-1902171382,f_cl_clo_s2f_d_9_t11_v1
-1902096678,m_cl_clo_bim_l_5_4_t4_v1
-1902060173,m_cl_clo_sbm_pe_1_0_t14_v1
-1901958472,vem_colour_1_mct_metallic_gold_t24_v33
-1901912468,vem_horn_lowrder1_t10_v35
-1901823454,m_cl_clo_indm_u_0_0_t11_v1
-1901789446,packed_mp_veh_mod_idx_s_23_v390
-1901785147,packed_lr_vehicle_colour_6_v337
-1901757419,ve_nebula_t0_v3
-1901753372,wp_wt_bottle_t1_v0
-1901583305,packed_mp_veh_mod_var_1_v75
-1901518171,vem_trans_0_t16_v30
-1901428591,ve_annihlator2_t1_v34
-1901402724,f_cl_clo_exf_decl_16_t100_v0
-1901177934,vem_fender_r_6_t37_v37
-1901019747,packed_mp_veh_mod_idx_16_v115
-1900729674,m_cl_clo_awm_b_12_5_t1_v1
-1900672033,mp_stat_prop_office_gar3_v0
-1900575791,packed_mp_veh_mod_idx_s_20_v395
-1900549349,vem_smod_whlv89_t66_v0
-1900440334,m_ta_tat_bus_009_t0_v0
-1900378601,m_cl_sp_fmm_10_0_t8_v1
-1900288691,packed_mp_veh_plate_id_v171
-1900066036,vem_cmod_win_1_t33_v37
-1900015167,f_cl_clo_trf_o_r2_t3_v12
-1899999328,f_cl_clo_ief_b_3_2_t1_v1
-1899922087,packed_ng_vehicle_bpt_v123
-1899900223,vem_spoiler_10_t14_v26
-1899674421,packed_mp_veh_mod_var_0_v233
-1899657864,vem_colour_extra_1_mct_pearlescent_bright_green_t24_v1
-1899653833,vem_supermod_8_16_t49_v7
-1899564580,packed_mp_veh_mod_idx_s_10_v411
-1899533310,packed_lr_vehicle_colour_5_v190
-1899465479,f_cl_clo_trf_u_7_8_t11_v1
-1899454739,m_cl_clo_iem_u_18_5_t11_v1
-1899436468,packed_mp_veh_mod_idx_12_v340
-1899212331,m_cl_clo_awm_u_4_2_t11_v1
-1899074739,f_cl_clo_bhf_u_5_9_t11_v1
-1898951685,packed_mp_veh_mod_idx_5_v317
-1898910418,vem_supermod_3_39_t44_v7
-1898844945,vem_insurance_drafter
-1898805545,m_cl_clo_bus_m_o_2_t3_v12
-1898673177,f_ta_tat_sb_005_t0_v0
-1898643011,packed_mp_veh_mod_idx_s_12_v384
-1898617416,vem_supermod_23_0_t64_v14
-1898570172,f_cl_clo_awf_o_e_3_t8_v12
-1898562250,packed_mp_veh_colour2_0_v257
-1898508040,f_cl_clo_h3f_o_grp_6_t3_v12
-1898500949,f_cl_clo_h3f_b_14_5_t1_v1
-1898470795,pr_pm_bfont_9_t0_v0
-1898456885,wp_wct_tint_3_t2_v1_n2
-1898297033,packed_ng_vehicle_neon_v22
-1898272644,vem_colour_mct_none_51
-1898268186,f_cl_clo_bif_o_5_t8_v12
-1898241794,f_cl_clo_vwf_u_2_9_t11_v1
-1898208985,vem_horn_luxe2_t10_v3
-1897986175,packed_mp_veh_mod_idx_s_22_v371
-1897975621,vem_cmod_hrn_cop_t10_v5
-1897871067,packed_mp_veh_mod_idx_12_v152
-1897756439,f_cl_clo_h4f_prw_0_4_t14_v1
-1897745375,m_cl_clo_stm_h_1020_t14_v1
-1897649017,packed_mp_veh_secondary_colour_group_v95
-1897585259,f_cl_clo_l2f_o_0_t3_v12
-1897576087,vem_colour_extra_1_mct_pearlescent_midnight_blue_t24_v4
-1897559079,vem_supermod_11_12_t52_v26
-1897551783,pr_pm_gnumber_1_t0_v0
-1897524458,vem_colour_2_mct_metallic_gold_t25_v2
-1897520593,mp_stat_clbhos_sinagehide_v0
-1897517376,packed_ng_vehicle_bpt_v56
-1897452068,packed_mp_veh_mod_idx_16_v172
-1897447121,vem_colour_2_mct_metallic_sienna_brown_t25_v3
-1897416503,f_cl_l_fmf_3_6_t4_v0
-1897280832,f_cl_clo_bif_s_17_21_t8_v1
-1897247699,packed_mp_veh_mod_var_0_v218
-1897239675,packed_mp_veh_mod_idx_22_v15
-1897238077,vem_bumper_r_22_t35_v35
-1897195932,vem_colour_extra_1_mct_pearlescent_wine_red_t24_v1
-1897129510,vem_fender_r_16_t37_v3
-1897099093,m_cl_clo_s1m_u_7_8_t11_v1
-1897036489,m_cl_clo_stm_u_6_7_t11_v1
-1896906343,f_cl_clo_bhf_l_0_2_t4_v1
-1896890678,vem_smod4_whlv147_t66_v0
-1896756032,m_cl_clo_awm_b_4_0_t1_v1
-1896735121,vem_colour_1_mct_metallic_saxon_blue_t24_v2
-1896649001,m_cl_clo_h2m_b_9_2_t1_v1
-1896615419,packed_mp_veh_colour_extra1_0_v255
-1896606724,service_spend_island_heist_support_airstrike
-1896604873,m_cl_clo_x6m_o_o_7_t3_v12
-1896602580,packed_ng_vehicle_neon_kit_v33
-1896566839,packed_mp_veh_livery_0_v406
-1896548463,packed_mp_veh_mod_idx_s_12_v396
-1896529585,packed_mp_veh_mod_idx_s_18_v201
-1896526440,f_cl_clo_h4f_o_h1_f3_t3_v12
-1896524408,vem_colour_extra_1_mct_metallic_moss_brown_t24_v1
-1896402957,m_cl_clo_hp_d_9_t8_v2
-1896401818,f_cl_clo_hp_f_l_2_8_t4_v1
-1896294194,packed_mp_veh_mod_idx_s_0_v383
-1896218359,autoshop_emb_2_t0_v0
-1896199858,vem_supermod_8_7_t49_v6
-1896191007,packed_mp_veh_mod_idx_12_v88
-1896167936,packed_mp_veh_mod_idx_s_0_v198
-1896104440,vem_smod3_whlv112_t66_v3
-1896020813,vem_supermod_9_1_t50_v3
-1895929712,wp_wct_tint_23_t2_v46_n2
-1895876867,m_ta_tat_bi_029_t0_v0_cesp
-1895873724,vem_fender_r_8_n0_t37_v38
-1895850217,packed_mp_veh_mod_idx_s_2_v285
-1895711190,m_cl_clo_hstm_o_12_t4_v12
-1895577523,m_cl_clo_hilf_s_2_2_t8_v1
-1895538074,packed_mp_veh_plate_id_v168
-1895371317,m_ta_tat_h3_036_t0_v0
-1895257214,packed_mp_veh_mod_idx_s_15_v169
-1895129090,vem_supermod_23_23_n1_t64_v33
-1895040781,vem_cmod_tyr_11_t18_v2
-1895007567,pr_mp_prop_50_t0_v0
-1894912479,vem_supermod_20_4_t61_v27
-1894836322,vem_rwd_drft_07_t19_v1
-1894789644,packed_mp_veh_mod_idx_s_11_v346
-1894702526,packed_mp_veh_mod_idx_s_6_v92
-1894655791,packed_mp_veh_mod_idx_s_4_v179
-1894644516,wp_wct_var_metal_t1_v3
-1894557828,vem_colour_2_mct_metallic_black_t25_v33
-1894509839,m_cl_clo_smm_ph_6_15_t14_v1
-1894509597,f_cl_clo_x6f_ph_1_3_t14_v1
-1894368199,vem_bumper_f_13_t34_v26
-1894356385,f_cl_clo_bif_ph_12_6_t14_v1
-1894265089,vem_supermod_11_0_t52_v31
-1894231880,packed_mp_veh_mod_idx_s_18_v323
-1894230285,packed_mp_veh_mod_idx_s_10_v2
-1894178374,vem_supermod_18_8_t59_v3
-1894134340,f_cl_clo_h2f_u_6_3_t11_v1
-1893996021,f_cl_clo_x6f_f_7_1_t6_v1
-1893924639,packed_mp_veh_mod_idx_s_23_v157
-1893826819,m_cl_outfit_clo_hstm_o_a_2_t12_v0
-1893575506,m_cl_clo_iem_u_7_21_t11_v1
-1893548846,mp_stat_mpsv_model_267
-1893538746,m_cl_clo_fxm_ph_0_24_t14_v1
-1893462174,packed_mp_veh_mod_idx_s_1_v410
-1893381429,vem_colour_1_mct_classic_sienna_brown_t24_v3
-1893379588,wp_wct_c_tint_7_t2_v1_n2
-1893259829,m_cl_clo_exm_decl_2_t100_v0
-1893218673,packed_mp_veh_livery_0_v94
-1893207759,vem_bikew_26_t19_v3
-1893095174,wp_wm_tint4_t2_v11
-1893083551,vem_supermod_23_10_t64_v26
-1893009717,m_cl_clo_scm_rw_0_2_t14_v1
-1892942773,f_cl_clo_suf_o_0_t8_v12
-1892886689,packed_mp_veh_mod_idx_s_1_v283
-1892838368,packed_mp_veh_mod_idx_2_v198
-1892760262,service_spend_gangops_start_strand
-1892749393,wp_wct_clip_tr_t1_v9_n2
-1892705570,vem_insurance_schafter3
-1892667024,m_cl_clo_stm_u_4_0_t11_v1
-1892506635,packed_mp_veh_mod_idx_24_v125
-1892495607,vem_cmod_neonlay_1_t21_v38
-1892459874,m_cl_clo_awm_b_2_13_t1_v1
-1892446769,m_cl_clo_bhm_decl_2_t11_v1
-1892433692,wp_wct_tint_30_t2_v70_n2
-1892328342,vem_cmod_tyr_lg_t30_v5
-1892327248,vem_hood_3_t9_v35
-1892327087,packed_mp_veh_mod_idx_s_14_v98
-1892275457,f_cl_clo_hp_f_b_0_1_t1_v1
-1892231113,vem_supermod_2_0_t43_v26
-1892078908,packed_mp_veh_primary_colour_group_v206
-1892034225,ve_starling_t0_v33
-1892021123,vem_horn_hips4_t10_v11
-1891978479,packed_mp_veh_mod_idx_0_v129
-1891954604,f_cl_clo_val_decl_h_t11_v1
-1891907830,vem_horn_xm15_1_t10_v39
-1891876414,vem_drft_22_t19_v1
-1891691179,m_cl_clo_vwm_pey_0_5_t14_v1
-1891564600,m_cl_clo_h2m_b_9_11_t1_v1
-1891563646,vem_supermod_23_1_t64_v21
-1891462006,packed_mp_veh_mod_idx_s_2_v172
-1891425891,m_cl_clo_lxm_u_5_5_t11_v1
-1891396140,pr_mp_prop_34_t0_v1
-1891389102,vem_smod4_whlv104_t66_v3
-1891314855,m_cl_clo_bim_decl_47_t100_v0
-1891300494,vem_colour_2_mct_matte_white_t25_v0
-1891240863,f_cl_g_fmf_0_6_t14_v0
-1891106270,packed_ng_vehicle_neon_v277
-1891017476,f_cl_clo_vwf_ph_0_10_t14_v1
-1890963592,packed_mp_veh_mod_idx_s_1_v59
-1890913808,packed_mp_veh_mod_idx_10_v126
-1890865764,m_cl_clo_bhm_u_11_13_t11_v1
-1890855896,ve_tornado3_t0_v0
-1890814251,vem_colour_extra_1_mct_matte_dark_red_t24_v3
-1890797759,m_cl_clo_h2m_f_5_4_t6_v1
-1890785587,packed_mp_veh_mod_idx_13_v155
-1890714569,packed_mp_veh_mod_idx_13_v108
-1890712041,f_cl_clo_smf_ph_2_1_t14_v1
-1890615720,f_cl_clo_arf_o_1_t3_v12
-1890411162,vem_supermod_1_13_t42_v28
-1890216973,fa_upgrade_weapons_decor_1_t0_v0
-1890177954,packed_mp_veh_primary_colour_group_v214
-1890142422,vem_supermod_57_10_t57_v7
-1890088478,packed_mp_veh_mod_idx_0_v214
-1890044289,f_cl_clo_h3f_o_bs_2_t11_v12
-1890041755,vem_fender_l_2_t36_v7
-1890024590,packed_mp_veh_mod_idx_s_13_v241
-1889919077,packed_mp_veh_mod_idx_4_v147
-1889857740,f_cl_clo_stf_h_1016_t14_v1
-1889809573,m_cl_clo_h4m_b_3_7_t1_v1
-1889732906,packed_mp_veh_mod_idx_s_7_v82
-1889615884,mp_stat_clbhos_hanging_v0
-1889474124,vem_supermod_1_1_t42_v3
-1889397222,packed_mp_veh_mod_idx_s_22_v187
-1889377296,ve_schafter5_t0_v0
-1889367541,ve_weevil2_t0_v3
-1889290598,f_cl_tat_fm_100_t100_v0
-1889268697,m_cl_clo_sum_decl_25_t100_v0
-1889177984,vem_smod4_whlv75_t66_v1
-1889157132,f_cl_clo_lxf_dec_29_t100_v0
-1889097004,m_cl_clo_lxm_o_2_t3_v12
-1888954766,packed_mp_veh_mod_idx_6_v260
-1888881310,m_cl_clo_awm_u_7_0_t11_v1
-1888794029,packed_mp_veh_plate_id_v108
-1888779716,vem_rwd_spt_02_t19_v12
-1888760296,vem_supermod_15_3_t56_v26
-1888584044,packed_mp_veh_mod_idx_s_12_v344
-1888532590,m_cl_clo_xmasm_u_0_1_t11_v1
-1888242433,f_cl_clo_h3f_u_9_17_t11_v1
-1888137284,m_cl_o_fmm_s9_t8_v12
-1888059027,f_cl_clo_x6f_l_1_21_t4_v1
-1888037838,vem_musc_14_t19_v2
-1888005082,m_cl_clo_exm_decl_11_t11_v1
-1887998110,vem_smod_whl26_t19_v12
-1887937034,packed_mp_veh_mod_idx_s_8_v386
-1887929097,f_cl_clo_smf_b_9_20_t1_v1
-1887884040,m_cl_clo_h4m_pey_0_9_t14_v1
-1887826058,packed_mp_veh_mod_idx_s_11_v261
-1887823240,m_cl_clo_valm_t_0_1_t7_v1
-1887616335,wp_wct_tint_14_t2_v56_n2
-1887605592,vem_colour_1_mct_metals_br_steel_t24_v4
-1887601403,packed_mp_veh_livery_0_v341
-1887540473,packed_mp_veh_mod_idx_16_v60
-1887502415,m_cl_clo_stm_h_105_t14_v1
-1887482133,f_cl_clo_busf_g0_3_t14_v0
-1887449946,f_ha_cc_blush_4_t6_v1
-1887440421,f_cl_clo_s2f_e_0_0_t14_v1
-1887295736,vem_armour_0_t1_v2
-1887290064,wp_wt_spcarbine_t0_v0
-1887249936,f_cl_clo_awf_decl_7_t100_v0
-1887180724,packed_mp_veh_secondary_colour_group_v394
-1887126872,f_cl_clo_smf_b_4_17_t1_v1
-1887098676,vem_colour_extra_1_mct_metallic_silver_t24_v1
-1887079026,m_cl_clo_sbm_e_0_9_t14_v1
-1887030694,packed_mp_veh_colour2_0_v4
-1887021714,ve_blimp3_t1_v7
-1886993841,m_cl_clo_stm_o_7_t11_v12_cesp
-1886821985,packed_mp_veh_mod_idx_s_17_v328
-1886821880,packed_mp_veh_mod_idx_s_20_v182
-1886801792,m_cl_clo_trm_u_12_10_t11_v1
-1886784050,f_cl_clo_vwf_ph_1_9_t14_v1
-1886756154,ve_retinue_t0_v3
-1886646605,packed_mp_veh_mod_idx_9_v45
-1886645397,packed_mp_veh_mod_idx_23_v269
-1886540208,vem_colour_extra_1_mct_matte_matte_for_t24_v3
-1886539038,m_cl_clo_bim_pw_3_0_t14_v1
-1886535680,vem_bumper_f_15_t34_v38
-1886487500,f_cl_clo_grf_o_4_t8_v12
-1886378962,m_cl_clo_apm_l_10_2_t4_v1
-1886363172,packed_mp_veh_mod_idx_s_1_v311
-1886317150,f_cl_clo_h4f_b_2_11_t1_v1
-1886289757,packed_mp_veh_mod_idx_s_8_v199
-1886089095,f_cl_clo_scf_l_1_1_t4_v1
-1886001597,packed_mp_veh_mod_idx_13_v143
-1885866973,m_cl_clo_fxm_l_4_15_t4_v1
-1885829356,f_ta_tat_fx_009_t0_v0
-1885684886,m_cl_clo_iem_u_18_7_t11_v1
-1885658291,f_cl_clo_s2f_u_9_0_t11_v1
-1885554300,pr_mp_prop_43_t0_v0
-1885444887,service_spend_hire_mercenary
-1885391132,vem_colour_1_mct_metallic_dark_silver_t24_v0
-1885364698,packed_mp_veh_window_tint_0_v121
-1885342253,packed_mp_veh_mod_idx_s_18_v169
-1885341097,packed_lr_vehicle_colour_6_v44
-1885322217,packed_mp_veh_mod_idx_18_v90
-1885203868,wp_wct_scope_max_t1_v21
-1885135552,vem_cmod_hrn_0_t10_v6
-1885049435,f_cl_clo_x3f_b_13_2_t1_v1
-1885013597,f_cl_clo_hstf_o_i_3_t8_v12
-1885011076,packed_mp_veh_mod_idx_s_20_v375
-1884909811,m_cl_clo_vwm_pw_9_0_t14_v1
-1884900158,packed_mp_veh_colour_extra1_0_v374
-1884851986,dec_vw_aw_ss_1
-1884684595,packed_mp_veh_mod_idx_2_v350
-1884678507,f_cl_clo_s2f_u_0_1_t8_v2_cesp
-1884487142,vem_fender_l_4_t36_v26
-1884389332,packed_mp_veh_mod_idx_s_12_v334
-1884265035,packed_mp_veh_mod_idx_10_v83
-1884254554,m_cl_clo_trm_b_3_0_t1_v1
-1884226744,f_cl_clo_x2f_ht_2_0_t14_v1
-1884131542,m_cl_clo_x3m_b_13_0_t1_v1
-1884037407,f_cl_l_fmf_9_7_t4_v0
-1883975848,packed_mp_veh_mod_idx_9_v164
-1883875833,vem_armour_4_t1_v28
-1883871005,packed_mp_veh_colour1_0_v357
-1883859343,packed_mp_veh_mod_idx_s_1_v163
-1883744785,packed_mp_veh_mod_idx_0_v98
-1883701447,m_cl_clo_awm_decl_106_t100_v0
-1883588089,vem_brake_3_t2_v4
-1883576014,vem_supermod_22_14_t63_v28
-1883469030,m_cl_clo_grm_u_11_5_t11_v1
-1883465369,wp_wct_c_tint_20_t2_v8_n2
-1883446288,packed_mp_veh_colour_extra1_0_v51
-1883392498,packed_mp_veh_primary_colour_group_v24
-1883355309,pr_pm_off_var_0_t0_v0
-1883301691,vem_supermod_17_4_n1_t58_v38
-1883157744,f_cl_l_fmf_4_14_t4_v0
-1883111078,vem_insurance_raptor
-1883102684,wp_wct_c_tint_28_t2_v21_n2
-1883022921,f_ta_tat_sb_003_t0_v0
-1883007665,f_cl_clo_fxf_u_5_0_t11_v1
-1883005383,packed_mp_veh_mod_idx_2_v121
-1882979241,vem_supermod_3_15_t44_v7
-1882852402,packed_mp_veh_mod_idx_s_10_v413
-1882816739,vem_smod4_whlv144_t66_v3
-1882785698,f_ta_tat_h4_031_t0_v0
-1882755451,packed_mp_veh_window_tint_0_v260
-1882745399,vem_spoiler_1_t14_v37
-1882743258,f_cl_clo_fxf_ph_4_13_t14_v1
-1882504542,f_cl_clo_exf_ef_0_1_t6_v1
-1882480617,vem_horn_clas6_t10_v11
-1882477590,vem_armour_5_t1_v38
-1882419393,packed_mp_veh_mod_idx_5_v371
-1882331769,m_cl_clo_grm_b_4_9_t1_v1
-1882294878,f_cl_clo_bhf_decl_20_t11_v1
-1882260509,vem_cmod_neoncol_6_t21_v31
-1882142474,ve_marshall_n1_t1_v22
-1882116626,m_cl_outfit_clo_awm_o_b_4_t12_v0
-1881987616,packed_mp_veh_mod_idx_s_2_v96
-1881922269,vem_smod5_whlv68_t66_v3
-1881907969,vem_fender_l_3_t36_v26
-1881865568,vem_smod_whlv206_t66_v0
-1881851969,f_cl_clo_scf_u_0_15_t11_v1
-1881849448,m_ta_tat_hp_016_t0_v0
-1881771544,packed_mp_veh_mod_idx_18_v258
-1881723273,mp_stat_mpsv_model_201
-1881660940,packed_mp_veh_mod_idx_s_18_v76
-1881656046,m_cl_clo_bim_u_8_3_t11_v1
-1881634567,packed_mp_veh_wheel_type_0_v32
-1881505390,f_cl_clo_h4f_u_2_8_t11_v1
-1881502104,f_ta_tat_s2_003_t0_v0
-1881498744,vem_colour_mct_none_34
-1881420756,f_cl_clo_vwf_ph_0_1_t14_v1
-1881392525,wp_wct_tint_28_t2_v56_n2
-1881332081,m_cl_clo_fxm_l_1_0_t4_v1
-1881305135,packed_mp_veh_livery_0_v207
-1881297980,m_cl_clo_h2m_s_9_7_t8_v1
-1881254128,packed_ng_vehicle_bpt_v214
-1881232596,packed_mp_veh_colour_extra2_0_v50
-1881192260,f_ta_tat_bb_007_t0_v0
-1881091738,packed_mp_veh_colour2_0_v121
-1881016944,m_ta_tat_bi_048_t0_v0
-1880971027,packed_mp_veh_wheel_type_0_v272
-1880892869,f_cl_outfit_clo_bif_o_17_t12_v0
-1880812302,f_cl_clo_grf_u_11_7_t11_v1
-1880767450,m_cl_clo_grm_l_2_1_t4_v1
-1880715289,f_cl_outfit_clo_x2f_o_3_t12_v0
-1880618647,f_cl_clo_bhf_decl_0_t11_v1
-1880553180,wp_wt_snip_rif_t0_v1
-1880441593,f_cl_clo_bif_u_10_1_t11_v1
-1880405916,f_cl_clo_s2f_d_17_t100_v0
-1880345215,vem_smod2_whlv161_t66_v3
-1880341383,f_cl_clo_x2f_b_0_0_t1_v1
-1880326801,packed_mp_veh_mod_idx_1_v300
-1880254940,vem_supermod_3_0_t44_v6
-1880218064,m_cl_outfit_clo_trm_o_ms_0_t12_v0
-1880149075,f_cl_clo_x3f_u_1_8_t11_v1
-1880122711,packed_mp_veh_mod_idx_13_v244
-1880108269,f_ta_tat_gr_005_t0_v0
-1880028649,vem_cmod_col5_5_t29_v0
-1880002014,m_cl_outfit_clo_h4m_o_h1_m2_t12_v0
-1879987432,packed_mp_veh_secondary_colour_group_v208
-1879955387,vem_supermod_12_0_t53_v27
-1879921686,f_cl_clo_vwf_ph_1_18_t14_v1
-1879902899,packed_mp_veh_mod_idx_s_18_v177
-1879805491,m_cl_clo_h3m_decl_17_t11_v1
-1879787316,f_cl_clo_hstf_o_f_1_t8_v12
-1879753845,wp_wct_flash_t1_v70_n2
-1879732344,m_cl_l_fmm_14_3_t4_v0
-1879660438,vem_rwd_loride_05_t19_v1
-1879649174,f_cl_outfit_clo_awf_o_d_6_t12_v0
-1879623173,vem_cmod_exp_1_t20_v26
-1879596304,packed_mp_veh_mod_idx_s_3_v256
-1879456660,vem_supermod_1_15_t42_v3
-1879449564,f_cl_clo_busf_u_2_5_t8_v2
-1879428911,mp_stat_mpsv_model_222
-1879347251,packed_mp_veh_livery2_0_v46
-1879317289,f_cl_clo_sbf_u_17_1_t11_v1
-1879267301,m_cl_clo_sbm_ph_5_9_t14_v1
-1879216761,packed_mp_veh_mod_idx_7_v101
-1879107580,packed_mp_veh_mod_idx_s_7_v170
-1879040909,f_cl_clo_hp_f_d_26_t8_v1
-1878996747,m_cl_clo_s2m_u_1_1_t11_v1
-1878971054,wp_wct_tint_9_t2_v13_n2
-1878954500,vem_supermod_18_3_t59_v28
-1878891029,vem_smod_whlv154_t66_v3
-1878824774,service_earn_agency_security_contract
-1878810964,wp_wct_c_tint_11_t2_v9_n2
-1878703623,f_cl_clo_suf_u_3_5_t11_v1
-1878428765,m_cl_clo_x6m_f_6_16_t6_v1
-1878390314,vem_insurance_fusilade
-1878354743,vem_colour_extra_1_mct_metallic_pink_t24_v4
-1878349334,packed_mp_veh_wheel_type_0_v349
-1878271723,f_cl_clo_hst_f_a_0_t11_v1
-1878263896,vem_colour_1_mct_metallic_maple_brown_t24_v2
-1878239078,m_cl_clo_exm_ob_4_t3_v12
-1878124881,m_cl_clo_bim_decl_3_t100_v0
-1877987343,packed_mp_veh_window_tint_0_v48
-1877926192,m_cl_clo_hstm_o_17_t11_v12
-1877920047,f_cl_clo_smf_b_7_3_t1_v1
-1877877003,m_cl_clo_s2m_d_22_t11_v1
-1877857047,vem_roof_0_t12_v32
-1877835358,m_cl_clo_vwm_pw_7_3_t14_v1
-1877748644,packed_mp_veh_mod_idx_1_v121
-1877651903,f_cl_clo_arf_o_17_t7_v12
-1877563266,packed_mp_veh_mod_idx_s_12_v27
-1877477464,m_cl_clo_awm_decl_115_t100_v0
-1877393913,f_cl_clo_bhf_u_16_20_t11_v1
-1877314726,packed_mp_veh_mod_idx_s_8_v282
-1877080984,vem_smod4_whlv59_t66_v0
-1877054303,m_cl_crew_logo_0_t10_v1
-1876903236,packed_ng_vehicle_insurance_v275
-1876773590,packed_mp_veh_mod_idx_23_v342
-1876763614,m_cl_clo_exm_eu_16_8_t11_v1
-1876689248,vem_smod2_whlv2_t66_v3
-1876573950,f_cl_clo_hp_f_g_1_4_t14_v1
-1876572937,f_cl_outfit_clo_bus_f_o_21_t12_v0
-1876506959,packed_mp_veh_mod_idx_13_v408
-1876447460,f_cl_clo_bhf_decl_9_t11_v1
-1876269639,m_cl_outfit_clo_x6m_o_o_16_t12_v0
-1876200758,f_cl_u_fmf_9_3_t11_v0
-1876005782,m_cl_clo_sbm_u_11_14_t11_v1
-1875847966,f_cl_clo_valf_b_2_0_t1_v1
-1875836195,m_cl_clo_iem_b_10_10_t1_v1
-1875830659,m_cl_clo_h2m_b_11_0_t1_v1
-1875786329,pr_pm_font_5_t0_v0
-1875783449,ve_specter_t0_v3
-1875627334,packed_mp_veh_colour_extra1_0_v178
-1875530222,m_cl_clo_arm_o_17_t3_v12
-1875494765,vem_colour_1_mct_metallic_surf_blue_t24_v33
-1875462599,m_cl_clo_grm_ph_5_24_t14_v1
-1875391347,vem_spoiler_0_t14_v0
-1875335950,packed_mp_veh_mod_idx_s_5_v378
-1875277525,packed_ng_vehicle_neon_kit_v289
-1875262599,pr_mp_prop_40_t0_v0
-1875088566,vem_rwd_drft_21_t19_v1
-1875078812,f_cl_clo_suf_u_18_0_t11_v1
-1875063094,vem_spoiler_18_t14_v26
-1875047644,ve_komoda_t1_v3
-1874989899,m_cl_clo_h3m_u_9_16_t11_v1
-1874951134,f_cl_clo_x6f_u_3_1_t11_v1
-1874946965,vem_smod_whlv81_t66_v0
-1874776571,m_ha_hair_beard4_t1_v1
-1874742696,vem_chassis_3_t4_v1
-1874697635,vem_brake_0_t2_v0
-1874649582,packed_mp_veh_colour2_0_v400
-1874644055,packed_mp_veh_secondary_colour_group_v50
-1874606549,packed_mp_veh_mod_idx_8_v412
-1874606204,vem_smod_whlv176_t66_v0
-1874517795,packed_mp_veh_mod_idx_3_v94
-1874398140,m_cl_clo_grm_decl_27_t10_v1
-1874395929,f_cl_clo_bbf_p0_0_t14_v0
-1874382743,vem_supermod_8_4_t49_v7
-1874357232,vem_colour_extra_1_mct_metallic_graphite_t24_v4
-1874205500,vem_rwd_musc_08_t19_v12
-1874181019,packed_mp_veh_mod_idx_6_v235
-1874085232,f_cl_clo_vwf_u_17_0_t11_v1
-1874043644,f_ta_tat_s1_015_t0_v0
-1874037084,ve_besra_t0_v0
-1873989758,dec_vw_aw_wv_28
-1873911988,f_cl_clo_fxf_l_4_7_t4_v1
-1873850379,packed_mp_veh_colour2_0_v86
-1873808509,vem_cmod_neonlay_1_t21_v3
-1873722247,m_cl_outfit_clo_h2m_o_s_21_t12_v0
-1873681548,packed_mp_veh_mod_idx_s_16_v168
-1873620099,packed_mp_veh_mod_idx_s_14_v140
-1873619458,vem_smod_whlv135_t66_v0
-1873523230,ve_svolito2_t1_v0
-1873521775,m_cl_clo_stm_h_9_9_t14_v1
-1873503966,packed_mp_veh_mod_idx_s_5_v326
-1873492675,wp_wct_var_gold_t1_v6
-1873326411,vem_horn_cnote_a0_t10_v5
-1873269115,packed_mp_veh_colour2_0_v394
-1873236115,packed_mp_veh_mod_idx_s_10_v181
-1873233682,vem_colour_extra_1_mct_metals_gold_s_t24_v33
-1873204663,m_cl_clo_s1m_u_4_5_t11_v1
-1873168171,m_cl_clo_exm_al_4_1_t4_v1
-1873102896,packed_ng_vehicle_insurance_v281
-1873094159,vem_supermod_5_18_t46_v3
-1873004733,packed_mp_veh_secondary_colour_group_v84
-1872910196,m_cl_clo_awm_f_0_18_t6_v1
-1872837708,wp_wct_muzz1_t1_v48_n2
-1872836755,packed_mp_veh_livery2_0_v193
-1872836262,packed_mp_veh_mod_idx_s_3_v398
-1872805152,packed_mp_veh_colour2_0_v230
-1872799483,vem_colour_1_mct_classic_ultra_blue_t24_v33
-1872663459,vem_spt_05_t19_v0
-1872519834,m_cl_u_fmm_2_9_t11_v0
-1872366455,vem_cmod_tyr_4_t18_v26
-1872313664,vem_horn_hween2_t10_v1
-1872300413,packed_mp_veh_mod_idx_s_20_v15
-1872294119,packed_mp_veh_mod_idx_8_v188
-1872274602,packed_ng_vehicle_bpt_v243
-1872251663,vem_colour_1_mct_metallic_wine_red_t24_v1
-1872220025,f_cl_clo_x6f_l_1_24_t4_v1
-1872194321,vem_cmod_col4_0_t27_v4
-1872116501,f_cl_clo_vwf_u_7_25_t11_v1
-1872085706,packed_mp_veh_colour2_0_v268
-1872009241,packed_mp_veh_mod_idx_10_v19
-1871995841,packed_ng_vehicle_neon_kit_v56
-1871875277,vem_bumper_f_3_t34_v7
-1871853342,vem_rwd_suv_12_t19_v0
-1871685190,m_cl_clo_h2m_b_8_2_t1_v1
-1871653326,m_cl_clo_sbm_ph_6_6_t14_v1
-1871614971,vem_rwd_suv_07_t19_v1
-1871614677,m_cl_clo_s2m_d_15_t11_v1
-1871545401,f_cl_clo_grf_ph_5_2_t14_v1
-1871526150,m_cl_clo_x6m_f_12_14_t6_v1
-1871364350,vem_smod5_whlv206_t66_v3
-1871337035,ve_marshall_t1_v24
-1871245214,f_cl_u_fmf_13_8_t11_v0
-1871232899,ve_brickade_t0_v3
-1871169064,m_cl_clo_s2m_d_12_t100_v0
-1871045175,wp_wct_c_tint_4_t2_v8_n2
-1871008452,f_cl_clo_sbf_u_17_10_t11_v1
-1870919241,vem_colour_2_mct_classic_mariner_blue_t25_v33
-1870874550,m_cl_clo_s2m_f_1_1_t6_v1
-1870862706,packed_mp_veh_mod_idx_s_11_v390
-1870810579,vem_offr_17_t19_v3
-1870726662,packed_mp_veh_mod_idx_s_23_v314
-1870687741,f_cl_clo_arf_o_14_t11_v12
-1870678043,m_cl_clo_grm_u_18_3_t11_v1
-1870625291,wp_wct_grip_t1_v48
-1870542185,f_cl_clo_vwf_u_8_3_t11_v1
-1870537006,packed_mp_veh_mod_idx_6_v176
-1870516248,dec_vw_aw_wv_22
-1870385740,packed_ng_vehicle_bpt_v17
-1870284385,packed_mp_veh_mod_idx_0_v169
-1870212854,m_cl_clo_awm_l_3_3_t4_v1
-1870202485,vem_suv_01_t19_v2
-1870186375,packed_mp_veh_mod_idx_s_2_v371
-1870185137,vem_horn_lowrder2_t10_v1
-1870112294,m_cl_clo_lxm_w_3_2_t14_v1
-1869954495,packed_mp_veh_mod_idx_16_v168
-1869862348,m_cl_ht_fmm_6_3_t14_v0
-1869836527,m_cl_clo_bhm_u_12_3_t11_v1
-1869754207,packed_mp_veh_colour_extra2_0_v299
-1869629646,packed_mp_veh_mod_idx_s_18_v110
-1869606410,wp_rwt_tint3_t2_v83
-1869506187,f_cl_clo_h4f_decl_61_t100_v0
-1869479162,packed_mp_veh_mod_idx_s_20_v356
-1869406476,vem_colour_1_mct_classic_black_t24_v1
-1869395074,f_cl_g_fmf_11_0_t14_v0
-1869341082,vem_hood_0_t9_v0
-1869318468,f_cl_clo_ief_u_14_22_t11_v1
-1869299185,packed_mp_veh_mod_idx_s_3_v105
-1869287878,f_cl_clo_h2f_o_c_7_t8_v12
-1869236978,pr_pm_modshop_19_t89_v0
-1869074328,f_cl_clo_lxf_u_3_6_t11_v1
-1869030928,wp_wct_clip_ap_t0_v21_n2
-1869004590,m_cl_clo_vwm_u_23_3_t11_v1
-1868985461,vem_rwd_bikew_28_t19_v4
-1868958194,packed_mp_veh_mod_idx_s_15_v379
-1868950988,pr_pm_gnumber_0_t0_v0
-1868905798,packed_mp_veh_mod_idx_s_0_v398
-1868834131,m_cl_clo_vwm_u_6_2_t11_v1
-1868771335,m_cl_clo_busm_s_1_0_t8_v2
-1868671196,packed_mp_veh_mod_idx_s_18_v353
-1868643953,m_cl_clo_iem_u_3_1_t11_v1
-1868641330,f_cl_outfit_cu_sum23_clothe_t12_v0
-1868612504,f_cl_outfit_clo_h2f_o_g_0_t12_v0
-1868509142,packed_mp_veh_mod_idx_s_11_v351
-1868508153,f_cl_clo_exf_eu_9_4_t11_v1
-1868507407,f_cl_clo_hp_f_f_1_5_t6_v1
-1868455123,vem_rwd_bikew_06_t19_v4
-1868444557,vem_smod4_whlv67_t66_v2
-1868324856,vem_supermod_1_13_t42_v27
-1868269145,m_cl_clo_s1m_ph_0_9_t14_v1
-1868238905,packed_mp_veh_mod_idx_s_11_v95
-1868224606,vem_cmod_win_0_t33_v32
-1868222447,packed_mp_veh_colour_extra2_0_v12
-1868221727,vem_colour_1_mct_classic_cabernet_red_t24_v0
-1868118552,m_cl_ht_fmm_15_3_t14_v0
-1868054203,m_cl_clo_smm_b_7_14_t1_v1
-1868047655,f_ta_tat_hp_017_t0_v0
-1867994270,m_cl_clo_stm_ht6_10_t14_v1
-1867986927,f_cl_clo_x3f_b_0_2_t1_v1
-1867982400,packed_mp_veh_mod_idx_0_v89
-1867975204,f_cl_clo_scf_u_55_25_t11_v1
-1867970598,m_cl_clo_ltsmt_1_1_t3_v1
-1867960278,f_cl_clo_og_decl_7_t100_v0
-1867918212,m_cl_clo_busm_g0_0_t14_v1
-1867895110,f_cl_clo_l2f_t_3_1_t7_v1
-1867741712,m_cl_clo_vwm_pw_3_0_t14_v1
-1867684872,m_cl_clo_bhm_f_1_4_t6_v1
-1867584362,m_cl_clo_x6m_f_0_11_t6_v1
-1867570556,vem_horn_lowrder1_t10_v36
-1867529618,pr_pm_font_12_t0_v0
-1867483422,packed_mp_veh_mod_idx_s_16_v327
-1867475660,dec_vw_aw_wh_40a
-1867406725,packed_mp_veh_mod_idx_s_2_v286
-1867389268,f_cl_clo_h3f_o_bs_3_t4_v12
-1867267995,f_cl_clo_awf_u_9_22_t11_v1
-1867266434,m_cl_clo_smm_ph_6_13_t14_v1
-1867251179,f_cl_clo_sbf_l_2_1_t4_v1
-1867243618,f_cl_clo_bif_ph_11_5_t14_v1
-1867214082,vem_supermod_3_0_t44_v33
-1867157967,packed_mp_veh_livery_0_v198
-1867124686,ve_zr3803_t0_v38
-1867055783,m_cl_clo_sbm_lw_3_2_t14_v1
-1867039021,vem_colour_extra_1_mct_classic_cream_t24_v2
-1866946243,f_ta_tat_bi_052_t0_v0
-1866722130,vem_colour_extra_1_mct_classic_cabernet_red_t24_v1
-1866713724,f_cl_clo_smf_b_1_15_t1_v1
-1866696128,packed_mp_veh_mod_idx_s_18_v181
-1866564607,m_cl_clo_bhm_f_1_19_t6_v1
-1866563607,f_cl_clo_bhf_decl_37_t100_v0
-1866519586,f_ta_tat_gr_022_t0_v0
-1866394866,wp_wm_tint6_t2_v22
-1866393982,vem_smod3_whlv131_t66_v3
-1866342065,f_cl_clo_hstf_u_7_1_t11_v1
-1866324860,vem_supermod_10_0_t51_v33
-1866323635,vem_livery_255_t26_v1
-1866309464,vem_supermod_23_3_t64_v9
-1866254854,packed_mp_veh_mod_idx_s_1_v60
-1866111678,vem_supermod_23_1_t64_v17
-1866105704,f_cl_clo_x17f_u_4_0_t11_v1
-1866075484,packed_mp_veh_mod_idx_12_v78
-1865970250,vem_musc_06_t19_v1
-1865964824,packed_mp_veh_wheel_type_0_v126
-1865815074,wp_wm_tint4_t2_v93
-1865781468,packed_mp_veh_mod_idx_22_v214
-1865777916,m_cl_clo_bim_b_0_3_t1_v1
-1865776678,packed_mp_veh_mod_idx_4_v404
-1865721308,m_cl_clo_awm_ph_2_2_t14_v1
-1865714404,wp_wct_clip1_t1_v46
-1865621945,f_cl_clo_indf_o_4_t8_v12
-1865606588,m_cl_outfit_clo_awm_o_d_10_t12_v0
-1865507267,vem_supermod_11_0_t52_v10
-1865196485,packed_mp_veh_mod_idx_s_23_v238
-1865195524,vem_livery_3_n1_t26_v3
-1865186258,packed_mp_veh_mod_idx_2_v26
-1865138542,packed_mp_veh_mod_idx_1_v391
-1864986068,f_cl_f_fmf_10_0_t6_v0
-1864969821,vem_horn_xm15_1_t10_v0
-1864722569,f_cl_clo_ief_b_9_1_t1_v1
-1864642605,packed_mp_veh_mod_idx_s_7_v308
-1864601928,packed_mp_veh_mod_idx_s_18_v91
-1864599107,ve_stryder_t0_v3
-1864559390,packed_mp_veh_mod_idx_s_1_v132
-1864508909,packed_ng_vehicle_bpt_v221
-1864465176,packed_mp_veh_mod_idx_s_5_v34
-1864456169,packed_mp_veh_mod_idx_s_5_v297
-1864254894,packed_ng_vehicle_insurance_v267
-1864244956,vem_supermod_7_6_t48_v6
-1864235599,m_cl_clo_vwm_u_15_19_t11_v1
-1864151042,m_cl_clo_sum_u_7_12_t11_v1
-1864121485,packed_mp_veh_mod_idx_s_17_v205
-1864038394,vem_colour_1_mct_classic_lava_red_t24_v4
-1864032308,packed_mp_veh_mod_idx_s_13_v54
-1864015463,f_cl_clo_fxf_ph_7_5_t14_v1
-1863951248,vem_colour_1_mct_metallic_midnight_blue_t24_v3
-1863933992,packed_mp_veh_mod_idx_5_v231
-1863883607,vem_colour_2_mct_metallic_dark_blue_t25_v4
-1863882648,f_cl_clo_x6f_o_o_24_t3_v12
-1863719537,m_cl_clo_sum_u_14_8_t11_v1
-1863716959,packed_mp_veh_mod_idx_s_8_v239
-1863707410,m_cl_clo_fxm_l_1_23_t4_v1
-1863640128,hangar_index_3_t0_v0
-1863624390,packed_mp_veh_mod_idx_s_22_v213
-1863574656,m_cl_clo_h4m_o_h2_m1_t3_v12
-1863553244,m_cl_clo_h2m_u_7_12_t11_v1
-1863552876,f_cl_f_fmf_1_10_t6_v0
-1863552871,m_cl_clo_bim_decl_23_t100_v0
-1863537720,packed_mp_veh_mod_idx_s_16_v71
-1863522006,packed_mp_veh_mod_idx_s_8_v334
-1863313512,wp_wct_c_tint_4_t2_v46_n2
-1863239720,packed_ng_vehicle_smoke_v307
-1863107008,vem_loride_14_t19_v0
-1863005099,vem_supermod_50_13_t50_v7
-1862990275,packed_mp_veh_secondary_colour_group_v32
-1862976441,vem_loride_15_t19_v0
-1862851273,veu_italigtb2_t0_v0
-1862833225,f_cl_clo_hstf_s_6_10_t8_v1
-1862825538,packed_mp_veh_mod_idx_14_v158
-1862710767,packed_mp_veh_mod_idx_s_19_v26
-1862626882,wp_wct_muzz7_t1_v5_n2
-1862553257,service_earn_jbonus_se
-1862393127,vem_cmod_tyr_4_t18_v0
-1862369344,packed_mp_veh_mod_idx_12_v248
-1862363728,f_cl_clo_s2f_t_0_1_t7_v1
-1862253366,f_cl_clo_hp_f_d_20_t8_v1
-1862055570,vem_horn_indi_3_t10_v5
-1861886673,f_ha_cc_mkup_92_t5_v0
-1861821269,packed_lr_vehicle_colour_6_v235
-1861756898,f_cl_clo_h2f_f_5_8_t6_v1
-1861685794,vem_supermod_56_13_t56_v7
-1861668381,packed_mp_veh_mod_idx_s_6_v148
-1861659761,m_cl_clo_stm_u_4_5_t11_v1
-1861654195,vem_cmod_hrn_mus1_t10_v28
-1861640698,m_cl_clo_stm_ht8_4_t14_v1
-1861611165,m_cl_clo_bus_m_0_15_t1_v1
-1861555560,f_cl_clo_vwf_decl_40_t100_v0
-1861297572,vem_cmod_hrn_cop_t10_v26
-1861295481,packed_mp_veh_mod_idx_s_16_v399
-1861186889,vem_cmod_hrn_sad_t10_v32
-1861097167,packed_mp_veh_mod_idx_s_8_v250
-1860995736,pr_mp_prop_27_t0_v0
-1860779467,vem_cmod_tyr_0_t31_v32
-1860700579,packed_mp_veh_mod_idx_s_16_v335
-1860596138,f_ta_tat_fm_017_t0_v0
-1860570868,m_cl_clo_hp_d_13_t8_v2
-1860557782,m_cl_clo_grm_f_0_2_t6_v1
-1860466976,packed_mp_veh_mod_idx_s_21_v9
-1860458687,m_ta_tat_hp_041_t0_v0
-1860445429,packed_ng_vehicle_smoke_v194
-1860351349,packed_mp_veh_mod_idx_8_v301
-1860293406,vem_colour_extra_1_mct_classic_rolled_steel_t24_v3
-1860229936,packed_mp_veh_mod_idx_s_2_v61
-1860211250,vem_smod4_whlv106_t66_v1
-1860206405,m_cl_clo_grm_b_1_19_t1_v1
-1860169389,packed_mp_veh_mod_idx_s_21_v207
-1860106067,vem_colour_extra_1_mct_classic_surf_blue_t24_v2
-1860077062,wp_wct_c_tint_21_t2_v1_n2
-1860055574,packed_mp_veh_secondary_colour_group_v112
-1860040553,packed_mp_veh_mod_idx_s_13_v371
-1859976773,packed_mp_veh_mod_idx_2_v351
-1859913589,f_cl_clo_grf_ph_2_17_t14_v1
-1859901123,m_cl_clo_vwm_u_8_13_t11_v1
-1859852859,vem_supermod_7_0_t48_v37
-1859811153,m_cl_clo_stm_h_1016_t14_v1
-1859657732,vem_colour_2_mct_metallic_olive_green_t25_v4
-1859586441,wp_wm_tint3_t2_v27
-1859565265,wp_wct_clip_inc_t1_v1_n2
-1859494603,f_cl_clo_stf_o_16_t11_v12
-1859424953,packed_mp_veh_mod_idx_s_0_v203
-1859342139,vem_horn_clas4_t10_v0
-1859251839,packed_mp_veh_mod_idx_s_17_v414
-1859197972,f_cl_clo_sbf_pe_1_18_t14_v1
-1859170330,f_cl_clo_vwf_u_7_2_t11_v1
-1859132757,f_cl_clo_fxf_l_4_4_t4_v1
-1859099227,packed_ng_vehicle_neon_kit_v379
-1858981093,packed_mp_veh_mod_idx_s_21_v329
-1858978649,vem_supermod_10_18_t51_v3
-1858870020,packed_mp_veh_mod_idx_10_v58
-1858753268,f_cl_clo_smf_u_6_3_t11_v1
-1858684785,vem_turbo_1_t17_v7
-1858668409,veu_deathbike2_t0_v0
-1858604920,f_cl_clo_suf_u_7_24_t11_v1
-1858560778,vem_armour_1_t1_v33
-1858538725,m_cl_clo_indm_d_25_t8_v1
-1858513111,m_cl_clo_grm_u_14_4_t11_v1
-1858501273,f_cl_clo_ief_u_16_2_t11_v1
-1858500301,packed_mp_veh_livery_0_v9
-1858470735,vem_armour_2_t1_v0
-1858429541,packed_mp_veh_mod_idx_s_10_v238
-1858420709,vem_smod_whlv39_t66_v0
-1858317797,m_cl_clo_h4m_pey_0_8_t14_v1
-1858228514,packed_ng_vehicle_insurance_v236
-1858227849,m_cl_outfit_clo_h2m_o_s_7_t12_v0
-1858087353,ve_faggion_t0_v3
-1858082244,packed_mp_veh_mod_idx_s_16_v128
-1857983176,vem_supermod_6_3_t47_v28
-1857934176,packed_mp_veh_mod_idx_s_9_v192
-1857818055,vem_grill_6_t8_v35
-1857814902,cf_mission_passed_fixer_hq
-1857777052,f_cl_clo_grf_u_15_3_t11_v1
-1857765917,packed_ng_vehicle_smoke_v339
-1857685192,service_earn_collectables_action_figures
-1857616483,f_cl_clo_h2f_u_7_13_t11_v1
-1857600688,packed_mp_veh_colour2_0_v223
-1857482769,m_cl_clo_h3m_b_10_0_t1_v1
-1857267937,f_cl_clo_l2f_o_6_t3_v12
-1857232269,f_cl_clo_hstfb_23_0_t1_v1
-1857170602,vem_supermod_7_8_t48_v11
-1857153178,vem_colour_extra_1_mct_pearlescent_petrol_green_t24_v1
-1857146451,packed_mp_veh_colour2_0_v368
-1857127782,packed_mp_veh_mod_idx_s_21_v180
-1857015007,packed_mp_veh_mod_idx_s_7_v219
-1856999501,vem_supermod_13_13_t54_v26
-1856969060,m_ha_cc_lipstick_0_t8_v0
-1856968777,f_cl_clo_bhf_decl_27_t11_v1
-1856910400,packed_ng_vehicle_smoke_v264
-1856876463,packed_mp_veh_mod_idx_s_19_v372
-1856850432,f_cl_clo_hstfb_23_2_t1_v1
-1856847388,f_cl_clo_h2f_b_4_13_t1_v1
-1856692059,m_cl_outfit_clo_trm_o_r6_t12_v0
-1856676834,vem_supermod_41_10_t41_v7
-1856666902,packed_mp_veh_mod_idx_s_4_v358
-1856568683,f_cl_clo_hp_f_u_2_0_t8_v1
-1856539581,pr_pm_modshop_14_t89_v0
-1856526956,packed_mp_veh_mod_idx_s_13_v139
-1856426931,m_cl_clo_scm_u_48_18_t11_v1
-1856398102,fcclub_dj2_0_t0_v1
-1856290816,packed_mp_veh_colour2_0_v279
-1856266859,packed_mp_veh_colour1_0_v82
-1856217330,f_cl_clo_suf_u_0_2_t11_v1
-1856210017,vem_supermod_3_20_t44_v27
-1856202845,vem_colour_2_mct_classic_mariner_blue_t25_v0
-1856190743,vem_colour_extra_1_mct_pearlescent_midnight_silver_t24_v0
-1856100923,f_cl_clo_busf_u_2_0_t8_v1
-1856037763,vem_supermod_62_4_t62_v7
-1855983200,vem_smod4_whlv204_t66_v3
-1855842519,m_cl_clo_fxm_l_0_9_t4_v1
-1855839777,fcbase_gra4_t0_v0
-1855744696,vem_colour_1_mct_metallic_dark_silver_t24_v33
-1855691697,m_cl_clo_awm_t_0_t7_v1
-1855583822,m_cl_clo_busm_u_0_2_t11_v1
-1855556501,vem_cmod_pla_3_t23_v27
-1855547829,m_cl_clo_grm_g_0_17_t3_v1
-1855430113,m_cl_clo_x6m_b_2_18_t1_v1
-1855328934,packed_mp_veh_mod_idx_4_v101
-1855252668,f_cl_clo_fxf_pe_5_2_t14_v1
-1855186506,vem_cmod_col3_c_t24_v33
-1855149409,packed_lr_vehicle_colour_5_v330
-1855120689,packed_mp_veh_mod_idx_s_15_v260
-1855068994,dec_vw_aw_ls_14d
-1855002634,packed_mp_veh_mod_idx_s_8_v357
-1854942734,f_cl_f_fmf_1_4_t6_v0
-1854935344,m_cl_clo_busm_u_4_0_t11_v1
-1854829134,m_cl_clo_iem_l_5_3_t4_v1
-1854819304,multistorey_garage_tint_5_v1
-1854818038,f_cl_clo_s1f_dec_15_t11_v1
-1854708228,f_cl_clo_h4f_b_3_8_t1_v1
-1854617071,packed_mp_veh_mod_idx_s_9_v137
-1854597551,f_cl_clo_bif_decl_37_t11_v1
-1854553941,vem_supermod_48_16_t48_v7
-1854431805,m_cl_clo_x6m_ph_2_2_t14_v1
-1854373356,packed_lr_vehicle_colour_6_v412
-1854057879,f_cl_clo_s2f_f_1_0_t6_v1
-1853990370,f_cl_outfit_clo_x6f_o_o_5_t12_v0
-1853979468,service_earn_daily_stash_house_completed
-1853902122,packed_mp_veh_primary_colour_group_v99
-1853871567,packed_mp_veh_mod_idx_s_5_v357
-1853819230,f_cl_clo_ief_l_1_1_t4_v1
-1853807403,vem_loride_05_t19_v12
-1853707486,vem_supermod_23_18_t64_v28
-1853606468,f_cl_clo_vwf_decl_2_t100_v0
-1853600342,f_ta_tat_h27_028_t0_v0
-1853568110,vem_smod4_whlv42_t66_v3
-1853414437,pr_mp_prop_off4_t0_v0
-1853364000,vem_cmod_col5_40_t29_v0
-1853319113,packed_mp_veh_mod_idx_24_v318
-1853192498,vem_smod_whlv79_t66_v0
-1853160193,wp_wct_c_tint_9_t2_v47_n2
-1853109335,vem_horn_cnote_c1_t10_v33
-1853012046,f_cl_clo_bhf_u_1_1_t11_v1
-1852959786,f_cl_clo_grf_u_4_2_t11_v1
-1852933110,vem_supermod_0_16_t41_v7
-1852806886,m_cl_clo_sum_u_7_19_t11_v1
-1852734628,packed_mp_veh_mod_idx_s_21_v113
-1852716283,f_ta_tat_st_013_t0_v0
-1852710645,m_cl_clo_fxm_ph_7_4_t14_v1
-1852693151,packed_mp_veh_mod_idx_s_17_v118
-1852683761,packed_mp_veh_livery_0_v81
-1852673627,packed_ng_vehicle_neon_kit_v238
-1852622690,m_cl_clo_s1m_dec_12_t11_v1
-1852606572,vem_smod5_whlv190_t66_v3
-1852606522,vem_exhaust_3_t6_v35
-1852591081,hangar_mod_lighting_14_t0_v0
-1852585248,f_cl_clo_vwf_l_2_4_t4_v1
-1852578607,packed_mp_veh_mod_idx_s_10_v397
-1852520549,f_cl_u_fmf_2_1_t11_v0
-1852504503,packed_mp_veh_mod_idx_3_v74
-1852460744,f_cl_u_fmf_5_7_t8_v0
-1852432824,vem_supermod_8_1_t49_v28
-1852404982,vem_smod3_whlv26_t66_v3
-1852387085,packed_mp_veh_mod_idx_23_v148
-1852338595,wp_wt_pipebomb_t2_v2
-1852232794,m_cl_clo_x6m_u_26_18_t11_v1
-1852195390,packed_mp_veh_mod_idx_s_0_v153
-1852174652,packed_mp_veh_mod_idx_s_23_v386
-1852172155,f_cl_clo_awf_l_1_7_t4_v1
-1852140206,m_cl_clo_h4m_l_1_1_t4_v1
-1852089554,f_cl_clo_fxf_l_5_4_t4_v1
-1852010400,f_cl_clo_bif_u_15_4_t11_v1
-1851953123,packed_mp_veh_livery2_0_v298
-1851866437,vem_engine_2_t5_v5
-1851804649,packed_mp_veh_mod_idx_s_6_v273
-1851751517,packed_mp_veh_livery_0_v223
-1851742564,vem_supermod_11_3_t52_v28
-1851738103,m_cl_clo_indm_d_13_t8_v2
-1851666860,packed_mp_veh_mod_idx_s_3_v336
-1851644011,m_cl_clo_x6m_b_2_6_t1_v1
-1851586621,m_cl_clo_exm_eu_10_1_t8_v2
-1851573380,packed_mp_veh_mod_idx_8_v214
-1851541210,packed_mp_veh_mod_idx_24_v14
-1851511819,m_cl_clo_h3m_b_9_3_t1_v1
-1851480498,packed_mp_veh_mod_idx_s_3_v250
-1851445546,vem_colour_extra_1_mct_metallic_woodbeech_brown_t24_v2
-1851399731,f_cl_clo_bbf_t_1_3_t7_v1
-1851370533,vem_supermod_22_11_t63_v28
-1851360419,packed_mp_veh_mod_idx_s_7_v88
-1851353884,vem_insurance_sovereign
-1851332710,m_cl_clo_stm_o_19_t11_v12
-1851198072,packed_mp_veh_window_tint_0_v255
-1851190325,packed_mp_veh_mod_idx_s_17_v402
-1851123173,vem_supermod_14_10_t55_v38
-1851000076,packed_mp_veh_mod_idx_s_23_v324
-1850822443,packed_mp_veh_mod_idx_s_10_v179
-1850803847,vem_supermod_15_11_t56_v38
-1850775598,dec_vw_aw_wh_19
-1850730285,packed_mp_veh_mod_idx_23_v259
-1850684316,m_cl_g_fmm_9_2_t14_v0
-1850660113,f_cl_clo_grf_u_13_8_t11_v1
-1850539138,m_cl_clo_bhm_u_16_7_t11_v1
-1850510176,wp_wct_clip_inc_t0_v5_n2
-1850300590,vem_supermod_16_0_t57_v6
-1850295618,ve_carbon_t1_v4
-1850219880,packed_mp_veh_colour_extra2_0_v148
-1850183315,f_cl_clo_fxf_u_4_21_t11_v1
-1850165052,fcclub_name_5_t0_v0
-1850151048,packed_mp_veh_colour1_0_v29
-1850045269,m_cl_clo_h2m_s_6_0_t8_v1
-1850018918,m_cl_clo_fxm_b_2_1_t1_v1
-1849961071,f_cl_clo_hstfb_22_15_t1_v1
-1849910411,f_ta_tat_bi_035_t0_v0_cesp
-1849890420,packed_mp_veh_mod_idx_s_3_v16
-1849889268,m_ta_tat_bi_032_t0_v0_cesp
-1849882784,mp_stat_missionforfactory2_v0
-1849821776,f_cl_clo_exf_ob_8_t3_v12
-1849800927,packed_mp_veh_mod_idx_23_v355
-1849778252,f_cl_clo_stf_o_8_t8_v12_cesp
-1849729251,vem_insurance_mule
-1849668775,ve_sparrow2_t0_v3
-1849620668,m_cl_clo_x3m_b_12_0_t1_v1
-1849512952,packed_mp_veh_mod_idx_s_16_v52
-1849501569,wp_wct_c_tint_5_t2_v1_n2
-1849499418,m_cl_clo_v2m_u_1_10_t11_v1
-1849493058,f_cl_clo_suf_b_3_10_t1_v1
-1849481070,m_cl_clo_trm_f_1_13_t6_v1
-1849457806,packed_ng_vehicle_bpt_v404
-1849451449,vem_supermod_20_5_t61_v3
-1849312998,packed_mp_veh_mod_idx_s_6_v380
-1849275569,packed_mp_veh_mod_idx_9_v100
-1849021998,packed_mp_veh_mod_idx_s_2_v90
-1848952583,packed_mp_veh_secondary_colour_group_v78
-1848935583,vem_smod4_whlv155_t66_v0
-1848872600,m_cl_clo_h4m_t_4_1_t7_v1
-1848698525,f_cl_clo_fxf_pe_1_11_t14_v1
-1848684180,vem_smod_whlv125_t66_v3
-1848597880,packed_mp_veh_window_tint_0_v122
-1848555134,packed_mp_veh_mod_idx_6_v316
-1848551961,m_ha_clo_bim_h_0_0_t0_v0
-1848511023,f_ta_tat_bi_020_t0_v0_cesp
-1848439636,m_cl_clo_awm_b_12_3_t1_v1
-1848355322,f_cl_clo_s1f_u_8_0_t11_v1
-1848298392,packed_mp_veh_mod_idx_8_v83
-1848284168,packed_mp_veh_mod_idx_18_v398
-1848190785,packed_mp_veh_colour_extra2_0_v203
-1848178581,vem_fender_r_6_n1_t37_v27
-1848061373,m_cl_clo_trm_u_11_19_t11_v1
-1848052447,vem_colour_2_mct_metallic_bright_green_t25_v33
-1848010852,f_cl_clo_h3f_l_4_11_t4_v1
-1847985583,packed_mp_veh_mod_idx_s_21_v190
-1847948013,vem_horn_cnote_e0_t10_v30
-1847947066,f_cl_clo_scf_d_26_3_t10_v1
-1847940327,packed_ng_vehicle_neon_kit_v22
-1847923952,packed_mp_veh_mod_var_1_v115
-1847877676,packed_mp_veh_mod_idx_s_13_v114
-1847849109,packed_mp_veh_mod_idx_s_21_v232
-1847793654,packed_mp_veh_mod_idx_22_v97
-1847713388,packed_mp_veh_mod_idx_s_2_v219
-1847699286,vem_smod2_whl5_t19_v12
-1847677039,vem_supermod_9_13_t50_v3
-1847667846,m_cl_outfit_clo_hilf_o_14_t12_v0
-1847631699,f_cl_f_fmf_2_2_t6_v0
-1847613935,packed_mp_veh_mod_idx_s_13_v93
-1847568494,vem_smod_whlv139_t66_v3
-1847439126,vem_turbo_0_t17_v34
-1847413908,packed_mp_veh_colour_extra2_0_v29
-1847375687,mp_stat_hub_prod_total_6_v0
-1847333449,m_cl_clo_bhm_u_16_13_t11_v1
-1847142699,m_cl_clo_vwm_ph_0_12_t14_v1
-1847116151,vem_supermod_53_21_t53_v7
-1847090248,vem_colour_extra_1_mct_metallic_straw_brown_t24_v4
-1847037450,m_cl_clo_fxm_u_7_0_t11_v1
-1846932543,f_cl_clo_fxf_l_0_16_t4_v1
-1846906363,packed_mp_veh_mod_idx_10_v34
-1846765297,packed_mp_veh_mod_idx_24_v310
-1846703164,packed_mp_veh_window_tint_0_v372
-1846657739,m_cl_clo_busm_u_2_7_t11_v1
-1846652411,f_cl_clo_fxf_u_2_13_t11_v1
-1846631930,packed_mp_veh_mod_idx_s_15_v200
-1846513972,packed_mp_veh_mod_idx_s_6_v190
-1846452836,m_cl_clo_sum_decl_0_t100_v0
-1846401969,f_cl_clo_awf_u_10_0_t11_v1
-1846272368,packed_mp_veh_mod_idx_5_v108
-1846232062,vem_cmod_neoncol_2_t21_v3
-1846206119,packed_mp_veh_colour1_0_v140
-1846176985,m_cl_clo_bbm_t_2_1_t7_v1
-1846162846,m_cl_clo_bhm_decl_5_t11_v1
-1846160746,m_cl_clo_x6m_l_6_5_t4_v1
-1846090976,vem_supermod_3_44_t44_v27
-1846059232,f_cl_clo_awf_l_0_7_t4_v1
-1845958697,packed_mp_veh_mod_idx_15_v330
-1845926941,m_cl_clo_exm_eu_15_3_t11_v1
-1845880380,vem_colour_extra_1_mct_classic_saddle_brown_t24_v1
-1845835072,packed_mp_veh_mod_idx_16_v205
-1845826222,m_cl_clo_fxm_l_5_22_t4_v1
-1845817741,m_cl_clo_s1m_dec_4_t11_v1
-1845815544,packed_mp_veh_mod_idx_5_v381
-1845810383,packed_mp_veh_mod_idx_14_v277
-1845756340,vem_colour_1_mct_matte_might_purple_t24_v33
-1845715702,wp_wct_clip_drm_t1_v67
-1845580737,f_cl_clo_grf_l_2_10_t4_v1
-1845556553,m_cl_clo_bhm_u_0_16_t11_v1
-1845529249,vem_smod4_whlv128_t66_v1
-1845445759,wp_wct_supp_t1_v52
-1845424520,vem_horn_cnote_e0_t10_v27
-1845387150,vem_colour_mct_none_14
-1845348973,vem_colour_2_mct_metallic_black_steel_t25_v33
-1845313220,dec_vw_aw_mt_12a
-1845305290,packed_mp_veh_colour_extra2_0_v189
-1845293030,packed_mp_veh_colour2_0_v322
-1845267911,packed_mp_veh_mod_idx_s_14_v76
-1845151371,m_cl_clo_fxm_u_6_19_t11_v1
-1845116145,pm_weapon_discount_gun_van_2_4
-1845105943,m_cl_clo_bhm_l_0_10_t4_v1
-1845057850,m_cl_clo_iem_u_7_19_t11_v1
-1844977913,vem_musc_12_t19_v12
-1844865003,m_cl_clo_bim_f_0_4_t6_v1
-1844857807,packed_mp_veh_mod_idx_s_2_v16
-1844770158,packed_mp_veh_mod_idx_8_v395
-1844746364,f_cl_clo_x6f_l_7_2_t4_v1
-1844731805,m_cl_clo_grm_l_0_11_t4_v1
-1844653147,packed_mp_veh_mod_idx_s_21_v366
-1844525759,f_cl_clo_x6f_l_8_9_t4_v1
-1844510571,packed_mp_veh_mod_idx_s_11_v145
-1844502846,packed_mp_veh_mod_idx_5_v106
-1844474223,packed_mp_veh_mod_idx_2_v277
-1844451931,m_cl_clo_awm_u_1_19_t11_v1
-1844449373,packed_mp_veh_mod_idx_7_v286
-1844390971,m_cl_clo_lxm_dec_35_t11_v1
-1844354754,packed_mp_veh_mod_idx_s_1_v340
-1844334054,vem_colour_1_mct_metallic_harbor_blue_t24_v33
-1844273572,m_cl_clo_scm_ey_1_1_t14_v1
-1844273026,vem_hood_1_t9_v7
-1844222910,pm_coupon_casino_bike_site
-1844099625,vem_fender_l_2_t36_v5
-1843966470,packed_mp_veh_mod_idx_s_1_v108
-1843930287,m_cl_clo_s2m_d_5_t11_v1
-1843921549,f_cl_clo_x6f_f_12_14_t6_v1
-1843894210,m_cl_clo_grm_l_0_18_t4_v1
-1843604360,m_cl_f_fmm_15_14_t6_v0
-1843435979,packed_mp_veh_colour1_0_v380
-1843423875,vem_horn_cnote_a0_t10_v10
-1843409092,service_earn_tuner_robbery_finale
-1843391949,packed_mp_veh_plate_id_v273
-1843304638,packed_ng_vehicle_smoke_v105
-1843279423,vem_cmod_neonlay_3_t21_v31
-1843259335,f_cl_clo_ltsf_o_0_t8_v12
-1843173325,packed_mp_veh_mod_idx_s_17_v338
-1843025638,f_cl_clo_hstf_t_3_6_t7_v1
-1842955907,vem_horn_indi_4_t10_v32
-1842792417,m_cl_clo_grm_l_2_14_t4_v1
-1842785018,packed_mp_veh_mod_idx_s_21_v354
-1842715279,f_cl_clo_awf_u_10_1_t11_v1
-1842661254,f_cl_clo_exf_au_8_4_t11_v1
-1842551486,packed_mp_veh_mod_idx_s_16_v183
-1842339915,vem_horn_cnote_d0_t10_v32
-1842269007,m_cl_clo_h3m_ph_5_21_t14_v1
-1842246327,packed_mp_veh_mod_idx_s_13_v30
-1842227560,vem_smod4_whlv145_t66_v1
-1842212843,f_cl_clo_x6f_f_10_18_t6_v1
-1842018664,wp_wct_tint_26_t2_v47_n2
-1841997477,vem_smod2_whl9_t19_v12
-1841809095,packed_mp_veh_mod_idx_15_v156
-1841802084,vem_exhaust_11_t6_v38
-1841789493,m_ha_clo_s2m_h_0_0_t0_v0
-1841738939,packed_mp_veh_mod_idx_16_v200
-1841675097,packed_mp_veh_mod_idx_s_19_v157
-1841647592,m_cl_f_fmm_12_10_t6_v0
-1841613711,packed_mp_veh_mod_idx_s_15_v43
-1841585404,packed_mp_veh_mod_idx_s_3_v294
-1841514541,vem_smod2_whlv100_t66_v3
-1841510542,vem_supermod_9_19_t50_v3
-1841300126,packed_mp_veh_mod_idx_10_v218
-1841282769,vem_colour_2_mct_matte_light_grey_t25_v1
-1841195418,m_cl_clo_lxm_w_4_0_t14_v1
-1841088475,m_cl_clo_sum_l_1_4_t4_v1
-1841087482,packed_mp_veh_mod_var_1_v366
-1841069949,packed_mp_veh_mod_idx_s_12_v301
-1841001170,packed_ng_vehicle_neon_v316
-1840926872,packed_mp_veh_mod_idx_s_12_v235
-1840869080,packed_mp_veh_mod_idx_s_4_v33
-1840815407,f_cl_clo_smf_ph_3_8_t14_v1
-1840774618,packed_mp_veh_mod_idx_1_v302
-1840744200,m_cl_clo_x6m_f_7_2_t6_v1
-1840672867,packed_mp_veh_mod_idx_s_15_v300
-1840642658,packed_mp_veh_mod_idx_10_v296
-1840631668,packed_mp_veh_mod_idx_2_v229
-1840560928,vem_smod4_whlv58_n1_t66_v3
-1840431935,vem_smod2_whlv113_t66_v3
-1840334719,packed_mp_veh_colour_extra2_0_v324
-1840226644,f_cl_clo_bhf_u_14_12_t11_v1
-1840081776,packed_mp_veh_plate_id_v218
-1839915499,vem_colour_extra_1_mct_pearlescent_bright_purple_t24_v2
-1839785755,m_cl_clo_bhm_decl_61_t11_v1
-1839769536,f_cl_clo_ief_o_5_t3_v12
-1839678754,packed_mp_veh_mod_idx_15_v109
-1839505241,vem_colour_extra_1_mct_classic_straw_brown_t24_v33
-1839434849,packed_mp_veh_mod_idx_10_v167
-1839305365,vem_supermod_0_1_t41_v7
-1839291345,vem_colour_extra_1_mct_pearlescent_bronze_t24_v3
-1839265702,f_cl_clo_bhf_l_4_14_t4_v1
-1839249616,f_cl_clo_h3f_decl_13_t100_v0
-1839198027,packed_mp_veh_mod_idx_s_15_v7
-1839188473,vem_supermod_8_8_t49_v26
-1839094148,f_cl_clo_hp_f_l_2_6_t4_v1
-1839057746,packed_lr_vehicle_colour_5_v387
-1838938643,packed_mp_veh_window_tint_0_v352
-1838937751,packed_mp_veh_mod_idx_s_21_v151
-1838927159,mp_stat_hangar_modshop_v0
-1838886755,m_cl_clo_hstm_o_e_1_t8_v12
-1838871426,m_ta_tat_sb_015_t0_v0
-1838870909,packed_mp_veh_mod_idx_s_20_v164
-1838680933,f_cl_clo_ief_u_4_11_t11_v1
-1838607043,hangar_mod_lighting_15_t0_v0
-1838575118,m_cl_clo_sum_u_17_6_t11_v2
-1838569093,vem_supermod_21_2_t62_v5
-1838562931,m_cl_clo_indm_d_3_t11_v1
-1838536013,packed_mp_veh_mod_var_1_v67
-1838533752,m_cl_clo_grm_b_0_15_t1_v1
-1838486018,packed_mp_veh_mod_idx_s_7_v387
-1838467999,vem_roof_3_t12_v26
-1838453204,packed_mp_veh_mod_idx_s_10_v329
-1838443677,f_cl_clo_hstf_s_8_2_t8_v1
-1838351543,vem_smod4_whlv125_t66_v1
-1838299545,f_cl_clo_h3f_o_jan_6_t4_v12
-1838116696,packed_mp_veh_mod_idx_s_22_v399
-1838111552,packed_mp_veh_mod_idx_s_23_v402
-1838101262,m_cl_clo_grm_u_6_17_t11_v1
-1838045556,vem_smod2_whlv196_t66_v3
-1838022040,f_cl_clo_hp_f_h_0_2_t14_v1
-1837999401,f_cl_clo_s1f_u_3_2_t11_v1
-1837950916,vem_smod4_whlv173_t66_v1
-1837944817,packed_mp_veh_mod_idx_s_17_v198
-1837939491,f_cl_clo_s2f_l_1_2_t4_v1
-1837869191,vem_turbo_1_t17_v29
-1837704766,f_cl_clo_awf_b_4_1_t1_v1
-1837597685,vem_smod4_whlv126_t66_v3
-1837596365,packed_mp_veh_mod_idx_12_v122
-1837582585,vem_colour_1_mct_metallic_light_blue_t24_v2
-1837469849,vem_bikew_01_t19_v4
-1837446523,packed_mp_veh_wheel_type_0_v406
-1837380438,m_ha_cc_eyebrw_8_t2_v0
-1837309966,m_cl_clo_hilf_l_0_5_t4_v1
-1837300531,vem_supermod_9_5_t50_v10
-1837289812,packed_mp_veh_mod_idx_16_v198
-1837092747,packed_mp_veh_mod_idx_1_v30
-1837089294,vem_supermod_19_3_t60_v28
-1836995227,m_cl_clo_ltsm_d_1_t11_v1
-1836990874,m_cl_clo_smm_ph_6_21_t14_v1
-1836990058,f_cl_u_fmf_11_11_t11_v0
-1836930345,packed_mp_veh_mod_idx_s_22_v195
-1836888666,wp_wct_c_tint_8_t2_v70_n2
-1836883690,packed_ng_vehicle_smoke_v160
-1836859529,vem_supermod_16_19_t57_v3
-1836767210,m_cl_clo_grm_decl_18_t100_v0
-1836753418,f_ta_tat_x6_008_t0_v0
-1836702133,nclu_index_0_t0_v0
-1836666719,packed_mp_veh_mod_idx_22_v399
-1836634841,fcbase_gra5_t0_v0
-1836557038,m_cl_clo_exm_eu_12_8_t11_v1
-1836542211,packed_mp_veh_mod_var_1_v218
-1836460367,f_cl_clo_smf_u_0_3_t11_v1
-1836446111,m_cl_clo_smm_b_6_12_t1_v1
-1836427284,vem_cmod_tyr_8_t18_v35
-1836415135,m_cl_clo_grm_b_2_11_t1_v1
-1836328028,packed_mp_veh_mod_idx_s_18_v222
-1836325642,packed_mp_veh_plate_id_v364
-1836319958,f_cl_clo_hstf_g_4_0_t3_v1
-1836217822,packed_mp_veh_mod_idx_s_12_v379
-1836184082,packed_ng_vehicle_smoke_v43
-1836148879,packed_mp_veh_mod_idx_8_v377
-1836124737,packed_mp_veh_mod_idx_2_v338
-1836115889,ve_fusilade_t0_v1
-1836042875,packed_mp_veh_mod_idx_23_v301
-1836040617,packed_mp_veh_colour1_0_v401
-1836037219,vem_truck_type_8_t0_v0
-1836024633,f_cl_clo_fxf_ph_1_11_t14_v1
-1835993260,packed_mp_veh_livery_0_v162
-1835980020,wp_wt_ba_2_t3_v0
-1835939880,vem_smod4_whlv189_t66_v2
-1835861937,vem_supermod_49_19_t49_v7
-1835853896,vem_insurance_sabregt
-1835681111,packed_mp_veh_mod_idx_s_20_v334
-1835603093,f_cl_clo_h3f_o_und_1_t3_v12
-1835574677,m_cl_clo_x6m_f_6_6_t6_v1
-1835519907,packed_mp_veh_mod_idx_s_17_v196
-1835464423,f_ta_tat_sb_039_t0_v0
-1835367481,vem_insurance_veto2
-1835364158,packed_mp_veh_mod_idx_s_20_v295
-1835331153,m_cl_clo_vwm_ph_0_0_t14_v1
-1835223521,f_cl_outfit_clo_h3f_o_bs_1_t12_v0
-1835208701,f_cl_clo_bhf_l_0_6_t4_v1
-1835186201,packed_mp_veh_mod_idx_s_18_v247
-1835112829,packed_mp_veh_mod_idx_7_v368
-1835037065,m_cl_clo_sum_u_9_8_t11_v1
-1834958884,m_cl_clo_awm_l_0_1_t4_v1
-1834866275,packed_mp_veh_mod_idx_s_3_v281
-1834852514,m_cl_clo_exm_g_10_10_t14_v0
-1834767353,vem_bumper_f_7_t34_v26
-1834678521,packed_ng_vehicle_neon_kit_v314
-1834571296,packed_mp_veh_mod_idx_16_v228
-1834570904,veu_deathbike3_t0_v0
-1834515447,f_cl_clo_bif_s_16_5_t8_v1
-1834379964,f_cl_clo_busf_u_2_12_t11_v1
-1834317805,vem_spoiler_20_t14_v3
-1834180123,ve_vamos_t1_v3
-1834150606,packed_mp_veh_mod_idx_s_10_v72
-1834144707,packed_mp_veh_window_tint_0_v151
-1834078710,packed_mp_veh_mod_idx_6_v404
-1834075880,packed_lr_vehicle_colour_5_v158
-1834046564,service_spend_taxi
-1833993591,packed_ng_vehicle_neon_v235
-1833985776,m_ha_clo_bim_h_3_0_t0_v2
-1833973050,vem_colour_extra_1_mct_metallic_yellow_t24_v2
-1833881983,wp_wm_tint1_t2_v5
-1833808726,f_cl_clo_fxf_l_0_20_t4_v1
-1833731085,pr_pm_bemblem_2_t0_v0
-1833698318,vem_colour_2_mct_metallic_blue_t25_v4
-1833660370,vem_smod4_whl_25_t19_v3
-1833657718,packed_lr_vehicle_colour_5_v54
-1833602172,packed_mp_veh_mod_idx_s_18_v4
-1833537297,autoshop_crl_0_t0_v0
-1833453761,packed_mp_veh_mod_idx_3_v206
-1833421148,packed_mp_veh_mod_idx_22_v383
-1833412255,packed_mp_veh_mod_idx_1_v191
-1833378611,f_cl_clo_h3f_o_grp_3_t3_v12
-1833377391,m_cl_clo_awm_f_7_6_t6_v1
-1833256412,packed_mp_veh_primary_colour_group_v383
-1833214266,f_cl_clo_grf_b_2_23_t1_v1
-1833211647,f_cl_clo_vwf_l_2_1_t4_v1
-1833199775,m_cl_clo_sbm_pe_1_3_t14_v1
-1833191285,vem_fender_r_7_n0_t37_v38
-1833164905,m_cl_clo_grm_l_0_1_t4_v1
-1833136504,vem_colour_1_mct_metallic_olive_green_t24_v1
-1833104243,f_cl_clo_fxf_ph_1_21_t14_v1
-1832985190,f_cl_clo_bif_decl_9_t11_v1
-1832973367,m_cl_clo_awm_f_0_10_t6_v1
-1832935852,packed_mp_veh_mod_idx_s_15_v274
-1832905355,wp_wct_tint_17_t2_v9_n2
-1832834293,f_cl_clo_x6f_l_8_13_t4_v1
-1832813311,packed_mp_veh_mod_idx_5_v32
-1832756948,m_cl_clo_h4m_u_3_8_t11_v1
-1832746455,m_cl_outfit_clo_iem_o_4_t12_v0_cesp
-1832567908,f_cl_clo_s2f_o_11_t8_v12
-1832554008,packed_mp_veh_mod_idx_11_v155
-1832544837,packed_mp_veh_mod_idx_s_10_v70
-1832391093,m_cl_clo_exm_g_20_8_t14_v1
-1832373557,packed_mp_veh_mod_idx_4_v244
-1832359709,vem_cmod_tyr_pat_t18_v37
-1832334543,packed_mp_veh_livery2_0_v185
-1832319105,vem_insurance_baller3
-1832169726,packed_mp_veh_livery2_0_v137
-1832104867,m_ta_tat_lx_015_t0_v0
-1832024513,vem_supermod_3_9_t44_v11
-1832024241,packed_mp_veh_secondary_colour_group_v373
-1831959396,m_cl_clo_grm_decl_34_t100_v0
-1831790688,vem_smod5_whlv26_t66_v0
-1831779373,vem_cmod_tyr_9_t18_v5
-1831716121,f_cl_clo_bhf_u_3_2_t11_v1
-1831699717,packed_mp_veh_livery2_0_v95
-1831684998,packed_mp_veh_window_tint_0_v31
-1831575132,vem_rwd_hiend_11_t19_v0
-1831555093,f_cl_clo_awf_l_5_5_t4_v1
-1831546949,f_cl_clo_bif_l_2_2_t4_v1
-1831407151,f_cl_clo_awf_u_1_17_t11_v1
-1831402485,ve_warrener_t0_v3
-1831323249,packed_mp_veh_colour1_0_v109
-1831304414,f_cl_clo_grf_ph_0_1_t14_v1
-1831282548,f_ta_tat_fx_024_t0_v0
-1831211880,vem_supermod_20_18_t61_v3
-1831081673,vem_supermod_7_0_t48_v31
-1831051865,f_ha_clo_s1f_h_2_0_t0_v2
-1830997322,f_cl_outfit_clo_stf_o_e_6_t12_v0
-1830922583,packed_mp_veh_mod_idx_23_v392
-1830916446,m_cl_clo_hstm_t_1_8_t7_v1
-1830867782,f_cl_clo_vwf_u_6_21_t11_v1
-1830865524,wp_wct_no_liv_t1_v47_n2
-1830754079,vem_colour_extra_1_mct_pearlescent_red_t24_v4
-1830743027,packed_mp_veh_mod_idx_s_5_v98
-1830680494,packed_mp_veh_livery_0_v388
-1830654791,packed_mp_veh_mod_idx_s_11_v382
-1830385916,packed_mp_veh_mod_idx_s_23_v56
-1830379580,m_cl_clo_iem_u_4_15_t11_v1
-1830344420,f_cl_clo_hstf_o_10_t4_v12
-1830242771,packed_mp_veh_mod_idx_3_v236
-1830200414,vem_spt_19_t19_v0
-1830195761,packed_mp_veh_mod_idx_s_11_v334
-1830190919,packed_mp_veh_mod_idx_16_v88
-1830167408,f_cl_clo_x2f_ht_0_6_t14_v1
-1829999623,packed_mp_veh_colour_extra2_0_v412
-1829982488,packed_mp_veh_mod_idx_s_21_v317
-1829927002,packed_mp_veh_mod_idx_3_v89
-1829785317,mt_vend_soda_t0_v0
-1829698961,packed_mp_veh_secondary_colour_group_v273
-1829633101,packed_mp_veh_mod_idx_12_v244
-1829629372,f_cl_clo_smf_u_1_7_t11_v1
-1829604802,packed_mp_veh_mod_idx_11_v153
-1829536844,f_cl_clo_suf_u_16_1_t11_v1
-1829507481,packed_mp_veh_mod_idx_22_v404
-1829454505,vem_smod_whlv26_t66_v3
-1829285949,packed_mp_veh_mod_idx_1_v250
-1829263169,packed_mp_veh_mod_idx_s_6_v89
-1829029006,packed_mp_veh_mod_idx_s_16_v298
-1828925909,m_cl_outfit_clo_hstm_o_c_1_t12_v0
-1828917989,wp_wct_c_tint_31_t2_v48_n2
-1828881784,m_cl_clo_s1m_ph_0_25_t14_v1
-1828836263,packed_mp_veh_secondary_colour_group_v248
-1828812567,packed_mp_veh_wheel_type_0_v52
-1828791110,packed_mp_veh_mod_idx_s_17_v301
-1828785711,m_ha_cc_m_hs_9_t0_v0
-1828770224,vem_smod4_whlv170_t66_v2
-1828589439,m_cl_clo_x4m_u_9_2_t11_v1
-1828573501,m_ta_tat_h3_033_t0_v0
-1828462165,packed_mp_veh_mod_idx_s_5_v106
-1828312850,wp_wct_c_tint_30_t2_v5_n2
-1828277926,packed_mp_veh_mod_idx_9_v393
-1828254769,f_cl_clo_x6f_rw_1_0_t14_v1
-1828117383,packed_mp_veh_mod_idx_s_6_v351
-1828106675,packed_mp_veh_secondary_colour_group_v172
-1827924220,vem_rwd_loride_01_t19_v12
-1827918555,m_cl_clo_fxm_l_4_11_t4_v1
-1827896422,ve_blazer5_t1_v3
-1827717584,packed_mp_veh_mod_idx_1_v358
-1827637670,f_cl_clo_vwf_f_1_6_t6_v1
-1827535082,vem_horn_hween1_t10_v29
-1827525558,vem_supermod_23_14_t64_v38
-1827325395,packed_mp_veh_mod_idx_s_2_v381
-1827315516,vem_supermod_18_0_t59_v7
-1827269441,packed_mp_veh_mod_idx_0_v208
-1827263941,vem_cmod_hrn_mus5_t10_v26
-1827157105,vem_colour_2_mct_metallic_silver_t25_v33
-1827099396,m_cl_clo_hstm_h_7_t14_v1
-1827024612,candc_hacker_tnt_6_t0_v0
-1826966316,f_cl_clo_exf_af_3_2_t6_v1
-1826813336,packed_mp_veh_mod_idx_s_20_v373
-1826753777,f_cl_clo_fxf_l_5_11_t4_v1
-1826746242,m_cl_sp_fmm_6_0_t8_v0
-1826692763,packed_mp_veh_mod_var_0_v153
-1826658724,f_cl_clo_half_d_9_t11_v1
-1826608647,vem_smod2_whlv3_t66_v3
-1826572464,vem_colour_2_mct_metals_br_aluminium_t25_v0
-1826559693,packed_mp_veh_mod_idx_s_20_v188
-1826459795,packed_ng_vehicle_neon_kit_v245
-1826424790,ig_sell_0_t0_v0
-1826398912,vem_supermod_9_6_t50_v3
-1826322399,f_cl_clo_hstfb_14_3_t1_v1
-1826295120,mp_stat_missionforwhouse3_v0
-1826225038,f_cl_clo_h4f_u_2_22_t11_v1
-1826162963,f_cl_clo_vwf_u_13_24_t11_v1
-1826066402,vem_cmod_tyr_3_t18_v36
-1825871623,packed_mp_veh_mod_idx_18_v160
-1825856105,packed_mp_veh_wheel_type_0_v226
-1825839543,f_cl_clo_busf_u_4_11_t11_v1
-1825795083,packed_mp_veh_mod_var_1_v240
-1825760491,m_cl_clo_lxm_e_9_1_t14_v1
-1825746095,vem_smod5_whlv106_t66_v3
-1825694150,f_cl_clo_awf_o_c_5_t8_v12
-1825631147,vem_horn_hween1_t10_v38
-1825338924,vem_colour_1_mct_metallic_saddle_brown_t24_v3
-1825333518,m_cl_he_fmm_18_3_t14_v1
-1825147965,packed_mp_veh_mod_idx_12_v309
-1825114815,m_cl_outfit_clo_h3m_o_sl_33_t12_v0
-1825037957,m_cl_clo_hp_d_20_t11_v1
-1824934313,dec_vw_aw_wv_1c
-1824921335,wp_wct_c_tint_27_t2_v5_n2
-1824764726,packed_ng_vehicle_neon_v144
-1824745909,f_cl_clo_smf_ph_3_16_t14_v1
-1824598925,packed_mp_veh_mod_idx_s_19_v205
-1824530029,packed_mp_veh_mod_idx_s_22_v287
-1824391009,f_cl_outfit_clo_x6f_o_o_16_t12_v0
-1824277200,vem_supermod_56_10_t56_v7
-1824251523,vem_colour_1_mct_classic_harbor_blue_t24_v4
-1824192139,packed_mp_veh_mod_idx_s_12_v319
-1824153239,packed_mp_veh_colour1_0_v83
-1824078858,f_cl_clo_busf_u_2_0_t11_v1
-1823950784,vem_supermod_57_6_t57_v7
-1823820248,packed_mp_veh_mod_idx_s_21_v337
-1823738648,f_cl_clo_scf_t_5_4_t7_v1
-1823716648,f_cl_clo_vwf_b_2_0_t1_v1
-1823600108,m_cl_clo_busm_u_2_4_t11_v1
-1823234095,m_cl_clo_vwm_u_6_16_t11_v1
-1823213203,vem_colour_2_mct_metallic_purple_t25_v33
-1822983391,packed_mp_veh_mod_idx_10_v131
-1822943000,m_ta_tat_bi_033_t0_v0
-1822645153,m_cl_clo_bhm_u_16_3_t11_v1
-1822628877,f_cl_clo_grf_ph_0_10_t14_v1
-1822576024,m_cl_clo_h3m_b_9_6_t1_v1
-1822561037,fa_upgrade_weapons_sec_0_t0_v0
-1822551111,packed_mp_veh_mod_idx_s_20_v115
-1822524345,packed_mp_veh_mod_idx_s_1_v214
-1822450961,packed_mp_veh_mod_idx_s_1_v34
-1822443008,f_cl_clo_h4f_t_13_13_t7_v1
-1822410842,ve_sentinel3_t0_v3
-1822390074,f_cl_clo_suf_u_2_8_t11_v1
-1822349031,packed_mp_veh_mod_idx_4_v151
-1822336494,m_cl_clo_valm_t_0_3_t7_v1
-1822314451,ve_conada2_t0_v34
-1822306949,m_cl_clo_x6m_t_2_0_t7_v1
-1822281980,f_cl_clo_trf_o_ms_1_t3_v12
-1822236472,f_ha_cc_eyebrw_5_t2_v0
-1822230505,vem_supermod_18_12_t59_v28
-1822172447,fchub_mod2_7_t0_v0
-1821949277,wp_wct_clip_inc_t0_v13_n2
-1821803443,packed_mp_veh_mod_idx_10_v189
-1821778464,vem_supermod_10_19_t51_v27
-1821664424,f_ha_none_t5_v1
-1821587122,packed_mp_veh_colour2_0_v162
-1821585702,packed_mp_veh_mod_idx_s_19_v410
-1821510463,vem_supermod_18_3_t59_v26
-1821489334,vem_cmod_win_3_t33_v6
-1821431902,packed_mp_veh_mod_idx_3_v290
-1821404968,f_cl_clo_hp_f_l_2_12_t4_v1
-1821386532,packed_mp_veh_mod_idx_s_3_v314
-1821385739,f_cl_clo_bhf_b_0_6_t1_v1
-1821373890,m_cl_outfit_clo_h3m_o_sl_35_t12_v0
-1821355945,vem_insurance_lectro
-1821153606,f_cl_clo_awf_decl_89_t100_v0
-1821151934,packed_ng_vehicle_insurance_v145
-1821033714,packed_mp_veh_mod_idx_s_22_v17
-1821010814,wp_wt_candycane_t1_v0
-1820990474,packed_ng_vehicle_insurance_v78
-1820954199,packed_mp_veh_livery2_0_v312
-1820883928,packed_mp_veh_mod_idx_2_v373
-1820863667,packed_mp_veh_colour_extra2_0_v287
-1820862592,packed_mp_veh_mod_idx_s_19_v389
-1820858541,ve_insurgent_t1_v3
-1820834335,vem_supermod_16_21_t57_v3
-1820690548,f_cl_clo_bhf_u_4_0_t11_v1
-1820562241,packed_mp_veh_mod_idx_7_v323
-1820526089,packed_mp_veh_mod_idx_s_11_v55
-1820518840,m_cl_clo_h3m_ph_6_1_t14_v1
-1820468653,m_cl_outfit_clo_x17m_o_m_8_t12_v0
-1820401152,f_cl_clo_bif_ht_8_6_t14_v1
-1820389334,wp_wct_bat_xm306_t1_v37
-1820387245,m_cl_clo_smm_b_0_9_t1_v1
-1820338756,packed_mp_veh_mod_idx_18_v314
-1820327281,packed_mp_veh_mod_idx_s_0_v90
-1820312148,packed_mp_veh_mod_idx_s_1_v40
-1820219842,packed_mp_veh_mod_idx_23_v282
-1820114559,packed_ng_vehicle_insurance_v277
-1820088243,m_cl_clo_h3m_b_9_11_t1_v1
-1820043629,m_cl_clo_grm_b_3_11_t1_v1
-1820017921,mp_stat_mpsv_model_379
-1819991726,f_cl_clo_s1f_f_1_6_t6_v1
-1819981962,packed_mp_veh_mod_idx_s_5_v157
-1819929847,vem_cmod_col5_38_t29_v4
-1819890622,f_cl_clo_x5f_o_a_2_t8_v12
-1819877740,vem_suspension_4_t15_v30
-1819826194,f_ha_cc_eyebrw_15_t2_v0
-1819825356,packed_mp_veh_mod_idx_s_17_v136
-1819735036,vem_supermod_23_40_t64_v33
-1819715064,m_cl_clo_x4m_u_11_8_t11_v1
-1819698586,m_cl_clo_grm_ph_3_1_t14_v1
-1819683578,vem_smod_whlv201_t66_v3
-1819661195,packed_mp_veh_mod_idx_s_12_v261
-1819660506,m_cl_clo_smm_b_7_8_t1_v1
-1819656844,packed_mp_veh_mod_var_1_v378
-1819633657,m_cl_clo_grm_u_14_20_t11_v1
-1819512181,vem_insurance_apc
-1819446542,f_cl_clo_stf_u_6_20_t11_v1
-1819431901,m_cl_clo_trm_decl_5_t100_v0
-1819398262,m_cl_clo_hstm_o_13_t3_v12
-1819386027,f_cl_f_fmf_8_3_t6_v0
-1819342919,f_cl_clo_trf_f_1_12_t6_v1
-1819290370,casweb_style_5_t0_v0
-1819286941,vem_horn_clas1_t10_v31
-1819212521,vem_yacht_light_6_v0
-1819164345,f_cl_outfit_clo_l2f_o_2_t12_v0
-1819158640,m_cl_clo_bim_pe_1_4_t14_v1
-1819145388,m_cl_clo_busm_t_2_10_t7_v1
-1819125131,mp_stat_xm22_lab_owned_v0
-1819107681,packed_mp_veh_mod_idx_13_v250
-1819003778,m_cl_clo_fxm_ph_4_19_t14_v1
-1818972642,f_cl_clo_grf_b_4_15_t1_v1
-1818967920,packed_mp_veh_plate_id_v295
-1818964642,packed_mp_veh_mod_idx_s_23_v8
-1818920764,vem_supermod_23_1_t64_v7
-1818829563,m_cl_clo_vwm_pey_1_1_t14_v1
-1818792156,vem_engine_4_t5_v33
-1818748689,vem_colour_extra_1_mct_pearlescent_might_purple_t24_v2
-1818739387,packed_mp_veh_mod_idx_s_7_v286
-1818706595,vem_colour_6_purple_t65_v3
-1818685426,vem_supermod_22_3_t63_v27
-1818611318,vem_smod3_whlv4_t66_v3
-1818548331,f_cl_clo_h4f_o_h2_f4_t3_v12
-1818435153,wp_wm_tint7_t3_v4
-1818403291,f_cl_clo_vwf_l_1_1_t4_v1
-1818384562,vem_smod4_whlv184_t66_v1
-1818372936,packed_mp_veh_mod_idx_s_3_v353
-1818369579,wp_wm_tint3_t3_v23
-1818338575,vem_smod5_whlv149_t66_v3
-1818324513,vem_colour_extra_1_mct_metallic_black_steel_t24_v4
-1818250188,packed_mp_veh_colour2_0_v384
-1818214114,cf_mission_passed_bkr
-1818120133,packed_mp_veh_mod_idx_s_16_v280
-1818105690,m_cl_clo_halm_7_0_t1_v1
-1818094491,packed_mp_veh_wheel_type_0_v366
-1818027155,f_ta_tat_ie_004_t0_v0
-1817954522,packed_mp_veh_mod_idx_5_v7
-1817925122,m_cl_clo_hstmb_14_7_t1_v1
-1817848914,packed_lr_vehicle_colour_6_v282
-1817727268,packed_mp_veh_mod_idx_s_12_v280
-1817603743,vem_horn_cnote_a0_t10_v38
-1817565879,packed_mp_veh_mod_idx_1_v76
-1817561725,packed_mp_veh_mod_idx_s_9_v228
-1817548810,f_cl_clo_sbf_u_18_8_t11_v1
-1817546542,f_cl_clo_sbf_u_17_5_t11_v1
-1817481292,packed_mp_veh_mod_idx_s_8_v205
-1817437719,f_cl_clo_scf_ey_0_4_t14_v1
-1817434631,f_cl_clo_bhf_b_0_1_t1_v1
-1817373528,vem_bikew_20_t19_v4
-1817321245,m_cl_clo_smm_u_8_3_t11_v1
-1817201352,packed_mp_veh_colour2_0_v396
-1817141681,packed_mp_veh_mod_idx_s_7_v165
-1817007592,vem_colour_mct_none_147
-1816971162,vem_rwd_hiend_18_t19_v12
-1816970436,dec_vw_aw_ss_10b
-1816833343,vem_colour_extra_1_mct_pearlescent_black_t24_v3
-1816816991,m_ha_clo_s2m_h_2_0_t0_v0
-1816770650,vem_smod_whlv195_t66_v3
-1816714667,vem_colour_extra_1_mct_classic_white_t24_v2
-1816674399,f_cl_clo_h2f_u_7_17_t11_v1
-1816629811,packed_mp_veh_mod_idx_s_16_v119
-1816597107,packed_mp_veh_secondary_colour_group_v8
-1816559666,f_cl_clo_x2f_ht_0_1_t14_v1
-1816529200,vem_spoiler_0_t14_v28
-1816453250,packed_mp_veh_mod_idx_8_v384
-1816451919,packed_mp_veh_mod_idx_9_v205
-1816413500,f_cl_clo_grf_l_4_5_t4_v1
-1816407201,packed_mp_veh_mod_idx_s_21_v395
-1816377886,vem_hlight_1_t11_v26
-1816320867,f_cl_clo_sbf_rw_0_2_t14_v1
-1816289208,f_cl_u_fmf_2_10_t11_v0
-1816233425,f_cl_clo_ltsfb_1_0_t1_v1
-1816152791,packed_lr_vehicle_colour_5_v365
-1816118425,f_ha_cc_mkup_65_t5_v0
-1816032210,f_cl_clo_busf_f_1_0_t6_v1
-1816019122,packed_mp_veh_mod_idx_s_6_v363
-1816004792,packed_mp_veh_mod_idx_s_20_v7
-1815914906,vem_smod5_whlv89_t66_v3
-1815735072,wp_wct_flash_t1_v4
-1815734177,pr_pm_font_10_t0_v0
-1815705522,vem_cmod_neoncol_12_t21_v7
-1815678170,f_cl_clo_bif_decl_15_t100_v0
-1815669635,f_cl_clo_sbf_l_4_17_t4_v1
-1815647208,f_cl_outfit_clo_trf_o_ms_1_t12_v0
-1815477945,vem_spoiler_3_t14_v26
-1815464036,dec_vw_aw_wv_17
-1815327347,m_cl_clo_s1m_d_0_0_t10_v1
-1815324778,vem_hood_18_t9_v3
-1815289003,f_cl_clo_busf_u_1_2_t11_v1
-1815048382,vem_hiend_17_t19_v1
-1814987782,packed_mp_veh_mod_idx_s_15_v400
-1814861117,m_ta_tat_bb_029_t0_v0
-1814841583,packed_mp_veh_mod_idx_8_v73
-1814701719,packed_mp_veh_mod_idx_s_1_v279
-1814696546,packed_mp_veh_mod_idx_18_v172
-1814673027,packed_lr_vehicle_colour_5_v226
-1814628545,packed_mp_veh_mod_idx_s_8_v279
-1814619403,pm_weapon_discount_gold_headshot
-1814582843,pr_mp_prop_clubh11_t0_v0
-1814520639,f_cl_clo_sbf_f_5_3_t6_v1
-1814463605,wp_wm_tint2_t2_v26
-1814445469,ve_deathbike3_t0_v38
-1814430396,wp_wct_c_tint_11_t2_v21_n2
-1814428992,packed_mp_veh_mod_var_0_v75
-1814416399,m_ha_cc_mkup_63_t5_v0
-1814386074,wp_wct_tint_21_t2_v46_n2
-1814358414,vem_cmod_tyr_9_t18_v35
-1814286811,m_cl_u_fmm_12_4_t8_v1
-1814132350,packed_mp_veh_window_tint_0_v300
-1814099798,vem_smod3_whlv39_t66_v3
-1814096836,f_cl_clo_hstf_s_6_1_t8_v1
-1814085378,m_cl_clo_grm_g_1_8_t3_v1
-1814078861,packed_mp_veh_mod_idx_12_v15
-1813938802,f_cl_clo_bhf_f_1_11_t6_v1
-1813846392,packed_mp_veh_mod_idx_7_v341
-1813817189,packed_mp_veh_wheel_type_0_v186
-1813724763,m_cl_clo_bhm_decl_12_t11_v1
-1813623263,packed_lr_vehicle_colour_5_v260
-1813615688,packed_mp_veh_mod_idx_s_1_v303
-1813578592,f_cl_clo_bif_u_14_3_t11_v1
-1813536934,packed_mp_veh_mod_idx_s_4_v328
-1813487601,delete_slot_marker
-1813463788,vem_bumper_f_7_t34_v1
-1813410443,f_cl_clo_vwf_ph_0_6_t14_v1
-1813183931,packed_mp_veh_mod_idx_s_11_v122
-1813145786,m_cl_clo_hp_d_15_t8_v2
-1813104864,packed_mp_veh_mod_idx_3_v400
-1813042203,packed_mp_veh_livery_0_v34
-1812815383,packed_mp_veh_mod_idx_15_v94
-1812767226,packed_mp_veh_mod_idx_s_18_v357
-1812742877,f_cl_outfit_clo_suf_o_0_t12_v0
-1812688223,f_cl_clo_x6f_f_5_10_t6_v1
-1812592013,m_cl_clo_fxm_u_10_2_t11_v1
-1812534649,vem_cmod_col5_2_t29_v1
-1812526559,f_cl_clo_scf_ph_6_0_t14_v1
-1812510548,f_cl_clo_smf_b_8_25_t1_v1
-1812504669,packed_mp_veh_mod_idx_s_0_v353
-1812491977,m_cl_clo_scm_b_0_0_t1_v1
-1812299739,mp_stat_mpsv_model_190
-1812275991,f_ta_tat_vw_002_t0_v0
-1812273376,vem_supermod_15_15_t56_v3
-1812197315,packed_mp_veh_mod_idx_s_20_v157
-1812182835,packed_mp_veh_mod_idx_3_v126
-1812165896,f_ha_cc_f_hs_15_t0_v2
-1812004352,vem_supermod_8_2_t49_v11
-1812000534,packed_mp_veh_mod_idx_6_v84
-1811913758,packed_mp_veh_mod_idx_14_v372
-1811904206,vem_colour_1_mct_metallic_cream_t24_v1
-1811611278,packed_mp_veh_mod_idx_s_7_v327
-1811596003,vem_rwd_drft_23_t19_v2
-1811531242,packed_mp_veh_mod_idx_s_3_v199
-1811493876,packed_mp_veh_mod_idx_24_v413
-1811471369,f_cl_clo_vwf_u_8_8_t11_v1
-1811391581,wp_gsa_type_r_t0_v0
-1811384833,vem_supermod_3_7_t44_v7
-1811376091,packed_mp_veh_wheel_type_0_v92
-1811178139,vem_colour_2_mct_metallic_gold_t25_v0
-1811043278,m_cl_clo_awm_u_10_3_t11_v1
-1811017305,f_cl_clo_h2f_u_3_11_t11_v1
-1811001740,vem_smod_whlv177_t66_v0
-1810959223,vem_colour_2_mct_metallic_maple_brown_t25_v2
-1810862770,f_cl_clo_stf_o_11_t11_v12
-1810783852,m_cl_clo_iem_u_2_7_t11_v1
-1810754810,mp_stat_bunker_transportation_v0
-1810665016,m_cl_clo_awm_o_b_13_t3_v12
-1810643468,wp_wct_camo_ind_t1_v8_n2
-1810545614,vem_spt_24_t19_v1
-1810543558,f_cl_clo_h3f_decl_9_t11_v1
-1810444176,vem_smod_whlv16_t66_v3
-1810418580,f_cl_clo_h2f_u_3_16_t11_v1
-1810377113,m_cl_outfit_clo_x17m_o_m_4_t12_v0
-1810322039,vem_colour_2_mct_matte_midnight_blue_t25_v4
-1810319835,vem_supermod_23_16_t64_v3
-1810151380,veu_virgo2_t0_v0
-1810143728,f_cl_clo_busf_u_0_2_t11_v1
-1810109739,vem_cmod_col5_2_t29_v3
-1809996735,packed_mp_veh_colour1_0_v94
-1809848101,m_cl_outfit_clo_x6m_o_o_14_t12_v0
-1809793892,packed_mp_veh_mod_idx_s_6_v392
-1809683909,vem_skirt_5_t13_v4
-1809645448,m_cl_clo_hp_u_8_1_t11_v1
-1809512795,f_ta_tat_st_019_t0_v0
-1809486173,m_cl_outfit_clo_hilf_o_8_t12_v0
-1809442915,f_cl_clo_grf_u_0_13_t11_v1
-1809381639,m_cl_clo_trm_f_1_22_t6_v1
-1809253558,vem_colour_2_mct_metallic_woodbeech_brown_t25_v0
-1809253194,vem_colour_2_mct_classic_chocolate_brown_t25_v1
-1809222601,packed_mp_veh_mod_idx_s_7_v364
-1809202363,packed_mp_veh_mod_var_0_v346
-1809135468,packed_mp_veh_mod_idx_s_19_v159
-1809118587,f_cl_clo_sbf_u_17_14_t11_v1
-1808950450,f_cl_clo_s1f_ph_0_7_t14_v1
-1808901723,vem_truck_slot_4_mod_3_t0_v0
-1808854791,m_cl_clo_h3m_b_14_13_t1_v1
-1808845233,wh_index_22_t0_v0
-1808844584,vem_colour_2_mct_classic_gold_t25_v1
-1808835716,m_ha_cc_m_hs_22_t0_v1
-1808704821,packed_mp_veh_mod_idx_11_v76
-1808599960,packed_mp_veh_mod_idx_s_9_v30
-1808591312,packed_mp_veh_livery_0_v321
-1808571032,f_cl_clo_exf_g_2_8_t14_v0
-1808511174,vem_spt_06_t19_v0
-1808496715,vem_fender_l_4_t36_v38
-1808487546,m_cl_clo_h3m_l_5_5_t4_v1
-1808432459,vem_smod4_whl_2_t19_v3
-1808354640,packed_mp_veh_colour_extra2_0_v49
-1808338639,vem_smod3_whlv87_t66_v3
-1808064756,m_cl_outfit_clo_awm_o_i_0_t12_v0
-1808053502,f_cl_outfit_clo_x3f_u_0_1_t12_v0
-1808049830,packed_lr_vehicle_colour_5_v139
-1808039863,m_cl_clo_hstm_u_0_1_t11_v1
-1808012772,m_cl_f_fmm_15_3_t6_v0
-1807920119,wp_wct_c_tint_7_t2_v46_n2
-1807906131,ve_marshall_n1_t1_v8
-1807873689,ve_pbus2_n1_t1_v6
-1807851693,vem_colour_2_mct_classic_umber_brown_t25_v33
-1807842833,m_cl_clo_grm_u_9_15_t11_v1
-1807705469,f_cl_clo_sbf_b_5_1_t1_v1
-1807702805,packed_mp_veh_mod_idx_s_10_v229
-1807685023,packed_ng_vehicle_smoke_v118
-1807603069,f_cl_clo_trf_f_1_22_t6_v1
-1807532074,packed_mp_veh_mod_idx_s_6_v217
-1807497025,vem_colour_5_maple_brown_t38_v3
-1807419401,f_cl_clo_grf_b_2_9_t1_v1
-1807390469,f_cl_clo_sbf_f_4_2_t6_v1
-1807344428,f_ta_tat_h4_006_t0_v0
-1807262750,vem_supermod_0_6_t41_v26
-1807011349,ve_insurgent2_t0_v3
-1806949214,m_cl_clo_vwm_u_18_8_t11_v1
-1806945960,m_cl_clo_lxm_u_5_8_t11_v1
-1806921227,vem_rwd_spt_11_t19_v0
-1806824778,m_cl_clo_exm_eu_3_0_t11_v1
-1806810669,packed_mp_veh_colour1_0_v402
-1806702449,f_cl_clo_bus_m_0_3_t1_v1
-1806536019,packed_mp_veh_mod_idx_s_7_v396
-1806423587,packed_mp_veh_mod_idx_16_v325
-1806274228,packed_ng_vehicle_insurance_v120
-1806255831,wp_wct_no_liv_t1_v1_n2
-1806174529,vem_smod4_whlv12_t66_v0
-1806039515,packed_mp_veh_mod_idx_24_v283
-1805642488,vem_supermod_2_6_t43_v26
-1805633102,f_cl_clo_sbf_f_3_19_t6_v1
-1805628560,packed_mp_veh_mod_idx_s_17_v212
-1805579294,packed_mp_veh_mod_idx_6_v71
-1805496782,vem_smod4_whlv37_t66_v0
-1805486111,packed_mp_veh_mod_idx_s_16_v196
-1805367937,packed_mp_veh_plate_id_v280
-1805338229,m_cl_clo_grm_decl_25_t10_v1
-1805284231,f_ha_cc_mkup_4_t7_v0
-1805244532,packed_mp_veh_mod_idx_s_21_v33
-1805201283,f_cl_clo_arf_o_29_t8_v12
-1805183569,packed_mp_veh_mod_idx_s_20_v117
-1805179628,f_cl_clo_scf_d_25_13_t10_v1
-1805160234,m_cl_clo_h2m_ph_2_5_t14_v1
-1805095673,packed_mp_veh_mod_idx_s_4_v274
-1805087412,vem_musc_11_t19_v3
-1805014255,vem_rwd_drft_10_t19_v1
-1804918777,packed_mp_veh_mod_idx_s_20_v237
-1804882806,vem_supermod_63_6_t63_v7
-1804857375,packed_mp_veh_mod_idx_s_22_v131
-1804806091,packed_mp_veh_mod_var_1_v318
-1804791866,m_cl_clo_smm_u_2_7_t11_v1
-1804692465,m_ha_clo_s2m_h_2_0_t0_v2
-1804663213,packed_mp_veh_mod_idx_24_v289
-1804618786,vem_rwd_hiend_07_t19_v3
-1804590701,f_cl_clo_arf_o_8_t11_v12
-1804541110,f_cl_clo_h2f_f_3_11_t6_v1
-1804535868,f_cl_clo_s1f_d_0_0_t10_v1
-1804502045,f_ta_tat_bi_042_t0_v0_cesp
-1804448149,packed_mp_veh_mod_idx_s_0_v170
-1804445581,vem_cmod_hrn_mus1_t10_v3
-1804437275,mp_stat_mpsv_model_124
-1804400889,m_cl_clo_stm_h_104_t14_v1
-1804349843,m_cl_clo_fxm_l_2_0_t4_v1
-1804343769,f_cl_clo_sbf_lw_2_0_t14_v1
-1804319243,vem_engine_1_t5_v35
-1804299524,m_cl_clo_apm_u_1_2_t11_v1
-1804222606,m_cl_clo_vwm_b_8_2_t1_v1
-1804143597,packed_mp_veh_mod_var_0_v279
-1804131934,vem_supermod_18_0_t59_v34
-1803960275,vem_cmod_win_1_t33_v5
-1803941753,m_cl_clo_vwm_s_6_13_t8_v1
-1803819244,packed_mp_veh_mod_idx_10_v96
-1803697031,vem_hood_7_t9_v7
-1803677700,packed_mp_veh_mod_idx_11_v15
-1803641691,vem_smod_whlv105_t66_v0
-1803638018,m_ta_tat_fm_020_t0_v0
-1803567722,vem_smod2_whlv135_t66_v3
-1803485349,m_cl_clo_pim_f_0_0_t6_v1
-1803450974,packed_mp_veh_mod_idx_s_1_v382
-1803425422,packed_mp_veh_mod_idx_s_14_v35
-1803337332,m_cl_clo_s1m_u_4_2_t11_v1
-1803332508,f_cl_clo_x6f_l_8_25_t4_v1
-1803315068,vem_horn_hween1_t10_v0
-1803279144,vem_cmod_exp_1_t20_v5
-1803241488,packed_mp_veh_mod_idx_5_v214
-1802999701,packed_mp_veh_mod_idx_s_14_v29
-1802871697,packed_mp_veh_mod_idx_9_v198
-1802724528,f_cl_clo_suf_l_2_22_t4_v1
-1802718835,vem_smod2_whlv38_t66_v3
-1802709509,m_cl_clo_x2m_ht_4_2_t14_v1
-1802566551,vem_colour_2_mct_matte_lime_green_t25_v1
-1802561655,m_cl_outfit_clo_exm_ob_13_t12_v0
-1802539312,m_cl_clo_trm_f_1_12_t6_v1
-1802507595,f_cl_clo_busf_f_1_10_t6_v1
-1802503080,wp_wm_tint2_t2_v13
-1802408258,vem_colour_2_mct_metallic_nautical_blue_t25_v33
-1802393177,packed_ng_vehicle_smoke_v137
-1802333798,vem_smod5_whlv144_t66_v3
-1802206709,packed_mp_veh_mod_idx_10_v212
-1802196330,vem_rwd_drft_05_t19_v3
-1802101990,vem_hiend_13_t19_v3
-1802084429,f_ta_tat_vw_012_t0_v0
-1802049026,m_cl_clo_ltsm_o_2_t8_v12
-1801998265,packed_mp_veh_wheel_type_0_v296
-1801958407,packed_mp_veh_mod_idx_6_v247
-1801874569,f_cl_outfit_clo_stf_o_6_t12_v0
-1801844398,m_cl_clo_hstm_o_16_t11_v12
-1801834108,packed_mp_veh_mod_idx_s_10_v55
-1801808855,packed_ng_vehicle_neon_kit_v261
-1801794724,m_cl_clo_sbm_pe_1_11_t14_v1
-1801720701,m_cl_l_fmm_5_15_t4_v0
-1801685925,packed_mp_veh_window_tint_0_v217
-1801679978,f_cl_clo_h3f_decl_2_t11_v1
-1801490819,m_cl_clo_exm_al_4_0_t4_v1
-1801451007,vem_insurance_surge
-1801415766,pr_mp_prop_42_t0_v0
-1801358769,packed_ng_vehicle_neon_kit_v364
-1801242809,packed_mp_veh_mod_idx_23_v323
-1801153987,f_cl_clo_suf_l_2_1_t4_v1
-1801121480,packed_mp_veh_mod_idx_10_v277
-1801121041,vem_supermod_22_0_t63_v6
-1801110588,vem_smod4_whlv26_t66_v0
-1800991900,f_cl_clo_grf_u_23_0_t11_v1
-1800977867,packed_mp_veh_mod_idx_0_v299
-1800900828,f_cl_clo_busf_l_1_0_t4_v1
-1800892212,packed_mp_veh_mod_idx_s_13_v368
-1800889445,packed_mp_veh_mod_idx_s_1_v403
-1800889272,vem_rwd_bikew_20_t19_v3
-1800821326,vem_colour_1_mct_classic_purple_t24_v33
-1800741284,packed_mp_veh_mod_idx_s_9_v303
-1800672862,vem_supermod_10_13_t51_v10
-1800660343,f_cl_outfit_clo_awf_o_f_4_t12_v0
-1800567883,m_cl_outfit_clo_arm_o_21_t12_v0
-1800552945,m_ha_face_e_c_22_t4_v0
-1800523546,f_cl_clo_h3f_ph_6_8_t14_v1
-1800413174,f_cl_clo_suf_u_21_0_t11_v1
-1800272416,packed_mp_veh_mod_var_0_v29
-1800258976,mt_snk_item5_t0_v1
-1800252846,m_ta_tat_x6_029_t0_v0
-1800231754,m_cl_clo_exm_al_4_2_t4_v1
-1800124115,f_cl_clo_scf_d_27_2_t10_v1
-1800008545,vem_supermod_23_12_t64_v28
-1799987835,packed_mp_veh_wheel_type_0_v131
-1799710883,packed_mp_veh_mod_idx_23_v45
-1799705140,f_cl_clo_vwf_pey_114_t14_v1
-1799650097,packed_mp_veh_mod_idx_s_10_v139
-1799551507,vem_cmod_col5_23_t29_v4
-1799529389,mba_floor1_8_t0_v1
-1799400244,m_cl_clo_x6m_o_o_0_t3_v12
-1799394969,vem_colour_extra_1_mct_classic_frost_white_t24_v0
-1799375299,m_cl_clo_fxm_pe_3_4_t14_v1
-1799319292,packed_mp_veh_mod_idx_s_5_v70
-1799314611,packed_mp_veh_mod_idx_s_21_v75
-1799262173,packed_mp_veh_mod_idx_s_16_v115
-1799237037,packed_ng_vehicle_neon_v84
-1799223125,packed_lr_vehicle_colour_6_v414
-1799177893,packed_mp_veh_mod_idx_5_v3
-1799011239,packed_ng_vehicle_insurance_v245
-1798990101,mba_floor0_0_t0_v0
-1798900780,m_cl_clo_awm_u_7_16_t11_v1
-1798866776,m_cl_clo_h3m_b_9_8_t1_v1
-1798854609,packed_mp_veh_mod_idx_23_v16
-1798846710,packed_mp_veh_mod_idx_s_14_v380
-1798811576,ve_zr380_t1_v38
-1798774888,f_cl_clo_s1f_f_0_2_t6_v1
-1798746947,m_cl_outfit_clo_exm_ob_8_t12_v0
-1798711730,f_cl_clo_sbf_l_4_9_t4_v1
-1798696314,packed_mp_veh_mod_idx_10_v262
-1798614573,packed_ng_vehicle_smoke_v271
-1798550822,f_ta_tat_x2_013_t0_v0
-1798542952,packed_mp_veh_mod_idx_s_14_v109
-1798517586,packed_mp_veh_mod_idx_3_v144
-1798502822,f_cl_clo_suf_u_5_3_t11_v1
-1798491057,vem_rwd_musc_03_t19_v12
-1798379520,f_cl_clo_hstf_o_b_1_t3_v12
-1798361779,m_cl_tat_fmm_clb_t100_v0
-1798312033,vem_supermod_5_14_t46_v27
-1798275930,packed_mp_veh_mod_idx_s_20_v78
-1798271677,vem_supermod_10_16_t51_v10
-1798205439,packed_mp_veh_mod_idx_s_20_v393
-1798191437,vem_colour_extra_1_mct_pearlescent_sea_green_t24_v1
-1798170116,packed_mp_veh_mod_idx_7_v68
-1798102801,vem_colour_extra_1_mct_metals_br_aluminium_t24_v3
-1798009693,f_cl_clo_bhf_u_19_3_t11_v1
-1797931198,packed_mp_veh_primary_colour_group_v73
-1797872215,packed_mp_veh_wheel_type_0_v233
-1797862187,vem_supermod_8_15_t49_v27
-1797814082,packed_ng_vehicle_neon_v105
-1797808590,f_cl_clo_grf_ph_3_10_t14_v1
-1797806266,veu_comet3_t0_v0
-1797803562,packed_mp_veh_mod_idx_23_v208
-1797796335,packed_mp_veh_colour2_0_v216
-1797749459,packed_mp_veh_mod_idx_8_v336
-1797740308,packed_mp_veh_mod_idx_s_14_v357
-1797685454,f_cl_clo_awf_b_4_9_t1_v1
-1797679050,m_cl_clo_l2m_dec_23_t100_v0
-1797676840,packed_mp_veh_mod_idx_11_v122
-1797475564,m_cl_clo_vwm_pw_7_5_t14_v1
-1797424552,packed_mp_veh_mod_idx_16_v396
-1797329056,vem_rwd_drft_12_t19_v12
-1797300373,packed_mp_veh_mod_idx_s_18_v213
-1797275798,f_ta_tat_fm_021_t0_v0
-1797057286,packed_mp_veh_colour2_0_v333
-1797050277,packed_mp_veh_mod_idx_s_15_v105
-1796943064,vem_colour_extra_1_mct_classic_blue_t24_v0
-1796913746,packed_mp_veh_mod_idx_0_v194
-1796622551,f_cl_clo_exf_eu_15_2_t11_v1
-1796412557,packed_mp_veh_mod_idx_s_20_v178
-1796400720,vem_smod4_whlv142_t66_v0
-1796294561,packed_lr_vehicle_colour_5_v398
-1796288452,packed_mp_veh_mod_idx_s_19_v178
-1796262009,vem_offr_09_t19_v2
-1796257718,f_cl_clo_hstf_o_b_0_t8_v12
-1796246940,vem_spoiler_6_t14_v29
-1796180324,packed_mp_veh_mod_idx_7_v297
-1796097566,packed_mp_veh_mod_idx_s_15_v45
-1795970277,packed_mp_veh_mod_idx_s_18_v40
-1795961204,f_cl_l_fmf_0_14_t4_v0
-1795895198,m_ha_cc_eyebrw_11_t2_v0
-1795884099,f_cl_clo_grf_ph_4_13_t14_v1
-1795876817,packed_lr_vehicle_colour_6_v219
-1795844748,packed_mp_veh_mod_idx_s_20_v149
-1795814596,f_cl_clo_sbf_u_22_10_t11_v1
-1795686764,ve_stinger_t1_v3
-1795674254,f_cl_o_fmf_s6_t3_v12
-1795665579,f_cl_clo_smf_decl_10_t100_v0
-1795555302,f_cl_clo_grf_l_3_24_t4_v1
-1795542405,vem_colour_mct_none_73
-1795491117,f_cl_clo_grf_b_1_9_t1_v1
-1795448739,packed_mp_veh_mod_idx_24_v344
-1795352091,m_cl_clo_x6m_l_6_16_t4_v1
-1795346909,packed_mp_veh_mod_idx_s_17_v138
-1795322011,packed_mp_veh_mod_idx_10_v224
-1795187868,f_cl_clo_suf_decl_21_t11_v1
-1795067596,vem_colour_1_mct_classic_maple_brown_t24_v3
-1795037347,ve_r300_t0_v38
-1795030157,packed_mp_veh_mod_idx_s_17_v29
-1794939099,m_cl_clo_grm_l_3_2_t4_v1
-1794904016,vem_supermod_45_5_t45_v7
-1794893324,vem_horn_indi_2_t10_v4
-1794751407,vem_colour_extra_1_mct_matte_matte_desert_t24_v4
-1794709346,vem_supermod_3_26_t44_v27
-1794616904,vem_smod4_whlv181_t66_v0
-1794601121,packed_mp_veh_mod_idx_s_15_v339
-1794554296,vem_supermod_15_5_n1_t56_v3
-1794402047,packed_mp_veh_livery_0_v314
-1794250219,packed_mp_veh_mod_idx_s_17_v4
-1794217084,vem_supermod_6_0_t47_v33
-1794204062,vem_chassis_3_t4_v32
-1794154036,m_ta_tat_st_021_t0_v0
-1794044506,f_cl_clo_h4f_b_4_6_t1_v1
-1793992227,m_ha_cc_mkup_60_t5_v0
-1793910987,packed_mp_veh_mod_idx_s_19_v1
-1793817113,packed_mp_veh_mod_idx_12_v112
-1793675331,vem_supermod_2_3_t43_v27
-1793622333,vem_cmod_col5_35_t29_v0
-1793592190,po_coupon_medical
-1793452791,packed_mp_veh_wheel_type_0_v386
-1793399562,packed_mp_veh_mod_idx_6_v277
-1793314016,vem_bumper_f_0_t34_v27
-1793216680,packed_mp_veh_mod_idx_s_13_v197
-1793176274,packed_ng_vehicle_insurance_v320
-1793155424,m_cl_clo_smm_u_3_3_t11_v1
-1793152514,f_cl_clo_ief_u_7_24_t11_v1
-1793080964,vem_cmod_hrn_mus2_t10_v38
-1793055008,packed_mp_veh_mod_idx_5_v123
-1793016525,packed_mp_veh_mod_idx_s_20_v313
-1792970087,packed_mp_veh_colour1_0_v367
-1792959096,f_cl_clo_smf_b_4_1_t1_v1
-1792935097,m_cl_clo_s1m_ph_1_8_t14_v1
-1792882143,f_cl_clo_grf_l_4_8_t4_v1
-1792839451,vem_fender_r_13_t37_v27
-1792752420,vem_colour_extra_1_mct_classic_lava_red_t24_v0
-1792630605,packed_mp_veh_mod_idx_13_v285
-1792591018,f_cl_clo_x6f_ph_10_8_t14_v1
-1792514806,f_cl_clo_scf_ey_0_2_t14_v1
-1792489979,f_cl_clo_suf_u_7_13_t11_v1
-1792414410,f_cl_clo_bhf_decl_61_t100_v0
-1792378809,f_cl_clo_exf_ob_14_t3_v12
-1792315844,vem_colour_extra_1_mct_classic_salmon_pink_t24_v4
-1792188285,packed_mp_veh_mod_idx_22_v2
-1792186915,packed_ng_vehicle_smoke_v6
-1792179744,m_cl_clo_l2m_u_3_2_t11_v1
-1792136660,packed_mp_veh_mod_idx_s_2_v274
-1792136223,packed_mp_veh_mod_idx_s_19_v322
-1791968619,mp_stat_mpsv_model_89
-1791875326,f_cl_clo_x6f_ph_10_3_t14_v1
-1791831559,vem_colour_1_mct_classic_yellow_t24_v33
-1791717788,f_cl_clo_awf_o_f_9_t8_v12
-1791691176,veu_dominator6_t0_v0
-1791613650,m_cl_clo_hstmb_14_21_t1_v1
-1791483724,m_cl_clo_grm_u_3_3_t11_v1
-1791483615,m_cl_clo_exm_eu_16_1_t11_v1
-1791471847,f_cl_clo_scf_f_0_10_t6_v1
-1791437724,packed_mp_veh_mod_idx_s_7_v402
-1791378988,packed_mp_veh_mod_idx_23_v317
-1791362227,packed_mp_veh_mod_idx_s_4_v130
-1791220085,packed_mp_veh_mod_idx_s_23_v414
-1791187947,packed_ng_vehicle_neon_kit_v70
-1791042716,ve_alpha_t0_v3
-1791005042,m_cl_outfit_clo_h3m_o_prp_1_t12_v0
-1790965544,m_cl_clo_bim_l_4_5_t4_v1
-1790921275,f_cl_clo_ief_u_6_2_t11_v1
-1790908870,vem_horn_cnote_g0_t10_v28
-1790883671,packed_mp_veh_mod_idx_s_19_v125
-1790830931,packed_ng_vehicle_neon_v326
-1790808283,packed_mp_veh_colour_extra2_0_v113
-1790650374,packed_mp_veh_mod_var_0_v209
-1790436835,vem_cmod_tyr_6_t18_v30
-1790341577,vem_cmod_neoncol_13_t21_v11
-1790135353,packed_mp_veh_mod_idx_13_v65
-1790113086,vem_supermod_56_22_t56_v7
-1790088201,m_cl_clo_grm_decl_33_t11_v1
-1789923107,f_ha_face_e_c_14_t4_v0
-1789909056,m_cl_f_fmm_3_13_t6_v0
-1789763892,f_cl_clo_hp_f_g_1_1_t14_v0
-1789708721,f_cl_clo_trf_decl_16_t100_v0
-1789672735,packed_mp_veh_mod_idx_8_v216
-1789581018,packed_mp_veh_mod_idx_15_v57
-1789568245,packed_mp_veh_mod_idx_s_8_v121
-1789521445,m_cl_clo_busm_f_0_6_t6_v1
-1789325261,packed_mp_veh_mod_idx_s_21_v141
-1789300379,f_cl_l_fmf_9_11_t4_v0
-1789220555,packed_mp_veh_mod_idx_24_v195
-1789217237,f_cl_clo_indf_b_0_1_t1_v1
-1789061272,packed_mp_veh_livery_0_v255
-1788957440,packed_mp_veh_window_tint_0_v112
-1788850340,vem_cmod_neoncol_4_t21_v3
-1788813233,dec_vw_aw_wh_26a
-1788812300,vem_insurance_nightblade
-1788779450,packed_mp_veh_mod_idx_8_v400
-1788761119,pr_pm_colour_3_t0_v0
-1788734288,m_cl_clo_x2m_ht_2_2_t14_v1
-1788502650,packed_mp_veh_mod_idx_s_5_v28
-1788502385,m_cl_clo_x6m_b_2_9_t1_v1
-1788502035,m_cl_clo_bhm_f_1_23_t6_v1
-1788466909,f_ta_tat_hp_030_t0_v0
-1788456336,packed_ng_vehicle_neon_v91
-1788288801,dec_vw_aw_mt_6
-1788267122,pr_pm_bfcolour_2_t1_v0
-1788252451,m_cl_clo_vwm_u_10_16_t11_v1
-1788162268,m_cl_clo_busm_g0_6_t14_v1
-1788007306,vem_horn_clas6_t10_v28
-1788006921,f_cl_clo_ief_f_0_0_t6_v1_cesp
-1787936398,vem_roof_13_t12_v3
-1787851629,packed_mp_veh_mod_idx_s_23_v393
-1787775653,vem_cmod_col5_30_t29_v3
-1787746136,packed_mp_veh_mod_idx_s_7_v102
-1787682085,packed_lr_vehicle_colour_6_v303
-1787620183,wp_wct_barr_t1_v48_n2
-1787602365,wp_wct_tint_5_t2_v47_n2
-1787583342,vem_fender_r_8_t37_v28
-1787559902,f_cl_clo_hstf_g_0_1_t3_v1
-1787535853,f_cl_clo_grf_u_4_13_t11_v1
-1787494790,packed_mp_veh_mod_idx_s_7_v47
-1787367226,f_cl_clo_half_8_2_t1_v1
-1787329429,packed_mp_veh_mod_idx_s_7_v98
-1787328846,m_cl_clo_scm_b_3_2_t1_v1
-1787268751,packed_mp_veh_mod_idx_22_v72
-1787206156,f_cl_clo_ief_u_1_7_t11_v1
-1787153194,f_cl_clo_x3f_b_2_1_t1_v1
-1787148174,m_cl_clo_x6m_f_12_24_t6_v1
-1787134118,m_ha_clo_scm_h_0_0_t0_v1
-1787126637,m_cl_clo_hst_a_2_t8_v2
-1787089105,packed_mp_veh_mod_idx_s_13_v129
-1787054875,m_cl_clo_hstmb_19_2_t1_v1
-1787041094,vem_bikew_16_t19_v3
-1787039347,packed_mp_veh_mod_idx_11_v185
-1787031231,vem_colour_2_mct_classic_lava_red_t25_v4
-1786925296,packed_mp_veh_mod_idx_9_v328
-1786879647,m_cl_clo_grm_b_2_6_t1_v1
-1786847647,vem_colour_extra_1_mct_metallic_racing_blue_t24_v33
-1786847129,packed_mp_veh_mod_idx_14_v395
-1786785118,ve_coquette_t1_v3
-1786774084,vem_hlight_0_t11_v34
-1786769503,m_cl_outfit_clo_arm_o_8_t12_v0
-1786760568,vem_smod_whlv7_t66_v0
-1786758394,m_cl_clo_valm_t_0_0_t7_v1
-1786756632,f_cl_clo_x6f_ph_2_17_t14_v1
-1786755025,vem_spoiler_8_t14_v29
-1786670352,m_cl_clo_x6m_ph_2_3_t14_v1
-1786668818,vem_smod3_whlv123_t66_v3
-1786625941,f_ta_tat_st_029_t0_v0
-1786591004,vem_roof_16_t12_v3
-1786588106,vem_skirt_17_t13_v38
-1786467396,m_cl_clo_scm_d_22_8_t10_v1
-1786457902,m_cl_clo_sum_u_5_0_t11_v1
-1786358087,m_ta_tat_bi_054_t0_v0_cesp
-1786342768,f_cl_clo_hstf_o_b_2_t8_v12
-1786333585,vem_mwt_offroad_t4_v0
-1785991396,packed_mp_veh_mod_idx_s_16_v136
-1785989756,packed_mp_veh_mod_idx_7_v130
-1785917703,packed_mp_veh_mod_idx_s_14_v246
-1785901926,vem_supermod_3_26_t44_v3
-1785897528,vem_supermod_23_3_t64_v26
-1785883912,vem_supermod_16_8_t57_v3
-1785843576,vem_rwd_drft_04_t19_v1
-1785817799,packed_lr_vehicle_colour_6_v185
-1785788508,packed_ng_vehicle_bpt_v135
-1785781883,vem_supermod_14_3_t55_v10
-1785590167,vem_supermod_59_17_t59_v7
-1785489324,m_cl_clo_h2m_b_1116_t1_v1
-1785468363,packed_mp_veh_mod_idx_s_8_v381
-1785335467,f_cl_clo_awf_u_9_14_t11_v1
-1785248129,f_cl_clo_x6f_u_3_7_t11_v1
-1785226248,wp_wct_tint_19_t2_v48_n2
-1785174974,f_cl_clo_x6f_l_7_1_t4_v1
-1785064824,f_cl_clo_x6f_ph_8_12_t14_v1
-1785028003,fa_upgrade_meth_staff_0_t0_v0
-1785004004,packed_mp_veh_mod_idx_s_15_v375
-1784918534,vem_rwd_loride_07_t19_v2
-1784793438,vem_grill_1_t8_v0
-1784784661,wp_wm_tint1_t2_v23
-1784725040,m_cl_clo_hp_d_0_t8_v2
-1784709873,packed_mp_veh_mod_idx_22_v58
-1784696334,vem_colour_2_mct_metallic_frost_white_t25_v0
-1784620382,f_cl_clo_stf_u_6_12_t11_v1
-1784571463,vem_colour_1_mct_metallic_cabernet_red_t24_v3
-1784460998,m_cl_clo_bim_decl_64_t10_v1
-1784456843,m_cl_outfit_clo_hilf_o_28_t12_v0
-1784416570,m_cl_outfit_clo_awm_o_c_8_t12_v0
-1784321047,packed_mp_veh_mod_var_1_v135
-1784138696,f_cl_clo_awf_decl_61_t100_v0
-1784110529,packed_mp_veh_mod_idx_s_7_v166
-1783980838,packed_mp_veh_mod_idx_s_2_v135
-1783967643,f_cl_clo_bhf_u_2_16_t11_v1
-1783960316,m_cl_clo_h4m_b_0_21_t1_v1
-1783939729,m_cl_clo_bhm_f_1_14_t6_v1
-1783931401,f_cl_clo_indf_ht_6_5_t14_v1
-1783911173,packed_ng_vehicle_smoke_v129
-1783906664,vem_smod4_whlv27_t66_v2
-1783888731,vem_smod4_whl_5_t19_v3
-1783871118,m_cl_u_fmm_0_2_t8_v1
-1783823933,m_cl_clo_vwm_s_6_1_t8_v1
-1783816899,m_cl_clo_vwm_u_17_2_t11_v1
-1783807202,m_cl_clo_bhm_decl_26_t100_v0
-1783740247,packed_mp_veh_mod_idx_13_v8
-1783722152,vem_supermod_3_3_n1_t44_v27
-1783648050,f_cl_clo_v2f_u_4_1_t11_v1
-1783644345,vem_colour_extra_1_mct_metallic_sunrise_orange_t24_v0
-1783548231,packed_ng_vehicle_insurance_v227
-1783538897,packed_mp_veh_livery2_0_v393
-1783501700,packed_mp_veh_colour_extra2_0_v168
-1783451488,f_ta_tat_x2_029_t0_v0
-1783387076,packed_mp_veh_mod_idx_s_3_v277
-1783359249,packed_mp_veh_mod_idx_s_4_v28
-1783348993,packed_mp_veh_primary_colour_group_v71
-1783332601,f_cl_clo_s2f_u_4_5_t11_v1
-1783298325,vem_armour_1_t1_v26
-1783259127,packed_mp_veh_mod_idx_2_v244
-1783170197,packed_mp_veh_mod_idx_s_4_v129
-1783111312,vem_supermod_1_2_t42_v3
-1783097190,packed_mp_veh_mod_idx_18_v107
-1783079212,f_cl_f_fmf_0_0_t6_v0
-1783077338,vem_colour_2_mct_metallic_race_yellow_t25_v2
-1783060996,vem_hiend_02_t19_v3
-1782966110,m_cl_clo_smm_ph_0_4_t14_v1
-1782884482,packed_mp_veh_mod_idx_s_9_v109
-1782873936,f_ha_cc_mkup_89_t5_v0
-1782864909,m_cl_clo_x6m_u_1_15_t11_v1
-1782697853,packed_mp_veh_mod_idx_14_v255
-1782689676,packed_mp_veh_mod_idx_s_23_v101
-1782595499,mp_stat_mpsv_model_389
-1782578980,m_cl_clo_bim_ph_12_8_t14_v1
-1782453265,packed_ng_vehicle_smoke_v403
-1782317913,packed_mp_veh_mod_idx_7_v253
-1782280920,packed_mp_veh_mod_idx_s_18_v103
-1782163622,packed_mp_veh_mod_idx_8_v7
-1781855943,packed_lr_vehicle_colour_6_v394
-1781836923,f_cl_clo_x6f_l_0_8_t4_v1
-1781787823,packed_ng_vehicle_neon_v364
-1781713987,m_cl_clo_bhm_u_5_12_t11_v1
-1781677118,m_ha_face_e_c_4_t4_v0
-1781638930,packed_mp_veh_mod_idx_14_v324
-1781614854,m_cl_clo_smm_decl_5_t100_v0
-1781566567,packed_mp_veh_mod_idx_10_v144
-1781531827,m_cl_clo_h2m_b_4_0_t1_v1
-1781518664,packed_mp_veh_mod_idx_3_v271
-1781341756,m_cl_outfit_clo_h2m_o_s_9_t12_v0
-1781312663,vem_bumper_r_10_t35_v32
-1781292918,vem_colour_extra_1_mct_classic_garnet_red_t24_v0
-1781264627,packed_mp_veh_mod_idx_s_21_v124
-1781239482,f_cl_clo_s2f_d_16_t11_v1
-1781213686,m_cl_clo_h3m_l_5_15_t4_v1
-1781187051,vem_supermod_11_3_t52_v10
-1781184841,m_cl_clo_hp_g_0_6_t14_v1
-1781103829,f_cl_clo_smf_ph_0_8_t14_v1
-1780970455,vem_smod4_whlv35_t66_v2
-1780923015,packed_mp_veh_mod_idx_s_18_v410
-1780851028,ve_omnis_t0_v3_cesp
-1780843194,f_cl_clo_suf_decl_15_t11_v1
-1780813217,packed_mp_veh_mod_idx_11_v183
-1780746021,m_cl_clo_grm_l_4_1_t4_v1
-1780707575,mp_stat_mpsv_model_158
-1780638403,packed_mp_veh_mod_idx_16_v40
-1780634969,f_cl_clo_l2f_u_7_15_t11_v1
-1780575918,packed_mp_veh_mod_idx_s_21_v148
-1780571305,vem_spoiler_1_t14_v29
-1780540897,packed_mp_veh_mod_idx_s_13_v163
-1780526404,vem_smod3_whlv94_t66_v3
-1780450704,f_cl_clo_valf_b_0_0_t1_v1
-1780435306,packed_mp_veh_mod_idx_9_v281
-1780424474,m_cl_l_fmm_9_10_t4_v0
-1780423057,packed_mp_veh_mod_idx_s_4_v178
-1780404951,packed_mp_veh_mod_idx_5_v243
-1780399990,vem_smod4_whlv117_t66_v0
-1780335294,packed_mp_veh_mod_idx_s_2_v28
-1780245630,f_ta_tat_h27_027_t0_v0
-1780171145,m_cl_clo_x6m_ph_0_1_t14_v1
-1780151911,f_cl_l_fmf_7_0_t4_v0
-1780096216,packed_mp_veh_mod_idx_s_2_v163
-1780024562,m_cl_clo_xmasm_f_0_0_t6_v1
-1779989893,m_cl_clo_stm_o_20_t11_v12_cesp
-1779890001,f_cl_clo_vwf_pw_0_3_t14_v1
-1779810229,vem_smod4_whlv196_t66_v1
-1779782273,vem_colour_1_mct_classic_dark_silver_t24_v0
-1779710995,packed_mp_veh_mod_idx_1_v356
-1779704002,f_ta_tat_fm_204_t0_v0
-1779669999,m_cl_clo_bus_m_2_0_t1_v1
-1779654132,m_cl_clo_x6m_f_10_23_t6_v1
-1779487670,packed_mp_veh_mod_var_0_v190
-1779354967,m_cl_g_fmm_5_6_t14_v0
-1779322025,f_cl_f_fmf_13_6_t6_v0
-1779224880,vem_bumper_f_12_t34_v6
-1779221689,f_cl_clo_x6f_f_4_22_t6_v1
-1779083373,packed_ng_vehicle_smoke_v245
-1779080492,f_ha_face_e_c_2_t4_v0
-1779044628,packed_mp_veh_mod_idx_22_v29
-1779001502,packed_mp_veh_window_tint_0_v383
-1778902443,vem_supermod_3_0_t44_v27
-1778819073,m_cl_clo_h2m_o_g_0_t3_v12
-1778781930,ve_gp1_t0_v3
-1778778339,vem_horn_luxe1_t10_v0
-1778607516,f_cl_clo_suf_decl_8_t100_v0
-1778545101,wp_wct_knuck_slg_t1_v62
-1778519476,vem_supermod_8_13_t49_v3
-1778516839,m_cl_clo_vwm_l_1_0_t4_v1
-1778348784,packed_mp_veh_secondary_colour_group_v13
-1778338607,wp_wct_c_tint_24_t2_v8_n2
-1778295344,packed_mp_veh_colour_extra2_0_v277
-1778270059,vem_colour_1_mct_metallic_sea_green_t24_v2
-1778253330,packed_mp_veh_mod_idx_5_v364
-1778224114,f_cl_clo_stf_h_109_t14_v1
-1778140323,m_cl_clo_exm_eu_1111_t11_v1
-1778125325,f_cl_outfit_clo_h3f_o_bs_6_t12_v0
-1778080549,f_cl_clo_sbf_ph_5_12_t14_v1
-1777998877,vem_exhaust_2_t6_v2
-1777853374,f_cl_clo_x4f_ph_5_0_t14_v1
-1777849348,packed_ng_vehicle_neon_kit_v99
-1777821828,f_cl_clo_bif_decl_17_t100_v0
-1777817182,vem_exhaust_10_t6_v1
-1777656789,packed_mp_veh_primary_colour_group_v121
-1777620154,vem_colour_2_mct_metallic_lava_red_t25_v1
-1777579356,vem_cmod_col5_29_t29_v4
-1777522347,f_cl_clo_indf_o_3_t3_v12
-1777479987,vem_spt_05_t19_v12
-1777415201,f_cl_outfit_clo_h3f_o_dh_16_t12_v0
-1777412716,packed_ng_vehicle_neon_v44
-1777362584,vem_colour_2_mct_classic_olive_green_t25_v1
-1777166633,f_cl_clo_ief_u_1_10_t11_v1
-1777139177,m_cl_clo_sum_u_6_1_t11_v1
-1777134131,packed_mp_veh_mod_idx_s_5_v54
-1777131164,packed_ng_vehicle_bpt_v198
-1776982614,packed_ng_vehicle_bpt_v234
-1776946520,m_cl_clo_h4m_b_2_17_t1_v1
-1776860905,packed_lr_vehicle_colour_5_v299
-1776810099,m_cl_f_fmm_11_9_t6_v0
-1776785736,packed_ng_vehicle_bpt_v242
-1776774830,vem_supermod_13_3_t54_v27
-1776764612,f_cl_clo_awf_b_4_2_t1_v1
-1776705280,vem_colour_2_mct_metals_gold_s_t25_v1
-1776670959,vem_colour_extra_1_mct_metallic_dark_silver_t24_v2
-1776625869,packed_ng_vehicle_neon_v153
-1776585957,wp_wm_tint2_t2_v74
-1776578625,f_cl_clo_ief_u_1_11_t11_v1
-1776504911,vem_bumper_f_0_t34_v34
-1776354558,m_cl_clo_indm_d_26_t8_v2
-1776336976,m_cl_clo_s1m_dec_20_t11_v1
-1776154716,mp_stat_mpsv_model_185
-1776143699,vem_colour_2_mct_metallic_cast_iron_sil_t25_v4
-1776128828,packed_mp_veh_mod_idx_22_v138
-1776087182,packed_mp_veh_mod_idx_6_v65
-1776069600,wp_gsa_type_r_t0_v88
-1776058277,f_cl_clo_fxf_u_2_5_t11_v1
-1776052813,vem_colour_2_mct_classic_moss_brown_t25_v4
-1775958051,packed_lr_vehicle_colour_6_v32
-1775931015,packed_mp_veh_mod_idx_8_v103
-1775880885,packed_mp_veh_mod_idx_s_2_v322
-1775846144,packed_mp_veh_mod_idx_s_2_v358
-1775804660,m_cl_m_fmm_5_3_t1_v0
-1775766785,vem_colour_extra_1_mct_classic_midnight_silver_t24_v0
-1775749367,f_cl_clo_bif_ph_6_7_t14_v1
-1775737214,f_cl_clo_smf_b_9_14_t1_v1
-1775716197,vem_colour_extra_1_mct_pearlescent_lava_red_t24_v3
-1775699620,m_cl_clo_trm_f_1_6_t6_v1
-1775698301,packed_mp_veh_colour_extra1_0_v230
-1775680229,vem_smod4_whlv18_t66_v2
-1775643986,packed_mp_veh_mod_idx_s_19_v176
-1775604823,m_cl_u_fmm_12_2_t11_v0
-1775601282,f_cl_clo_suf_u_20_6_t11_v1
-1775563091,wp_wct_tint_25_t2_v47_n2
-1775554852,f_ha_cc_lipstick_8_t8_v1
-1775501467,f_cl_clo_grf_ph_3_5_t14_v1
-1775325936,m_cl_clo_trm_u_15_20_t11_v1
-1775265346,packed_mp_veh_mod_idx_0_v235
-1775228384,vem_insurance_yosemite3
-1775191254,m_cl_clo_hp_d_21_t11_v1
-1775145428,m_cl_clo_x6m_u_26_15_t11_v1
-1775046638,vem_rwd_drft_16_t19_v0
-1775037210,vem_cmod_tyr_10_t18_v1
-1775023747,m_cl_clo_x6m_ph_8_2_t14_v1
-1774994133,f_cl_clo_exf_al_2_1_t4_v1
-1774786379,packed_mp_veh_mod_var_0_v162
-1774764809,vem_chassis_20_t4_v39
-1774740236,packed_lr_vehicle_colour_5_v16
-1774735323,vem_colour_extra_1_mct_classic_sunrise_orange_t24_v33
-1774687420,m_cl_clo_bim_s_10_19_t8_v1
-1774686073,f_ha_cc_mkup_27_t5_v0
-1774617047,m_cl_clo_h4m_s_1_13_t8_v1
-1774582752,f_cl_clo_x2f_u_1_2_t11_v1
-1774514634,vem_colour_5_sunset_red_t38_v0
-1774496433,f_cl_clo_exf_decl_12_t100_v0
-1774442570,m_cl_clo_bbm_l_0_5_t4_v1
-1774378031,f_cl_g_fmf_2_3_t14_v0
-1774315835,f_cl_clo_bif_s_17_19_t8_v1
-1774292857,ve_trophy2_t0_v3
-1774288860,packed_mp_veh_mod_idx_10_v363
-1774246882,vem_cmod_neoncol_7_t21_v5
-1773979314,packed_mp_veh_colour_extra1_0_v311
-1773896565,vem_spoiler_9_t14_v38
-1773855715,packed_mp_veh_mod_idx_9_v41
-1773766286,f_cl_clo_smf_ph_1_3_t14_v1
-1773727052,vem_smod5_whlv197_t66_v3
-1773612002,wp_wct_clip1_t1_v87
-1773599096,f_cl_clo_grf_f_1_7_t6_v1
-1773455041,packed_mp_veh_mod_idx_1_v21
-1773439827,vem_smod4_whlv14_t66_v0
-1773412643,vem_supermod_13_12_t54_v28
-1773391117,m_cl_clo_h2m_b_1117_t1_v1
-1773267066,packed_mp_veh_mod_idx_18_v127
-1773216824,f_cl_clo_smf_ph_6_2_t14_v1
-1773214502,vem_supermod_10_0_t51_v3
-1773051611,vem_musc_20_t19_v12
-1772932002,packed_ng_vehicle_bpt_v368
-1772873497,packed_mp_veh_mod_idx_15_v279
-1772841105,vem_horn_hips2_t10_v30
-1772797487,vem_colour_extra_1_mct_pearlescent_nautical_blue_t24_v1
-1772793317,packed_mp_veh_mod_idx_4_v1
-1772672266,vem_rwd_spt_20_t19_v3
-1772664878,f_cl_outfit_clo_bif_o_16_t12_v0
-1772658144,packed_mp_veh_mod_idx_14_v390
-1772629952,m_cl_clo_x6m_b_2_24_t1_v1
-1772574735,packed_mp_veh_mod_idx_s_21_v68
-1772532051,f_cl_clo_hstf_u_16_2_t11_v1
-1772512477,packed_mp_veh_mod_var_1_v229
-1772338546,f_ta_tat_sm_022_t0_v0
-1772141361,packed_mp_veh_mod_idx_15_v166
-1772095274,packed_mp_veh_mod_idx_s_9_v35
-1771992311,packed_mp_veh_mod_idx_18_v116
-1771991681,f_cl_outfit_clo_awf_o_b_8_t12_v0
-1771980329,vem_colour_extra_1_mct_pearlescent_cabernet_red_t24_v4
-1771948847,m_cl_clo_s2m_d_19_t100_v0
-1771918822,packed_mp_veh_mod_idx_s_15_v230
-1771710873,f_cl_clo_fxf_u_7_21_t11_v1
-1771649160,vem_colour_extra_1_mct_classic_lava_red_t24_v4
-1771570006,m_cl_u_fmm_0_8_t8_v0
-1771561893,m_cl_clo_stm_ht1521_t14_v1
-1771535540,vem_bumper_r_11_t35_v34
-1771527244,f_cl_clo_s1f_ph_0_15_t14_v1
-1771512841,packed_mp_veh_mod_idx_23_v139
-1771459845,packed_mp_veh_wheel_type_0_v216
-1771340446,vem_supermod_0_14_t41_v28
-1771187202,packed_ng_vehicle_neon_v68
-1771178117,packed_mp_veh_mod_idx_2_v6
-1771176391,m_cl_clo_iem_u_5_7_t11_v1
-1771151720,f_cl_clo_ief_u_7_8_t11_v1
-1771134717,packed_mp_veh_mod_idx_s_11_v290
-1770970110,ve_dune4_t0_v3
-1770951318,m_cl_clo_bhm_u_10_5_t11_v1
-1770926317,packed_mp_veh_mod_idx_10_v323
-1770845434,m_cl_clo_bbm_w_1_0_t14_v1
-1770841509,m_ta_tat_fx_009_t0_v0
-1770780270,m_cl_rew_lsb_t8_v1
-1770739188,f_cl_outfit_clo_hstf_o_a_0_t12_v0
-1770678444,ve_frogger_t1_v0
-1770560212,m_cl_outfit_clo_arm_o_22_t12_v0
-1770493670,vem_bumper_f_13_t34_v3
-1770413175,vem_colour_1_mct_classic_nautical_blue_t24_v4
-1770340035,vem_colour_5_dark_green_t38_v0
-1770289797,arc_mac_n_drive_t_t0_v0
-1770283550,vem_smod4_whlv123_t66_v3
-1770139613,ve_habanero_t0_v0
-1769999834,f_cl_clo_smf_ph_0_17_t14_v1
-1769934186,m_ha_cc_mkup_46_t5_v0
-1769929315,packed_mp_veh_mod_idx_s_14_v225
-1769777898,vem_colour_extra_1_mct_classic_might_purple_t24_v3
-1769728569,f_cl_clo_bhf_u_11_3_t11_v1
-1769720681,vem_colour_mct_none_80
-1769674792,m_cl_clo_trm_u_13_1_t11_v1
-1769549624,packed_mp_veh_mod_idx_11_v384
-1769535847,vem_colour_2_mct_metallic_torino_red_t25_v33
-1769489367,m_cl_clo_v2m_l_0_8_t4_v1
-1769307150,m_cl_clo_x6m_u_20_20_t11_v1
-1769256001,vem_supermod_18_2_t59_v26
-1769134744,vem_supermod_6_13_t47_v3
-1769087888,packed_mp_veh_mod_idx_1_v152
-1769071640,f_cl_clo_fxf_ph_2_25_t14_v1
-1769056174,f_cl_clo_bif_u_10_0_t11_v1
-1769051923,m_cl_clo_awm_u_9_10_t11_v1
-1769030304,f_cl_clo_ief_l_4_7_t4_v1_cesp
-1768903008,m_cl_clo_v2m_h_0_6_t14_v1
-1768847417,packed_mp_veh_mod_idx_4_v309
-1768827681,mp_stat_arcade_mac_1
-1768815513,m_cl_clo_fxm_ph_4_18_t14_v1
-1768783173,packed_mp_veh_mod_idx_s_1_v219
-1768731412,f_cl_clo_h3f_o_bs_2_t4_v12
-1768687698,f_cl_clo_lxf_dec_22_t11_v1
-1768630149,packed_mp_veh_mod_idx_14_v316
-1768598621,vem_colour_extra_1_mct_metallic_olive_green_t24_v2
-1768445367,vem_colour_extra_1_mct_metallic_purple_t24_v3
-1768434039,packed_mp_veh_mod_var_0_v370
-1768318813,vem_colour_1_mct_classic_midnight_blue_t24_v3
-1768226254,packed_mp_veh_mod_idx_s_7_v53
-1768101650,f_cl_outfit_clo_h3f_o_dh_12_t12_v0
-1768038664,f_cl_clo_h2f_b_5_1_t1_v1
-1767981499,packed_mp_veh_mod_idx_16_v147
-1767970039,f_cl_clo_sbf_u_0_25_t11_v1
-1767962897,m_cl_u_fmm_0_7_t8_v0
-1767956597,f_cl_clo_bhf_b_0_15_t1_v1
-1767955991,packed_lr_vehicle_colour_6_v319
-1767950466,m_cl_clo_h4m_ph_1_1_t14_v1
-1767915862,vem_bumper_f_2_t34_v2
-1767883098,vem_horn_luxe3_t10_v5
-1767860158,f_cl_outfit_clo_hstf_o_m_3_t12_v0
-1767852254,packed_mp_veh_mod_idx_s_7_v273
-1767845287,packed_mp_veh_mod_idx_s_9_v114
-1767819183,packed_mp_veh_mod_idx_s_16_v82
-1767721779,packed_mp_veh_mod_idx_24_v101
-1767584590,packed_lr_vehicle_colour_5_v248
-1767582876,ve_annihl_t0_v0
-1767561179,m_cl_clo_h4m_decl_27_t11_v1
-1767557882,vem_skirt_14_t13_v1
-1767481769,packed_mp_veh_plate_id_v265
-1767390868,packed_mp_veh_colour_extra1_0_v386
-1767366677,f_cl_clo_bhf_u_16_7_t11_v1
-1767346927,m_cl_clo_h4m_b_2_4_t1_v1
-1767303932,packed_mp_veh_mod_idx_s_15_v314
-1767245167,vem_cmod_tyr_10_t18_v39
-1767173961,vem_colour_extra_1_mct_metallic_sea_green_t24_v33
-1767171111,mp_stat_ie_wh_owned_vehicle_36_v0
-1767129750,f_cl_clo_val_decl_r_t100_v0
-1767090946,packed_mp_veh_mod_idx_s_11_v203
-1767021005,wp_wct_c_tint_7_t2_v21_n2
-1766952482,pr_pm_modshop_2_t87_v0
-1766824344,vem_supermod_7_1_t48_v26
-1766759573,vem_rwd_loride_09_t19_v0
-1766603548,mp_stat_factoryupgrades0_2_v0
-1766582225,packed_mp_veh_mod_idx_2_v91
-1766575313,packed_mp_veh_colour_extra2_0_v80
-1766544183,packed_mp_veh_mod_idx_s_8_v313
-1766507138,packed_mp_veh_mod_idx_22_v353
-1766423295,packed_mp_veh_mod_idx_s_23_v329
-1766422370,vem_armour_1_t1_v3
-1766417603,packed_mp_veh_mod_idx_s_23_v365
-1766370647,m_cl_clo_x6m_ph_1_23_t14_v1
-1766359641,packed_mp_veh_mod_idx_12_v67
-1766270952,vem_hiend_07_t19_v3
-1766251424,packed_mp_veh_mod_idx_s_10_v270
-1766182317,f_cl_clo_busf_w0_0_t14_v1
-1766122794,vem_cmod_win_0_t33_v2
-1766071292,packed_mp_veh_mod_idx_s_18_v223
-1766063226,packed_mp_veh_mod_idx_12_v106
-1766041470,f_ta_tat_x2_020_t0_v0
-1766039156,m_cl_clo_s2m_d_4_t100_v0
-1766012317,packed_mp_veh_mod_idx_1_v390
-1765965083,vem_trans_0_t16_v5
-1765885056,f_cl_clo_valf_u_1_3_t11_v1
-1765872353,f_cl_clo_stf_u_9_1_t11_v1
-1765829235,packed_mp_veh_mod_idx_2_v259
-1765802892,f_cl_clo_exf_eu_0_0_t11_v1
-1765766032,packed_mp_veh_mod_idx_12_v215
-1765717795,vem_brake_2_t2_v38
-1765700516,f_cl_clo_awf_b_2_6_t1_v1
-1765700458,vem_supermod_17_6_t58_v3
-1765664163,vem_smod4_whlv115_t66_v3
-1765657910,packed_mp_veh_mod_idx_0_v385
-1765558941,packed_mp_veh_mod_idx_s_16_v259
-1765530667,f_cl_clo_awf_f_0_4_t6_v1
-1765529097,f_cl_clo_grf_decl_11_t11_v1
-1765488155,vem_supermod_8_5_t49_v10
-1765470364,packed_mp_veh_mod_idx_14_v402
-1765458865,vem_supermod_45_4_t45_v7
-1765434308,f_ta_tat_h3_031_t0_v0
-1765378505,packed_mp_veh_colour_extra1_0_v60
-1765269472,f_cl_clo_smf_ph_0_1_t14_v1
-1765243691,vem_smod3_whlv44_t66_v3
-1765172595,f_cl_clo_grf_u_15_19_t11_v1
-1765165036,f_cl_clo_hstf_b_12_2_t1_v1
-1765107260,packed_mp_veh_mod_idx_15_v272
-1765077316,packed_ng_vehicle_bpt_v172
-1765023378,vem_colour_1_mct_metallic_red_t24_v4
-1764949940,f_cl_clo_awf_decl_39_t100_v0
-1764891241,vem_horn_indi_3_t10_v26
-1764822601,m_cl_outfit_clo_h3m_o_dl_15_t12_v0
-1764809395,packed_mp_veh_mod_idx_s_15_v93
-1764789623,wp_wm_tint4_t3_v23
-1764743757,ve_dodo_t1_v0
-1764720823,candc_hacker_dec_21_t0_v0
-1764617412,f_cl_clo_awf_f_7_5_t6_v1
-1764611843,vem_horn_cnote_d0_t10_v34
-1764599770,vem_smod2_whlv125_t66_v3
-1764480481,packed_mp_veh_colour1_0_v134
-1764429361,f_cl_clo_h3f_u_14_0_t11_v1
-1764321631,vem_colour_1_mct_classic_beechwood_brown_t24_v33
-1764305925,hangar_mod_floor_decal_1_t0_v0
-1764262474,packed_mp_veh_mod_idx_10_v391
-1764261879,vem_spoiler_3_t14_v7
-1763947880,vem_rwd_hiend_19_t19_v3
-1763889800,packed_mp_veh_mod_idx_s_5_v271
-1763864058,vem_cmod_neonlay_7_t21_v10
-1763862919,vem_colour_1_mct_metallic_dark_blue_t24_v1
-1763829560,m_cl_clo_fxm_ph_1_11_t14_v1
-1763777238,vem_smod4_whlv9_t66_v2
-1763748613,packed_mp_veh_plate_id_v148
-1763729024,packed_lr_vehicle_colour_5_v65
-1763643903,m_cl_clo_h4m_u_3_17_t11_v1
-1763601811,vem_hlight_1_t11_v34
-1763571704,f_cl_clo_lxf_u_6_11_t8_v2
-1763456198,m_cl_clo_awm_ph_2_12_t14_v1
-1763412249,m_ta_tat_h3_014_t0_v0
-1763386870,packed_mp_veh_mod_idx_s_3_v369
-1763344655,f_cl_clo_awf_decl_124_t100_v0
-1763290728,f_cl_ht_fmf_0_1_t14_v0
-1763278880,f_cl_l_fmf_1_5_t4_v0
-1763274142,packed_mp_veh_window_tint_0_v365
-1763231224,vem_supermod_47_7_t47_v7
-1763190158,packed_ng_vehicle_neon_v33
-1763156943,packed_mp_veh_mod_idx_s_3_v303
-1763137977,f_cl_clo_vwf_ph_1_17_t14_v1
-1763083076,m_cl_outfit_clo_exm_oa_0_t12_v0
-1762943389,m_cl_clo_hstmb_14_22_t1_v1
-1762919535,f_cl_clo_bif_u_25_1_t11_v1
-1762897715,packed_mp_veh_colour2_0_v197
-1762601211,packed_mp_veh_mod_idx_12_v174
-1762579806,vem_colour_extra_1_mct_metallic_sunrise_orange_t24_v33
-1762499488,packed_mp_veh_mod_idx_s_22_v240
-1762480551,m_cl_clo_h3m_u_2_1_t11_v2
-1762459916,vem_supermod_15_0_n1_t56_v3
-1762441247,packed_mp_veh_primary_colour_group_v38
-1762387585,vem_supermod_8_8_t49_v3
-1762378060,packed_mp_veh_mod_idx_s_9_v179
-1762294332,m_cl_clo_sum_decl_21_t11_v1
-1762208988,f_cl_clo_x6f_u_1_13_t11_v1
-1762204940,packed_mp_veh_mod_idx_s_9_v302
-1762202568,vem_exhaust_1_t6_v7
-1762200868,m_ha_cc_m_hs_18_t0_v2
-1762019503,m_cl_clo_smm_u_3_1_t11_v1
-1761974460,f_cl_clo_awf_o_b_13_t8_v12
-1761921930,vem_smod5_whlv188_t66_v3
-1761919878,packed_mp_veh_mod_idx_s_6_v290
-1761913759,m_ha_face_e_c_31_t4_v0
-1761843313,f_cl_clo_h4f_o_s2_f2_t3_v12
-1761779031,packed_mp_veh_mod_idx_0_v339
-1761761904,m_cl_clo_l2m_t_13_2_t7_v1
-1761719406,vem_smod5_whlv14_t66_v0
-1761599931,packed_mp_veh_wheel_type_0_v393
-1761567488,packed_mp_veh_plate_id_v224
-1761557147,vem_colour_extra_1_mct_metallic_umber_brown_t24_v1
-1761527888,wp_ps_bag_36_t1_v33
-1761469823,pr_pm_bfont_12_t1_v0
-1761436967,vem_smod4_whlv137_t66_v1
-1761369400,packed_mp_veh_primary_colour_group_v113
-1761338155,m_cl_clo_arm_o_16_t7_v12
-1761190043,m_cl_clo_bim_decl_28_t11_v1
-1761165008,f_cl_clo_v2f_u_0_8_t11_v1
-1761089063,packed_mp_veh_mod_idx_15_v324
-1761069649,packed_mp_veh_mod_idx_9_v401
-1761050157,vem_bikew_31_t19_v4
-1761016832,vem_smod4_whlv149_t66_v1
-1760999140,packed_mp_veh_mod_idx_s_3_v111
-1760985719,packed_mp_veh_colour1_0_v13
-1760823723,m_cl_clo_x6m_f_10_4_t6_v1
-1760818633,vem_supermod_58_1_t58_v7
-1760694404,f_cl_clo_hp_f_g_1_6_t14_v1
-1760537727,packed_lr_vehicle_colour_5_v235
-1760440942,f_cl_clo_x2f_u_1_1_t11_v1
-1760319253,packed_mp_veh_wheel_type_0_v255
-1760226877,m_cl_clo_h3m_b_9_13_t1_v1
-1760226616,f_cl_clo_h2f_b_5_3_t1_v1
-1760156627,m_cl_clo_l2m_e_23_1_t14_v1
-1760155233,f_ha_clo_bif_h_6_0_t0_v2
-1760126267,m_ha_cc_m_hs_3_t0_v2
-1760105361,vem_colour_2_mct_classic_nautical_blue_t25_v1
-1759927117,packed_mp_veh_mod_idx_s_1_v128
-1759803629,f_ha_clo_bif_h_2_0_t0_v0
-1759791478,m_cl_clo_l2m_u_6_15_t11_v1
-1759715341,m_cl_clo_scm_u_0_3_t11_v1
-1759618834,f_cl_clo_h3f_ph_10_7_t14_v1
-1759603056,m_cl_clo_vwm_u_10_8_t11_v1
-1759586945,vem_hiend_20_t19_v12
-1759567771,packed_mp_veh_plate_id_v236
-1759479017,m_cl_clo_s1m_dec_5_t11_v1
-1759472897,f_cl_clo_vwf_u_8_4_t11_v1
-1759396547,packed_mp_veh_mod_idx_23_v107
-1759353438,ve_tornado4_t0_v0
-1759180084,vem_supermod_4_0_t45_v26
-1759177739,packed_mp_veh_mod_idx_2_v34
-1759076483,vem_spt_10_t19_v3
-1758980404,vem_cmod_tyr_10_t18_v7
-1758957692,vem_horn_cnote_b0_t10_v3
-1758943699,vem_smod4_whlv20_t66_v2
-1758802737,packed_mp_veh_mod_var_0_v358
-1758746414,f_cl_clo_hstf_b_15_1_t1_v1
-1758687063,packed_mp_veh_mod_idx_s_23_v20
-1758622604,f_cl_clo_bhf_u_4_4_t11_v1
-1758573257,packed_mp_veh_mod_idx_7_v9
-1758507728,vem_supermod_9_15_t50_v10
-1758443406,vem_colour_extra_1_mct_matte_white_t24_v33
-1758364052,vem_insurance_rocoto
-1758345505,packed_mp_veh_mod_idx_s_6_v200
-1758155434,vem_colour_2_mct_classic_silver_t25_v0
-1758118667,f_cl_clo_h4f_ph_2_6_t14_v1
-1758026504,m_cl_clo_vwm_u_19_1_t11_v1
-1757883210,vem_supermod_12_0_t53_v34
-1757874061,vem_colour_2_mct_metallic_harbor_blue_t25_v3
-1757847317,packed_mp_veh_wheel_type_0_v153
-1757735578,vem_colour_extra_1_mct_classic_black_steel_t24_v1
-1757697861,packed_mp_veh_mod_idx_s_1_v90
-1757483402,f_cl_clo_grf_ph_2_5_t14_v1
-1757428256,vem_colour_2_mct_classic_blaze_red_t25_v1
-1757374761,m_cl_clo_bhm_f_1_25_t6_v1
-1757358784,f_ta_tat_hp_048_t0_v0
-1757354163,f_cl_clo_suf_u_17_14_t11_v1
-1757323951,packed_mp_veh_mod_idx_s_19_v40
-1757249106,vem_fender_r_5_t37_v2
-1756998389,packed_mp_veh_secondary_colour_group_v141
-1756913097,f_cl_clo_x6f_ph_5_1_t14_v1
-1756838353,packed_mp_veh_mod_idx_s_22_v402
-1756785006,packed_mp_veh_mod_idx_12_v295
-1756741414,vem_colour_2_mct_matte_matte_for_t25_v3
-1756614695,f_cl_clo_ief_u_4_3_t11_v1
-1756564382,vem_cmod_hrn_trk_t10_v32
-1756518326,vem_insurance_wolfsbane
-1756508654,m_cl_u_fmm_9_3_t11_v0
-1756500863,f_cl_clo_x6f_u_26_20_t11_v1
-1756457764,pr_pm_bfcolour_1_t1_v0
-1756392457,m_ha_hair_beard8_t1_v0
-1756387096,m_cl_clo_iem_u_3_6_t11_v1
-1756387077,f_cl_clo_grf_b_3_11_t1_v1
-1756350195,m_cl_clo_awm_decl_48_t100_v0
-1756343996,packed_mp_veh_mod_idx_s_17_v211
-1756301544,packed_mp_veh_mod_idx_s_4_v231
-1755992723,vem_smod4_whlv30_t66_v3
-1755786886,m_cl_clo_vwm_ph_0_19_t14_v1
-1755695043,packed_mp_veh_mod_idx_s_12_v33
-1755651971,f_cl_clo_sbf_b_10_3_t1_v1
-1755603199,vem_colour_extra_1_mct_metallic_dark_blue_t24_v1
-1755506443,vem_fender_r_6_t37_v1
-1755480109,vem_colour_2_mct_classic_formula_red_t25_v2
-1755346014,m_cl_clo_x6m_ph_1022_t14_v1
-1755330188,vem_grill_7_t8_v4
-1755294328,vem_colour_2_mct_metallic_saxon_blue_t25_v2
-1755200182,f_cl_clo_vef_dec_48_t100_v0
-1755195413,packed_mp_veh_mod_idx_14_v145
-1755187716,packed_mp_veh_colour_extra2_0_v409
-1755136083,f_cl_clo_h4f_decl_41_t100_v0
-1754951911,packed_mp_veh_livery_0_v361
-1754919245,vem_horn_cnote_d0_t10_v6
-1754908213,vem_colour_extra_1_mct_metallic_shadow_silver_t24_v0
-1754830660,vem_supermod_3_24_t44_v6
-1754794328,packed_mp_veh_mod_idx_s_0_v224
-1754727800,f_cl_clo_v2f_f_1_2_t6_v1
-1754727373,packed_mp_veh_colour_extra1_0_v272
-1754717432,f_cl_clo_bhf_u_17_14_t11_v1
-1754702956,ts_veh_1_t0_v1_sell
-1754486123,f_cl_clo_sbf_f_5_8_t6_v1
-1754453981,f_cl_clo_trf_ph_1_7_t14_v1
-1754445599,f_cl_clo_h4f_prw_011_t14_v1
-1754417694,m_cl_clo_grm_b_4_12_t1_v1
-1754377850,m_ta_tat_vw_015_t0_v0
-1754357177,m_cl_clo_bhm_decl_45_t11_v1
-1754203144,vem_cmod_hrn_mus1_t10_v34
-1754192002,packed_mp_veh_mod_idx_s_21_v89
-1754145436,packed_mp_veh_mod_idx_23_v377
-1754136906,f_cl_clo_scf_b_4_2_t1_v1
-1754128769,vem_supermod_9_7_t50_v3
-1754110138,ve_deathbike_t0_v38
-1754031249,vem_trans_3_t16_v7
-1754012195,f_cl_g_fmf_9_6_t14_v0
-1753996988,packed_mp_veh_mod_idx_s_14_v282
-1753988147,packed_mp_veh_mod_idx_23_v341
-1753953494,vem_horn_lowrder2_t10_v4
-1753937157,packed_mp_veh_mod_idx_24_v297
-1753838829,f_cl_outfit_clo_grf_o_3_t12_v0
-1753757908,mp_stat_fixer_hq_personal_quarters_v0
-1753757238,packed_mp_veh_mod_idx_4_v286
-1753732853,vem_truck_slot_6_mod_3_t0_v0
-1753698953,mba_floor1_1_t0_v1
-1753657066,f_cl_clo_sbf_u_8_0_t11_v1
-1753558254,mp_stat_ie_wh_owned_vehicle_13_v0
-1753311324,packed_mp_veh_window_tint_0_v185
-1753291758,packed_mp_veh_mod_idx_18_v375
-1753228173,packed_ng_vehicle_bpt_v288
-1753087687,packed_mp_veh_colour_extra1_0_v235
-1753001766,f_cl_clo_fxf_ph_4_10_t14_v1
-1752988543,packed_mp_veh_mod_idx_10_v183
-1752840593,m_cl_clo_trm_u_12_2_t11_v1
-1752816670,ve_cog552_t0_v0
-1752793830,f_cl_clo_ief_u_5_20_t11_v1
-1752711395,vem_rwd_hiend_09_t19_v2
-1752632993,f_cl_clo_sbf_u_0_13_t11_v1
-1752625445,f_ta_tat_bi_008_t0_v0_cesp
-1752624008,wp_wct_clip_ap_t0_v56_n2
-1752488069,service_spend_pay_goon
-1752403594,packed_mp_veh_mod_idx_s_13_v0
-1752399184,vem_rwd_offr_01_t19_v3
-1752320270,vem_horn_clas3_t10_v4
-1752229501,m_ha_hair_beard2_t1_v1
-1752166906,packed_mp_veh_mod_idx_8_v41
-1752137206,f_cl_clo_x6f_o_o_4_t3_v12
-1751909782,m_cl_clo_grm_b_3_16_t1_v1
-1751861966,packed_mp_veh_mod_idx_s_13_v102
-1751799879,packed_mp_veh_mod_idx_24_v327
-1751714716,packed_mp_veh_mod_idx_8_v106
-1751624907,ve_technical2_t1_v3
-1751617765,m_cl_clo_x6m_f_4_7_t6_v1
-1751599776,packed_mp_veh_mod_idx_14_v267
-1751572246,packed_mp_veh_mod_idx_7_v77
-1751557223,vem_smod4_whlv140_t66_v0
-1751554788,m_cl_m_fmm_6_1_t1_v0
-1751551967,packed_mp_veh_mod_idx_s_4_v243
-1751540392,packed_mp_veh_secondary_colour_group_v335
-1751513093,vem_colour_1_mct_metallic_diamond_blue_t24_v33
-1751444785,vem_suspension_1_t15_v27
-1751442233,vem_smod_whlv24_t66_v3
-1751400088,m_cl_clo_h2m_b_11_6_t1_v1
-1751271759,m_cl_clo_iem_u_17_23_t11_v1
-1751098521,packed_mp_veh_mod_idx_3_v313
-1751044398,vem_horn_clas3_t10_v26
-1751041331,f_cl_clo_smf_b_1_18_t1_v1
-1751012878,packed_mp_veh_mod_idx_s_6_v302
-1750993270,vem_cmod_hrn_trk_t10_v4
-1750945768,f_cl_clo_fxf_pe_1_8_t14_v1
-1750941724,f_cl_clo_sbf_u_17_21_t11_v1
-1750919775,packed_mp_veh_mod_idx_s_13_v376
-1750884186,m_cl_clo_hp_u_1_0_t8_v2
-1750862566,m_cl_clo_h2m_u_3_22_t11_v1
-1750856519,pr_pm_off_gar_3_t0_v0
-1750826342,m_cl_clo_ltsmb_0_3_t1_v1
-1750671452,m_cl_clo_grm_u_4_2_t11_v1
-1750532761,f_cl_clo_vwf_u_2_2_t11_v1
-1750524630,m_cl_clo_bim_u_10_15_t11_v1
-1750482745,m_cl_u_fmm_14_1_t8_v1
-1750468211,kosatk_fla_16_t0_v1
-1750256662,f_cl_clo_hp_f_f_1_8_t6_v1
-1750145720,packed_mp_veh_mod_idx_6_v109
-1750097777,vem_spt_10_t19_v0
-1749978552,wp_wct_clip1_t1_v55
-1749758688,f_cl_clo_vef_dec_43_t11_v1
-1749756396,packed_mp_veh_mod_idx_s_0_v183
-1749716055,f_cl_clo_bhf_u_14_14_t11_v1
-1749691247,packed_ng_vehicle_insurance_v309
-1749674611,vem_spoiler_7_t14_v0
-1749642829,packed_ng_vehicle_bpt_v141
-1749522027,packed_mp_veh_mod_idx_22_v310
-1749503963,vem_horn_clas4_t10_v10
-1749482332,packed_ng_vehicle_neon_v237
-1749335632,f_cl_clo_hstf_o_13_t8_v12
-1749325885,packed_mp_veh_mod_idx_s_21_v14
-1749297780,vem_colour_extra_1_mct_classic_diamond_blue_t24_v1
-1749144181,f_cl_clo_x6f_ey_3_0_t14_v1
-1749099854,packed_mp_veh_mod_idx_1_v243
-1749048999,packed_mp_veh_mod_idx_13_v14
-1748966912,packed_mp_veh_mod_idx_0_v313
-1748741681,m_cl_clo_halm_d_9_t100_v0
-1748668446,f_cl_clo_h2f_u_6_17_t11_v1
-1748648541,m_cl_clo_vwm_t_0_0_t7_v1
-1748452443,f_cl_clo_vwf_decl_35_t100_v0
-1748430024,packed_mp_veh_livery_0_v376
-1748374833,m_cl_u_fmm_1_8_t11_v0
-1748362137,packed_mp_veh_mod_idx_s_21_v227
-1748340656,m_cl_clo_bim_decl_43_t11_v1
-1748245384,f_cl_clo_val_decl_k_t8_v1
-1748232413,vem_insurance_comet6
-1748195629,f_cl_clo_x17f_u_4_4_t11_v1
-1748147870,m_ha_cc_m_hs_15_t0_v0
-1748055442,m_ha_cc_m_hs_10_t0_v2
-1748009833,m_cl_clo_trm_ph_2_6_t14_v1
-1747962608,vem_supermod_23_2_t64_v6
-1747854444,packed_mp_veh_colour2_0_v113
-1747732266,packed_mp_veh_colour_extra2_0_v77
-1747683374,m_cl_clo_smm_b_9_23_t1_v1
-1747558081,packed_mp_veh_colour_extra1_0_v22
-1747539781,vem_roof_5_t12_v2
-1747535482,packed_mp_veh_mod_idx_s_12_v228
-1747445600,f_cl_clo_fxf_u_6_23_t11_v1
-1747417396,f_cl_clo_smf_ph_4_19_t14_v1
-1747302435,m_cl_clo_sbm_l_0_11_t4_v1
-1747245837,vem_supermod_15_5_t56_v26
-1747217658,pr_pm_person_0_t1_v0
-1747153571,f_cl_clo_x6f_u_3_3_t11_v1
-1747149284,m_cl_clo_sum_u_3_4_t11_v1
-1747134563,m_cl_clo_awm_o_h_8_t3_v12
-1747099735,packed_mp_veh_plate_id_v257
-1746996540,packed_mp_veh_plate_id_v398
-1746988395,vem_supermod_56_17_t56_v7
-1746859857,f_cl_clo_awf_decl_69_t100_v0
-1746793581,vem_cmod_pla_2_t23_v33
-1746741454,f_cl_clo_fxf_l_1_19_t4_v1
-1746708576,packed_mp_veh_mod_idx_23_v166
-1746640342,m_cl_clo_h3m_s_1_1_t8_v1
-1746542522,packed_mp_veh_colour1_0_v279
-1746530620,vem_insurance_felon2
-1746530049,m_cl_clo_sbm_u_12_18_t11_v1
-1746503730,packed_ng_vehicle_smoke_v217
-1746495310,packed_mp_veh_mod_idx_s_5_v300
-1746471818,f_cl_clo_x3f_u_1_15_t11_v1
-1746463532,packed_ng_vehicle_neon_v257
-1746314253,packed_mp_veh_mod_idx_s_0_v328
-1746299370,packed_mp_veh_mod_idx_s_12_v363
-1746297639,packed_mp_veh_mod_idx_5_v396
-1746212460,packed_mp_veh_plate_id_v314
-1746209346,packed_mp_veh_mod_idx_s_10_v308
-1746201311,m_cl_clo_h2m_u_7_5_t11_v1
-1746169073,f_cl_clo_bif_decl_52_t100_v0
-1746118753,vem_bumper_r_10_t35_v38
-1745917258,m_cl_clo_x6m_t_10_1_t7_v1
-1745867235,packed_mp_veh_mod_idx_s_15_v206
-1745850755,f_cl_clo_vwf_pey_110_t14_v1
-1745833138,m_cl_clo_grm_ph_2_19_t14_v1
-1745795572,m_cl_clo_h3m_ph_10_6_t14_v1
-1745603429,f_cl_clo_x6f_f_12_13_t6_v1
-1745600580,m_cl_clo_hst_a_5_t8_v1
-1745546219,packed_mp_veh_mod_idx_s_13_v395
-1745498652,f_cl_clo_grf_u_4_10_t11_v1
-1745487860,m_cl_clo_x6m_l_6_15_t4_v1
-1745346842,f_cl_clo_fxf_ph_2_21_t14_v1
-1745310140,packed_mp_veh_mod_idx_9_v218
-1745260113,packed_mp_veh_colour_extra2_0_v198
-1745095090,packed_mp_veh_mod_idx_24_v83
-1744996908,f_cl_clo_vwf_d_1_2_t10_v1
-1744989623,vem_insurance_tyrant
-1744920134,packed_ng_vehicle_neon_v395
-1744885947,m_cl_ht_fmm_7_5_t14_v0
-1744833443,vem_livery_1_t26_v4
-1744801938,vem_skirt_4_t13_v7
-1744776298,m_cl_clo_h2m_s_9_6_t8_v1
-1744773284,f_ta_tat_x6_023_t0_v0
-1744722716,vem_supermod_47_18_t47_v7
-1744693441,f_cl_clo_ief_l_0_6_t4_v1_cesp
-1744669141,m_cl_clo_scm_l_10_7_t4_v1
-1744647796,vem_colour_2_mct_metallic_rolled_steel_t25_v1
-1744623334,vem_colour_extra_1_mct_pearlescent_saddle_brown_t24_v4
-1744620641,packed_mp_veh_mod_idx_s_5_v380
-1744601062,vem_spt_09_t19_v0
-1744591494,packed_mp_veh_mod_idx_23_v254
-1744478690,packed_mp_veh_mod_idx_s_7_v301
-1744421089,packed_mp_veh_primary_colour_group_v372
-1744347859,packed_mp_veh_mod_var_1_v143
-1744345931,vem_supermod_3_43_t44_v10
-1744266304,vem_chassis_1_n1_t4_v33
-1744263710,packed_mp_veh_mod_idx_s_20_v222
-1744159828,f_cl_clo_scf_ey_4_0_t14_v1
-1744111914,m_cl_clo_trm_u_12_8_t11_v1
-1744106731,packed_lr_vehicle_colour_6_v386
-1744097692,m_cl_clo_h2m_f_3_4_t6_v1
-1744076818,packed_mp_veh_mod_idx_s_17_v14
-1743999949,m_cl_l_fmm_5_1_t4_v0
-1743784934,packed_mp_veh_mod_var_1_v106
-1743581309,f_cl_clo_hstfb_17_5_t1_v1
-1743579968,vem_smod2_whlv19_t66_v3
-1743516228,vem_insurance_cog552
-1743471698,mp_stat_auto_shop_crew_name_v0
-1743371263,fcncl_mod6_1_t0_v0
-1743352824,vem_insurance_nebula
-1743311590,vem_colour_extra_1_mct_classic_bright_orange_t24_v33
-1743152331,vem_colour_1_mct_matte_black_t24_v1
-1743107037,packed_ng_vehicle_insurance_v255
-1743092026,packed_mp_veh_mod_idx_s_21_v198
-1743002262,f_cl_clo_h3f_o_clb_1_t3_v12
-1742946728,m_cl_clo_h3m_u_7_0_t11_v1
-1742910352,packed_mp_veh_mod_var_0_v339
-1742814544,f_cl_clo_scf_ey_0_15_t14_v1
-1742763334,packed_mp_veh_mod_idx_12_v258
-1742509647,m_cl_clo_bhm_b_0_10_t1_v1
-1742468513,m_cl_clo_iem_l_5_2_t4_v1
-1742361591,m_cl_clo_bbm_f_0_0_t6_v1
-1742352945,f_cl_clo_bhf_u_17_10_t11_v1
-1742298940,ve_lynx_t0_v3
-1742290395,f_cl_clo_hstf_s_6_2_t8_v1
-1742286086,packed_mp_veh_mod_idx_s_15_v197
-1742282297,f_cl_clo_bif_decl_25_t11_v1
-1742197855,vem_insurance_winky
-1742188298,packed_ng_vehicle_insurance_v346
-1742169315,packed_mp_veh_mod_idx_7_v192
-1742039905,packed_mp_veh_mod_idx_10_v238
-1742016629,f_cl_clo_x6f_f_6_12_t6_v1
-1741957501,f_cl_clo_exf_au_16_3_t11_v1
-1741857816,m_cl_clo_sum_u_11_4_t11_v1
-1741832120,f_cl_clo_ief_u_20_3_t11_v1
-1741784389,packed_mp_veh_livery_0_v179
-1741779519,vem_exhaust_1_t6_v26
-1741726862,m_cl_o_fmm_b7_t3_v12
-1741625240,packed_mp_veh_mod_idx_6_v121
-1741578028,m_cl_clo_l2m_t_13_5_t7_v1
-1741510565,packed_mp_veh_mod_idx_2_v235
-1741499572,vem_insurance_deathbike
-1741492974,packed_mp_veh_window_tint_0_v91
-1741430853,ve_specter2_t0_v27
-1741300651,vem_cmod_smoke_7_t18_v31
-1741225046,wp_wm_tint2_t2_v10
-1741203383,vem_rwd_musc_12_t19_v3
-1741150019,vem_supermod_3_16_t44_v27
-1741106864,packed_mp_veh_colour1_0_v257
-1741041839,f_cl_g_fmf_2_0_t14_v0
-1740989755,packed_mp_veh_colour2_0_v300
-1740959376,vem_bumper_r_10_t35_v5
-1740908133,vem_horn_hips2_t10_v6
-1740892326,f_cl_clo_x6f_f_10_7_t6_v1
-1740844535,mp_stat_mpsv_model_50
-1740601090,casweb_style_8_t0_v0
-1740538312,vem_hood_3_t9_v11
-1740442543,vem_insurance_riata
-1740424334,packed_ng_vehicle_bpt_v374
-1740383605,packed_mp_veh_mod_idx_6_v357
-1740349286,vem_supermod_61_4_t61_v7
-1740346859,m_ha_cc_eyebrw_23_t2_v0
-1740338335,f_cl_clo_grf_ph_5_10_t14_v1
-1740241621,vem_colour_1_mct_metallic_harbor_blue_t24_v0
-1740228390,vem_smod2_whlv212_t66_v3
-1740222126,packed_mp_int_truck_section_3_type_v0
-1740190380,packed_mp_veh_primary_colour_group_v304
-1740122501,m_cl_clo_sbm_ph_5_10_t14_v1
-1740114230,packed_mp_veh_mod_var_1_v123
-1740086354,f_cl_u_fmf_4_14_t11_v0
-1740051036,vem_colour_extra_1_mct_pearlescent_race_yellow_t24_v4
-1739980914,packed_mp_veh_livery_0_v132
-1739743410,f_cl_clo_exf_eu_106_t11_v1
-1739740635,vem_cmod_neoncol_11_t21_v10
-1739729105,f_cl_clo_suf_u_17_7_t11_v1
-1739678728,f_cl_clo_scf_u_1_2_t11_v1
-1739488372,m_cl_clo_awm_b_9_0_t1_v1
-1739426821,vem_cmod_tyr_pat_t18_v36
-1739419705,packed_mp_veh_livery_0_v330
-1739372490,packed_mp_veh_mod_idx_s_11_v403
-1739297800,vem_horn_clas1_t10_v37
-1739291196,m_cl_clo_h2m_f_3_1_t6_v1
-1739071939,f_cl_clo_stf_o_18_t3_v12_cesp
-1739052606,f_cl_clo_smf_b_7_15_t1_v1
-1738932701,vem_bumper_f_2_t34_v28
-1738917993,vem_colour_2_mct_classic_ultra_blue_t25_v3
-1738828198,packed_ng_vehicle_bpt_v411
-1738816179,m_cl_clo_x6m_f_10_8_t6_v1
-1738805271,vem_cmod_hrn_mus4_t10_v26
-1738755877,vem_colour_2_mct_metallic_hot
-1738736486,m_cl_clo_s1m_ph_0_13_t14_v1_cesp
-1738518144,f_cl_ht_fmf_11_1_t14_v0
-1738482656,vem_colour_1_mct_classic_sea_green_t24_v2
-1738446639,packed_mp_veh_mod_idx_0_v328
-1738329818,m_cl_clo_sbm_f_6_9_t6_v1
-1738265109,packed_mp_veh_mod_idx_s_16_v34
-1738055207,packed_mp_veh_plate_id_v266
-1737938046,f_cl_clo_grf_u_22_10_t11_v1
-1737883343,packed_ng_vehicle_neon_kit_v403
-1737714261,packed_mp_veh_mod_idx_s_12_v186
-1737712939,packed_mp_veh_mod_idx_7_v187
-1737679271,m_cl_clo_s2m_u_5_0_t11_v1
-1737661922,packed_mp_veh_primary_colour_group_v401
-1737634910,packed_mp_veh_mod_idx_12_v6
-1737601169,f_cl_clo_awf_b_4_8_t1_v1
-1737593920,packed_ng_vehicle_smoke_v179
-1737491678,vem_colour_extra_1_mct_pearlescent_maple_brown_t24_v3
-1737463252,vem_colour_2_mct_matte_grey_t25_v2
-1737452690,f_cl_clo_grf_u_17_2_t11_v1
-1737375538,f_cl_clo_exf_eu_12_1_t11_v1
-1737187390,wp_wt_sg_pmp_t0_v1
-1737177766,m_cl_clo_hp_d_6_t8_v2
-1737166993,vem_supermod_6_1_t47_v7
-1737161358,vem_smod4_whlv23_t66_v0
-1737107189,m_cl_outfit_clo_s2m_o_7_t12_v0
-1736938799,packed_mp_veh_mod_idx_6_v286
-1736894582,packed_mp_veh_livery2_0_v4
-1736751080,f_cl_clo_s2f_f_1_3_t6_v1
-1736668760,vem_cmod_tyr_1_t32_v1
-1736613230,packed_mp_veh_mod_idx_s_14_v117
-1736445233,vem_colour_1_mct_classic_galaxy_blue_t24_v2
-1736422239,vem_smod4_whlv176_t66_v1
-1736368155,vem_colour_extra_1_mct_classic_salmon_pink_t24_v33
-1736366905,packed_mp_veh_mod_idx_s_2_v190
-1736342602,m_cl_clo_iem_u_4_12_t11_v1
-1736332930,ve_brutus_t1_v38
-1736282682,packed_mp_veh_mod_idx_14_v382
-1736237058,packed_mp_veh_mod_idx_s_10_v60
-1736218633,vem_rwd_spt_24_t19_v3
-1736137523,vem_engine_4_t5_v2
-1735978837,m_cl_clo_bim_s_10_18_t8_v1
-1735969286,vem_supermod_21_9_t62_v27
-1735965902,packed_mp_veh_mod_idx_s_18_v52
-1735961636,packed_mp_veh_mod_idx_23_v196
-1735903094,vem_cmod_pla_2_t23_v3
-1735776840,f_cl_clo_bif_decl_48_t100_v0
-1735761153,packed_ng_vehicle_insurance_v19
-1735756344,m_cl_clo_l2m_t_9_1_t7_v1
-1735706672,vem_colour_1_mct_metallic_racing_blue_t24_v3
-1735593680,packed_mp_veh_colour_extra1_0_v16
-1735542674,packed_mp_veh_mod_idx_16_v248
-1735409643,packed_mp_veh_mod_idx_23_v104
-1735299609,vem_cmod_tyr_3_t18_v5
-1735202151,m_cl_clo_h3m_s_12_0_t8_v1
-1735195910,packed_mp_veh_mod_idx_22_v52
-1735102069,packed_mp_veh_mod_idx_3_v331
-1735046219,vem_colour_extra_1_mct_pearlescent_galaxy_blue_t24_v4
-1735036239,f_cl_clo_hp_f_d_12_t100_v0
-1734783535,packed_mp_veh_mod_idx_14_v229
-1734755686,vem_loride_03_t19_v12
-1734745449,m_cl_clo_sum_u_7_7_t11_v1
-1734655179,vem_supermod_19_11_t60_v26
-1734610390,packed_mp_veh_plate_id_v371
-1734606402,vem_colour_1_mct_classic_pink_t24_v1
-1734491710,packed_mp_veh_mod_idx_4_v272
-1734454038,m_cl_clo_bhm_decl_10_t100_v0
-1734453073,vem_horn_xm15_1_t10_v28
-1734449861,vem_colour_1_mct_metallic_red_t24_v2
-1734446170,vem_roof_4_t12_v4
-1734417737,vem_colour_6_straw_brown_t65_v3
-1734278727,vem_exhaust_0_t6_v31
-1734243570,packed_mp_veh_mod_idx_s_13_v321
-1734149975,packed_ng_vehicle_insurance_v150
-1734088446,vem_armour_4_t1_v37
-1734069480,m_cl_f_fmm_8_10_t6_v0
-1734033246,vem_insurance_nimbus
-1733974549,packed_ng_vehicle_bpt_v335
-1733961662,f_cl_clo_hstfb_14_7_t1_v1
-1733954230,packed_mp_veh_mod_idx_18_v8
-1733839011,vem_smod_whl27_t19_v3
-1733818538,packed_mp_veh_mod_idx_s_12_v197
-1733814054,packed_mp_veh_mod_idx_s_3_v73
-1733748920,vem_cmod_airhorn_03_t10_v0
-1733718222,vem_insurance_speedo2
-1733661706,f_cl_clo_h3f_b_9_1_t1_v1
-1733586948,packed_mp_int_kosatka_seasparrow2_v0
-1733558536,f_cl_clo_grf_u_3_16_t11_v1
-1733546862,f_cl_clo_smf_u_2_21_t11_v1
-1733420581,packed_mp_veh_colour1_0_v192
-1733418025,packed_lr_vehicle_colour_6_v334
-1733404762,m_cl_clo_x6m_lw_1_4_t14_v1
-1733398279,f_cl_clo_ief_l_4_9_t4_v1_cesp
-1733398043,service_spend_gangops_skip_mission
-1733385741,vem_supermod_23_14_t64_v3
-1733321697,packed_mp_veh_wheel_type_0_v47
-1733294220,vem_colour_2_mct_metallic_midnight_blue_t25_v4
-1733271369,packed_mp_veh_colour2_0_v87
-1733251006,vem_colour_1_mct_metallic_formula_red_t24_v1
-1733057398,vem_supermod_20_0_t61_v33
-1733000796,vem_smod4_whlv195_t66_v3
-1732966867,packed_mp_veh_mod_idx_13_v183
-1732900686,vem_supermod_2_1_t43_v3
-1732888525,packed_mp_veh_livery_0_v50
-1732881563,m_cl_clo_grm_b_4_1_t1_v1
-1732826036,vem_colour_1_mct_matte_blue_t24_v3
-1732772435,packed_mp_veh_mod_idx_s_11_v77
-1732737166,wp_wct_tint_28_t2_v70_n2
-1732717570,packed_mp_veh_mod_idx_0_v411
-1732689898,vem_colour_2_mct_classic_purple_t25_v3
-1732677707,packed_mp_veh_mod_idx_s_18_v408
-1732645064,f_cl_clo_suf_decl_21_t100_v0
-1732580937,f_cl_clo_hp_f_l_2_3_t4_v1
-1732444544,f_cl_clo_bus_f_o_21_t3_v12
-1732365172,packed_mp_veh_mod_idx_3_v275
-1732313544,f_cl_clo_x17f_o_m_3_t8_v12
-1732283567,vem_smod5_whlv101_t66_v3
-1732275592,m_cl_clo_fxm_ph_0_18_t14_v1
-1732246957,m_cl_clo_grm_u_7_1_t11_v1
-1731979368,packed_mp_veh_wheel_type_0_v80
-1731922140,vem_supermod_0_2_t41_v11
-1731873347,vem_cmod_tyr_1_t32_v26
-1731863247,fcncl_mod5_1_t0_v0
-1731839063,pr_pm_apt_var_3_t0_v0
-1731820343,packed_mp_veh_mod_idx_22_v43
-1731764980,m_cl_clo_scm_ey_0_14_t14_v1
-1731712119,vem_supermod_15_5_t56_v38
-1731397880,vem_colour_2_mct_classic_spin_purple_t25_v1
-1731385641,m_cl_clo_bhm_u_0_17_t11_v1
-1731377676,vem_supermod_49_23_t49_v7
-1731291056,packed_mp_veh_mod_idx_s_5_v42
-1731202215,packed_mp_veh_mod_idx_15_v359
-1731197195,vem_cmod_col5_37_t29_v0
-1731095665,m_cl_clo_grm_u_14_5_t11_v1
-1731091035,vem_supermod_22_13_t63_v26
-1731087795,vem_colour_extra_1_mct_classic_hot
-1731041699,vem_colour_extra_1_mct_pearlescent_straw_brown_t24_v3
-1731039219,m_cl_clo_smm_b_0_16_t1_v1
-1731011415,vem_cmod_col5_28_t29_v0
-1730764937,m_cl_clo_sbm_u_9_5_t11_v1
-1730675793,wp_wm_tint6_t2_v94
-1730599589,packed_ng_vehicle_neon_v373
-1730591935,packed_mp_veh_mod_idx_15_v299
-1730455286,f_cl_clo_smf_ph_8_6_t14_v1
-1730167729,packed_mp_veh_livery_0_v413
-1729725080,packed_mp_veh_mod_idx_22_v117
-1729690927,packed_mp_veh_mod_idx_7_v252
-1729669998,vem_colour_extra_1_mct_matte_might_purple_t24_v0
-1729631855,vem_chassis_0_t4_v10
-1729605413,f_cl_clo_x6f_u_24_24_t11_v1
-1729583903,packed_mp_veh_mod_idx_11_v259
-1729537079,m_cl_clo_lxm_e_24_1_t14_v1
-1729528553,vem_supermod_14_2_t55_v27
-1729384393,wp_wct_clip_inc_t1_v47_n2
-1729297498,m_cl_g_fmm_3_3_t14_v0
-1729182074,m_cl_clo_scm_d_23_4_t10_v1
-1729035919,packed_mp_veh_mod_idx_18_v276
-1729034447,vem_supermod_14_1_t55_v38
-1728770291,m_cl_u_fmm_1_4_t11_v0
-1728705837,packed_mp_veh_mod_idx_22_v155
-1728667469,vem_supermod_13_7_t54_v28
-1728618598,packed_mp_veh_mod_idx_s_14_v401
-1728524043,vem_cmod_tyr_0_t31_v27
-1728503334,vem_grill_4_t8_v38
-1728467444,packed_mp_veh_mod_idx_s_13_v112
-1728453993,vem_cmod_neonlay_1_t21_v35
-1728426416,vem_suv_17_t19_v0
-1728300801,f_cl_clo_hp_f_d_18_t11_v1
-1728292956,f_cl_clo_hp_f_h_0_1_t14_v0
-1728215072,wp_wm_tint3_t2_v47
-1728166184,vem_insurance_turismor
-1728038808,m_cl_clo_x6m_l_0_4_t4_v1
-1727920286,vem_bikew_29_t19_v3
-1727912597,f_cl_clo_x6f_u_24_18_t11_v1
-1727823164,vem_supermod_61_0_t61_v7
-1727661816,m_cl_sp_fmm_10_15_t8_v1
-1727661695,vem_rwd_bikew_35_t19_v4
-1727601480,f_cl_clo_smf_b_0_19_t1_v1
-1727596678,packed_mp_veh_mod_idx_s_16_v142
-1727546041,vem_colour_extra_1_mct_classic_silver_t24_v1
-1727427719,packed_mp_veh_mod_idx_16_v406
-1727410010,vem_colour_extra_1_mct_metals_br_steel_t24_v1
-1727330276,f_cl_clo_smf_ph_8_12_t14_v1
-1727219121,m_cl_clo_smm_ph_6_24_t14_v1
-1727162240,wp_wct_rev_varg_t1_v70
-1727115245,vem_colour_1_mct_classic_torino_red_t24_v2
-1727046657,vem_supermod_62_11_t62_v7
-1727010034,f_cl_clo_h3f_u_10_3_t11_v1
-1726898501,m_cl_u_fmm_13_0_t11_v0
-1726876750,wp_pm_tint2_t3_v33
-1726842265,packed_mp_veh_window_tint_0_v249
-1726711107,packed_mp_veh_mod_idx_10_v67
-1726669171,m_cl_clo_x6m_l_0_19_t4_v1
-1726596667,packed_mp_veh_mod_idx_9_v355
-1726546880,vem_colour_extra_1_mct_metallic_sienna_brown_t24_v3
-1726514807,f_cl_l_fmf_14_9_t4_v0
-1726482552,f_cl_clo_x6f_u_30_16_t11_v1
-1726432165,ve_marshall_t1_v14
-1726423471,vem_smod4_whlv193_t66_v1
-1726392665,f_cl_clo_grf_ph_1_15_t14_v1
-1726392599,vem_smod4_whlv171_t66_v0
-1726348102,m_cl_clo_iem_u_2_9_t11_v1
-1726330779,f_cl_clo_sbf_l_2_15_t4_v1
-1726296437,m_cl_clo_fxm_u_6_20_t11_v1
-1726190321,m_cl_clo_x6m_u_0_17_t11_v1
-1726184453,f_cl_clo_grf_b_0_17_t1_v1
-1725982878,vem_grill_1_t8_v38
-1725889121,mp_stat_mpsv_model_306
-1725803293,m_cl_clo_iem_u_5_9_t11_v1
-1725794411,packed_mp_veh_mod_idx_13_v300
-1725789321,vem_supermod_0_12_t41_v3
-1725761764,packed_mp_veh_mod_idx_18_v148
-1725700005,m_cl_clo_sum_u_14_21_t11_v1
-1725689698,vem_supermod_11_0_t52_v5
-1725687384,f_cl_clo_h3f_o_sl_31_t8_v12
-1725660819,mp_stat_mpsv_model_114
-1725622869,packed_mp_veh_mod_idx_s_21_v129
-1725524119,vem_bumper_r_21_t35_v28
-1725381459,packed_mp_veh_mod_idx_16_v150
-1725341760,packed_mp_veh_colour2_0_v295
-1724838687,vem_colour_extra_1_mct_metallic_pink_t24_v33
-1724769016,packed_mp_veh_colour2_0_v304
-1724660913,vem_skirt_7_t13_v27
-1724636438,packed_mp_veh_mod_idx_s_11_v262
-1724604812,packed_mp_veh_mod_idx_8_v169
-1724587624,packed_mp_veh_mod_idx_s_5_v203
-1724475594,mp_stat_missionforwhouse2_v0
-1724469869,wp_wct_c_tint_28_t2_v48_n2
-1724443288,m_ta_tat_s2_030_t0_v0
-1724431846,packed_mp_veh_mod_idx_s_9_v186
-1724380174,vem_trans_2_t16_v33
-1724284312,vem_colour_5_shadow_silver_t38_v0
-1724217893,packed_mp_veh_mod_idx_10_v121
-1724216435,packed_mp_veh_mod_idx_s_8_v409
-1724180177,packed_ng_vehicle_neon_v335
-1724130539,vem_horn_cnote_c1_t10_v39
-1724102763,vem_supermod_13_2_t54_v28
-1724095718,m_cl_outfit_clo_stm_o_6_t12_v0_cesp
-1724037402,packed_mp_veh_mod_idx_16_v130
-1723998572,f_cl_clo_bif_f_3_1_t6_v1
-1723972524,packed_mp_veh_mod_idx_s_6_v54
-1723925433,vem_engine_4_t5_v10
-1723895141,vem_colour_2_mct_classic_flur_yellow_t25_v0
-1723889922,packed_ng_vehicle_insurance_v168
-1723889551,packed_mp_veh_mod_idx_5_v367
-1723871088,m_cl_clo_h4m_b_2_21_t1_v1
-1723867482,m_ha_cc_m_hs_2_t0_v0
-1723766950,wp_wct_muzz3_t1_v56_n2
-1723761749,packed_mp_veh_livery2_0_v325
-1723754569,m_cl_sp_fmm_3_0_t8_v0
-1723742356,m_cl_clo_hp_d_19_t11_v1
-1723702448,vem_supermod_10_15_t51_v3
-1723675038,vem_cmod_tyr_6_t18_v1
-1723665119,m_cl_clo_og_decl_2_t11_v1
-1723544261,wp_pm_tint0_t3_v33
-1723511694,vem_colour_1_mct_metallic_bright_purple_t24_v1
-1723506344,m_cl_clo_h3m_b_3_0_t1_v1
-1723426066,packed_mp_veh_mod_idx_s_22_v167
-1723409880,vem_colour_2_mct_classic_orange_t25_v2
-1723332943,packed_mp_veh_mod_idx_s_16_v337
-1723315398,m_cl_clo_indm_d_15_t100_v0
-1723279506,vem_grill_3_t8_v7
-1723091621,packed_mp_veh_mod_idx_15_v13
-1723077437,mp_stat_hangar_contraband_mission_v0
-1723069750,f_cl_clo_h4f_ph_0_0_t14_v1
-1722917082,f_cl_clo_hstf_t_2_2_t7_v1
-1722908017,packed_mp_veh_mod_idx_10_v174
-1722812813,m_cl_clo_x6m_ey_3_0_t14_v1
-1722795245,packed_mp_veh_mod_idx_15_v211
-1722775015,m_cl_clo_x4m_u_11_9_t11_v1
-1722672478,m_ha_cc_m_hs_20_t0_v2
-1722553574,packed_mp_veh_plate_id_v302
-1722515500,m_cl_clo_bhm_u_16_9_t11_v1
-1722413738,f_cl_clo_bif_o_7_t4_v12
-1722384875,packed_ng_vehicle_neon_kit_v222
-1722352212,ve_growler_t1_v3
-1722339790,m_cl_clo_sbm_f_6_11_t6_v1
-1722283424,m_ha_cc_m_hs_6_t0_v2
-1722241620,packed_mp_veh_livery2_0_v105
-1722215247,m_cl_clo_vwm_u_9_19_t11_v1
-1722156844,ve_defiler_t0_v3
-1722048707,m_cl_clo_hstm_o_c_3_t8_v12
-1721984037,m_cl_clo_s1m_dec_9_t100_v0
-1721891505,mp_stat_arenagarage_owned_v0
-1721861390,vem_rwd_offr_02_t19_v3
-1721816341,f_cl_clo_h2f_o_g_2_t3_v12
-1721764518,packed_mp_veh_livery2_0_v221
-1721752945,f_cl_clo_stf_o_18_t11_v12
-1721470505,packed_mp_veh_mod_idx_s_19_v60
-1721425175,f_cl_clo_h3f_l_5_19_t4_v1
-1721313781,m_cl_clo_bhm_decl_27_t100_v0
-1721300939,f_cl_clo_h4f_t_2_2_t7_v1
-1721295210,packed_mp_veh_mod_idx_s_14_v264
-1721264674,f_cl_outfit_clo_h3f_o_sh_14_t12_v0
-1721232794,f_ta_tat_fm_016_t0_v0
-1721230935,vem_supermod_1_11_t42_v11
-1721044693,m_cl_clo_h4m_pey_3_2_t14_v1
-1721013931,packed_mp_veh_mod_idx_0_v93
-1720945311,dec_vw_aw_wh_6
-1720860320,f_cl_clo_h2f_f_5_1_t6_v1
-1720845600,vem_supermod_22_0_t63_v36
-1720771387,vem_cmod_neoncol_9_t21_v30
-1720756526,ve_swift2_t1_v0
-1720661691,m_cl_clo_s2m_o_7_t3_v12
-1720545145,packed_ng_vehicle_bpt_v105
-1720526042,f_cl_clo_x6f_f_6_11_t6_v1
-1720434483,vem_rwd_suv_11_t19_v2
-1720405337,packed_mp_veh_mod_idx_15_v372
-1720302076,f_cl_clo_x6f_ph_8_8_t14_v1
-1720180248,packed_mp_veh_mod_idx_s_10_v67
-1720099268,packed_mp_veh_mod_idx_14_v312
-1720090783,vem_rwd_offr_05_t19_v2
-1719976973,packed_mp_veh_mod_idx_s_17_v174
-1719963985,vem_brake_0_t2_v39
-1719853873,f_cl_clo_suf_u_17_0_t11_v1
-1719806501,vem_supermod_5_8_t46_v28
-1719775000,f_cl_clo_awf_o_e_7_t8_v12
-1719577004,f_cl_clo_grf_b_2_19_t1_v1
-1719369469,packed_mp_veh_mod_idx_s_4_v280
-1719236845,f_cl_clo_suf_u_5_4_t11_v1
-1719226690,packed_mp_veh_mod_idx_s_20_v275
-1719200298,f_cl_clo_fxf_ph_0_6_t14_v1
-1719109925,packed_mp_veh_mod_idx_18_v199
-1719024107,packed_mp_veh_mod_idx_s_6_v4
-1718930527,vem_colour_1_mct_metallic_saxon_blue_t24_v1
-1718920151,packed_lr_vehicle_colour_6_v279
-1718866620,vem_horn_xm15_2_t10_v37
-1718820736,kosatk_fla_18_t0_v1
-1718797356,m_cl_clo_arm_o_2_t3_v12
-1718794514,vem_supermod_7_2_t48_v28
-1718787555,m_cl_clo_hp_d_12_t8_v1
-1718728059,ve_zr380_t0_v38
-1718710336,vem_grill_15_t8_v3
-1718557068,m_cl_clo_exm_decl_16_t11_v1
-1718505054,vem_cmod_neoncol_10_t21_v29
-1718490933,m_cl_clo_exm_eu_12_4_t11_v1
-1718460349,packed_mp_veh_mod_var_1_v144
-1718375462,m_ta_tat_h27_020_t0_v0
-1718374052,m_cl_clo_x6m_ph_1_0_t14_v1
-1718175752,f_cl_clo_grf_b_0_7_t1_v1
-1718172988,vem_smod4_whlv64_t66_v2
-1718130992,vem_supermod_23_3_t64_v32
-1718113480,packed_mp_veh_mod_idx_11_v117
-1718053471,mp_stat_mpsv_model_168
-1718014491,vem_smod_whlv15_t66_v0
-1717954949,cf_mission_passed_ha
-1717827285,f_cl_l_fmf_15_10_t4_v0
-1717811334,f_cl_clo_s2f_u_6_0_t11_v1
-1717753014,vem_colour_extra_1_mct_classic_sienna_brown_t24_v2
-1717712781,packed_ng_vehicle_bpt_v99
-1717708852,vem_smod_whlv63_t66_v0
-1717663145,packed_mp_veh_mod_idx_s_15_v350
-1717658577,vem_engine_3_t5_v29
-1717646623,packed_mp_veh_mod_idx_s_1_v76
-1717344797,vem_insurance_tug
-1717309949,packed_ng_vehicle_bpt_v248
-1717300195,packed_mp_veh_colour_extra1_0_v399
-1717287521,vem_hood_22_t9_v1
-1717225767,packed_mp_veh_window_tint_0_v169
-1717188881,vem_insurance_youga3
-1717163349,vem_insurance_gb200
-1717156767,packed_mp_veh_window_tint_0_v59
-1716963496,packed_mp_veh_mod_idx_s_5_v230
-1716799999,m_cl_clo_sum_u_16_10_t11_v1
-1716717733,f_cl_clo_bhf_u_0_20_t11_v1
-1716717510,m_cl_clo_lxm_e_26_2_t14_v1
-1716624303,wp_rwt_tint1_t2_v81
-1716562399,f_cl_clo_sbf_l_3_6_t4_v1
-1716490964,f_cl_clo_hstf_b_15_2_t1_v1
-1716488410,packed_mp_veh_mod_idx_s_10_v371
-1716369741,packed_mp_veh_mod_idx_s_6_v325
-1716366851,m_cl_clo_vwm_u_2_10_t11_v1
-1716366724,packed_mp_veh_mod_idx_16_v102
-1716316818,vem_colour_mct_none_9
-1716295641,vem_cmod_tyr_5_t18_v0
-1716275088,f_cl_rstar_dev_2_t11_v1
-1716221313,vem_colour_2_mct_classic_blue_silver_t25_v3
-1716167836,f_cl_clo_grf_ph_3_20_t14_v1
-1716014488,m_cl_clo_grm_b_4_19_t1_v1
-1715984176,packed_mp_veh_mod_idx_23_v99
-1715797166,vem_colour_extra_1_mct_metallic_rolled_steel_t24_v3
-1715717051,vem_insurance_rebla
-1715714279,vem_fender_r_5_t37_v33
-1715651497,packed_mp_veh_mod_idx_9_v268
-1715483608,f_cl_clo_bus_p_1_12_t14_v1
-1715476607,vem_supermod_8_14_t49_v28
-1715474003,packed_mp_veh_mod_idx_s_8_v395
-1715426870,vem_supermod_3_0_t44_v5
-1715336895,packed_mp_veh_mod_idx_s_20_v18
-1715254309,packed_mp_veh_mod_idx_11_v230
-1715210948,m_cl_outfit_clo_fxm_o_g_3_t12_v0
-1714988796,f_ta_tat_hp_037_t0_v0
-1714966197,vem_offr_01_t19_v0
-1714930521,wp_wm_tint1_t2_v1
-1714823975,packed_mp_veh_mod_idx_23_v189
-1714802046,packed_mp_veh_mod_idx_s_7_v116
-1714692762,packed_mp_veh_mod_idx_s_19_v187
-1714612535,iewh_interior_basic_t0_v0
-1714547854,packed_mp_veh_mod_idx_1_v322
-1714419571,vem_smod_whlv33_t66_v3
-1714393788,packed_mp_veh_mod_idx_s_22_v234
-1714384287,vem_insurance_pyro
-1714382224,wp_wct_camo_4_t1_v8_n2
-1714379965,m_cl_clo_bim_u_0_2_t11_v1
-1714306346,packed_mp_veh_mod_idx_s_18_v135
-1714283698,vem_colour_extra_1_mct_pearlescent_black_steel_t24_v3
-1714121148,packed_mp_veh_mod_idx_s_22_v315
-1714089846,ve_komoda_t0_v3
-1714033548,packed_mp_veh_mod_idx_11_v94
-1714025978,vem_cmod_smoke_13_t18_v34
-1713926112,f_cl_clo_hp_f_u_4_10_t11_v1
-1713873843,m_cl_clo_h3m_b_14_20_t1_v1
-1713754911,packed_mp_veh_mod_var_0_v6
-1713751547,packed_mp_veh_mod_idx_9_v241
-1713695144,packed_mp_veh_livery_0_v241
-1713686054,vem_colour_1_mct_classic_garnet_red_t24_v1
-1713659608,pr_mp_prop_22_t0_v0
-1713624758,packed_mp_veh_colour_extra1_0_v116
-1713612670,f_cl_clo_x6f_l_8_15_t4_v1
-1713490259,packed_mp_veh_mod_idx_s_17_v147
-1713262035,packed_mp_veh_colour1_0_v40
-1713196486,vem_supermod_3_16_t44_v11
-1713175997,packed_mp_veh_mod_idx_s_11_v94
-1713155299,f_cl_u_fmf_10_2_t11_v0
-1713061124,packed_mp_veh_mod_idx_15_v230
-1712999839,packed_mp_veh_colour_extra1_0_v195
-1712907384,m_cl_clo_val_decl_o_t8_v2
-1712735180,wp_wm_tint4_t2_v4
-1712693772,dec_vw_aw_mt_3a
-1712623545,packed_mp_veh_mod_idx_22_v332
-1712499945,f_cl_clo_smf_b_7_10_t1_v1
-1712483248,f_cl_clo_vwf_u_20_3_t11_v1
-1712217991,m_cl_clo_h3m_ph_5_15_t14_v1
-1712187811,m_cl_clo_vwm_pw_9_2_t14_v1
-1712098490,packed_mp_veh_mod_idx_s_1_v329
-1712091394,packed_mp_veh_mod_idx_s_17_v75
-1711988079,packed_mp_veh_mod_idx_s_4_v14
-1711901802,f_cl_clo_scf_ph_7_0_t14_v1
-1711840020,fcarcade_wall_7_t0_v0
-1711805788,packed_mp_veh_mod_idx_s_8_v103
-1711741079,packed_mp_veh_mod_idx_s_16_v17
-1711526808,packed_mp_veh_mod_idx_s_2_v208
-1711478676,m_ta_tat_s1_015_t0_v0
-1711466195,vem_rwd_drft_22_t19_v2
-1711419406,f_cl_clo_smf_b_5_10_t1_v1
-1711410454,packed_mp_veh_mod_idx_6_v185
-1711343695,vem_insurance_none
-1711340328,packed_mp_veh_livery2_0_v59
-1711318542,vem_hood_7_t9_v26
-1711308468,wp_wm_tint5_t2_v11
-1711281919,f_cl_clo_x6f_f_5_6_t6_v1
-1711215910,packed_mp_veh_mod_idx_s_6_v122
-1711165142,vem_cmod_pla_1_t23_v37
-1711124350,ve_avenger_t0_v33
-1711075461,m_cl_clo_bim_f_0_5_t6_v1
-1711072384,m_cl_clo_h4m_s_2_2_t8_v1
-1711049437,m_cl_clo_vwm_pw_4_2_t14_v1
-1711042793,packed_mp_veh_mod_var_0_v77
-1710997932,packed_mp_veh_mod_idx_14_v196
-1710836928,f_cl_clo_h3f_u_10_4_t11_v1
-1710752755,packed_mp_veh_mod_idx_11_v199
-1710628991,packed_mp_veh_colour_extra1_0_v405
-1710523867,f_cl_f_fmf_15_4_t6_v0
-1710436238,m_cl_clo_sum_b_3_0_t1_v1
-1710381037,f_cl_clo_fxf_pe_5_7_t14_v1
-1710368414,packed_mp_veh_secondary_colour_group_v132
-1710366316,m_cl_clo_h2m_f_3_5_t6_v1
-1710316858,m_cl_f_fmm_3_1_t6_v0
-1710268369,packed_mp_veh_mod_idx_s_19_v344
-1710168775,f_cl_outfit_clo_h2f_o_g_23_t12_v0
-1710156829,f_cl_clo_ltsft_1_4_t3_v1
-1710143845,packed_mp_veh_window_tint_0_v65
-1710111021,packed_mp_veh_mod_idx_s_6_v253
-1710004517,packed_mp_veh_mod_idx_12_v16
-1709983247,packed_mp_veh_mod_idx_s_22_v199
-1709666639,packed_mp_veh_mod_idx_s_7_v336
-1709662490,f_cl_clo_vwf_u_4_0_t11_v1
-1709422645,packed_mp_veh_primary_colour_group_v337
-1709409784,wp_wct_scope_mac_t1_v5
-1709390702,m_cl_clo_s1m_u_8_11_t11_v1
-1709263809,m_cl_clo_h3m_s_1_4_t8_v1
-1709169396,f_cl_clo_grf_ph_4_24_t14_v1
-1709118597,f_cl_clo_hstf_l_5_0_t4_v1
-1709115764,packed_mp_veh_mod_idx_s_19_v58
-1709076557,vem_horn_xm15_3_t10_v4
-1709041353,packed_mp_veh_mod_idx_s_22_v336
-1709000869,packed_mp_veh_livery_0_v296
-1708847266,wp_ps_can_4_t2_v33
-1708784822,packed_mp_veh_livery_0_v131
-1708771592,packed_mp_veh_mod_idx_24_v158
-1708769113,ve_asbo_t1_v3
-1708746852,m_cl_clo_busm_u_3_0_t8_v1
-1708728623,f_ha_none_t7_v0
-1708699485,m_cl_clo_grm_b_0_14_t1_v1
-1708577096,vem_rwd_loride_14_t19_v1
-1708571314,packed_mp_veh_mod_idx_s_10_v165
-1708568051,packed_mp_veh_plate_id_v19
-1708186533,vem_cmod_tyr_6_t18_v37
-1708118298,vem_chassis_0_t4_v2
-1708039462,wp_wct_c_tint_31_t2_v47_n2
-1707962106,f_cl_clo_x6f_ey_3_8_t14_v1
-1707807620,f_cl_clo_h4f_b_3_9_t1_v1
-1707801388,f_cl_clo_x6f_rw_1_2_t14_v1
-1707784028,m_cl_clo_bim_pw_4_0_t14_v1
-1707719919,f_ta_tat_sm_021_t0_v0
-1707644561,m_cl_clo_h4m_decl_4_t100_v0
-1707536932,packed_mp_veh_mod_idx_12_v137
-1707517000,f_cl_u_fmf_4_14_t8_v0
-1707450792,dec_vw_aw_mt_35
-1707389640,vem_colour_2_mct_metallic_beechwood_brown_t25_v3
-1707315996,packed_mp_veh_mod_idx_s_17_v68
-1707234489,f_cl_clo_grf_b_0_0_t1_v1
-1707168105,packed_mp_veh_colour_extra1_0_v154
-1707165495,vem_supermod_5_9_t46_v10
-1707112835,vem_roof_17_t12_v38
-1707112321,f_cl_clo_lxf_u_5_0_t8_v1
-1707030577,packed_mp_veh_colour2_0_v3
-1707014341,fcarcade_c_up3_c_8
-1707007571,packed_mp_veh_mod_idx_8_v156
-1706979184,vem_smod4_whlv192_t66_v2
-1706971500,vem_smod5_whl_26_t19_v3
-1706898074,pr_mp_prop_1_t0_v0
-1706874507,packed_mp_veh_mod_idx_s_12_v120
-1706831245,f_cl_clo_x17f_o_m_5_t8_v12
-1706820753,f_cl_clo_x6f_l_8_24_t4_v1
-1706789149,f_cl_clo_hstf_s_1_0_t8_v1
-1706780002,packed_mp_veh_mod_idx_s_13_v256
-1706718434,vem_colour_1_mct_metallic_pink_t24_v1
-1706700815,m_cl_clo_x6m_f_10_18_t6_v1
-1706679696,packed_mp_veh_mod_idx_23_v44
-1706659481,m_cl_clo_stm_l_3_9_t4_v1
-1706621431,m_cl_clo_valm_h_0_0_t14_v1
-1706540526,vem_colour_5_anthr_black_t38_v0
-1706384181,m_cl_clo_iem_b_10_8_t1_v1
-1706318734,vem_cmod_neoncol_255_t21_v27
-1706270308,m_cl_clo_h2m_o_g_24_t3_v12
-1706113895,packed_mp_veh_mod_idx_s_22_v57
-1706086828,m_cl_clo_val_decl_s_t100_v0
-1706060887,vem_colour_extra_1_mct_metallic_bison_brown_t24_v4
-1705997261,packed_mp_veh_livery2_0_v73
-1705964401,f_cl_clo_h3f_u_9_21_t11_v1
-1705803614,vem_hood_6_t9_v2
-1705765098,vem_armour_3_t1_v5
-1705756254,vem_supermod_61_14_t61_v7
-1705633078,packed_mp_veh_livery_0_v390
-1705628970,wp_wct_camo_10_t1_v47_n2
-1705418977,vem_smod3_whlv79_t66_v3
-1705411752,vem_cmod_pla_0_t23_v36
-1705338956,f_cl_clo_h3f_u_2_0_t11_v1
-1705268272,packed_mp_veh_mod_idx_s_5_v337
-1705190922,f_cl_clo_bif_s_16_3_t8_v1
-1705167945,packed_mp_veh_mod_idx_16_v301
-1704915023,packed_mp_veh_mod_idx_s_13_v311
-1704772261,packed_mp_veh_mod_idx_s_15_v128
-1704771955,packed_mp_veh_mod_idx_15_v201
-1704726364,m_cl_clo_h3m_ph_5_12_t14_v1
-1704667796,m_cl_clo_x6m_l_8_3_t4_v1
-1704419470,m_cl_clo_val_decl_c_t8_v2
-1704414120,packed_mp_veh_mod_idx_s_6_v344
-1704287037,f_cl_clo_x2f_ht_4_1_t14_v1
-1704225289,packed_lr_vehicle_colour_6_v107
-1704167461,packed_mp_veh_mod_idx_s_4_v227
-1704127755,ie_wh_index_0_t0_v0
-1704115163,packed_mp_veh_mod_idx_s_9_v215
-1704111281,f_cl_clo_h4f_decl_54_t11_v1
-1703970656,f_cl_outfit_clo_h3f_o_bs_3_t12_v0
-1703969265,packed_mp_veh_livery2_0_v321
-1703936560,f_cl_clo_s1f_ph_0_0_t14_v1
-1703885378,m_ha_clo_vwm_h_0_0_t0_v2
-1703858121,vem_horn_cnote_d0_t10_v33
-1703774892,packed_mp_veh_mod_idx_s_22_v290
-1703590569,m_cl_outfit_clo_awm_o_d_4_t12_v0
-1703585975,wp_wct_c_tint_19_t2_v5_n2
-1703536662,packed_mp_veh_mod_idx_10_v403
-1703516813,f_cl_he_fmf_18_0_t14_v1
-1703516787,m_cl_outfit_clo_sum_o_2_t12_v0
-1703487696,vem_smod4_whlv10_t66_v3
-1703453131,vem_colour_extra_1_mct_classic_blue_t24_v4
-1703433562,vem_exhaust_17_t6_v3
-1703183663,vem_smod5_whl_7_t19_v3
-1703055201,pr_pm_bfont_0_t1_v0
-1703036304,packed_mp_veh_mod_idx_s_3_v237
-1702686885,f_cl_clo_s2f_u_4_4_t11_v1
-1702650881,f_ta_tat_gr_018_t0_v0
-1702647455,packed_lr_vehicle_colour_5_v313
-1702572194,f_cl_clo_scf_b_2_1_t1_v1
-1702525060,vem_supermod_23_5_n1_t64_v33
-1702410126,packed_mp_veh_mod_idx_s_8_v412
-1702404818,packed_mp_veh_mod_idx_s_2_v260
-1702378861,f_cl_f_fmf_3_11_t6_v0
-1702286574,m_cl_clo_grm_l_0_8_t4_v1
-1702177814,vem_livery_2_t26_v4
-1702127801,wp_ps_bag_5_t1_v33
-1701909787,m_cl_clo_sum_u_16_6_t11_v1
-1701890055,packed_ng_vehicle_neon_kit_v7
-1701821435,packed_mp_veh_mod_idx_s_6_v151
-1701774245,packed_mp_veh_mod_idx_18_v405
-1701762437,packed_lr_vehicle_colour_5_v88
-1701692212,wp_wt_rifle_cbn_t0_v1
-1701623405,f_cl_clo_fxf_u_13_0_t11_v1
-1701590743,m_cl_clo_h2m_s_4_0_t8_v1
-1701529873,vem_colour_1_mct_metallic_mariner_blue_t24_v1
-1701465965,packed_ng_vehicle_neon_kit_v55
-1701403622,wp_wt_ngtstk_t1_v0
-1701303956,m_cl_clo_exm_eu_10_5_t8_v2
-1701292781,f_cl_clo_sbf_f_0_11_t6_v1
-1701285538,m_cl_clo_h3m_l_4_1_t4_v1
-1701276117,packed_mp_veh_mod_idx_1_v334
-1701216528,f_cl_o_fmf_b8_t8_v12
-1701071214,m_cl_clo_x3m_b_3_5_t1_v1
-1700916512,vem_rwd_loride_10_t19_v12
-1700911972,vem_bumper_r_13_t35_v6
-1700828085,vem_loride_13_t19_v2
-1700787105,m_cl_clo_busm_t_0_10_t7_v1
-1700731959,m_cl_clo_hp_h_1_5_t14_v0
-1700680670,m_cl_clo_s1m_t_1_0_t7_v1
-1700676609,packed_mp_veh_mod_idx_s_16_v269
-1700659742,vem_cmod_neoncol_1_t21_v11
-1700505774,wp_wct_camo_3_t1_v70_n2
-1700485792,f_cl_u_fmf_10_13_t11_v0
-1700438145,packed_mp_veh_mod_idx_s_19_v364
-1700429635,m_cl_clo_x6m_ey_2_1_t14_v1
-1700425506,f_cl_clo_x6f_u_2_6_t11_v1
-1700253202,m_cl_clo_bbm_u_2_0_t11_v1
-1700207941,f_cl_clo_h3f_l_5_1_t4_v1
-1700163246,m_cl_clo_scm_u_48_6_t11_v1
-1700108724,f_cl_clo_bhf_u_4_21_t11_v1
-1700075631,vem_colour_extra_1_mct_pearlescent_racing_green_t24_v1
-1700005058,vem_spt_07_t19_v2
-1699964192,f_cl_clo_bif_u_8_1_t11_v1
-1699846250,f_cl_clo_fxf_l_5_12_t4_v1
-1699761297,vem_horn_indi_1_t10_v38
-1699726211,f_cl_clo_bif_l_1_1_t4_v1
-1699664558,wp_wct_c_tint_22_t2_v5_n2
-1699638731,wp_wct_camo_9_t1_v5_n2
-1699536981,wp_wct_c_tint_4_t2_v9_n2
-1699523762,vem_supermod_1_22_t42_v3
-1699519584,packed_mp_veh_mod_idx_23_v146
-1699504579,m_cl_clo_vwm_s_2_11_t8_v1
-1699499088,vem_supermod_13_1_t54_v26
-1699373745,f_ta_tat_fx_010_t0_v0
-1699255481,wp_wm_tint3_t2_v94
-1699197876,packed_mp_veh_mod_idx_0_v141
-1699113234,packed_mp_veh_mod_idx_s_22_v327
-1699077060,f_cl_clo_sbf_b_1_0_t1_v1
-1698786155,m_ha_cc_mkup_19_t5_v0
-1698774714,packed_mp_veh_mod_idx_s_12_v52
-1698611089,wp_wct_clip_fmj_t1_v56_n2
-1698594903,m_cl_clo_exm_g_4_8_t14_v0
-1698592306,ve_sultan2_t1_v3
-1698565190,vem_exhaust_1_t6_v1
-1698561768,f_cl_clo_arf_o_2_t11_v12
-1698535907,packed_mp_veh_mod_idx_6_v208
-1698415084,f_cl_clo_vef_dec_43_t100_v0
-1698413230,f_cl_clo_bhf_b_0_12_t1_v1
-1698359984,vem_hlight_0_t11_v3
-1698359200,wp_wct_clip_fmj_t1_v46_n2
-1698314695,f_cl_clo_grf_ph_3_9_t14_v1
-1698233451,f_cl_clo_stf_u_3_9_t11_v1
-1698099074,vem_smod5_whlv47_t66_v3
-1698008976,vem_fender_r_9_t37_v1
-1697950671,packed_mp_veh_mod_idx_s_14_v395
-1697910109,packed_mp_veh_mod_idx_s_22_v228
-1697841941,packed_mp_veh_colour1_0_v54
-1697791019,f_cl_clo_hp_f_d_5_t100_v0
-1697786487,packed_mp_veh_mod_idx_s_11_v219
-1697739896,ve_le7b_t0_v3
-1697657428,f_ta_tat_bi_002_t0_v0
-1697552319,packed_mp_veh_mod_idx_s_0_v128
-1697530377,packed_mp_veh_mod_idx_s_10_v57
-1697517612,wp_wct_c_tint_5_t2_v56_n2
-1697314843,vem_smod_whlv198_t66_v0
-1697189603,vem_colour_1_mct_classic_olive_green_t24_v33
-1697136509,f_ta_tat_fx_011_t0_v0
-1697097441,packed_mp_veh_mod_idx_14_v203
-1697070728,vem_supermod_1_13_t42_v3
-1696898613,m_cl_outfit_clo_awm_o_b_3_t12_v0
-1696766658,f_cl_clo_bhf_u_11_4_t11_v1
-1696690695,packed_mp_veh_mod_idx_4_v343
-1696656181,vem_supermod_21_5_t62_v38
-1696595206,packed_mp_veh_mod_idx_s_14_v65
-1696449229,packed_mp_veh_livery_0_v47
-1696365409,m_cl_clo_h3m_b_14_8_t1_v1
-1696344422,packed_mp_veh_colour1_0_v251
-1696200335,packed_mp_veh_mod_idx_2_v301
-1696167979,vem_chassis_18_t4_v35
-1696074724,m_ta_tat_st_004_t0_v0
-1695991106,packed_mp_veh_mod_idx_24_v139
-1695893369,fcclub_stor_2_t0_v0
-1695624228,packed_mp_veh_primary_colour_group_v315
-1695597101,packed_mp_veh_mod_idx_s_15_v113
-1695592723,m_ta_tat_h4_016_t0_v0
-1695573143,packed_ng_vehicle_smoke_v70
-1695339472,packed_mp_veh_mod_idx_4_v80
-1695265425,vem_trans_2_t16_v7
-1695207600,m_cl_l_fmm_5_3_t4_v0
-1695138971,packed_mp_veh_wheel_type_0_v309
-1695119492,m_cl_outfit_clo_hilf_o_2_t12_v0
-1695100259,pr_pm_modshop_11_t88_v0
-1695047647,vem_smod5_whl_19_t19_v3
-1695033837,m_cl_clo_scm_ey_0_21_t14_v1
-1694934234,wp_fw_weap_t6_v0
-1694914489,packed_mp_veh_mod_idx_8_v370
-1694781124,m_cl_clo_iem_ph_0_8_t14_v1
-1694726909,vem_colour_extra_1_mct_metallic_blaze_red_t24_v2
-1694697208,packed_mp_veh_mod_idx_s_4_v229
-1694672138,ve_pbus2_t1_v6
-1694623793,dec_vw_aw_2s_4d
-1694614579,packed_mp_veh_mod_idx_s_5_v367
-1694513460,f_cl_outfit_clo_h2f_o_c_10_t12_v0
-1694507997,packed_mp_veh_mod_idx_s_9_v146
-1694426754,f_cl_outfit_clo_x17f_o_m_10_t12_v0
-1694383772,packed_mp_veh_mod_idx_s_3_v226
-1694346502,f_cl_clo_exf_decl_6_t11_v1
-1694223277,packed_mp_veh_mod_idx_s_16_v40
-1694148019,packed_mp_veh_mod_idx_3_v388
-1694115215,f_cl_clo_x6f_f_3_15_t6_v1
-1694108146,f_cl_clo_grf_decl_2_t11_v1
-1694060868,packed_mp_veh_mod_idx_s_4_v339
-1694028355,vem_hiend_08_t19_v0
-1693945717,vem_insurance_issi4
-1693943297,m_cl_clo_grm_u_16_14_t11_v1
-1693833319,vem_armour_2_t1_v11
-1693737704,m_cl_outfit_clo_hstm_o_h_0_t12_v0
-1693707003,f_cl_clo_grf_o_5_t8_v12
-1693668862,f_ta_tat_h3_001_t0_v0
-1693577253,vem_supermod_6_20_t47_v3
-1693570755,service_spend_casino_generic
-1693536824,vem_cmod_tyr_255_t18_v0
-1693517460,packed_mp_veh_mod_idx_24_v66
-1693480707,f_cl_clo_hstfb_14_12_t1_v1
-1693449371,packed_mp_veh_mod_idx_11_v160
-1693434079,f_cl_clo_bhf_u_6_9_t11_v1
-1693427203,m_cl_clo_smm_ph_2_9_t14_v1
-1693319961,f_cl_clo_awf_o_b_13_t3_v12
-1693313575,vem_exhaust_18_t6_v3
-1693248213,f_cl_clo_x4f_u_10_11_t11_v1
-1693150622,wp_wm_tint3_t2_v72
-1693106138,packed_mp_veh_colour_extra2_0_v392
-1693066581,packed_mp_veh_livery2_0_v175
-1693036159,vem_colour_1_mct_metallic_yellow_t24_v1
-1692981555,f_cl_clo_l2f_t_8_1_t7_v1
-1692935452,packed_mp_veh_colour2_0_v149
-1692921529,packed_mp_veh_mod_idx_s_17_v72
-1692903921,m_cl_u_fmm_12_9_t11_v0
-1692892253,vem_smod_whlv11_t66_v0
-1692871437,f_cl_t_fmf_3_1_t7_v0
-1692792424,f_cl_clo_scf_d_28_0_t10_v1
-1692745037,f_cl_clo_x17f_b_10_1_t1_v1
-1692684666,vem_colour_extra_1_mct_pearlescent_moss_brown_t24_v3
-1692607973,m_cl_clo_val_decl_q_t100_v0
-1692533113,m_cl_clo_exm_au_7_0_t11_v1
-1692503526,packed_mp_veh_mod_idx_s_8_v377
-1692481510,packed_mp_veh_colour_extra1_0_v367
-1692458744,vem_horn_hips2_t10_v39
-1692438891,m_cl_clo_exm_eu_12_5_t11_v1
-1692309539,packed_mp_veh_mod_idx_s_9_v93
-1692196029,packed_mp_veh_primary_colour_group_v170
-1692140864,packed_mp_veh_mod_idx_13_v313
-1692045573,m_cl_ht_fmm_6_7_t14_v0
-1692039536,m_cl_clo_x6m_u_3_0_t11_v1
-1692004673,packed_mp_veh_mod_idx_s_4_v363
-1691982886,vem_cmod_win_1_t33_v30
-1691915774,m_cl_clo_iem_u_17_12_t11_v1
-1691854085,packed_mp_veh_livery_0_v61
-1691845899,packed_mp_veh_colour_extra2_0_v115
-1691756074,kosatk_fla_41_t0_v0
-1691682081,packed_mp_veh_mod_idx_s_16_v350
-1691672158,vem_smod4_whlv169_t66_v3
-1691653625,wp_wct_c_tint_13_t2_v70_n2
-1691568589,packed_mp_veh_mod_idx_2_v111
-1691565382,packed_mp_veh_wheel_type_0_v328
-1691548626,m_cl_clo_busm_u_3_4_t8_v1
-1691481718,wp_gsa_type_c_t0_v55
-1691469502,packed_mp_veh_mod_idx_8_v262
-1691468948,m_cl_clo_fxm_ph_2_17_t14_v1
-1691390574,vem_skirt_9_t13_v1
-1691324554,m_ta_tat_bi_050_t0_v0
-1691287994,packed_mp_veh_mod_idx_12_v413
-1691076849,vem_rwd_offr_10_t19_v12
-1690950446,packed_mp_veh_mod_idx_24_v370
-1690930698,packed_lr_vehicle_colour_6_v261
-1690919139,f_cl_l_fmf_1_11_t4_v0
-1690755835,packed_mp_veh_mod_idx_s_11_v171
-1690749954,packed_mp_veh_colour2_0_v401
-1690634127,m_cl_clo_hp_d_17_t8_v2
-1690576836,m_cl_outfit_clo_iem_o_12_t12_v0
-1690455099,vem_rwd_musc_17_t19_v2
-1690413054,m_cl_clo_fxm_pe_0_1_t14_v1
-1690278611,packed_mp_veh_mod_idx_s_3_v309
-1690271745,f_cl_clo_ief_u_14_17_t11_v1
-1690255775,m_cl_clo_x5m_u_16_12_t11_v1
-1690157845,vem_colour_mct_none_90
-1690114713,vem_smod5_whlv133_t66_v3
-1690061043,packed_mp_veh_mod_idx_s_1_v1
-1690024275,vem_supermod_7_7_t48_v6
-1689933616,vem_hood_8_t9_v26
-1689805832,packed_mp_veh_mod_idx_24_v203
-1689777199,vem_rwd_spt_03_t19_v3
-1689640266,f_cl_outfit_clo_h3f_o_sl_35_t12_v0
-1689634257,vem_supermod_9_22_t50_v3
-1689537894,vem_mwt_supermod2_t9_v0
-1689446767,vem_roof_10_t12_v0
-1689384712,m_cl_clo_bim_u_17_2_t11_v1
-1689360191,f_cl_clo_scf_ph_5_1_t14_v1
-1689302337,f_cl_clo_suf_l_1_24_t4_v1
-1689212324,wp_wct_tint_17_t2_v48_n2
-1689127831,packed_mp_veh_mod_idx_s_16_v373
-1689126182,packed_mp_veh_livery2_0_v218
-1689116925,vem_colour_extra_1_mct_metallic_frost_white_t24_v4
-1689075716,m_cl_clo_h2m_b_11_5_t1_v1
-1688985663,vem_horn_indi_4_t10_v3
-1688957549,vem_supermod_4_0_t45_v34
-1688947278,packed_mp_veh_mod_idx_s_15_v212
-1688845395,f_cl_clo_bus_p_1_8_t14_v1
-1688807571,vem_supermod_6_14_t47_v26
-1688762639,packed_mp_veh_livery2_0_v262
-1688741706,packed_mp_int_kosatka_sonar_v0
-1688735036,m_cl_clo_x6m_ey_3_5_t14_v1
-1688638511,m_cl_clo_sbm_ph_5_23_t14_v1
-1688592987,packed_mp_veh_mod_idx_s_2_v409
-1688592197,f_cl_clo_l2f_dec_26_t11_v1
-1688566364,m_ta_tat_gr_021_t0_v0
-1688412326,ve_marshall_n1_t1_v17
-1688383806,packed_lr_vehicle_colour_6_v0
-1688352906,vem_insurance_boor
-1688325142,ve_jackal_t0_v1
-1688076778,packed_mp_veh_colour1_0_v339
-1687973747,packed_mp_veh_mod_idx_5_v14
-1687843583,f_cl_clo_vwf_b_7_2_t1_v1
-1687831781,vem_smod2_whl28_t19_v12
-1687820373,packed_mp_veh_mod_idx_s_17_v267
-1687803727,f_cl_clo_h2f_b_3_7_t1_v1
-1687740871,packed_mp_veh_mod_idx_s_12_v357
-1687720542,autoshop_tnt_7_t0_v0
-1687693492,m_cl_clo_h4m_t_2_2_t7_v1
-1687683643,packed_mp_veh_plate_id_v183
-1687679926,packed_mp_veh_mod_idx_s_1_v212
-1687656764,f_ha_cc_blush_3_t6_v0
-1687602450,m_cl_clo_lxm_u_5_9_t11_v1
-1687515379,wp_wct_tint_4_t2_v1_n2
-1687445321,f_cl_clo_grf_decl_4_t100_v0
-1687349275,packed_mp_veh_secondary_colour_group_v11
-1687308940,packed_mp_veh_mod_idx_s_17_v107
-1687201653,f_cl_clo_bus_p_1_4_t14_v1
-1687115192,m_ha_cc_mkup_6_t7_v1
-1687074677,packed_mp_veh_colour2_0_v349
-1686935097,packed_mp_veh_mod_idx_12_v13
-1686934885,vem_loride_08_t19_v3
-1686903034,m_cl_clo_sbm_pe_1_9_t14_v1
-1686867710,f_cl_clo_s1f_u_0_1_t11_v1
-1686811073,f_cl_clo_s1f_u_1_2_t11_v1
-1686800548,f_cl_clo_bif_f_5_0_t6_v1
-1686799057,packed_mp_veh_mod_idx_s_0_v248
-1686796539,packed_mp_veh_livery_0_v142
-1686679604,packed_mp_veh_mod_idx_s_3_v178
-1686664680,packed_mp_veh_colour_extra1_0_v283
-1686658328,vem_colour_extra_1_mct_matte_black_t24_v1
-1686622214,m_cl_clo_awm_u_17_9_t11_v1
-1686534663,m_cl_clo_bhm_u_3_1_t11_v1
-1686443146,vem_supermod_23_6_t64_v6
-1686422932,packed_mp_veh_mod_idx_s_2_v76
-1686280858,packed_mp_veh_livery2_0_v402
-1686240471,packed_mp_veh_mod_idx_s_11_v78
-1686232335,packed_mp_veh_mod_var_0_v298
-1686192900,f_cl_clo_exf_eu_8_2_t11_v1
-1686191799,packed_mp_veh_mod_idx_14_v198
-1686037755,vem_supermod_23_10_n1_t64_v3
-1686023506,vem_grill_0_t8_v32
-1685894450,vem_smod_whlv59_t66_v0
-1685891391,packed_mp_veh_colour1_0_v261
-1685887274,packed_mp_veh_mod_idx_s_17_v252
-1685866837,ve_brickade2_t1_v38
-1685838723,hangar_mod_floor_decal_6_t0_v0
-1685798342,f_cl_clo_suf_u_19_14_t11_v1
-1685788792,packed_mp_veh_colour1_0_v277
-1685775176,m_cl_clo_exm_decl_10_t100_v0
-1685757152,packed_mp_veh_colour2_0_v289
-1685743203,vem_smod5_whlv79_t66_v3
-1685710518,f_cl_clo_vwf_pey_117_t14_v1
-1685588789,vem_horn_hips1_t10_v29
-1685562519,packed_mp_veh_mod_idx_1_v220
-1685532738,packed_mp_veh_mod_idx_11_v234
-1685494614,m_cl_clo_x3m_b_4_0_t1_v1
-1685438748,packed_mp_veh_mod_idx_24_v109
-1685368175,vem_supermod_0_11_t41_v26
-1685312067,f_cl_clo_s1f_u_8_2_t11_v1
-1685279732,vem_supermod_20_5_t61_v28
-1685251006,m_cl_clo_busm_s_1_2_t8_v2
-1685210030,m_cl_clo_x17m_o_m_11_t3_v12
-1685202064,f_cl_clo_vwf_u_13_19_t11_v1
-1685124613,packed_mp_veh_mod_idx_16_v339
-1685120843,packed_mp_veh_mod_idx_s_4_v4
-1685065180,packed_mp_veh_mod_idx_22_v320
-1685015521,packed_mp_veh_mod_idx_8_v295
-1684937648,wp_wct_camo_ind_t1_v48_n2
-1684903796,vem_colour_extra_1_mct_classic_orange_t24_v33
-1684879963,f_cl_outfit_clo_stf_o_e_4_t12_v0
-1684747157,m_cl_clo_trm_u_9_2_t11_v1
-1684710976,vem_drft_18_t19_v0
-1684709147,m_cl_clo_x6m_t_2_9_t7_v1
-1684521085,m_cl_clo_bbm_h_1_4_t14_v1
-1684444116,vem_smod4_whlv130_t66_v0
-1684433364,f_cl_outfit_clo_stf_o_8_t12_v0_cesp
-1684411507,m_cl_clo_indm_d_19_t100_v0
-1684355354,m_cl_clo_jam_o_1_t100_v0
-1684334717,packed_mp_veh_mod_idx_24_v253
-1684326505,vem_chassis_16_t4_v35
-1684291251,m_ha_cc_lipstick_4_t8_v1
-1684287691,packed_mp_veh_mod_idx_s_3_v186
-1684174858,f_cl_clo_grf_u_23_6_t11_v1
-1684115344,f_cl_clo_exf_eu_1610_t11_v1
-1684106980,packed_mp_veh_mod_idx_s_13_v328
-1683838609,m_cl_clo_l2m_dec_25_t100_v0
-1683800761,vem_colour_2_mct_metallic_nautical_blue_t25_v4
-1683687013,f_cl_clo_hstfb_19_10_t1_v1
-1683634811,vem_smod5_whlv42_t66_v3
-1683552701,mp_stat_mpsv_model_342
-1683513634,f_cl_clo_smf_b_3_11_t1_v1
-1683496638,mp_stat_arcade_mac_12
-1683203395,packed_mp_veh_mod_idx_1_v234
-1683143565,packed_mp_veh_mod_idx_s_7_v205
-1683068619,packed_mp_veh_mod_idx_1_v264
-1683037057,vem_turbo_0_t17_v39
-1682927046,f_cl_clo_awf_ph_2_3_t14_v1
-1682910160,packed_mp_veh_plate_id_v283
-1682893245,vem_supermod_18_3_t59_v38
-1682845252,f_cl_clo_stf_o_2_t3_v12
-1682779410,vem_supermod_14_13_t55_v38
-1682768748,f_cl_clo_smf_b_3_7_t1_v1
-1682621720,m_cl_clo_vwm_s_2_0_t8_v2
-1682517225,f_cl_clo_h2f_o_g_1_t8_v12
-1682516116,vem_smod2_whlv138_t66_v3
-1682508462,vem_fender_l_2_t36_v35
-1682497033,vem_smod_whlv166_t66_v3
-1682444824,m_cl_clo_halm_4_1_t1_v1
-1682433441,f_cl_clo_bhf_u_10_1_t11_v1
-1682376771,packed_mp_veh_mod_idx_1_v407
-1682279410,f_cl_clo_ief_l_0_6_t4_v1
-1682220696,packed_mp_veh_mod_var_0_v311
-1682176883,f_cl_clo_exf_eu_15_5_t11_v1
-1682065475,f_cl_clo_x6f_ph_0_11_t14_v1
-1682056442,packed_mp_veh_mod_idx_s_19_v166
-1681963314,vem_supermod_10_6_t51_v3
-1681958260,m_cl_sp_fmm_6_10_t8_v1
-1681889427,packed_mp_veh_mod_idx_23_v388
-1681862186,m_cl_clo_h4m_b_0_18_t1_v1
-1681836643,packed_mp_veh_mod_idx_s_14_v343
-1681819131,packed_mp_veh_mod_idx_3_v359
-1681807473,packed_mp_veh_mod_idx_s_4_v405
-1681805459,packed_mp_veh_mod_idx_s_10_v264
-1681802702,vem_exhaust_8_t6_v38
-1681776323,packed_mp_veh_mod_idx_s_20_v163
-1681719742,pr_mp_prop_36_t0_v0
-1681711615,f_cl_clo_x6f_ey_3_25_t14_v1
-1681662273,wp_wct_tint_1_t2_v48_n2
-1681625701,packed_mp_veh_mod_idx_11_v343
-1681598815,hangar_mod_lighting_20_t0_v1
-1681582459,packed_mp_veh_mod_idx_12_v217
-1681482593,packed_ng_vehicle_neon_v251
-1681415754,m_cl_l_fmm_15_3_t4_v0
-1681366974,packed_ng_vehicle_neon_v171
-1681318417,packed_mp_veh_mod_idx_s_8_v213
-1681174270,m_cl_clo_h3m_decl_5_t100_v0
-1681138573,vem_colour_extra_1_mct_metallic_gold_t24_v4
-1681032425,packed_mp_veh_colour_extra2_0_v107
-1680997169,f_cl_clo_s2f_u_0_1_t8_v2
-1680987688,packed_mp_veh_mod_idx_23_v83
-1680855509,packed_mp_veh_colour1_0_v169
-1680825947,m_cl_clo_x6m_f_0_1_t6_v1
-1680786718,vem_smod4_whlv188_t66_v1
-1680643809,packed_mp_veh_livery2_0_v355
-1680641079,m_cl_clo_awm_decl_80_t100_v0
-1680623987,packed_mp_veh_mod_idx_s_7_v113
-1680621135,packed_lr_vehicle_colour_5_v357
-1680597616,vem_insurance_ninef2
-1680577338,packed_mp_veh_colour_extra2_0_v202
-1680576939,packed_mp_veh_wheel_type_0_v118
-1680568273,packed_mp_veh_plate_id_v357
-1680486426,packed_ng_vehicle_insurance_v294
-1680389094,m_cl_clo_x6m_lw_1_0_t14_v1
-1680372270,m_cl_clo_grm_l_3_20_t4_v1
-1680215929,packed_ng_vehicle_smoke_v193
-1680173338,packed_mp_veh_mod_idx_2_v144
-1679945172,packed_mp_veh_mod_idx_s_23_v95
-1679923422,vem_colour_extra_1_mct_pearlescent_stone_silver_t24_v0
-1679894811,m_ta_tat_s1_023_t0_v0
-1679821102,f_cl_clo_hp_f_d_20_t11_v1
-1679804631,m_cl_clo_l2m_dec_26_t11_v1
-1679709925,vem_insurance_buccanee
-1679577300,packed_mp_veh_mod_idx_s_14_v2
-1679491913,f_cl_outfit_o_fmf_p6_t12_v0
-1679490895,mp_stat_appartment_var_1_v0
-1679472651,f_cl_clo_busf_t_0_1_t7_v1
-1679466134,packed_mp_veh_primary_colour_group_v414
-1679225642,m_ha_cc_blush_17_t5_v0
-1679197141,f_cl_clo_h2f_o_c_5_t8_v12
-1678922067,packed_mp_veh_mod_idx_2_v260
-1678909159,m_cl_clo_l2m_e_20_0_t14_v1
-1678849224,m_cl_clo_trm_u_19_11_t11_v1
-1678837860,vem_smod3_whlv61_t66_v3
-1678820403,packed_mp_veh_mod_idx_0_v246
-1678805109,packed_mp_veh_wheel_type_0_v191
-1678795574,packed_mp_veh_mod_idx_s_14_v251
-1678715753,kosatk_fla_9_t0_v0
-1678683130,packed_mp_veh_mod_idx_0_v197
-1678680090,packed_mp_veh_mod_idx_12_v181
-1678651006,vem_engine_3_t5_v7
-1678639752,packed_ng_vehicle_neon_kit_v396
-1678471392,packed_mp_veh_mod_idx_13_v168
-1678461491,vem_supermod_3_12_t44_v6
-1678442923,packed_mp_veh_mod_var_0_v171
-1678382297,f_cl_clo_hstf_o_n_1_t8_v12
-1678280258,packed_mp_veh_mod_idx_s_22_v264
-1678082653,f_cl_clo_s1f_o_7_t3_v12
-1677971964,m_cl_clo_h3m_o_bs_5_t11_v12
-1677823990,m_cl_clo_trm_ph_1_10_t14_v1
-1677780472,wp_wt_smg_t0_v0
-1677779714,m_cl_clo_grm_u_6_12_t11_v1
-1677747287,m_cl_clo_awm_o_j_0_t3_v12
-1677720712,packed_ng_vehicle_neon_kit_v220
-1677639959,packed_mp_veh_window_tint_0_v157
-1677534780,f_ta_tat_l2_010_t0_v0
-1677513775,ve_brioso2_t0_v3
-1677410164,packed_mp_veh_mod_idx_s_16_v53
-1677388587,m_cl_clo_trm_ph_1_0_t14_v1
-1677309609,m_ha_face_e_c_10_t4_v0
-1677308944,packed_mp_veh_colour_extra2_0_v323
-1677125089,packed_mp_veh_mod_idx_2_v176
-1677030993,f_cl_clo_hp_f_d_4_t100_v0
-1676899734,wp_wm_tint7_t2_v3
-1676699243,packed_mp_veh_livery_0_v356
-1676695378,pr_pm_modshop_17_t0_v0
-1676634038,m_ha_cc_mkup_70_t5_v0
-1676624044,f_cl_clo_sbf_u_14_17_t11_v1
-1676598878,f_ta_tat_sm_010_t0_v0
-1676587823,packed_mp_veh_primary_colour_group_v386
-1676586587,m_cl_clo_grm_u_4_4_t11_v1
-1676540840,f_cl_clo_sbf_l_4_5_t4_v1
-1676439491,packed_mp_veh_mod_idx_8_v29
-1676419174,packed_mp_veh_secondary_colour_group_v154
-1676366198,f_cl_clo_bbf_003_t4_v1
-1676293815,vem_supermod_15_8_n1_t56_v3
-1676191892,mt_snk_item4_t0_v3
-1676139565,f_ta_tat_lx_019_t0_v0
-1676102178,vem_supermod_45_7_t45_v7
-1676092219,f_cl_clo_busf_u_3_2_t11_v1
-1676092191,m_cl_clo_iem_b_2_3_t1_v1
-1676076192,packed_mp_veh_window_tint_0_v3
-1676046731,packed_ng_vehicle_neon_v222
-1675955478,f_cl_clo_grf_u_20_25_t11_v1
-1675916330,packed_ng_vehicle_insurance_v194
-1675867288,packed_mp_veh_mod_idx_5_v168
-1675864387,vem_supermod_18_9_t59_v28
-1675782104,m_cl_clo_lxm_w_0_1_t14_v1
-1675735641,m_cl_clo_fxm_l_4_2_t4_v1
-1675723404,vem_skirt_2_t13_v1
-1675689699,vem_colour_extra_1_mct_pearlescent_light_blue_t24_v3
-1675683327,packed_mp_veh_mod_idx_s_12_v327
-1675596800,vem_colour_1_mct_classic_bright_green_t24_v1
-1675566141,packed_mp_veh_mod_idx_23_v120
-1675564164,packed_mp_veh_mod_idx_7_v411
-1675500748,vem_supermod_0_12_t41_v28
-1675475277,f_cl_clo_suf_u_7_16_t11_v1
-1675400846,f_cl_clo_x4f_u_11_0_t11_v1
-1675345291,f_cl_clo_h3f_u_16_0_t11_v1
-1675323289,vem_supermod_21_0_t62_v38
-1675260658,packed_mp_veh_mod_idx_s_21_v274
-1675255282,packed_mp_veh_mod_idx_s_22_v372
-1675175709,m_cl_outfit_clo_hstm_o_15_t12_v0
-1675161315,packed_mp_veh_mod_idx_22_v158
-1675150257,packed_mp_veh_mod_idx_s_12_v42
-1675015744,m_cl_clo_h2m_f_3_3_t6_v1
-1674836532,vem_smod3_whlv117_t66_v3
-1674810121,m_cl_clo_fxm_ph_4_1_t14_v1
-1674802376,m_cl_clo_trm_u_11_15_t11_v1
-1674798809,packed_mp_veh_mod_idx_s_3_v98
-1674787048,packed_ng_vehicle_insurance_v212
-1674712352,packed_mp_veh_colour2_0_v131
-1674691742,packed_mp_veh_mod_idx_0_v366
-1674636125,vem_cmod_neoncol_6_t21_v36
-1674616966,m_cl_clo_vwm_ph_1_12_t14_v1
-1674602048,f_ha_none_t4_v0
-1674545451,f_cl_clo_fxf_l_5_7_t4_v1
-1674522292,vem_supermod_23_4_t64_v27
-1674441034,packed_mp_veh_mod_idx_12_v387
-1674409635,wp_wct_tint_28_t2_v5_n2
-1674408871,wp_wct_c_tint_4_t2_v56_n2
-1674380785,m_cl_clo_x6m_f_5_19_t6_v1
-1674357867,packed_mp_veh_mod_idx_14_v212
-1674283142,packed_mp_veh_mod_idx_s_5_v285
-1674266168,packed_mp_veh_mod_var_1_v26
-1674181162,vem_supermod_23_20_n1_t64_v33
-1674159331,vem_supermod_9_8_t50_v10
-1674108188,vem_horn_cnote_e0_t10_v28
-1674068906,packed_mp_veh_mod_idx_9_v70
-1674034861,f_cl_clo_busf_f_1_2_t6_v1
-1674021336,packed_mp_veh_mod_idx_s_14_v126
-1673995348,vem_rwd_musc_03_t19_v3
-1673914583,packed_mp_veh_secondary_colour_group_v291
-1673869615,vem_chassis_1_t4_v33
-1673748103,vem_supermod_23_1_t64_v22
-1673730189,f_cl_clo_awf_f_8_7_t6_v1
-1673719102,mp_stat_mpsv_model_171
-1673554737,packed_mp_veh_mod_var_0_v26
-1673487816,packed_lr_vehicle_colour_6_v363
-1673487167,m_cl_clo_arm_o_25_t7_v12
-1673422553,f_ha_clo_vwf_h_0_0_t0_v1
-1673403288,vem_supermod_12_7_t53_v26
-1673338084,packed_ng_vehicle_neon_v54
-1673271366,wp_wct_flash_t1_v1_n2
-1673253293,packed_lr_vehicle_colour_6_v327
-1673155680,vem_supermod_42_5_t42_v7
-1673137601,vem_smod_whlv4_t66_v3
-1673090611,packed_lr_vehicle_colour_6_v121
-1673040248,vem_cmod_tyr_8_t18_v4
-1672888535,f_cl_clo_scf_f_0_17_t6_v1
-1672795468,m_cl_outfit_clo_x3m_u_0_1_t12_v0
-1672677482,wp_wt_combatpdw_t0_v0
-1672673161,packed_mp_veh_mod_idx_13_v371
-1672589284,packed_mp_veh_mod_var_1_v367
-1672510916,packed_mp_veh_mod_idx_18_v384
-1672249932,vem_cmod_tyr_10_t18_v28
-1672202191,packed_mp_veh_mod_idx_s_20_v123
-1672088330,packed_ng_vehicle_insurance_v67
-1672057770,vem_spoiler_5_t14_v27
-1672055757,packed_mp_veh_mod_idx_7_v394
-1672031255,dec_vw_aw_mt_2b
-1672002460,vem_supermod_58_6_t58_v7
-1671836575,m_cl_clo_h4m_b_3_11_t1_v1
-1671704429,vem_colour_1_mct_metallic_sandy_brown_t24_v33
-1671673607,vem_rwd_offr_09_t19_v2
-1671624652,f_cl_clo_ief_b_5_3_t1_v1
-1671564930,packed_mp_veh_mod_idx_s_10_v3
-1671511380,packed_mp_veh_mod_idx_s_16_v70
-1671439098,f_cl_clo_hstf_t_1_8_t7_v1
-1671368201,m_cl_ht_fmm_12_0_t14_v0
-1671307473,f_cl_clo_l2f_g_0_7_t14_v1
-1671306122,f_cl_clo_scf_t_5_2_t7_v1
-1671281647,packed_mp_veh_mod_idx_9_v390
-1671180883,factory_index_18_t0_v0
-1671142623,packed_mp_veh_window_tint_0_v414
-1671089933,packed_mp_veh_mod_idx_s_20_v243
-1670979177,vem_supermod_21_7_t62_v28
-1670953641,vem_supermod_10_7_t51_v10
-1670939740,vem_horn_clas5_t10_v27
-1670920491,m_cl_u_fmm_5_2_t11_v0
-1670889233,f_cl_clo_grf_l_0_3_t4_v1
-1670836335,f_cl_clo_awf_b_3_4_t1_v1
-1670715161,f_cl_clo_lxf_e_3_0_t14_v1
-1670591194,vem_insurance_jester2
-1670539493,m_cl_clo_h3m_l_4_11_t4_v1
-1670529358,vem_colour_mct_none_128
-1670516512,m_cl_clo_awm_u_1_15_t11_v1
-1670449895,packed_mp_veh_mod_idx_s_22_v252
-1670397387,f_cl_clo_bif_decl_55_t100_v0
-1670374109,packed_mp_veh_mod_idx_14_v107
-1670330159,m_cl_clo_grm_u_6_3_t11_v1
-1670324989,packed_ng_vehicle_neon_v136
-1670310802,f_cl_outfit_clo_hstf_o_n_1_t12_v0
-1670273946,vem_bikew_18_t19_v3
-1670172911,kosatk_fla_40_t0_v1
-1670109624,vem_cmod_win_0_t33_v3
-1670064859,kosatk_fla_29_t0_v1
-1670055741,vem_colour_extra_1_mct_classic_stone_silver_t24_v4
-1669957193,m_cl_clo_vwm_u_21_10_t11_v1
-1669905015,packed_mp_veh_mod_idx_s_15_v31
-1669809011,m_ta_tat_x2_017_t0_v0
-1669643538,packed_mp_veh_mod_idx_7_v93
-1669601034,vem_truck_slot_6_mod_1_t0_v0
-1669591049,f_cl_ht_fmf_9_1_t14_v0
-1669577600,f_cl_clo_trf_d_29_0_t10_v1
-1669487570,packed_mp_veh_mod_idx_0_v213
-1669438379,f_cl_clo_vwf_u_16_10_t11_v1
-1669423080,m_cl_outfit_clo_stm_o_1_t12_v0
-1669411560,f_ta_tat_fm_241_t0_v0
-1669291610,packed_ng_vehicle_neon_v319
-1669192627,wp_wct_camo_1_t1_v8_n2
-1669170296,packed_mp_veh_mod_idx_22_v193
-1669167980,packed_mp_veh_mod_idx_7_v280
-1669156024,vem_smod_whlv88_t66_v0
-1669130221,packed_mp_veh_mod_idx_4_v414
-1669087810,packed_mp_veh_mod_idx_s_14_v367
-1669049235,f_cl_clo_stf_o_0_t11_v12_cesp
-1668960265,packed_ng_vehicle_neon_kit_v13
-1668861277,f_cl_clo_awf_decl_98_t100_v0
-1668823932,packed_mp_veh_mod_idx_1_v33
-1668719794,vem_cmod_neoncol_255_t21_v3
-1668711836,packed_mp_veh_mod_idx_s_16_v383
-1668709279,vem_supermod_7_16_t48_v3
-1668550634,packed_mp_veh_mod_idx_0_v353
-1668531304,f_cl_clo_stf_o_15_t8_v12
-1668451889,vem_colour_extra_1_mct_metallic_rolled_steel_t24_v33
-1668317791,packed_mp_veh_mod_idx_7_v316
-1668057477,f_ta_tat_bi_038_t0_v0_cesp
-1667990358,m_cl_clo_vwm_u_21_22_t11_v1
-1667969014,packed_mp_veh_window_tint_0_v29
-1667914552,m_cl_clo_valm_b_1_1_t1_v1
-1667849105,vem_hiend_02_t19_v12
-1667840013,packed_ng_vehicle_smoke_v365
-1667762339,m_ta_tat_s1_009_t0_v0
-1667580419,vem_rwd_spt_12_t19_v2
-1667576239,ve_stratum_t0_v0
-1667571700,ve_baller_t0_v2
-1667362158,vem_smod4_whlv202_t66_v2
-1667331629,m_cl_clo_hstmb_14_18_t1_v1
-1667246869,vem_cmod_tyr_lg_t30_v28
-1667245829,f_cl_clo_h2f_u_6_12_t11_v1
-1667157506,packed_ng_vehicle_neon_kit_v84
-1666910735,vem_hlight_13_t11_v38
-1666859598,packed_mp_veh_mod_idx_5_v294
-1666842164,f_cl_clo_x6f_l_7_10_t4_v1
-1666824877,vem_cmod_neoncol_1_t21_v2
-1666769944,packed_mp_veh_livery_0_v248
-1666757941,packed_lr_vehicle_colour_5_v288
-1666617893,packed_mp_veh_livery2_0_v343
-1666584663,f_cl_clo_hstf_u_3_0_t100_v0
-1666463253,f_ta_tat_bi_042_t0_v0
-1666446742,m_cl_clo_bhm_l_0_7_t4_v1
-1666393614,f_cl_clo_hstf_b_15_3_t1_v1
-1666275674,vem_colour_2_mct_classic_olive_green_t25_v2
-1666263560,packed_mp_veh_mod_idx_24_v33
-1666219186,f_cl_clo_h3f_u_10_5_t11_v1
-1666145510,m_cl_clo_scm_d_17_1_t10_v1
-1666056662,f_cl_clo_l2f_g_0_4_t14_v1
-1665981825,vem_horn_indi_4_t10_v2
-1665967165,m_cl_clo_v2m_o_11_t3_v12
-1665891155,vem_smod2_whlv159_t66_v3
-1665848625,vem_insurance_peyote2
-1665796379,f_ta_tat_s1_023_t0_v0
-1665765569,mp_stat_multstorey_gar_owned
-1665606051,wp_wct_clip2_t1_v21_n2
-1665587890,packed_ng_vehicle_neon_kit_v290
-1665536232,packed_mp_veh_mod_idx_11_v81
-1665518577,vem_supermod_3_3_t44_v7
-1665497733,packed_mp_veh_mod_idx_s_9_v33
-1665496550,packed_mp_veh_mod_idx_2_v332
-1665490003,f_cl_clo_suf_l_2_0_t4_v1
-1665459205,ve_avarus_t0_v3
-1665419811,packed_mp_veh_colour_extra1_0_v138
-1665400004,f_cl_clo_bhf_decl_18_t11_v1
-1665326288,vem_supermod_21_23_t62_v3
-1665302571,packed_mp_veh_mod_idx_s_14_v44
-1665286776,vem_supermod_2_14_t43_v28
-1665196322,packed_mp_veh_mod_idx_6_v55
-1665161506,packed_mp_veh_mod_idx_0_v234
-1665101839,vem_hlight_1_t11_v0
-1665069002,vem_supermod_9_1_t50_v10
-1664880888,f_ta_tat_bi_025_t0_v0_cesp
-1664825545,packed_mp_veh_primary_colour_group_v210
-1664792818,f_cl_clo_val_decl_d_t100_v0
-1664678786,vem_colour_1_mct_matte_yellow_t24_v1
-1664545296,m_cl_clo_x6m_lw_1_2_t14_v1
-1664538165,m_ta_tat_h27_001_t0_v0
-1664534619,packed_mp_veh_mod_idx_5_v239
-1664465316,packed_mp_veh_colour_extra1_0_v316
-1664431610,packed_mp_veh_colour2_0_v371
-1664379085,packed_mp_veh_mod_idx_4_v379
-1664376167,vem_horn_indi_2_t10_v39
-1664337938,packed_mp_veh_colour1_0_v78
-1664307362,packed_mp_veh_mod_idx_2_v199
-1664251418,vem_exhaust_0_t6_v33
-1664243985,f_cl_clo_vwf_u_15_17_t11_v1
-1664139717,packed_mp_veh_mod_idx_9_v330
-1664127632,f_cl_clo_sbf_u_13_19_t11_v1
-1664108058,packed_mp_veh_mod_idx_23_v276
-1663852943,vem_trans_1_t16_v10
-1663843105,m_cl_clo_grm_u_6_4_t11_v1
-1663684040,m_cl_outfit_clo_x6m_o_o_25_t12_v0
-1663670287,m_cl_clo_vwm_l_1_8_t4_v1
-1663539454,packed_mp_veh_mod_idx_14_v323
-1663483348,f_cl_f_fmf_15_5_t6_v0
-1663462135,m_cl_clo_l2m_e_31_0_t14_v1
-1663367586,packed_mp_veh_mod_idx_s_7_v374
-1663300449,m_cl_outfit_clo_h3m_o_dl_36_t12_v0
-1663224365,vem_smod4_whlv148_t66_v0
-1663199108,vem_smod4_whlv105_t66_v3
-1663190408,m_cl_clo_bus_m_o_24_t3_v12
-1663083356,vem_suspension_3_t15_v30
-1663064533,pr_pm_font_4_t1_v0
-1663038845,m_cl_clo_exm_oa_0_t3_v12
-1662948419,vem_supermod_7_14_t48_v28
-1662880598,m_cl_clo_h2m_b_3_7_t1_v1
-1662800187,packed_mp_veh_mod_idx_16_v19
-1662799537,f_ta_tat_vw_029_t0_v0
-1662691241,mp_stat_mpsv_model_266
-1662557751,m_cl_clo_hilf_s_2_4_t8_v1
-1662436109,packed_mp_veh_mod_idx_s_12_v71
-1662365255,vem_supermod_14_0_t55_v7
-1662210824,vem_cmod_hrn_mus2_t10_v29
-1662204035,f_cl_clo_v2f_o_7_t3_v12
-1662189068,f_cl_clo_fxf_u_7_18_t11_v1
-1662100272,f_cl_clo_smf_b_1_24_t1_v1
-1662042053,packed_mp_veh_secondary_colour_group_v247
-1661988708,packed_mp_veh_plate_id_v404
-1661909487,f_cl_clo_bus_m_2_2_t1_v1
-1661901068,vem_supermod_10_3_t51_v10
-1661835575,f_cl_clo_grf_u_0_6_t11_v1
-1661683085,packed_mp_veh_mod_idx_s_1_v6
-1661656966,m_ta_tat_bus_013_t0_v0
-1661640868,packed_ng_vehicle_neon_v119
-1661640617,packed_mp_veh_mod_idx_s_7_v220
-1661632677,m_cl_clo_sum_u_3_2_t11_v1
-1661586427,f_cl_clo_bif_l_0_1_t4_v1
-1661434047,f_cl_clo_bif_decl_13_t100_v0
-1661399952,packed_mp_veh_mod_idx_18_v183
-1661385323,vem_supermod_3_25_t44_v11
-1661383726,packed_mp_veh_livery_0_v405
-1661225515,vem_supermod_7_6_t48_v27
-1661214688,wp_wct_clip_drm_t1_v8
-1661202358,packed_mp_veh_plate_id_v339
-1661147761,packed_mp_veh_mod_idx_23_v124
-1661077935,vem_supermod_45_1_t45_v7
-1660993844,m_cl_clo_vwm_u_10_19_t11_v1
-1660987737,m_cl_clo_stm_o_10_t11_v12_cesp
-1660950700,vem_offr_03_t19_v12
-1660931329,f_cl_f_fmf_11_3_t6_v0
-1660927563,f_cl_clo_fxf_l_0_15_t4_v1
-1660833312,ve_zr3803_t1_v38
-1660509763,wp_wm_tint6_t2_v13
-1660482070,wp_wm_tint2_t2_v21
-1660388845,vem_smod4_whlv163_t66_v2
-1660326310,m_cl_clo_valm_u_1_2_t11_v1
-1660277421,m_cl_f_fmm_1_8_t6_v0
-1660257993,m_cl_clo_sum_l_2_1_t4_v1
-1659688586,packed_mp_veh_mod_var_1_v238
-1659599941,packed_mp_veh_mod_idx_6_v147
-1659572223,f_cl_clo_v2f_o_5_t8_v12
-1659517269,m_cl_clo_smm_ph_3_16_t14_v1
-1659456697,packed_mp_veh_mod_idx_s_10_v258
-1659422105,vem_supermod_1_13_t42_v11
-1659342837,ve_savestra_t0_v3
-1659292714,vem_hiend_03_t19_v1
-1659216112,vem_colour_extra_1_mct_classic_red_t24_v3
-1659161947,f_ta_tat_x2_005_t0_v0
-1659160306,vem_smod4_whlv168_t66_v2
-1659097816,vem_supermod_19_8_t60_v28
-1659073476,vem_exhaust_3_t6_v28
-1659071076,packed_lr_vehicle_colour_6_v376
-1658934971,vem_supermod_59_4_t59_v7
-1658918527,f_cl_clo_vwf_decl_34_t100_v0
-1658909278,m_ta_tat_fm_218_t0_v0
-1658896308,f_cl_clo_h2f_ph_4_9_t14_v1
-1658893700,vem_fender_r_12_n1_t37_v27
-1658886803,packed_mp_veh_mod_idx_9_v138
-1658849922,vem_smod4_whlv198_t66_v3
-1658836206,f_cl_clo_vwf_u_19_22_t11_v1
-1658778891,vem_colour_2_mct_metallic_mariner_blue_t25_v1
-1658747752,f_cl_clo_vwf_decl_25_t100_v0
-1658729240,f_cl_clo_grf_ph_6_9_t14_v1
-1658721490,auto_shop_index_1_t0_v0
-1658709259,packed_mp_veh_mod_idx_24_v251
-1658600391,packed_mp_veh_mod_idx_8_v61
-1658596011,packed_mp_veh_mod_idx_4_v34
-1658482355,wp_wct_c_tint_3_t2_v13_n2
-1658406369,packed_mp_veh_mod_idx_2_v114
-1658320379,vem_smod4_whlv75_t66_v2
-1658314206,wp_wct_tint_5_t2_v21_n2
-1658291462,f_cl_clo_exf_au_8_3_t11_v1
-1658266156,packed_mp_veh_livery_0_v79
-1658225921,service_spend_request_supply
-1658214947,packed_mp_veh_livery_0_v307
-1658201782,f_cl_clo_h3f_u_18_0_t11_v1
-1658183181,m_cl_outfit_o_fmm_s8_t12_v0
-1658138114,m_cl_clo_x6m_f_10_10_t6_v1
-1658121013,f_cl_clo_suf_decl_5_t11_v1
-1658081471,vem_colour_2_mct_classic_petrol_green_t25_v2
-1658058812,vem_supermod_3_10_t44_v6
-1658057388,f_cl_clo_h3f_l_5_4_t4_v1
-1657925773,f_cl_t_fmf_5_4_t7_v0
-1657887535,packed_mp_veh_mod_idx_s_2_v5
-1657777955,packed_mp_veh_mod_idx_s_7_v289
-1657760802,vem_rwd_bikew_09_t19_v4
-1657748666,m_ha_cc_mkup_32_t7_v0
-1657676916,m_ta_tat_vw_006_t0_v0
-1657659789,wp_wm_tint1_t3_v23
-1657597947,vem_colour_1_mct_classic_chocolate_brown_t24_v3
-1657463092,vem_truck_type_4_t0_v1
-1657378009,m_cl_clo_awm_f_4_2_t6_v1
-1657361074,m_cl_clo_hp_g_1_6_t14_v0
-1657247087,packed_mp_veh_mod_idx_s_19_v404
-1657246816,vem_colour_1_mct_metals_br_aluminium_t24_v2
-1657173381,m_cl_clo_h3m_b_18_22_t1_v1
-1657119378,vem_supermod_10_1_t51_v10
-1657079429,packed_mp_veh_mod_idx_s_8_v385
-1656962008,m_cl_clo_grm_u_14_13_t11_v1
-1656945741,m_cl_clo_bim_ph_11_2_t14_v1
-1656939983,packed_mp_veh_mod_idx_s_12_v343
-1656931694,wp_wct_tint_23_t2_v1_n2
-1656873584,packed_mp_veh_secondary_colour_group_v383
-1656849761,packed_mp_veh_mod_idx_s_19_v78
-1656744228,wp_wct_bat_xm302_t1_v37
-1656729376,packed_mp_veh_mod_var_1_v379
-1656702967,packed_mp_veh_mod_idx_23_v28
-1656657296,f_cl_clo_x6f_u_30_14_t11_v1
-1656619729,m_cl_clo_grm_ph_2_8_t14_v1
-1656618846,vem_rwd_drft_11_t19_v2
-1656614425,mp_stat_mpsv_model_0
-1656604027,f_cl_clo_x6f_l_8_21_t4_v1
-1656490151,packed_mp_veh_mod_idx_s_5_v263
-1656456646,m_cl_clo_bim_decl_12_t100_v0
-1656450077,vem_smod_whlv129_t66_v3
-1656339821,f_cl_clo_trf_u_14_7_t11_v1
-1656285135,m_cl_clo_bim_u_13_3_t11_v1
-1656248156,m_cl_clo_hst_a_7_t8_v1
-1656241984,f_cl_clo_bif_l_2_0_t4_v1
-1656161464,f_cl_clo_x4f_u_12_0_t11_v1
-1656092539,vem_cmod_tyr_stt_t30_v1
-1656069820,packed_mp_veh_livery2_0_v198
-1655993784,f_cl_clo_grf_u_2_3_t11_v1
-1655982438,packed_mp_veh_mod_idx_9_v81
-1655906263,packed_mp_veh_wheel_type_0_v405
-1655899410,vem_colour_2_mct_classic_black_t25_v0
-1655884970,m_cl_clo_s2m_d_30_t100_v0
-1655874105,m_cl_clo_iem_b_3_0_t1_v1
-1655747414,packed_ng_vehicle_neon_v0
-1655742594,vem_colour_extra_1_mct_metallic_gold_t24_v1
-1655726997,m_cl_clo_smm_u_2_3_t11_v1
-1655655409,m_cl_clo_smm_ph_8_15_t14_v1
-1655543190,packed_mp_veh_mod_idx_s_19_v263
-1655500487,packed_mp_veh_mod_idx_s_18_v163
-1655367584,vem_skirt_2_t13_v30
-1655363768,f_cl_clo_x6f_t_2_0_t7_v1
-1655311017,wp_wct_c_tint_30_t2_v21_n2
-1655301163,vem_suv_02_t19_v0
-1655200064,vem_smod3_whlv105_t66_v3
-1655133081,vem_colour_extra_1_mct_metallic_beechwood_brown_t24_v2
-1655115544,m_cl_clo_sbm_ph_4_1_t14_v1
-1655109520,vem_supermod_14_0_t55_v31
-1655105921,f_cl_clo_hstfb_17_6_t1_v1
-1655084538,m_cl_clo_sbm_lw_1_0_t14_v1
-1655068082,packed_mp_veh_mod_idx_9_v46
-1655058587,vem_colour_extra_1_mct_metallic_might_purple_t24_v33
-1655006801,vem_bumper_f_8_t34_v1
-1654883068,packed_mp_veh_mod_idx_18_v238
-1654815055,vem_trans_1_t16_v33
-1654778883,vem_insurance_ratbike
-1654773656,vem_grill_4_t8_v11
-1654676115,vem_supermod_14_6_t55_v28
-1654640390,vem_spoiler_1_t14_v36
-1654623491,packed_mp_veh_mod_idx_s_6_v119
-1654613742,packed_mp_veh_mod_idx_24_v274
-1654598296,packed_mp_veh_mod_idx_16_v259
-1654555200,packed_mp_veh_mod_idx_s_10_v381
-1654474186,f_cl_clo_grf_g_1_10_t3_v1
-1654428279,f_cl_clo_hstfb_17_8_t1_v1
-1654392633,vem_cmod_tyr_lg_t30_v4
-1654320146,autoshop_tnt_9_t0_v0
-1654293842,f_cl_clo_h2f_o_g_21_t8_v12
-1654278617,vem_colour_2_mct_metallic_spin_purple_t25_v1
-1654265991,m_cl_clo_hilf_u_2_3_t11_v1
-1654233810,f_cl_clo_bif_s_16_11_t8_v1
-1654166513,packed_mp_veh_mod_idx_s_8_v110
-1654160669,packed_mp_veh_mod_idx_s_16_v101
-1654139010,m_cl_clo_hstm_g_4_0_t3_v1
-1654126800,packed_ng_vehicle_neon_kit_v250
-1654108630,veu_entity3_t0_v0
-1654065724,m_cl_outfit_clo_assm_o_0_t12_v0
-1654060904,f_cl_clo_hstf_g_3_0_t3_v1
-1653994350,m_cl_clo_hstm_f_0_0_t6_v1
-1653954272,packed_mp_veh_mod_idx_8_v185
-1653825819,f_cl_outfit_clo_h2f_o_c_7_t12_v0
-1653776109,m_cl_clo_x6m_ph_0_7_t14_v1
-1653742482,kosatk_col_5_t0_v0
-1653678669,f_cl_clo_grf_ph_4_17_t14_v1
-1653613588,f_ta_tat_sb_015_t0_v0
-1653589899,vem_horn_cnote_d0_t10_v10
-1653517328,candc_hacker_tnt_5_t0_v0
-1653477635,f_cl_clo_exf_g_10_8_t14_v0
-1653451385,packed_mp_veh_mod_idx_16_v250
-1653415930,vem_cmod_col5_4_t29_v4
-1653390539,m_cl_outfit_clo_awm_o_f_15_t12_v0
-1653380709,packed_mp_veh_mod_idx_1_v219
-1653374222,m_ta_tat_ar_000_t0_v0
-1653262303,packed_mp_veh_mod_idx_9_v97
-1653206810,packed_mp_veh_mod_idx_s_12_v192
-1653205052,f_cl_clo_s1f_e_2_0_t14_v1_cesp
-1653132621,vem_supermod_7_13_t48_v6
-1653099528,packed_ng_vehicle_insurance_v373
-1653082951,vem_supermod_2_0_t43_v27
-1653064154,m_cl_clo_awm_decl_61_t100_v0
-1652990387,m_cl_sp_fmm_10_13_t8_v1
-1652930489,f_cl_clo_smf_b_5_19_t1_v1
-1652901571,packed_mp_veh_mod_idx_10_v2
-1652753189,m_ha_cc_mkup_69_t5_v0
-1652749185,pr_pm_colour_4_t0_v0
-1652689021,f_cl_clo_ief_u_14_21_t11_v1
-1652635286,m_cl_clo_awm_decl_118_t100_v0
-1652610396,packed_mp_veh_mod_idx_5_v372
-1652603291,m_cl_clo_busm_s_0_7_t8_v1
-1652553797,packed_mp_veh_mod_idx_7_v296
-1652505088,m_cl_clo_sum_u_17_8_t11_v2
-1652436938,packed_mp_veh_mod_idx_s_2_v399
-1652348491,vem_skirt_10_t13_v1
-1652213483,packed_mp_veh_mod_idx_5_v232
-1652208000,f_cl_clo_scf_d_25_11_t10_v1
-1652145038,vem_supermod_19_4_t60_v3
-1652094201,packed_mp_veh_mod_idx_s_4_v127
-1652088919,m_cl_clo_sbm_f_3_15_t6_v1
-1652011320,vem_smod4_whlv60_t66_v0
-1651970668,f_cl_clo_val_decl_a_t100_v0
-1651905307,packed_mp_veh_mod_idx_s_19_v247
-1651864352,m_cl_clo_h2m_b_4_17_t1_v1
-1651808628,vem_bumper_f_1_t34_v28
-1651723185,m_cl_clo_grm_u_2_19_t100_v0
-1651668207,packed_mp_veh_mod_idx_5_v88
-1651578142,f_ta_tat_bi_007_t0_v0
-1651572568,packed_mp_veh_mod_idx_s_19_v81
-1651448256,m_cl_g_fmm_8_0_t14_v0
-1651391505,packed_mp_veh_mod_idx_3_v288
-1651359531,vem_colour_1_mct_metallic_purple_t24_v0
-1651274716,packed_mp_veh_colour_extra1_0_v265
-1651244104,vem_cmod_neonlay_4_t21_v29
-1651083901,vem_spt_25_t19_v0
-1650997660,packed_mp_veh_secondary_colour_group_v201
-1650993367,wp_wm_tint7_t2_v67
-1650950925,wp_wct_tint_27_t2_v22_n2
-1650804617,packed_mp_veh_colour1_0_v63
-1650611500,vem_supermod_8_15_t49_v7
-1650543749,f_cl_l_fmf_9_0_t4_v0
-1650493040,packed_mp_veh_mod_idx_15_v302
-1650420164,f_cl_clo_grf_b_5_18_t1_v1
-1650403241,packed_mp_veh_mod_idx_4_v55
-1650396313,packed_mp_veh_mod_idx_s_1_v290
-1650388306,vem_supermod_5_11_t46_v28
-1650302944,f_cl_clo_awf_decl_25_t100_v0
-1650295348,m_cl_clo_h2m_b_7_11_t1_v1
-1650201890,packed_mp_veh_mod_idx_5_v321
-1650171491,packed_lr_vehicle_colour_5_v261
-1650108063,m_cl_outfit_o_fmm_b7_t12_v0
-1650035244,f_cl_clo_sbf_lw_0_2_t14_v1
-1650030063,f_cl_clo_grf_ph_5_11_t14_v1
-1649861983,f_ta_tat_fm_232_t0_v0
-1649848434,packed_mp_veh_mod_idx_5_v192
-1649735824,f_cl_clo_jaf_h_5_0_t14_v1
-1649707175,packed_mp_veh_mod_idx_11_v308
-1649603147,f_ha_cc_f_hs_13_t0_v0
-1649585591,packed_mp_veh_primary_colour_group_v369
-1649582152,f_cl_l_fmf_12_8_t4_v0
-1649539397,packed_mp_veh_mod_idx_s_18_v302
-1649370036,f_cl_clo_bif_u_21_3_t11_v1
-1649259549,vem_supermod_50_16_t50_v7
-1649166453,packed_mp_veh_mod_idx_s_6_v20
-1649161910,wp_wm_tint4_t2_v24
-1648987225,m_ha_cc_eyebrw_28_t2_v0
-1648973836,m_cl_clo_scm_l_10_11_t4_v1
-1648930774,mp_stat_mpsv_model_43
-1648926711,vem_supermod_1_10_t42_v10
-1648815385,packed_mp_veh_mod_idx_16_v378
-1648682624,packed_mp_veh_livery_0_v342
-1648552295,vem_colour_extra_1_mct_classic_gold_t24_v2
-1648527798,vem_engine_1_t5_v0
-1648509109,packed_mp_veh_mod_idx_24_v161
-1648474818,vem_colour_extra_1_mct_metallic_silver_t24_v4
-1648410840,packed_mp_veh_mod_idx_s_13_v82
-1648374565,mp_stat_mpsv_model_31
-1648358926,packed_mp_veh_mod_idx_12_v310
-1648340775,vem_smod5_whlv9_t66_v0
-1648328950,vem_colour_2_mct_classic_rolled_steel_t25_v0
-1648264620,packed_mp_veh_mod_idx_s_6_v404
-1648251255,m_ta_tat_bi_052_t0_v0
-1648206766,m_cl_clo_iem_u_7_24_t11_v1
-1648144225,vem_supermod_20_3_t61_v26
-1648122843,packed_mp_veh_mod_idx_s_9_v394
-1648045377,fcclub_stor_1_t0_v0
-1648040400,vem_hiend_07_t19_v2
-1648026403,packed_mp_veh_mod_idx_12_v232
-1648005602,packed_lr_vehicle_colour_5_v121
-1647836147,packed_mp_veh_mod_idx_s_10_v334
-1647818043,vem_colour_extra_1_mct_matte_matte_for_t24_v4
-1647765457,f_cl_outfit_clo_l2f_o_4_t12_v0
-1647614837,vem_smod4_whl_15_t19_v3
-1647603709,f_ta_tat_s1_010_t0_v0
-1647600336,packed_mp_veh_mod_idx_s_22_v107
-1647546978,vem_colour_1_mct_classic_cabernet_red_t24_v33
-1647532121,m_cl_clo_awm_u_7_17_t11_v1
-1647531143,packed_lr_vehicle_colour_6_v135
-1647507598,packed_mp_veh_mod_idx_7_v166
-1647504731,vem_exhaust_0_t6_v10
-1647366838,ve_kalahari_t1_v0
-1647354540,packed_mp_veh_mod_idx_s_22_v410
-1647302441,vem_supermod_8_18_t49_v3
-1647294097,ve_dump_t1_v0
-1647292776,packed_mp_veh_mod_idx_s_6_v68
-1647265829,packed_mp_veh_mod_idx_s_5_v245
-1647172648,vem_cmod_col5_14_t29_v1
-1647134523,vem_bumper_r_1_t35_v4
-1647040509,f_ta_tat_h3_026_t0_v0
-1646999042,wp_wct_camo_3_t1_v8_n2
-1646849795,packed_mp_veh_mod_idx_s_8_v4
-1646791911,f_ta_tat_fm_225_t0_v0
-1646781578,m_cl_clo_jam_u_1_0_t11_v1
-1646773662,packed_mp_veh_mod_idx_2_v120
-1646690919,packed_mp_veh_plate_id_v385
-1646435537,vem_chassis_15_t4_v39
-1646433250,packed_mp_veh_mod_idx_s_14_v169
-1646403670,f_ta_tat_bus_f_014_t0_v0
-1646282534,vem_cmod_tyr_12_t18_v7
-1646161060,packed_mp_veh_colour_extra1_0_v240
-1646132299,packed_mp_veh_mod_idx_11_v190
-1646114863,m_cl_clo_lxm_dec_28_t100_v0
-1645989172,packed_mp_veh_mod_idx_s_1_v164
-1645965758,m_cl_l_fmm_0_14_t4_v0
-1645941149,packed_mp_veh_mod_idx_s_1_v261
-1645934864,packed_mp_veh_window_tint_0_v213
-1645859201,f_cl_clo_ief_u_7_23_t11_v1
-1645818253,m_cl_clo_x6m_b_2_8_t1_v1
-1645800271,wp_wct_tint_22_t2_v5_n2
-1645738874,f_ta_tat_fx_007_t0_v0
-1645626931,vem_cmod_hrn_0_t10_v7
-1645567097,f_cl_clo_h4f_b_3_11_t1_v1
-1645519275,m_cl_clo_fxm_u_4_9_t11_v1
-1645486335,wp_ps_bag_46_t1_v33
-1645417991,f_cl_clo_h4f_u_2_7_t11_v1
-1645399361,vem_spt_20_t19_v12
-1645363369,packed_mp_veh_mod_idx_s_10_v125
-1645355390,packed_mp_veh_mod_idx_18_v78
-1645305524,f_cl_clo_grf_u_3_12_t11_v1
-1645255215,vem_livery_8_n1_t26_v3
-1645229221,service_spend_mechanic_wage
-1645166004,vem_supermod_23_11_t64_v28
-1645165431,packed_mp_veh_mod_idx_24_v117
-1645143424,f_ta_tat_x6_025_t0_v0
-1645134570,packed_mp_veh_mod_idx_14_v55
-1645066691,vem_smod5_whlv177_t66_v3
-1644938922,m_cl_clo_arm_u_2_6_t11_v1
-1644937725,wp_wct_tint_2_t2_v21_n2
-1644884625,packed_mp_veh_mod_idx_s_11_v42
-1644864161,f_cl_clo_hstf_o_12_t4_v12
-1644805653,vem_smod3_whlv52_t66_v3
-1644788481,vem_cmod_smoke_6_t18_v34
-1644732705,packed_mp_veh_mod_idx_6_v243
-1644679055,vem_colour_2_mct_metallic_lava_red_t25_v33
-1644674454,m_cl_outfit_clo_stm_o_14_t12_v0_cesp
-1644608352,packed_mp_veh_mod_idx_6_v401
-1644376626,vem_chassis_3_t4_v2
-1644350130,packed_mp_veh_mod_idx_s_1_v189
-1644336485,f_cl_m_fmf_6_1_t1_v0
-1644305514,m_cl_clo_scm_b_4_0_t1_v1
-1644181854,m_cl_clo_smm_b_9_2_t1_v1
-1644094108,vem_smod4_whlv90_t66_v2
-1643901782,packed_mp_veh_mod_idx_12_v331
-1643888208,m_cl_clo_x6m_l_7_11_t4_v1
-1643812615,f_cl_clo_scf_d_27_13_t10_v1
-1643802898,vem_cmod_neonlay_1_t21_v5
-1643798310,vem_supermod_3_15_t44_v6
-1643735637,vem_smod4_whlv39_t66_v3
-1643568012,vem_colour_1_mct_classic_bleeched_brown_t24_v4
-1643558364,f_cl_clo_x6f_f_4_6_t6_v1
-1643551297,pr_pm_colour_7_t0_v0
-1643520576,packed_mp_veh_mod_idx_0_v404
-1643493577,m_cl_clo_h4m_t_13_2_t7_v1
-1643488330,f_ta_tat_h3_015_t0_v0
-1643486709,f_cl_clo_scf_ey_0_24_t14_v1
-1643446400,m_cl_clo_scm_t_4_3_t7_v1
-1643400881,vem_smod5_whlv13_t66_v3
-1643269294,vem_smod_whl29_t19_v12
-1643140951,packed_mp_veh_mod_idx_2_v296
-1643079025,vem_colour_2_mct_metallic_bright_orange_t25_v4
-1643008303,f_cl_clo_h4f_pey_1_0_t14_v1
-1642922027,m_cl_clo_scm_l_10_13_t4_v1
-1642888467,packed_mp_veh_colour_extra1_0_v33
-1642820211,vem_spt_17_t19_v2
-1642790680,vem_smod_whlv19_t66_v3
-1642704057,packed_ng_vehicle_insurance_v280
-1642670401,vem_brake_3_t2_v7
-1642617062,f_cl_clo_ief_b_10_6_t1_v1
-1642609969,f_cl_clo_x6f_u_7_1_t11_v1
-1642515580,m_cl_clo_v2m_u_1_1_t11_v1
-1642511780,f_cl_clo_bif_decl_46_t11_v1
-1642511460,vem_colour_2_mct_classic_sea_green_t25_v4
-1642470350,f_cl_o_fmf_b8_t3_v12
-1642457697,m_cl_clo_x6m_ph_10_0_t14_v1
-1642436422,m_cl_clo_grm_u_0_7_t11_v1
-1642397245,vem_insurance_adder
-1642365240,vem_fender_r_11_t37_v1
-1642360747,vem_colour_extra_1_mct_pearlescent_salmon_pink_t24_v2
-1642346689,m_cl_clo_hstm_g_0_1_t3_v1
-1642316424,m_cl_clo_ltsmb_0_1_t1_v1
-1642262919,packed_ng_vehicle_insurance_v180
-1642226208,packed_ng_vehicle_neon_kit_v318
-1642217339,packed_mp_veh_primary_colour_group_v295
-1642153461,vem_colour_1_mct_classic_black_t24_v2
-1642062888,vem_smod4_whlv144_t66_v2
-1642058409,m_cl_clo_scm_d_22_13_t10_v1
-1642042885,f_ha_cc_blush_4_t6_v0
-1641970829,m_ta_tat_sb_025_t0_v0
-1641937958,packed_mp_veh_mod_idx_s_14_v323
-1641759979,packed_mp_veh_mod_idx_14_v77
-1641688020,wp_wt_raypistol_t0_v0
-1641278794,ve_yosemite_t0_v3
-1641243840,m_cl_clo_awm_ph_3_0_t14_v1
-1641024774,vem_armour_4_t1_v29
-1640937610,packed_mp_veh_mod_idx_s_16_v223
-1640925925,packed_mp_veh_mod_idx_s_23_v250
-1640867944,m_ha_cc_mkup_40_t7_v1
-1640836912,packed_mp_veh_mod_idx_s_6_v399
-1640805743,packed_mp_veh_mod_idx_s_9_v223
-1640754721,packed_mp_veh_mod_idx_s_23_v199
-1640657213,packed_mp_veh_mod_idx_12_v43
-1640646197,m_cl_clo_s1m_l_0_5_t4_v1
-1640636780,f_cl_f_fmf_3_7_t6_v0
-1640586403,vem_colour_extra_1_mct_classic_black_steel_t24_v4
-1640561857,f_cl_clo_smf_ph_8_7_t14_v1
-1640532271,f_cl_clo_arf_o_21_t7_v12
-1640440486,ve_howard_t0_v33
-1640375819,m_cl_clo_hstm_t_2_0_t7_v1
-1640133716,m_cl_outfit_clo_h3m_o_sl_16_t12_v0
-1640063442,packed_mp_veh_mod_idx_s_20_v27
-1640035259,f_ta_tat_h3_010_t0_v0
-1640008947,f_cl_clo_h3f_ph_5_17_t14_v1
-1639941553,packed_mp_veh_mod_idx_6_v175
-1639783009,m_cl_clo_vwm_b_5_0_t1_v1
-1639758745,packed_mp_veh_mod_idx_9_v273
-1639752335,vem_smod4_whlv147_t66_v3
-1639717510,vem_colour_1_mct_metallic_bright_orange_t24_v4
-1639693654,vem_insurance_windsor
-1639521649,m_cl_clo_scm_u_0_23_t11_v1
-1639345131,vem_cmod_tyr_2_t30_v4
-1639325339,m_cl_clo_iem_u_4_6_t11_v1
-1639266334,vem_colour_extra_1_mct_metallic_lava_red_t24_v3
-1639087533,m_ta_tat_vw_007_t0_v0
-1639043235,packed_mp_veh_mod_idx_s_2_v180
-1639038493,packed_mp_veh_mod_idx_4_v214
-1639012103,packed_lr_vehicle_colour_6_v162
-1638989072,vem_exhaust_0_t6_v4
-1638962450,m_cl_clo_bim_u_8_4_t11_v1
-1638834676,vem_rwd_bikew_22_t19_v4
-1638818941,packed_mp_veh_mod_idx_4_v365
-1638770259,vem_engine_1_t5_v38
-1638746527,f_cl_clo_arf_o_26_t11_v12
-1638745554,packed_mp_veh_mod_idx_1_v72
-1638713503,packed_mp_veh_mod_idx_13_v414
-1638698398,vem_supermod_6_4_t47_v3
-1638577829,packed_mp_veh_mod_idx_3_v102
-1638567002,packed_mp_veh_mod_idx_s_14_v186
-1638526011,m_cl_clo_lxm_dec_21_t11_v1
-1638373289,packed_mp_veh_secondary_colour_group_v113
-1638357359,packed_mp_veh_mod_idx_6_v99
-1638345014,m_cl_clo_busm_t_1_6_t7_v1
-1638344379,vem_yacht_flag_44_v0
-1638301966,f_cl_clo_h3f_ph_6_5_t14_v1
-1638301045,vem_cmod_hrn_trk_t10_v35
-1638292233,vem_roof_2_t12_v26
-1638208359,packed_mp_veh_mod_idx_12_v196
-1638191501,f_cl_outfit_clo_h4f_o_s2_f4_t12_v0
-1638171288,f_cl_clo_busf_u_2_1_t8_v2
-1638112536,vem_insurance_patrolboat
-1638083239,vem_supermod_8_9_t49_v6
-1637912370,wp_wct_c_tint_16_t2_v46_n2
-1637878147,packed_mp_veh_colour_extra2_0_v244
-1637876290,f_cl_clo_bif_s_17_9_t8_v1
-1637734783,vem_insurance_ruiner2
-1637671546,wp_wm_tint2_t2_v55
-1637583817,f_cl_clo_awf_o_j_0_t3_v12
-1637528476,m_cl_clo_smm_decl_14_t100_v0
-1637509274,arc_index_1_t0_v0
-1637376883,f_ta_tat_ie_000_t0_v0
-1637310225,packed_mp_veh_mod_idx_s_3_v45
-1637271093,m_cl_clo_exm_eu_15_6_t11_v1
-1637231898,packed_mp_veh_mod_idx_s_18_v117
-1637155525,packed_mp_veh_colour_extra2_0_v8
-1637141912,f_cl_outfit_o_fmf_b7_t12_v0
-1637116874,packed_mp_veh_mod_idx_s_17_v44
-1637092156,fcncl_mod7_0_t0_v0
-1636873530,packed_mp_veh_colour_extra1_0_v320
-1636844090,packed_mp_veh_mod_idx_4_v148
-1636794414,packed_mp_veh_mod_idx_s_10_v383
-1636793357,m_cl_u_fmm_12_0_t8_v1
-1636749512,f_cl_clo_hstf_l_5_6_t4_v1
-1636696795,packed_mp_veh_mod_idx_15_v368
-1636662317,vem_colour_extra_1_mct_classic_black_graphite_t24_v3
-1636634866,packed_mp_veh_livery2_0_v370
-1636620570,f_cl_clo_x6f_u_1_3_t11_v1
-1636588960,vem_supermod_1_16_t42_v10
-1636588486,vem_colour_2_mct_metals_gold_p_t25_v2
-1636551348,f_cl_clo_sbf_f_0_1_t6_v1
-1636543444,packed_mp_veh_colour_extra2_0_v352
-1636369664,m_cl_clo_x6m_f_5_6_t6_v1
-1636301360,m_cl_clo_stm_u_5_7_t11_v1
-1636288834,m_cl_u_fmm_14_11_t8_v1
-1636248230,vem_bikew_36_t19_v4
-1636015845,m_cl_clo_bhm_u_6_7_t11_v1
-1635995448,m_cl_clo_hstmb_19_3_t1_v1
-1635921981,m_cl_clo_bus_p_1_12_t14_v1
-1635897671,vem_smod4_whlv92_t66_v0
-1635867489,vem_rwd_musc_10_t19_v3
-1635700368,vem_smod4_whlv203_t66_v0
-1635686775,m_cl_clo_trm_u_17_5_t11_v1
-1635655460,packed_mp_veh_mod_idx_s_7_v242
-1635591051,m_cl_clo_stm_u_9_3_t11_v1
-1635529147,wp_wct_scope_th_t1_v21_n2
-1635496532,packed_mp_veh_mod_idx_s_6_v47
-1635491748,f_cl_clo_arf_o_13_t3_v12
-1635467239,packed_mp_veh_mod_idx_3_v276
-1635463471,vem_supermod_4_5_t45_v26
-1635433953,vem_supermod_23_2_t64_v13
-1635383249,packed_mp_veh_mod_idx_s_18_v307
-1635327516,packed_mp_veh_mod_idx_18_v95
-1635260686,m_cl_clo_h3m_b_18_1_t1_v1
-1635102336,packed_mp_veh_mod_idx_0_v125
-1635077855,vem_cmod_col5_8_t29_v2
-1634872410,packed_mp_veh_secondary_colour_group_v83
-1634870189,packed_mp_veh_mod_idx_s_23_v137
-1634808576,m_ha_cc_mkup_5_t7_v1
-1634779274,m_cl_clo_sum_u_14_11_t11_v1
-1634718229,packed_ng_vehicle_neon_v202
-1634717823,packed_mp_veh_primary_colour_group_v183
-1634447287,packed_mp_veh_colour_extra1_0_v357
-1634379104,vem_hlight_1_t11_v10
-1634376488,f_cl_clo_h2f_u_6_9_t11_v1
-1634372190,m_cl_clo_grm_ph_6_1_t14_v1
-1634324595,vem_armour_4_t1_v3
-1634322521,vem_rwd_drft_09_t19_v3
-1634317336,packed_mp_veh_mod_idx_s_10_v180
-1634270900,packed_mp_veh_mod_idx_8_v118
-1634262962,packed_mp_veh_mod_idx_6_v72
-1634204944,packed_mp_veh_mod_idx_22_v82
-1634128149,vem_smod4_whlv92_t66_v2
-1634095257,f_cl_clo_grf_u_12_2_t11_v1
-1634040449,packed_mp_veh_mod_idx_18_v157
-1633932413,packed_mp_veh_mod_idx_s_5_v97
-1633882991,fcncl_mod4_3_t0_v0
-1633865680,f_cl_clo_lxf_e_9_0_t14_v1
-1633853470,packed_mp_veh_mod_idx_s_23_v120
-1633831195,packed_mp_veh_mod_idx_13_v236
-1633772217,f_ha_clo_s2f_h_2_0_t0_v0
-1633534285,dec_vw_aw_wv_11c
-1633441781,f_cl_outfit_clo_h3f_o_sh_34_t12_v0
-1633426517,packed_mp_veh_mod_idx_13_v405
-1633331054,f_cl_clo_hstfb_22_10_t1_v1
-1633303332,mp_stat_prodtotalforfactory4_v0
-1633087655,m_ta_tat_h3_030_t0_v0
-1632978089,packed_mp_veh_mod_idx_s_13_v53
-1632972265,m_cl_clo_sum_u_17_14_t11_v2
-1632950812,packed_mp_veh_mod_idx_2_v408
-1632834386,packed_mp_veh_mod_idx_1_v204
-1632748552,pr_fc_mural_3_t0_v0
-1632737140,vem_smod4_whlv67_t66_v3
-1632720061,vem_hood_1_t9_v11
-1632645082,packed_mp_veh_mod_idx_4_v257
-1632489425,f_ta_tat_hp_032_t0_v0
-1632427711,f_cl_clo_bbf_p3_6_t14_v1
-1632359501,m_cl_clo_exm_al_8_2_t4_v1
-1632339962,packed_lr_vehicle_colour_6_v234
-1632313621,packed_mp_veh_mod_idx_14_v3
-1632204479,packed_mp_veh_mod_idx_7_v164
-1632070812,f_cl_clo_bhf_decl_58_t100_v0
-1631982508,packed_mp_veh_colour2_0_v153
-1631925874,m_cl_clo_busm_l_0_2_t4_v1
-1631787603,packed_mp_veh_mod_idx_14_v133
-1631761159,vem_colour_2_mct_classic_sandy_brown_t25_v0
-1631731841,f_cl_clo_grf_b_3_13_t1_v1
-1631483843,wp_wct_tint_2_t2_v1_n2
-1631438505,vem_colour_mct_none_35
-1631427852,m_cl_clo_grm_l_0_12_t4_v1
-1631385575,packed_mp_veh_mod_idx_2_v3
-1631381076,packed_mp_veh_mod_idx_s_1_v236
-1631372962,m_cl_clo_grm_l_2_6_t4_v1
-1631348767,wp_wct_tint_19_t2_v47_n2
-1631300379,vem_supermod_7_12_t48_v28
-1631261533,packed_mp_veh_mod_idx_23_v137
-1631213588,m_cl_clo_bhm_decl_43_t100_v0
-1631131543,vem_insurance_cheetah2
-1631102818,m_ta_tat_hp_015_t0_v0
-1630997255,vem_colour_extra_1_mct_matte_purple_t24_v2
-1630814988,vem_supermod_6_2_t47_v28
-1630781941,packed_mp_veh_plate_id_v72
-1630772694,vem_suv_06_t19_v12
-1630659897,packed_lr_vehicle_colour_6_v26
-1630597700,packed_mp_veh_window_tint_0_v278
-1630587020,f_cl_clo_hstfb_18_2_t1_v1
-1630542041,vem_cmod_neonlay_0_t21_v38
-1630453149,m_cl_clo_trm_o_r6_t3_v12
-1630364770,f_cl_clo_scf_u_0_6_t11_v1
-1630351680,f_cl_clo_smf_b_8_6_t1_v1
-1630331396,packed_mp_veh_livery_0_v364
-1630203987,packed_mp_veh_mod_idx_s_23_v183
-1630173779,m_cl_clo_awm_ph_1_3_t14_v1
-1630155864,packed_lr_vehicle_colour_6_v190
-1630147580,packed_mp_veh_mod_var_0_v213
-1630132099,f_cl_clo_grf_u_11_2_t11_v1
-1630098028,f_cl_clo_ief_l_4_3_t4_v1
-1630030428,vem_supermod_5_10_t46_v28
-1630012752,m_cl_clo_val_decl_t_t100_v0
-1629996279,f_cl_clo_ief_u_14_19_t11_v1
-1629875397,packed_ng_vehicle_insurance_v173
-1629866814,vem_cmod_neoncol_11_t21_v38
-1629775931,m_cl_sp_fmm_10_14_t8_v0
-1629775290,packed_mp_veh_mod_idx_s_0_v68
-1629704231,packed_lr_vehicle_colour_6_v114
-1629504069,vem_colour_5_saxon_blue_t38_v0
-1629473525,f_cl_clo_fxf_u_4_24_t11_v1
-1629426744,vem_horn_cnote_a0_t10_v4
-1629421000,packed_mp_veh_mod_idx_24_v98
-1629400882,f_cl_clo_sbf_u_0_9_t11_v1
-1629323786,packed_mp_veh_mod_idx_13_v350
-1629219222,ve_neo_t0_v3
-1629195832,m_cl_u_fmm_1_1_t8_v0_cesp
-1629071183,packed_lr_vehicle_colour_5_v209
-1628977202,m_cl_clo_s1m_f_1_10_t6_v1
-1628943625,m_ta_tat_s2_000_t0_v0
-1628826568,vem_hlight_1_t11_v6
-1628690330,f_cl_clo_h4f_decl_48_t100_v0
-1628551363,mp_stat_mpsv_model_219
-1628473978,vem_supermod_21_10_t62_v27
-1628470005,m_cl_clo_exm_decl_17_t100_v0
-1628398379,m_ha_cc_mkup_12_t7_v0
-1628297182,vem_rwd_offr_07_t19_v3
-1628264837,vem_cmod_hrn_sad_t10_v30
-1628251619,wp_wct_supp_t1_v93
-1628081257,packed_mp_veh_mod_idx_s_18_v212
-1628074575,vem_supermod_46_15_t46_v7
-1628070853,f_cl_clo_grf_u_20_7_t11_v1
-1628059858,m_cl_clo_arm_ph_0_23_t14_v1
-1628054067,packed_mp_veh_mod_idx_8_v202
-1628053949,packed_mp_veh_mod_idx_s_23_v144
-1627988362,packed_mp_veh_mod_idx_6_v228
-1627942246,f_cl_clo_hp_f_f_1_7_t6_v1
-1627822745,packed_mp_veh_mod_idx_1_v163
-1627786277,packed_mp_veh_mod_idx_s_18_v352
-1627738254,packed_mp_veh_primary_colour_group_v134
-1627621481,wp_wm_tint7_t2_v13
-1627571057,packed_mp_veh_mod_idx_s_17_v101
-1627475981,m_cl_clo_v2m_u_1_0_t11_v1
-1627465822,vem_colour_1_mct_metallic_nautical_blue_t24_v4
-1627408796,f_cl_clo_bhf_decl_0_t100_v0
-1627395951,vem_fender_r_10_n0_t37_v38
-1627385096,vem_colour_2_mct_metals_br_steel_t25_v2
-1627337990,vem_colour_2_mct_metallic_white_t25_v0
-1627273832,packed_mp_veh_mod_idx_9_v353
-1627273364,f_cl_clo_h3f_ph_6_6_t14_v1
-1627226215,m_cl_clo_grm_u_2_3_t11_v1
-1627179226,f_cl_u_fmf_13_15_t11_v0
-1626996104,vem_smod4_whlv153_t66_v2
-1626970305,m_cl_clo_grm_u_3_11_t11_v1
-1626863646,packed_mp_int_kosatka_flag_v0
-1626862656,packed_mp_veh_mod_idx_s_7_v39
-1626763867,f_cl_clo_fxf_ph_1_7_t14_v1
-1626652202,f_cl_clo_awf_o_g_2_t8_v12
-1626651568,packed_mp_veh_mod_idx_s_2_v93
-1626639408,f_cl_clo_grf_u_22_23_t11_v1
-1626600478,vem_horn_xm15_2_t10_v0
-1626523328,packed_mp_veh_mod_idx_s_10_v239
-1626507121,vem_cmod_neoncol_11_t21_v2
-1626482967,dec_vw_aw_wv_46d
-1626447341,vem_colour_2_mct_classic_cream_t25_v4
-1626407394,packed_mp_veh_colour_extra2_0_v156
-1626337704,hangar_mod_lighting_1_t0_v0
-1626318620,vem_aam_vehicle_workshop_1_t0_v0
-1626309448,f_cl_outfit_clo_lxf_o_2_t12_v0
-1626236554,m_cl_clo_sum_b_2_2_t1_v1
-1626225697,packed_mp_veh_mod_idx_s_10_v106
-1626132097,vem_skirt_10_t13_v38
-1626125787,m_cl_u_fmm_14_5_t8_v1
-1626123956,wp_wct_c_tint_23_t2_v5_n2
-1626105862,packed_mp_veh_mod_idx_22_v295
-1626076314,packed_mp_veh_mod_idx_12_v303
-1625981804,vem_chassis_9_t4_v35
-1625891976,m_cl_clo_val_decl_e_t8_v2
-1625826222,f_ta_tat_bi_022_t0_v0_cesp
-1625817518,packed_mp_veh_mod_idx_7_v359
-1625723826,packed_mp_veh_mod_idx_s_7_v307
-1625630111,f_cl_clo_vwf_pw_5_1_t14_v1
-1625600127,f_cl_outfit_clo_stf_o_e_1_t12_v0
-1625562788,m_cl_clo_h4m_u_6_0_t11_v1
-1625541751,vem_exhaust_6_t6_v0
-1625540326,packed_mp_veh_mod_idx_24_v301
-1625497944,packed_mp_veh_secondary_colour_group_v189
-1625492887,f_cl_clo_smf_ph_2_4_t14_v1
-1625463171,packed_ng_vehicle_neon_v76
-1625441864,m_cl_clo_trm_u_11_12_t11_v1
-1625396850,f_ta_tat_h4_013_t0_v0
-1625388779,m_cl_clo_smm_b_2_11_t1_v1
-1625374242,wp_wct_c_tint_23_t2_v21_n2
-1625370100,m_cl_clo_scm_u_0_10_t11_v1
-1625362272,f_cl_clo_exf_al_4_3_t4_v1
-1625314031,fcclub_dnc_7_t0_v0
-1625250057,packed_mp_veh_mod_idx_s_15_v322
-1625237350,vem_smod4_whlv47_t66_v1
-1625119230,packed_mp_veh_mod_idx_s_8_v226
-1625116307,packed_mp_veh_mod_idx_s_1_v131
-1625098580,vem_supermod_20_6_t61_v28
-1625049470,vem_colour_1_mct_metallic_rolled_steel_t24_v0
-1625031431,vem_colour_1_mct_matte_orange_t24_v2
-1624997845,dec_vw_aw_ls_14c
-1624997487,packed_ng_vehicle_neon_kit_v370
-1624864911,packed_mp_veh_mod_idx_s_11_v325
-1624858941,m_cl_clo_bim_decl_50_t100_v0
-1624836703,packed_ng_vehicle_bpt_v217
-1624792223,packed_ng_vehicle_neon_v252
-1624715572,packed_mp_veh_mod_idx_s_18_v123
-1624678297,wp_wt_rpg_t0_v0
-1624596228,packed_mp_veh_mod_idx_s_23_v156
-1624525531,vem_cmod_neoncol_7_t21_v38
-1624491875,f_cl_clo_grf_u_24_0_t11_v1
-1624491622,packed_mp_veh_colour_extra1_0_v149
-1624490614,f_cl_clo_bif_u_9_3_t11_v1
-1624487864,packed_mp_veh_mod_idx_7_v97
-1624442627,vem_colour_1_mct_metallic_midnight_blue_t24_v2
-1624406607,packed_mp_veh_colour1_0_v331
-1624374882,packed_mp_veh_mod_idx_24_v61
-1624306564,vem_supermod_57_13_t57_v7
-1624294974,vem_fender_r_15_t37_v27
-1624291142,f_cl_clo_bif_decl_45_t11_v1
-1624169314,vem_colour_1_mct_classic_lava_red_t24_v1
-1624121745,f_cl_clo_arf_u_2_2_t11_v1
-1624112710,vem_cmod_tyr_pat_t18_v33
-1624011463,m_cl_clo_grm_u_11_3_t11_v1
-1624007078,fa_upgrade_coke_staff_0_t0_v0
-1623993883,packed_mp_veh_mod_idx_s_6_v2
-1623957273,m_cl_clo_bhm_u_4_17_t11_v1
-1623931911,vem_supermod_2_3_t43_v26
-1623762138,packed_mp_veh_mod_idx_s_22_v96
-1623750455,vem_colour_5_bronze_t38_v3
-1623703819,f_ha_cc_f_hs_4_t0_v2
-1623662445,packed_mp_veh_colour2_0_v233
-1623641252,vem_colour_2_mct_classic_mariner_blue_t25_v1
-1623639803,vem_truck_slot_3_mod_0_t0_v0
-1623620307,wp_wt_mg_cbt2_t0_v0_n2
-1623614121,f_cl_clo_awf_decl_3_t100_v0
-1623510942,packed_mp_veh_mod_var_1_v215
-1623395121,vem_fender_r_6_t37_v38
-1623390309,f_cl_clo_smf_u_3_3_t11_v1
-1623349337,f_cl_clo_hstf_o_b_2_t3_v12
-1623344861,packed_mp_veh_mod_idx_5_v109
-1623299963,f_cl_clo_exf_eu_9_3_t11_v1
-1623257503,vem_horn_clas1_t10_v0
-1623224974,vem_bumper_r_15_t35_v38
-1623127359,f_cl_clo_suf_decl_16_t100_v0
-1623106221,m_cl_clo_grm_u_18_5_t11_v1
-1623049222,packed_mp_veh_mod_idx_s_10_v219
-1622951337,m_cl_clo_bim_pw_7_3_t14_v1
-1622824615,vem_hlight_10_t11_v38
-1622818144,packed_mp_veh_mod_idx_9_v325
-1622695836,fixer_hq_tnt_4_t0_v0
-1622682026,vem_rwd_musc_07_t19_v3
-1622566611,f_cl_clo_grf_o_2_t8_v12
-1622554985,vem_armour_0_t1_v7
-1622540927,vem_supermod_16_16_t57_v3
-1622447910,packed_mp_veh_mod_idx_12_v161
-1622411826,m_cl_clo_h2m_b_3_11_t1_v1
-1622380045,packed_mp_veh_mod_idx_9_v197
-1622319792,packed_mp_veh_mod_idx_4_v46
-1622317958,packed_mp_veh_mod_idx_6_v319
-1622301692,packed_mp_veh_mod_idx_24_v202
-1622207927,f_cl_clo_grf_l_2_17_t4_v1
-1622158131,m_cl_clo_smm_b_7_5_t1_v1
-1622061628,vem_armour_2_t1_v28
-1622046188,packed_mp_veh_mod_idx_11_v143
-1622026483,f_cl_outfit_clo_h2f_o_c_5_t12_v0
-1621985245,vem_cmod_tyr_2_t30_v32
-1621973491,kosatk_fla_44_t0_v1
-1621846677,m_cl_clo_sum_u_14_15_t11_v1
-1621818174,f_cl_clo_scf_o_17_t8_v12
-1621777559,vem_bumper_f_0_t34_v0
-1621744007,m_cl_f_fmm_7_13_t6_v0
-1621733596,m_cl_clo_bim_decl_56_t100_v0
-1621726983,m_cl_clo_iem_l_0_4_t4_v1
-1621719956,vem_supermod_7_0_t48_v11
-1621562566,packed_mp_veh_mod_idx_6_v295
-1621552415,vem_supermod_4_14_t45_v3
-1621529244,packed_mp_veh_mod_idx_14_v332
-1621441451,wp_wct_tint_13_t2_v47_n2
-1621426712,m_cl_u_fmm_9_2_t11_v0
-1621411708,f_cl_clo_hp_f_d_32_t8_v1
-1621354756,m_cl_he_fmm_16_6_t14_v0
-1621318836,packed_mp_veh_secondary_colour_group_v40
-1621300097,packed_mp_veh_mod_idx_23_v147
-1621291631,packed_mp_veh_mod_idx_s_12_v410
-1621266690,dec_vw_aw_wv_41
-1621222450,m_cl_clo_lxm_u_5_18_t11_v1
-1621221754,m_cl_clo_grm_b_2_5_t1_v1
-1621219229,packed_mp_veh_mod_idx_s_5_v53
-1621217872,packed_mp_veh_mod_var_1_v251
-1621208183,wp_wct_crbnmic_var_t1_v9
-1621164774,vem_loride_10_t19_v2
-1621081172,packed_mp_veh_mod_idx_24_v134
-1620922926,packed_mp_veh_secondary_colour_group_v309
-1620889838,vem_supermod_23_2_t64_v28
-1620520081,packed_ng_vehicle_smoke_v318
-1620445583,vem_colour_extra_1_mct_metallic_moss_brown_t24_v4
-1620408341,wp_wm_tint4_t2_v85
-1620408267,packed_mp_veh_livery2_0_v301
-1620386588,vem_supermod_22_4_t63_v3
-1620218439,vem_smod4_whl_8_t19_v3
-1620212637,m_cl_clo_x3m_u_1_1_t11_v1
-1620087070,vem_smod2_whlv150_t66_v3
-1619937266,m_cl_clo_exm_eu_2_0_t11_v1
-1619934028,packed_mp_veh_mod_idx_s_5_v369
-1619917560,f_ta_tat_bi_024_t0_v0_cesp
-1619892938,packed_ng_vehicle_neon_v143
-1619866212,vem_supermod_5_5_t46_v27
-1619745195,packed_mp_veh_mod_idx_s_8_v68
-1619699684,vem_spoiler_2_t14_v38
-1619679402,dec_vw_aw_ss_3b
-1619674071,m_cl_clo_bhm_b_0_13_t1_v1
-1619626554,vem_colour_extra_1_mct_classic_bronze_t24_v2
-1619622002,f_cl_clo_stf_o_11_t8_v12_cesp
-1619613462,f_cl_clo_h2f_u_3_18_t11_v1
-1619598282,vem_colour_5_moss_brown_t38_v3
-1619566173,vem_smod4_whlv189_t66_v3
-1619460815,packed_mp_veh_mod_idx_s_1_v355
-1619440206,vem_colour_extra_1_mct_classic_cast_iron_sil_t24_v1
-1619259922,f_cl_outfit_clo_h3f_o_pr_2_t12_v0
-1619102234,packed_mp_veh_mod_idx_s_19_v287
-1619008245,f_cl_clo_lxf_dec_28_t100_v0
-1618981228,packed_mp_veh_mod_idx_7_v22
-1618870227,vem_smod_whlv73_t66_v0
-1618812734,vem_insurance_glendale
-1618721213,packed_mp_veh_mod_idx_14_v278
-1618686783,dec_vw_aw_wv_3c
-1618604459,vem_colour_extra_1_mct_classic_moss_brown_t24_v3
-1618533773,packed_mp_veh_mod_idx_s_21_v123
-1618519003,f_cl_clo_stf_o_16_t8_v12
-1618406076,m_cl_clo_lxm_u_5_2_t8_v1
-1618357588,m_cl_clo_h2m_b_9_4_t1_v1
-1618340325,packed_mp_veh_mod_idx_s_21_v252
-1618298436,f_ta_tat_h27_009_t0_v0
-1618204642,f_cl_clo_s1f_f_1_4_t6_v1
-1618193047,m_cl_clo_x6m_f_10_19_t6_v1
-1618177506,vem_smod2_whl10_t19_v3
-1618126223,vem_brake_2_t2_v32
-1618121255,vem_supermod_49_0_t49_v7
-1618051051,packed_mp_veh_mod_idx_s_16_v182
-1617972247,vem_colour_extra_1_mct_pearlescent_petrol_green_t24_v2
-1617901826,multistorey_garage_tint_8_v1
-1617870420,f_cl_clo_exf_ob_4_t8_v12
-1617757104,packed_mp_veh_colour_extra1_0_v88
-1617712912,f_cl_outfit_clo_x17f_o_m_1_t12_v0
-1617625096,packed_mp_veh_mod_idx_s_18_v290
-1617483785,f_cl_clo_grf_b_5_2_t1_v1
-1617435418,packed_mp_veh_mod_idx_s_19_v147
-1616967519,m_cl_outfit_clo_iem_o_11_t12_v0_cesp
-1616952428,packed_mp_veh_mod_idx_s_2_v88
-1616913970,vem_supermod_56_18_t56_v7
-1616739269,f_cl_clo_h4f_s_1_1_t8_v1
-1616619173,packed_mp_veh_mod_idx_0_v282
-1616444848,packed_mp_veh_mod_idx_s_4_v222
-1616393470,m_cl_outfit_clo_iem_o_9_t12_v0_cesp
-1616383482,wp_wct_tint_7_t2_v22_n2
-1616363886,vem_insurance_avarus
-1616267280,vem_colour_extra_1_mct_metallic_nautical_blue_t24_v0
-1616205048,packed_mp_veh_mod_idx_s_21_v231
-1616180585,vem_suspension_1_t15_v7
-1616155059,wp_wm_tint1_t2_v55
-1616108102,packed_mp_veh_mod_idx_s_20_v396
-1616063109,vem_turbo_1_t17_v6
-1615848917,packed_mp_veh_mod_idx_22_v269
-1615844722,wp_wt_pipebomb_t2_v1
-1615833865,ve_baller2_t0_v2
-1615662540,packed_mp_veh_colour2_0_v70
-1615655936,m_cl_sp_fmm_3_1_t8_v1
-1615629467,m_cl_clo_exm_eu_4_0_t11_v1
-1615628152,vem_chassis_0_t4_v26
-1615540925,packed_mp_veh_mod_idx_s_9_v6
-1615495043,f_cl_clo_vwf_pey_0_1_t14_v1
-1615418137,packed_mp_veh_mod_idx_5_v351
-1615388908,packed_mp_veh_mod_idx_s_3_v83
-1615375228,m_ta_tat_ie_008_t0_v0
-1615328321,wp_wct_muzz7_t1_v46_n2
-1615312760,packed_mp_veh_mod_idx_5_v170
-1615052326,vem_cmod_neoncol_12_t21_v27
-1615050799,packed_mp_veh_mod_idx_s_11_v3
-1615008312,packed_mp_veh_colour2_0_v34
-1615007980,f_ta_tat_h3_036_t0_v0
-1615003746,ve_rhinehart_t0_v3
-1614968785,m_cl_clo_smm_ph_3_25_t14_v1
-1614966700,f_cl_clo_x6f_u_24_3_t11_v1
-1614943929,packed_mp_veh_mod_idx_s_1_v107
-1614927046,vem_horn_clas6_t10_v0
-1614842550,f_cl_clo_h3f_b_14_6_t1_v1
-1614829487,packed_ng_vehicle_smoke_v42
-1614713754,m_cl_clo_h2m_b_3_12_t1_v1
-1614705509,vem_cmod_hrn_clo_t10_v26
-1614695038,f_cl_clo_bif_o_2_t4_v12
-1614694681,vem_colour_extra_1_mct_classic_umber_brown_t24_v3
-1614649094,f_ha_cc_eyebrw_7_t2_v1
-1614566216,vem_supermod_13_3_t54_v10
-1614556087,mp_stat_clbhos_colour_v0
-1614478361,vem_livery_1_t26_v0
-1614435484,packed_mp_veh_wheel_type_0_v354
-1614424331,f_cl_clo_vef_dec_45_t11_v1
-1614357324,vem_insurance_shamal
-1614336579,packed_ng_vehicle_insurance_v102
-1614316385,ve_trsmall2_t1_v29
-1614294941,f_cl_u_fmf_0_11_t8_v0
-1614244169,vem_smod_whlv45_t66_v0
-1614236435,packed_mp_veh_mod_idx_4_v324
-1614181024,m_cl_g_fmm_10_0_t14_v0
-1614027340,m_cl_clo_awm_o_b_8_t3_v12
-1614008261,m_cl_l_fmm_7_0_t4_v0
-1613948283,packed_lr_vehicle_colour_6_v41
-1613754491,f_ta_tat_fx_006_t0_v0
-1613747458,vem_smod4_whlv103_t66_v0
-1613725357,packed_mp_veh_mod_idx_s_14_v81
-1613686108,f_cl_u_fmf_3_13_t11_v0
-1613678666,vem_skirt_3_t13_v35
-1613572050,f_cl_clo_hstf_u_3_2_t11_v1
-1613565022,fcarcade_b_up3_c_12
-1613526922,packed_lr_vehicle_colour_6_v405
-1613520980,vem_grill_0_t8_v2
-1613501318,f_cl_clo_hstf_s_6_14_t8_v2
-1613394940,packed_mp_veh_mod_idx_11_v150
-1613393688,m_cl_clo_s1m_u_8_9_t11_v1
-1613385709,vem_smod_whlv64_t66_v3
-1613359144,ve_winky_t0_v3
-1613274461,wp_wct_c_tint_5_t2_v48_n2
-1613231611,m_cl_clo_sbm_l_3_3_t4_v1
-1613216759,packed_mp_veh_mod_idx_s_3_v282
-1613205693,packed_ng_vehicle_insurance_v32
-1613193397,m_cl_clo_awm_decl_95_t100_v0
-1613131548,packed_mp_veh_mod_idx_13_v382
-1613119446,packed_mp_veh_plate_id_v78
-1613080693,packed_mp_veh_primary_colour_group_v51
-1612957081,vem_cmod_tyr_stt_t30_v11
-1612944695,packed_mp_veh_mod_idx_s_3_v337
-1612916877,m_cl_clo_h2m_b_3_0_t1_v1
-1612895905,vem_supermod_22_0_t63_v7
-1612865898,f_cl_clo_ief_u_4_12_t11_v1
-1612839631,m_cl_clo_awm_decl_79_t100_v0
-1612779354,packed_mp_veh_mod_idx_s_3_v320
-1612749844,vem_smod2_whlv197_t66_v3
-1612729989,fcarcade_ne5_t0_v0
-1612708496,m_cl_clo_bhm_decl_1_t100_v0
-1612684987,packed_mp_veh_mod_idx_s_0_v397
-1612659516,ccur_sell
-1612628446,vem_supermod_5_12_t46_v27
-1612531142,f_ta_tat_hp_019_t0_v0
-1612346921,packed_mp_veh_mod_idx_s_7_v391
-1612286782,m_cl_clo_trm_u_7_15_t11_v1
-1612281266,vem_smod5_whlv8_t66_v3
-1612263099,f_cl_clo_busf_u_1_1_t11_v1
-1612206859,packed_mp_veh_mod_idx_18_v108
-1611995024,packed_mp_veh_mod_var_1_v180
-1611972955,f_cl_clo_bhf_l_3_9_t4_v1
-1611735025,f_cl_clo_h2f_b_11_0_t1_v1
-1611681377,f_cl_clo_grf_u_7_6_t11_v1
-1611619407,packed_mp_veh_wheel_type_0_v66
-1611552177,vem_colour_2_mct_classic_frost_white_t25_v0
-1611529224,packed_mp_veh_mod_idx_s_0_v262
-1611463064,m_cl_clo_fxm_pe_3_6_t14_v1
-1611362814,packed_mp_veh_mod_idx_s_18_v5
-1611269091,f_cl_clo_valf_u_2_2_t11_v1
-1611221632,packed_mp_veh_mod_idx_s_15_v75
-1611213170,fcarcade_wall_8_t0_v0
-1611195099,vem_colour_1_mct_classic_petrol_green_t24_v2
-1611098098,packed_mp_veh_mod_idx_s_21_v187
-1611048704,m_cl_clo_scm_l_10_8_t4_v1
-1610900066,packed_mp_veh_mod_idx_s_1_v394
-1610878894,m_cl_clo_vwm_u_21_23_t11_v1
-1610878199,m_cl_clo_h3m_b_18_19_t1_v1
-1610782885,f_cl_clo_bif_decl_30_t11_v1
-1610553676,m_cl_clo_hstm_h_6_t14_v1
-1610493656,packed_mp_veh_mod_idx_s_6_v134
-1610443916,vem_supermod_7_1_t48_v11
-1610310548,m_cl_he_fmm_18_4_t14_v1
-1610251199,packed_mp_veh_livery2_0_v214
-1609904665,packed_mp_veh_mod_idx_s_9_v2
-1609858497,vem_brake_0_t2_v1
-1609786026,m_cl_clo_grm_u_16_9_t11_v1
-1609772562,vem_hood_1_n1_t9_v3
-1609768002,packed_mp_veh_mod_idx_23_v356
-1609683398,f_cl_u_fmf_0_2_t11_v0
-1609657104,m_cl_clo_sbm_l_0_5_t4_v1
-1609609286,vem_colour_extra_1_mct_classic_sea_green_t24_v3
-1609596302,m_cl_clo_sbm_b_10_11_t1_v1
-1609479121,vem_insurance_bobcatxl
-1609319067,packed_mp_veh_colour1_0_v65
-1609271789,vem_insurance_powersurge
-1609251193,vem_supermod_8_6_t49_v10
-1609175122,packed_mp_veh_mod_var_1_v168
-1609038670,packed_mp_veh_mod_idx_7_v312
-1609015035,packed_mp_veh_mod_idx_3_v123
-1608995066,vem_bumper_f_16_t34_v1
-1608946001,packed_mp_veh_mod_idx_1_v144
-1608894939,vem_supermod_3_19_t44_v6
-1608879156,vem_supermod_8_9_t49_v28
-1608746120,vem_supermod_19_9_t60_v27
-1608720138,m_cl_clo_busm_t_0_0_t7_v1
-1608698580,f_cl_l_fmf_4_7_t4_v0
-1608697023,vem_supermod_23_19_t64_v33
-1608661206,packed_mp_veh_colour_extra2_0_v95
-1608659062,packed_mp_veh_mod_idx_s_9_v217
-1608571145,packed_ng_vehicle_neon_v334
-1608545807,m_cl_clo_xmas_m_0_2_t1_v1
-1608378409,packed_mp_veh_mod_idx_22_v276
-1608313979,packed_mp_veh_mod_idx_6_v386
-1608304130,m_cl_clo_bhm_u_0_13_t11_v1
-1608298266,vem_rwd_hiend_02_t19_v12
-1608267098,m_cl_clo_exm_decl_6_t100_v0
-1608210657,packed_mp_veh_livery_0_v108
-1608192590,vem_insurance_streiter
-1608151479,f_cl_clo_h4f_pey_3_1_t14_v1
-1608118986,f_cl_clo_awf_u_4_4_t11_v1
-1608090835,m_cl_clo_x17m_o_m_3_t3_v12
-1608078030,m_cl_clo_h3m_b_14_15_t1_v1
-1607979211,m_cl_clo_smm_b_9_22_t1_v1
-1607876667,m_cl_clo_x6m_f_14_7_t6_v1
-1607872521,packed_mp_veh_mod_idx_s_9_v182
-1607853077,f_cl_clo_x6f_t_0_0_t7_v1
-1607849374,packed_ng_vehicle_smoke_v39
-1607803958,m_cl_u_fmm_14_0_t8_v1
-1607653917,f_ha_cc_f_hs_23_t0_v1
-1607577494,packed_mp_veh_mod_idx_16_v173
-1607405630,f_cl_clo_grf_u_9_18_t11_v1
-1607388618,vem_rwd_suv_03_t19_v2
-1607309549,f_ha_clo_s1f_h_1_0_t0_v1
-1607189312,vem_colour_6_grace_red_t65_v3
-1607170464,f_cl_clo_s1f_dec_1_t100_v0
-1607100931,f_cl_clo_vwf_u_17_12_t11_v1
-1607020756,packed_mp_veh_secondary_colour_group_v96
-1606978132,vem_spoiler_10_t14_v27
-1606977986,vem_spt_19_t19_v1
-1606946406,f_cl_clo_bif_decl_23_t11_v1
-1606901254,f_cl_clo_bhf_u_4_16_t11_v1
-1606877203,m_cl_clo_lxm_w_2_2_t14_v1
-1606851741,packed_mp_veh_mod_idx_6_v244
-1606823067,packed_mp_veh_mod_idx_s_20_v314
-1606770987,f_cl_clo_bhf_u_6_5_t11_v1
-1606762362,m_ta_tat_ie_007_t0_v0
-1606607117,m_cl_clo_awm_u_9_1_t11_v1
-1606594050,vem_roof_15_t12_v1
-1606557747,vem_trans_1_t16_v5
-1606553174,m_cl_clo_h2m_f_5_24_t6_v1
-1606455451,vem_supermod_15_0_t56_v38
-1606348054,vem_smod_whlv92_t66_v0
-1606341366,packed_mp_veh_mod_var_1_v276
-1606217238,vem_smod4_whlv128_t66_v2
-1606122161,m_cl_clo_x6m_ph_1015_t14_v1
-1606094715,packed_lr_vehicle_colour_5_v144
-1606077358,m_cl_clo_scm_ey_4_3_t14_v1
-1605932566,vem_colour_1_mct_classic_woodbeech_brown_t24_v4
-1605870588,f_cl_clo_fxf_ph_0_22_t14_v1
-1605822357,vem_supermod_0_3_t41_v28
-1605789470,packed_mp_veh_mod_idx_s_17_v35
-1605782619,packed_mp_veh_mod_idx_5_v382
-1605741488,packed_lr_vehicle_colour_5_v155
-1605708087,f_cl_outfit_clo_fxf_o_g_3_t12_v0
-1605699100,packed_mp_veh_mod_idx_6_v130
-1605669894,packed_mp_veh_mod_idx_12_v155
-1605585083,packed_mp_veh_mod_idx_11_v281
-1605521231,packed_mp_veh_livery_0_v208
-1605513916,packed_mp_veh_mod_idx_1_v26
-1605500270,packed_mp_veh_colour1_0_v383
-1605435799,f_cl_outfit_clo_h3f_o_dl_22_t12_v0
-1605423164,vem_colour_1_mct_metallic_cabernet_red_t24_v2
-1605395951,packed_mp_veh_mod_idx_16_v400
-1605363371,wp_wm_tint3_t2_v64
-1605361451,packed_mp_veh_mod_idx_s_21_v118
-1605242275,m_cl_clo_stm_u_7_4_t11_v1
-1605098569,m_cl_clo_trm_ph_1_8_t14_v1
-1604993242,vem_horn_cnote_f0_t10_v37
-1604963073,packed_mp_veh_mod_idx_s_9_v299
-1604941117,vem_colour_extra_1_mct_metallic_sienna_brown_t24_v0
-1604874115,f_cl_clo_awf_f_0_12_t6_v1
-1604829031,vem_colour_extra_1_mct_metallic_straw_brown_t24_v1
-1604679893,packed_mp_veh_mod_idx_s_14_v316
-1604630703,f_cl_clo_s2f_u_9_1_t11_v1
-1604590916,ve_streamer216_t0_v34
-1604587136,f_cl_outfit_clo_x17f_o_m_11_t12_v0
-1604550343,m_cl_clo_grm_u_14_25_t11_v1
-1604480567,packed_mp_veh_mod_idx_5_v92
-1604478667,packed_mp_veh_plate_id_v351
-1604278602,vem_colour_1_mct_classic_black_graphite_t24_v4
-1604274163,f_cl_outfit_clo_h2f_o_s_7_t12_v0
-1604218114,packed_mp_veh_mod_idx_18_v253
-1604200536,mp_stat_mpsv_model_252
-1604080806,m_cl_clo_iem_ph_0_9_t14_v1
-1604052651,f_cl_clo_sbf_ph_2_1_t14_v1
-1604051537,packed_mp_veh_mod_idx_13_v130
-1603914184,vem_hlight_11_t11_v3
-1603855749,vem_colour_extra_1_mct_classic_blaze_red_t24_v2
-1603772039,f_cl_he_fmf_17_5_t14_v0
-1603760115,vem_supermod_21_3_t62_v28
-1603737800,vem_smod5_whlv18_t66_v3
-1603623948,packed_mp_veh_mod_idx_3_v73
-1603546316,vem_smod4_whlv121_t66_v1
-1603419721,m_cl_clo_smm_ph_4_3_t14_v1
-1603396374,packed_mp_veh_mod_idx_16_v79
-1603350318,m_ta_tat_hp_028_t0_v0
-1603303878,m_cl_clo_grm_u_13_4_t11_v1
-1603240784,f_cl_clo_vwf_pw_1_0_t14_v1
-1603230393,packed_mp_int_truck_mod_slot_7_v0
-1603000453,packed_mp_veh_mod_idx_s_11_v172
-1602987125,vem_drft_21_t19_v12
-1602983714,vem_colour_1_mct_chrome_chrome_t24_v4
-1602959046,f_cl_clo_h3f_u_2_5_t11_v1
-1602934390,m_cl_f_fmm_14_9_t6_v0
-1602931165,f_cl_clo_grf_u_15_18_t11_v1
-1602900465,vem_bumper_r_13_t35_v35
-1602894578,m_cl_clo_vwm_ph_0_11_t14_v1
-1602875547,vem_cmod_hrn_mus2_t10_v0
-1602866835,m_cl_clo_lxm_e_7_1_t14_v1
-1602817044,packed_mp_veh_mod_idx_0_v28
-1602809349,packed_mp_veh_mod_idx_s_20_v198
-1602764721,packed_mp_veh_mod_idx_s_8_v314
-1602523581,vem_supermod_23_28_t64_v34
-1602495843,pr_mp_prop_off2_t0_v0_cesp
-1602484879,m_cl_clo_bhm_decl_26_t11_v1
-1602474261,packed_mp_veh_plate_id_v274
-1602449844,m_cl_clo_scm_l_10_16_t4_v1
-1602443348,packed_mp_veh_mod_idx_s_5_v41
-1602377272,m_ta_tat_x2_026_t0_v0
-1602333785,packed_mp_veh_mod_idx_s_18_v144
-1602312944,packed_mp_veh_mod_idx_s_12_v383
-1602255151,packed_mp_veh_mod_idx_14_v413
-1602243964,packed_mp_veh_mod_idx_s_2_v134
-1602231986,packed_mp_veh_mod_idx_11_v377
-1602226660,packed_mp_veh_mod_idx_s_2_v107
-1602214331,m_cl_clo_x6m_t_6_4_t7_v1
-1602192057,f_cl_clo_x2f_ht_0_7_t14_v1
-1602161164,f_cl_clo_grf_b_4_8_t1_v1
-1602115429,m_ta_tat_hp_046_t0_v0
-1602019390,packed_mp_veh_mod_var_0_v47
-1601990873,f_cl_clo_lxf_l_0_0_t4_v1
-1601984268,vem_colour_extra_1_mct_pearlescent_bright_green_t24_v0
-1601874082,packed_mp_veh_mod_idx_3_v245
-1601752136,f_cl_clo_x6f_ph_1_11_t14_v1
-1601665850,mp_stat_warhouseslot3_v0
-1601643902,m_cl_clo_lxm_dec_31_t100_v0
-1601582832,packed_mp_veh_mod_idx_9_v279
-1601574614,ig_buy_0_t0_v0
-1601535059,dec_vw_aw_wh_8
-1601498018,m_cl_clo_vwm_u_2_11_t11_v1
-1601419254,m_cl_l_fmm_5_7_t4_v0
-1601409139,f_cl_outfit_clo_stf_o_19_t12_v0_cesp
-1601343847,vem_supermod_15_0_t56_v28
-1601217257,m_cl_outfit_clo_stm_o_3_t12_v0_cesp
-1601211565,vem_smod4_whlv145_t66_v0
-1601164541,f_ta_tat_fm_203_t0_v0
-1601099354,vem_rwd_musc_04_t19_v3
-1601022034,packed_mp_veh_mod_idx_s_3_v159
-1600706353,vem_hiend_17_t19_v2
-1600635425,f_cl_u_fmf_0_4_t8_v0
-1600571593,packed_mp_veh_mod_idx_s_2_v171
-1600568649,packed_mp_veh_mod_idx_s_19_v321
-1600525560,packed_mp_veh_mod_idx_1_v253
-1600516610,packed_mp_veh_colour1_0_v321
-1600381906,f_cl_clo_h2f_b_4_10_t1_v1
-1600343618,packed_lr_vehicle_colour_5_v13
-1600207758,f_cl_clo_stf_u_6_2_t11_v1
-1600124830,packed_mp_veh_mod_idx_3_v390
-1600099416,f_cl_clo_x17f_o_m_10_t8_v12
-1600037239,vem_supermod_3_1_n1_t44_v3
-1599987409,packed_ng_vehicle_bpt_v405
-1599954931,dec_vw_aw_mt_40
-1599869828,f_cl_clo_scf_d_3_0_t10_v1
-1599868364,packed_mp_veh_mod_idx_23_v393
-1599745563,f_cl_clo_x6f_f_5_19_t6_v1
-1599703042,factory_index_19_t0_v0
-1599679852,vem_supermod_8_8_t49_v27
-1599651966,f_cl_clo_x6f_rw_210_t14_v1
-1599613565,vem_supermod_8_2_t49_v7
-1599611499,packed_ng_vehicle_neon_v190
-1599540918,packed_mp_veh_mod_idx_15_v181
-1599480775,m_cl_clo_iem_o_12_t3_v12_cesp
-1599471552,packed_mp_veh_window_tint_0_v70
-1599457874,vem_supermod_17_17_t58_v3
-1599350397,vem_racecar_whl19_t19_v3
-1599305736,packed_mp_veh_mod_idx_s_0_v405
-1599293606,packed_ng_vehicle_neon_v359
-1599069397,packed_mp_veh_mod_idx_3_v88
-1599037818,packed_ng_vehicle_neon_kit_v358
-1598959790,m_cl_clo_bhm_u_4_3_t11_v1
-1598859575,packed_mp_veh_secondary_colour_group_v75
-1598779242,m_cl_clo_h3m_u_11_3_t11_v1
-1598673750,vem_colour_2_mct_metallic_flur_yellow_t25_v3
-1598485073,packed_mp_veh_mod_idx_s_11_v70
-1598474995,packed_lr_vehicle_colour_6_v342
-1598381668,packed_mp_veh_mod_idx_s_4_v356
-1598373529,m_cl_clo_x6m_f_6_20_t6_v1
-1598365944,m_cl_clo_h2m_u_6_23_t11_v1
-1598250195,packed_mp_veh_mod_idx_s_23_v394
-1598199570,m_cl_outfit_clo_x6m_o_o_5_t12_v0
-1598112171,vem_rwd_hiend_12_t19_v0
-1597990576,f_ta_tat_hp_041_t0_v0
-1597891126,vem_suspension_2_t15_v0
-1597792213,f_cl_clo_s1f_ph_0_14_t14_v1
-1597782995,packed_mp_veh_primary_colour_group_v234
-1597602416,f_cl_clo_bbf_u_3_8_t8_v1
-1597507094,vem_colour_extra_1_mct_classic_bronze_t24_v33
-1597486971,vem_supermod_53_12_t53_v7
-1597468133,vem_colour_1_mct_classic_pink_t24_v4
-1597464443,m_ha_cc_mkup_12_t7_v1
-1597421798,f_ta_tat_ar_000_t0_v0
-1597405108,vem_supermod_16_2_t57_v6
-1597403191,packed_mp_veh_mod_idx_s_14_v77
-1597351302,f_cl_clo_h4f_prw_0_2_t14_v1
-1597299664,packed_mp_veh_livery_0_v247
-1597014949,vem_horn_cnote_g0_t10_v39
-1597005279,vem_colour_1_mct_classic_cast_iron_sil_t24_v33
-1596999983,packed_mp_veh_mod_idx_4_v93
-1596817733,m_cl_clo_h4m_u_7_9_t11_v1
-1596812590,f_cl_clo_h2f_u_7_6_t11_v1
-1596744665,mp_stat_mpsv_model_175
-1596706807,vem_bikew_03_t19_v4
-1596641979,packed_mp_veh_mod_idx_5_v45
-1596499439,m_cl_clo_smm_b_7_13_t1_v1
-1596441246,f_cl_clo_bhf_l_0_4_t4_v1
-1596420965,packed_mp_veh_mod_idx_s_9_v27
-1596357101,packed_mp_veh_mod_idx_22_v93
-1596298485,m_cl_clo_stm_l_3_2_t4_v1
-1596201218,packed_mp_veh_secondary_colour_group_v131
-1596173432,packed_mp_veh_mod_idx_3_v207
-1596169138,vem_drft_18_t19_v1
-1596037024,m_cl_clo_trm_u_11_4_t11_v1
-1596031721,ve_ruston_t0_v3
-1595988438,vem_colour_extra_1_mct_metallic_might_purple_t24_v0
-1595931898,packed_mp_veh_mod_idx_7_v369
-1595922418,vem_cmod_hrn_sad_t10_v10
-1595908576,vem_suv_17_t19_v2
-1595823942,m_cl_f_fmm_15_15_t6_v0
-1595709390,packed_mp_veh_mod_idx_s_1_v110
-1595698218,packed_mp_veh_mod_idx_6_v394
-1595581826,packed_mp_veh_mod_idx_s_11_v411
-1595523541,f_cl_clo_lxf_dec_37_t11_v1
-1595475245,packed_mp_veh_mod_idx_s_1_v282
-1595462365,fcarcade_c_up3_c_20
-1595460085,packed_mp_veh_mod_idx_s_2_v197
-1595425084,m_cl_clo_l2m_e_27_1_t14_v1
-1595419714,m_cl_clo_sum_decl_31_t100_v0
-1595378164,f_cl_clo_h3f_o_ff_8_t3_v12
-1595355136,packed_mp_veh_mod_idx_s_9_v225
-1595216298,vem_colour_1_mct_classic_sienna_brown_t24_v2
-1595209360,f_cl_clo_bif_decl_44_t100_v0
-1594988425,f_cl_clo_h2f_u_3_5_t11_v1
-1594972624,packed_mp_veh_secondary_colour_group_v33
-1594954642,packed_mp_veh_colour2_0_v102
-1594938241,packed_mp_veh_mod_idx_s_20_v139
-1594933719,packed_ng_vehicle_bpt_v5
-1594886748,f_cl_clo_grf_ph_6_5_t14_v1
-1594883912,packed_mp_veh_colour_extra2_0_v149
-1594879804,vem_colour_1_mct_metallic_white_t24_v4
-1594866873,packed_mp_veh_mod_idx_5_v248
-1594856695,m_cl_clo_val_decl_o_t100_v0
-1594810277,packed_mp_veh_mod_idx_16_v350
-1594750062,packed_mp_veh_mod_idx_8_v149
-1594742721,packed_mp_veh_mod_idx_s_13_v375
-1594725767,packed_mp_veh_mod_idx_1_v174
-1594656993,vem_fender_l_1_t36_v7
-1594633229,packed_ng_vehicle_bpt_v46
-1594625598,vem_supermod_7_8_t48_v26
-1594539087,m_cl_clo_fxm_ph_2_23_t14_v1
-1594499843,vem_insurance_xls2
-1594471371,mp_stat_mpsv_model_241
-1594432708,m_cl_clo_h4m_pey_3_8_t14_v1
-1594364350,m_cl_outfit_clo_h2m_o_g_16_t12_v0
-1594289673,vem_supermod_20_4_t61_v26
-1594281885,vem_supermod_7_5_t48_v28
-1594193845,packed_mp_veh_mod_idx_24_v89
-1594161071,packed_ng_vehicle_smoke_v150
-1594142338,pr_pm_modshop_10_t89_v0
-1594125770,m_cl_clo_v2m_u_0_2_t11_v1
-1594102579,m_cl_clo_trm_decl_13_t100_v0
-1594080913,f_cl_clo_smf_b_7_1_t1_v1
-1593977379,mp_stat_mpsv_model_374
-1593901320,f_cl_f_fmf_15_15_t6_v0
-1593850702,vem_colour_mct_none_146
-1593786739,packed_mp_veh_mod_idx_s_2_v241
-1593783175,mp_stat_mpsv_model_94
-1593731313,f_cl_clo_h2f_b_5_10_t1_v1
-1593723911,m_cl_clo_h3m_ph_3_2_t14_v1
-1593655388,f_cl_clo_fxf_u_6_20_t11_v1
-1593623845,packed_mp_veh_mod_idx_s_15_v277
-1593552948,f_cl_clo_fxf_l_0_23_t4_v1
-1593545074,m_cl_clo_iem_u_7_11_t11_v1
-1593407267,wp_wct_clip_ap_t0_v48_n2
-1593343068,packed_mp_veh_mod_idx_15_v352
-1593173706,m_cl_clo_bhm_decl_11_t11_v1
-1593166968,packed_mp_veh_mod_idx_8_v367
-1593148282,vem_insurance_tigon
-1593086158,packed_mp_veh_mod_var_1_v333
-1593041429,f_cl_clo_trf_u_18_9_t11_v1
-1592860276,m_cl_clo_vwm_pw_2_7_t14_v1
-1592815530,f_cl_outfit_clo_hstf_o_m_2_t12_v0
-1592813558,packed_mp_veh_mod_idx_s_21_v265
-1592811019,packed_ng_vehicle_bpt_v124
-1592809725,vem_supermod_12_2_t53_v28
-1592628591,f_cl_clo_h3f_ph_9_3_t14_v1
-1592621585,packed_mp_veh_mod_idx_18_v194
-1592616669,m_cl_clo_h4m_decl_54_t100_v0
-1592612454,packed_mp_veh_mod_idx_s_13_v265
-1592600371,m_cl_clo_busm_l_1_7_t4_v1
-1592595567,packed_mp_veh_livery2_0_v136
-1592513017,vem_colour_1_mct_metallic_maple_brown_t24_v33
-1592420779,packed_mp_veh_livery2_0_v81
-1592368249,f_cl_clo_sbf_l_2_23_t4_v1
-1592361341,f_cl_clo_smf_u_1_6_t11_v1
-1592246820,packed_mp_veh_mod_idx_14_v89
-1592222062,f_ta_tat_ie_006_t0_v0
-1592045778,vem_insurance_stingerg
-1592010584,m_cl_clo_scm_ey_4_7_t14_v1
-1591961346,vem_cmod_tyr_4_t18_v37
-1591951465,m_cl_clo_l2m_u_6_13_t11_v1
-1591932312,vem_smod5_whlv58_t66_v3
-1591730813,packed_mp_veh_mod_idx_s_11_v152
-1591696515,f_cl_clo_bif_pw_6_0_t14_v1
-1591423290,vem_truck_slot_10_mod_3_t0_v0
-1591388218,packed_mp_veh_mod_idx_s_16_v299
-1591341477,m_cl_clo_sbm_lw_1_2_t14_v1
-1591266395,vem_smod4_whlv55_t66_v0
-1591161748,f_ta_tat_hp_001_t0_v0
-1591085545,packed_mp_veh_mod_idx_s_14_v176
-1591084110,m_cl_g_fmm_13_0_t14_v0
-1590902425,f_cl_clo_sbf_u_23_0_t11_v1
-1590846482,vem_colour_extra_1_mct_metallic_cabernet_red_t24_v4
-1590799688,packed_mp_veh_mod_idx_3_v237
-1590752906,m_cl_clo_sum_b_1_1_t1_v1
-1590641632,m_ta_tat_h27_007_t0_v0
-1590626276,packed_mp_veh_mod_idx_0_v309
-1590576438,vem_smod2_whl11_t19_v12
-1590548752,packed_mp_veh_mod_idx_s_23_v40
-1590529759,packed_mp_veh_mod_idx_18_v313
-1590500084,packed_mp_veh_mod_idx_18_v77
-1590321923,packed_mp_veh_mod_idx_12_v140
-1590196429,m_cl_clo_hilf_o_13_t3_v12
-1590171301,m_cl_clo_hp_u_5_4_t11_v1
-1590111659,f_cl_clo_h3f_b_10_0_t1_v1
-1590062627,packed_mp_veh_colour1_0_v14
-1589833662,wp_ps_bag_45_t1_v33
-1589758420,m_ta_tat_h3_041_t0_v0
-1589600702,f_cl_clo_s2f_u_4_15_t11_v1
-1589598233,packed_mp_veh_mod_idx_s_9_v384
-1589579835,vem_cmod_col5_6_t29_v1
-1589383309,packed_mp_veh_mod_idx_s_7_v311
-1589318177,f_cl_ht_fmf_0_4_t14_v0
-1589240005,packed_mp_veh_mod_idx_12_v270
-1589238550,packed_mp_veh_mod_idx_s_12_v160
-1589139327,f_ta_tat_x2_015_t0_v0
-1589121981,m_cl_clo_bim_decl_59_t10_v1
-1589032417,packed_mp_veh_mod_idx_s_12_v281
-1588933913,vem_smod4_whlv170_t66_v3
-1588904935,m_cl_clo_awm_ph_2_16_t14_v1
-1588899233,vem_colour_5_sunrise_orange_t38_v3
-1588898289,m_cl_u_fmm_14_10_t11_v0
-1588848005,wp_wct_barr2_t1_v46_n2
-1588745438,packed_mp_veh_mod_idx_s_13_v357
-1588707679,m_cl_clo_bhm_u_14_6_t11_v1
-1588702803,vem_cmod_tyr_11_t18_v37
-1588675569,vem_supermod_13_4_t54_v28
-1588655788,f_cl_clo_busf_l_1_7_t4_v1
-1588653688,f_ta_tat_fm_218_t0_v0
-1588481939,packed_mp_veh_livery_0_v322
-1588360736,packed_ng_vehicle_smoke_v205
-1588351030,f_cl_clo_h2f_b_4_12_t1_v1
-1588255977,packed_ng_vehicle_neon_kit_v321
-1588204842,dec_vw_aw_mt_19a
-1588191629,packed_mp_veh_mod_idx_13_v123
-1588180823,packed_mp_veh_mod_idx_9_v341
-1588131027,packed_mp_veh_mod_idx_22_v406
-1588067571,packed_mp_veh_mod_idx_15_v369
-1588056200,vem_smod4_whlv137_t66_v3
-1587973964,packed_mp_veh_mod_idx_s_22_v1
-1587921030,vem_colour_2_mct_classic_bright_purple_t25_v4
-1587854172,vem_insurance_vigero2
-1587836078,packed_ng_vehicle_insurance_v129
-1587815654,m_cl_clo_iem_u_2_6_t11_v1
-1587811981,f_cl_clo_v2f_o_2_t8_v12
-1587614185,m_cl_clo_h4m_decl_57_t11_v1
-1587549775,f_cl_clo_suf_u_15_3_t11_v1
-1587418365,packed_mp_veh_livery_0_v95
-1587403639,packed_mp_veh_window_tint_0_v301
-1587375146,m_cl_clo_h4m_ph_0_8_t14_v1
-1587340140,packed_mp_veh_mod_idx_16_v92
-1587329035,packed_mp_veh_livery_0_v28
-1587302379,vem_bikew_20_t19_v3
-1587217111,vem_insurance_blazer
-1587068227,f_cl_clo_smf_decl_2_t100_v0
-1587043071,ve_marshall_n1_t1_v7
-1586900605,f_cl_clo_half_2_0_t1_v1
-1586866784,wp_wct_clip1_t1_v3
-1586793489,packed_mp_veh_wheel_type_0_v184
-1586695302,m_ta_tat_lx_013_t0_v0
-1586689098,vem_insurance_riot2
-1586630613,vem_hood_3_t9_v1
-1586605065,f_cl_clo_stf_ht1515_t14_v1
-1586556421,mp_stat_arcade_wall_v0
-1586512529,packed_mp_veh_mod_var_1_v295
-1586479526,vem_rwd_drft_12_t19_v1
-1586435213,f_cl_clo_lxf_u_0_0_t11_v1
-1586413756,packed_mp_veh_mod_idx_s_10_v225
-1586377791,wp_wct_camo_7_t1_v21_n2
-1586301767,packed_mp_veh_mod_idx_s_21_v344
-1586183096,packed_mp_veh_mod_var_1_v27
-1586170317,service_earn_job_bonus
-1586021524,f_cl_o_fmf_s2_t3_v12
-1585927577,vem_smod_whlv102_t66_v0
-1585853549,f_cl_clo_x4f_u_10_0_t11_v1
-1585716879,packed_mp_veh_mod_var_0_v357
-1585710953,m_cl_clo_hp_h_0_3_t14_v0
-1585692645,packed_mp_veh_mod_idx_s_16_v31
-1585678758,f_cl_clo_ief_ph_0_4_t14_v1
-1585622387,packed_mp_veh_mod_idx_s_21_v336
-1585594185,vem_offr_01_t19_v2
-1585484840,f_cl_outfit_clo_h3f_o_dl_23_t12_v0
-1585204077,wp_wm_tint6_t2_v21
-1585189037,packed_ng_vehicle_bpt_v279
-1585183107,m_cl_clo_s1m_dec_11_t100_v0
-1585124724,f_cl_f_fmf_8_9_t6_v0
-1585088470,m_cl_clo_grm_u_13_15_t11_v1
-1585054491,m_cl_clo_exm_as_1_0_t8_v1
-1585050725,m_cl_clo_h3m_b_14_14_t1_v1
-1585028064,mp_stat_mpsv_model_59
-1585001095,packed_ng_vehicle_bpt_v78
-1584958932,wp_wt_gdgtpst_t0_v0
-1584851505,fcarcade_c_up3_c_6
-1584829411,f_cl_clo_ief_l_7_2_t4_v1
-1584676345,vem_suspension_3_t15_v3
-1584647127,vem_smod3_whlv136_t66_v3
-1584644638,packed_mp_veh_mod_idx_13_v245
-1584615315,wp_wct_flash_t1_v5
-1584611559,pr_mp_prop_clubh10_t0_v0
-1584593760,vem_skirt_9_t13_v38
-1584428482,vem_horn_luxe2_t10_v27
-1584388616,packed_mp_veh_mod_idx_s_23_v309
-1584372495,packed_lr_vehicle_colour_5_v227
-1584315511,packed_mp_veh_mod_idx_14_v290
-1584301801,wp_wct_tint_25_t2_v8_n2
-1584275521,packed_mp_veh_mod_var_0_v90
-1584243070,f_cl_clo_stf_u_3_3_t11_v1
-1584217122,f_cl_clo_bbf_u_3_7_t11_v1
-1584188659,packed_mp_veh_plate_id_v219
-1584162539,m_cl_clo_x4m_u_10_14_t11_v1
-1584047554,m_cl_clo_x2m_ht_4_3_t14_v1
-1584028361,f_cl_clo_fxf_l_4_13_t4_v1
-1583867601,vem_insurance_sanchez01
-1583867017,packed_mp_veh_mod_idx_13_v174
-1583833031,f_cl_clo_fxf_pe_1_4_t14_v1
-1583740764,packed_mp_veh_mod_idx_s_16_v149
-1583715423,packed_mp_veh_plate_id_v150
-1583691509,f_cl_clo_grf_ph_6_0_t14_v1
-1583658220,vem_colour_extra_1_mct_classic_grace_red_t24_v33
-1583543952,packed_mp_veh_colour1_0_v341
-1583509619,f_cl_clo_trf_f_1_17_t6_v1
-1583507798,vem_colour_extra_1_mct_classic_pink_t24_v1
-1583506731,packed_mp_veh_livery2_0_v77
-1583357568,vem_supermod_21_1_t62_v3
-1583344111,packed_mp_veh_mod_idx_2_v318
-1583330729,f_cl_outfit_clo_h4f_o_h1_f1_t12_v0
-1583288642,packed_mp_veh_plate_id_v107
-1583249371,packed_mp_veh_mod_idx_3_v372
-1583221516,vem_hood_11_t9_v35
-1583058599,f_ta_tat_st_010_t0_v0
-1583009787,packed_mp_veh_plate_id_v202
-1583000080,vem_colour_2_mct_classic_pink_t25_v2
-1582984868,m_cl_clo_exm_g_3_10_t14_v0
-1582932160,vem_offr_11_t19_v3
-1582918980,m_cl_clo_hstmb_17_0_t1_v1
-1582905421,pr_pm_bemblem_9_t0_v0
-1582721804,f_cl_clo_h4f_s_1_9_t8_v1
-1582713351,packed_mp_veh_mod_idx_16_v31
-1582709490,vem_supermod_11_20_t52_v3
-1582543113,f_cl_clo_h2f_o_s_14_t3_v12
-1582473479,vem_supermod_19_0_t60_v37
-1582434556,packed_mp_veh_livery2_0_v334
-1582367001,vem_colour_extra_1_mct_matte_light_grey_t24_v0
-1582337601,packed_mp_veh_mod_idx_s_3_v302
-1581980713,vem_cmod_win_3_t33_v5
-1581839145,packed_ng_vehicle_smoke_v224
-1581819243,vem_colour_1_mct_classic_grace_red_t24_v0
-1581798453,vem_insurance_penumbra2
-1581787910,m_cl_clo_hp_b_1_1_t1_v1
-1581705095,m_cl_outfit_clo_indm_o_4_t12_v0
-1581693115,packed_mp_veh_mod_idx_0_v241
-1581648920,vem_supermod_22_13_t63_v3
-1581609419,packed_mp_veh_livery2_0_v317
-1581603605,packed_mp_veh_livery_0_v357
-1581560686,m_ha_cc_eyebrw_15_t2_v1
-1581538981,ve_boxville5_t0_v3
-1581465454,f_cl_clo_busf_u_3_4_t8_v1
-1581341708,m_cl_clo_v2m_o_9_t3_v12
-1581316919,f_cl_clo_ief_b_9_3_t1_v1
-1581213793,packed_ng_vehicle_neon_v249
-1581151376,m_cl_u_fmm_3_6_t11_v0
-1581120266,packed_mp_veh_mod_idx_3_v321
-1581000698,packed_mp_veh_primary_colour_group_v46
-1580996729,m_cl_clo_v2m_l_1_8_t4_v1
-1580943769,packed_mp_veh_mod_idx_4_v74
-1580874547,f_cl_ht_fmf_5_6_t14_v0
-1580829667,packed_mp_veh_mod_idx_s_19_v388
-1580750911,packed_mp_veh_mod_idx_s_20_v374
-1580613146,packed_mp_veh_mod_idx_9_v219
-1580591395,ve_issi4_t0_v38
-1580511962,f_ta_tat_sb_000_t0_v0
-1580411282,packed_mp_veh_mod_idx_11_v206
-1580402247,packed_mp_veh_mod_idx_s_18_v356
-1580395316,ve_comet6_t0_v3
-1580388536,f_cl_clo_h2f_o_c_4_t8_v12
-1580292680,m_cl_clo_l2m_e_19_3_t14_v1
-1580280754,packed_mp_veh_mod_idx_s_7_v212
-1580272084,autoshop_tnt_4_t0_v0
-1580252812,f_cl_clo_x6f_u_2_0_t11_v1
-1580164849,packed_mp_veh_mod_idx_s_10_v409
-1580158634,vem_smod_whlv116_t66_v3
-1580042115,f_cl_clo_bhf_decl_25_t100_v0
-1579829020,ve_oppressor_t0_v31
-1579744776,vem_exhaust_1_t6_v4
-1579744399,f_cl_clo_bhf_u_10_8_t11_v1
-1579643498,vem_colour_1_mct_classic_saxon_blue_t24_v33
-1579607425,m_cl_clo_h4m_plw_0_8_t14_v1
-1579594078,f_cl_outfit_clo_trf_o_d1_t12_v0
-1579552329,packed_mp_veh_mod_var_1_v322
-1579530025,packed_lr_vehicle_colour_5_v410
-1579454618,packed_lr_vehicle_colour_5_v102
-1579394944,m_ta_tat_s2_006_t0_v0
-1579394494,service_earn_gangops_setup
-1579369502,packed_ng_vehicle_insurance_v364
-1579366994,ve_slamvan3_t0_v11
-1579354698,packed_mp_veh_mod_idx_s_3_v313
-1579320204,vem_smod2_whl12_t19_v12
-1579319919,m_cl_clo_bim_decl_27_t100_v0
-1579306184,vem_horn_hween1_t10_v1
-1579219467,m_cl_clo_x6m_u_0_12_t11_v1
-1579198489,vem_supermod_18_0_t59_v26
-1579192446,vem_cmod_neonlay_0_t21_v11
-1579190698,packed_lr_vehicle_colour_5_v120
-1579138500,packed_mp_veh_mod_idx_15_v58
-1579067842,mp_stat_mpsv_model_60
-1578991967,packed_mp_veh_mod_idx_s_0_v382
-1578965072,f_cl_clo_s2f_d_6_t100_v0
-1578949553,m_cl_clo_grm_ph_5_12_t14_v1
-1578896459,m_cl_clo_l2m_e_28_0_t14_v1
-1578804105,packed_mp_veh_mod_idx_s_7_v269
-1578684890,vem_rwd_bikew_28_t19_v3
-1578674050,f_cl_clo_s2f_u_3_6_t11_v1
-1578543143,packed_mp_veh_mod_idx_s_2_v382
-1578387699,vem_colour_extra_1_mct_classic_cabernet_red_t24_v2
-1578327768,vem_colour_2_mct_metallic_sunset_red_t25_v0
-1578308030,m_cl_clo_grm_u_0_4_t11_v1
-1578139212,m_cl_clo_hstm_t_2_14_t7_v1
-1578135186,packed_mp_veh_mod_idx_22_v217
-1578091702,packed_mp_veh_mod_idx_13_v257
-1578015085,vem_supermod_9_8_t50_v11
-1577926342,packed_mp_veh_mod_idx_s_15_v235
-1577816318,vem_colour_2_mct_matte_purple_t25_v1
-1577809313,m_cl_l_fmm_9_14_t4_v0
-1577715586,m_ta_tat_h27_014_t0_v0
-1577710293,vem_spoiler_14_t14_v38
-1577593565,packed_mp_veh_mod_idx_22_v384
-1577583619,vem_supermod_23_10_t64_v27
-1577486652,m_cl_clo_hstmb_21_6_t1_v1
-1577434068,packed_mp_veh_mod_idx_0_v104
-1577403397,packed_mp_veh_mod_idx_s_7_v171
-1577326648,packed_mp_veh_mod_idx_6_v236
-1577278042,packed_mp_veh_mod_idx_24_v242
-1577224315,vem_colour_1_mct_metallic_surf_blue_t24_v4
-1577180348,f_cl_clo_bhf_u_5_17_t11_v1
-1576884304,packed_mp_veh_mod_idx_s_4_v387
-1576845170,f_cl_clo_ltsft_0_1_t3_v1
-1576811010,f_cl_clo_sbf_u_18_5_t11_v1
-1576706090,m_cl_clo_trm_f_1_14_t6_v1
-1576540300,packed_mp_veh_mod_idx_s_18_v200
-1576505727,m_cl_outfit_clo_hstm_o_12_t12_v0
-1576496699,packed_mp_veh_mod_idx_22_v18
-1576393108,f_cl_clo_x6f_b_2_9_t1_v1
-1576352196,f_cl_clo_bhf_u_11_17_t11_v1
-1576342496,packed_mp_veh_mod_idx_s_0_v195
-1576310123,packed_mp_veh_secondary_colour_group_v142
-1576244670,f_cl_clo_trf_u_8_12_t11_v1
-1576151105,m_cl_clo_x6m_f_10_2_t6_v1
-1576080766,service_earn_casino_award_mission_six_first_time
-1575981763,packed_ng_vehicle_smoke_v263
-1575923970,f_cl_clo_suf_u_2_0_t11_v1
-1575900730,packed_ng_vehicle_bpt_v410
-1575808300,f_cl_clo_awf_u_9_15_t11_v1
-1575746741,vem_supermod_23_3_t64_v6
-1575664391,m_ta_tat_bi_036_t0_v0
-1575597205,f_ta_tat_h3_014_t0_v0
-1575489305,m_cl_clo_bim_decl_35_t100_v0
-1575210464,packed_mp_veh_mod_idx_23_v46
-1575141323,veu_glendale2_t0_v0
-1575118600,m_cl_outfit_clo_hilf_o_26_t12_v0
-1575108254,m_cl_clo_trm_b_2_0_t1_v1
-1575077617,f_cl_clo_awf_u_3_5_t11_v1
-1575015306,m_cl_clo_h4m_ph_2_3_t14_v1
-1574951855,packed_mp_veh_mod_idx_2_v155
-1574930971,packed_mp_veh_colour2_0_v122
-1574922114,vem_smod2_whlv106_t66_v3
-1574913545,m_cl_clo_s2m_f_1_7_t6_v1
-1574884325,f_cl_clo_h2f_f_3_22_t6_v1
-1574830267,packed_ng_vehicle_neon_kit_v143
-1574798202,packed_mp_veh_mod_idx_s_3_v414
-1574795641,service_earn_from_business_battle
-1574649079,packed_mp_veh_mod_idx_s_21_v32
-1574555081,m_cl_clo_bim_u_26_0_t11_v1
-1574517541,m_cl_clo_h4m_u_3_5_t11_v1
-1574481328,ve_rt3000_t1_v3
-1574479034,f_cl_clo_suf_u_17_6_t11_v1
-1574462534,m_ta_tat_bi_052_t0_v0_cesp
-1574378252,vem_smod4_whlv29_t66_v1
-1574373329,f_ta_tat_fm_234_t0_v0
-1574335929,wp_wt_mltryrfl_t0_v0
-1574296850,vem_colour_2_mct_classic_sienna_brown_t25_v4
-1574250612,f_cl_clo_exf_ef_0_10_t6_v1
-1574192348,packed_ng_vehicle_insurance_v397
-1574118453,m_cl_clo_exm_g_12_9_t14_v0
-1574099067,packed_mp_veh_mod_idx_s_5_v33
-1573825732,mp_stat_prodtotalforfactory5_v0
-1573784786,vem_colour_1_mct_metallic_sienna_brown_t24_v3
-1573776683,f_cl_clo_vwf_pe_3_3_t14_v1
-1573701709,f_cl_clo_h4f_b_3_7_t1_v1
-1573620437,vem_rwd_bikew_23_t19_v4
-1573504901,m_cl_clo_sum_u_15_14_t11_v1
-1573423213,m_cl_clo_s1m_ph_0_7_t14_v1
-1573376337,vem_supermod_21_13_t62_v27
-1573352570,packed_mp_veh_mod_idx_15_v382
-1573340275,f_cl_clo_grf_b_2_7_t1_v1
-1573264161,packed_mp_veh_mod_idx_s_5_v154
-1573246080,f_cl_clo_sbf_ph_6_10_t14_v1
-1573098369,vem_rwd_suv_12_t19_v1
-1573032233,vem_supermod_52_17_t52_v7
-1573021331,m_ta_tat_h27_017_t0_v0
-1572981138,f_cl_clo_trf_ph_1_2_t14_v1
-1572875684,packed_lr_vehicle_colour_6_v193
-1572857684,m_cl_clo_hp_d_7_t8_v2
-1572806935,f_cl_clo_grf_l_4_6_t4_v1
-1572770598,vem_cmod_neoncol_6_t21_v2
-1572670854,f_ta_tat_bi_023_t0_v0
-1572651253,vem_armour_1_t1_v32
-1572516333,factory_index_11_t0_v0
-1572515435,packed_mp_veh_mod_idx_15_v259
-1572450964,packed_mp_veh_mod_idx_24_v113
-1572345872,vem_colour_2_mct_metallic_sienna_brown_t25_v2
-1572299923,packed_mp_veh_mod_idx_4_v354
-1572257426,m_cl_clo_stm_h_9_10_t14_v1
-1572242506,vem_colour_2_mct_metallic_anthr_black_t25_v1
-1572143959,f_cl_clo_exf_al_2_0_t4_v1
-1572121497,packed_mp_veh_window_tint_0_v47
-1572076235,packed_mp_veh_mod_idx_s_10_v281
-1571769776,packed_mp_veh_mod_idx_5_v61
-1571750534,m_cl_clo_bhm_decl_8_t11_v1
-1571719817,packed_mp_veh_wheel_type_0_v185
-1571700163,vem_cmod_pla_text_t23_v1
-1571626988,packed_mp_veh_mod_idx_s_0_v162
-1571553930,packed_mp_veh_mod_idx_11_v336
-1571531540,f_cl_clo_hp_f_d_30_t11_v1
-1571460565,m_cl_u_fmm_9_7_t11_v0
-1571409296,f_ta_tat_h27_005_t0_v0
-1571390136,m_cl_clo_x6m_ph_8_14_t14_v1
-1571256589,f_cl_outfit_clo_arf_o_6_t12_v0
-1571138826,packed_mp_headblend_overlay_blusher_v0
-1571068867,packed_mp_veh_plate_id_v35
-1571047462,m_cl_clo_iem_u_7_8_t11_v1
-1570957815,packed_mp_veh_mod_idx_s_5_v195
-1570811654,packed_mp_veh_mod_idx_s_16_v214
-1570767386,f_cl_outfit_clo_h2f_o_g_18_t12_v0
-1570740401,vem_cmod_whe_0_t19_v11
-1570671944,packed_mp_veh_mod_idx_s_19_v208
-1570658891,vem_horn_hween1_t10_v26
-1570604443,packed_mp_veh_mod_idx_11_v82
-1570518331,f_cl_clo_trf_u_15_0_t11_v1
-1570414099,pr_fc_mural_8_t0_v0
-1570344774,vem_insurance_tampa3
-1570072489,vem_supermod_22_10_t63_v26
-1570002683,packed_mp_veh_mod_idx_s_20_v372
-1569904378,vem_smod4_whlv59_t66_v3
-1569867602,dec_vw_aw_wh_40b
-1569805276,vem_supermod_60_2_t60_v7
-1569768492,m_cl_clo_bhm_b_0_5_t1_v1
-1569635961,m_ha_cc_mkup_10_t7_v0
-1569630126,mp_stat_mpsv_model_17
-1569567351,vem_grill_3_t8_v10
-1569540193,f_cl_clo_smf_u_2_11_t11_v1
-1569467683,pr_pm_modshop_0_t88_v0
-1569466354,packed_mp_veh_mod_idx_s_15_v387
-1569444629,vem_supermod_19_4_t60_v28
-1569413821,packed_mp_veh_livery_0_v227
-1569268427,f_ta_tat_sb_016_t0_v0
-1569225935,packed_mp_veh_mod_idx_s_18_v407
-1569214723,vem_horn_cnote_a0_t10_v37
-1569147919,packed_lr_vehicle_colour_6_v143
-1569126513,vem_cmod_col5_2_t29_v4
-1569119207,packed_lr_vehicle_colour_6_v413
-1569117843,vem_musc_11_t19_v0
-1569095700,f_cl_clo_x2f_t_0_3_t7_v1
-1569081423,wp_ps_can_5_t2_v33
-1569002694,vem_supermod_12_0_t53_v35
-1568968769,f_cl_outfit_clo_hstf_o_k_2_t12_v0
-1568962372,packed_mp_veh_mod_idx_s_10_v374
-1568928447,m_cl_clo_awm_ph_1_13_t14_v1
-1568881269,f_cl_clo_exf_eu_6_4_t11_v1
-1568816217,vem_colour_1_mct_metallic_ultra_blue_t24_v4
-1568761423,m_cl_clo_awm_b_12_11_t1_v1
-1568678442,vem_smod2_whlv54_t66_v3
-1568598126,vem_fender_l_12_t36_v38
-1568565729,packed_mp_veh_mod_idx_12_v77
-1568375867,packed_mp_veh_mod_idx_s_17_v300
-1568346235,f_cl_clo_stf_u_6_3_t11_v1
-1568284307,packed_mp_veh_mod_idx_s_3_v141
-1568215328,m_cl_clo_bim_pe_1_1_t14_v1
-1568170151,m_cl_f_fmm_1_10_t6_v0
-1568132486,fchub_mod2_6_t0_v0
-1567991310,mp_stat_mpsv_model_385
-1567945435,vem_colour_2_mct_metallic_salmon_pink_t25_v1
-1567929554,m_cl_clo_hstmb_22_6_t1_v1
-1567905108,packed_mp_veh_mod_idx_s_21_v149
-1567895654,m_cl_clo_fxm_pe_3_3_t14_v1
-1567895579,vem_supermod_3_29_t44_v27
-1567855057,packed_mp_veh_mod_idx_s_9_v61
-1567850006,packed_mp_veh_mod_idx_s_5_v268
-1567848690,m_cl_clo_grm_decl_4_t100_v0
-1567742346,m_ha_clo_s2m_h_0_0_t0_v1
-1567740409,vem_supermod_17_6_t58_v28
-1567735536,vem_colour_extra_1_mct_pearlescent_pink_t24_v1
-1567685472,vem_insurance_hotring
-1567682215,vem_supermod_55_19_t55_v7
-1567639578,vem_supermod_23_23_t64_v3
-1567616470,vem_cmod_hrn_mus1_t10_v33
-1567531654,f_cl_clo_sbf_b_10_11_t1_v1
-1567521437,f_cl_clo_busf_u_2_5_t8_v1
-1567500425,packed_mp_veh_mod_idx_22_v371
-1567442621,vem_cmod_col4_0_t27_v3
-1567313505,vem_supermod_51_21_t51_v7
-1567293377,vem_supermod_16_10_t57_v27
-1567233662,f_cl_clo_smf_decl_14_t100_v0
-1567209754,f_cl_clo_x6f_ph_0_1_t14_v1
-1567178712,packed_mp_veh_livery2_0_v104
-1567134261,packed_mp_veh_mod_idx_s_3_v395
-1567132810,dec_vw_aw_ls_9
-1567121171,packed_mp_veh_mod_idx_12_v111
-1567083476,m_cl_clo_sum_decl_12_t11_v1
-1567046138,packed_mp_veh_mod_idx_s_3_v274
-1566883419,vem_colour_mct_none_11
-1566870228,vem_horn_xm15_1_t10_v3
-1566861442,packed_mp_veh_mod_idx_10_v373
-1566793046,packed_mp_veh_mod_idx_24_v284
-1566748854,packed_mp_veh_mod_idx_s_16_v272
-1566738393,f_cl_clo_x6f_ph_9_0_t14_v1
-1566697476,vem_hlight_0_t11_v31
-1566461833,packed_mp_veh_colour2_0_v334
-1566376034,f_cl_clo_sbf_b_10_8_t1_v1
-1566371345,m_cl_clo_grm_b_1_7_t1_v1
-1566337646,vem_colour_extra_1_mct_pearlescent_cream_t24_v1
-1566275381,vem_roof_4_t12_v36
-1566251276,vem_horn_cnote_b0_t10_v27
-1566240840,m_cl_clo_iem_ph_0_0_t14_v1_cesp
-1566124361,packed_mp_veh_colour_extra1_0_v180
-1566122427,f_cl_clo_bhf_u_6_4_t11_v1
-1566023077,m_cl_clo_s1m_dec_11_t11_v1
-1565992556,packed_mp_veh_secondary_colour_group_v63
-1565988161,vem_smod4_whlv37_t66_v1
-1565968342,vem_smod3_whlv124_t66_v3
-1565955193,packed_mp_veh_mod_idx_s_23_v5
-1565923868,f_cl_clo_smf_ph_2_3_t14_v1
-1565886600,wp_wct_c_tint_6_t2_v8_n2
-1565822645,m_cl_clo_vwm_u_10_20_t11_v1
-1565807957,m_cl_clo_scm_b_3_1_t1_v1
-1565613250,m_cl_clo_grm_f_0_9_t6_v1
-1565574913,packed_mp_veh_mod_idx_s_20_v206
-1565433590,m_cl_clo_awm_b_3_5_t1_v1
-1565413328,packed_mp_veh_secondary_colour_group_v357
-1565410304,packed_mp_veh_primary_colour_group_v140
-1565277709,packed_mp_veh_mod_idx_s_2_v248
-1565217612,ve_havok_t1_v33
-1565125058,packed_mp_veh_livery2_0_v55
-1565043466,vem_smod_whl15_t19_v12
-1564966299,f_cl_clo_bus_m_0_0_t1_v1
-1564874096,packed_mp_veh_mod_var_1_v80
-1564835980,m_cl_clo_h3m_b_14_12_t1_v1
-1564803040,mp_stat_mission_biker_client_v0
-1564757058,packed_mp_veh_mod_idx_s_5_v99
-1564753075,m_cl_outfit_clo_arm_o_3_t12_v0
-1564680849,f_cl_clo_suf_u_16_4_t11_v1
-1564671973,vem_supermod_2_13_t43_v3
-1564580056,packed_mp_veh_mod_idx_s_17_v204
-1564569797,m_cl_g_fmm_12_5_t14_v0
-1564386840,m_cl_l_fmm_9_4_t4_v0
-1564382488,m_cl_clo_hst_a_8_t100_v0
-1564223784,packed_mp_veh_colour2_0_v340
-1564177959,f_cl_clo_fxf_pe_5_3_t14_v1
-1564113401,vem_hood_4_t9_v7
-1564040587,ve_scarab2_t1_v38
-1563926590,vem_horn_xm15_3_t10_v37
-1563918460,packed_ng_vehicle_smoke_v184
-1563888864,m_cl_clo_x6m_b_2_10_t1_v1
-1563831453,vem_colour_1_mct_classic_cream_t24_v4
-1563781327,m_ta_tat_ie_002_t0_v0
-1563747583,packed_mp_veh_mod_idx_s_23_v196
-1563725657,packed_mp_veh_mod_idx_s_3_v331
-1563630086,packed_mp_veh_mod_idx_s_18_v261
-1563584384,vem_smod4_whlv43_t66_v3
-1563527210,f_cl_clo_h2f_o_c_10_t3_v12
-1563495285,f_cl_clo_smf_b_6_12_t1_v1
-1563361042,vem_chassis_10_t4_v3
-1563310898,f_cl_clo_exf_eu_16_2_t11_v1
-1563286627,f_cl_clo_awf_decl_37_t100_v0
-1563174588,vem_loride_10_t19_v12
-1563022254,packed_mp_veh_mod_idx_s_13_v19
-1562944309,f_cl_clo_hp_f_u_0_6_t11_v1
-1562876196,packed_mp_veh_mod_idx_16_v167
-1562739073,vem_colour_extra_1_mct_classic_nautical_blue_t24_v1
-1562737711,packed_mp_veh_mod_idx_10_v97
-1562707921,ve_longfin_n1_t1_v0
-1562672488,vem_colour_extra_1_mct_metallic_blue_silver_t24_v4
-1562663873,f_cl_clo_bhf_decl_33_t100_v0
-1562605649,vem_skirt_5_t13_v3
-1562541509,mp_stat_factoryupgrades4_2_v0
-1562526288,packed_mp_veh_mod_idx_s_15_v261
-1562428636,f_cl_l_fmf_5_8_t4_v0
-1562419119,vem_colour_extra_1_mct_classic_lava_red_t24_v1
-1562393497,vem_smod3_whlv49_t66_v3
-1562390966,vem_colour_mct_none_79
-1562389568,packed_mp_veh_mod_idx_23_v322
-1562382965,m_cl_clo_grm_u_10_4_t11_v1
-1562137574,packed_mp_veh_mod_idx_s_13_v372
-1562039204,packed_ng_vehicle_smoke_v68
-1562005628,m_cl_clo_x6m_u_26_23_t11_v1
-1561996249,vem_hood_6_t9_v35
-1561781421,packed_mp_veh_mod_idx_s_16_v323
-1561759531,m_cl_clo_sum_u_2_2_t11_v1
-1561698399,f_cl_clo_h2f_f_7_1_t6_v1
-1561658323,f_cl_clo_xmasf_u_1_1_t11_v1
-1561628721,f_cl_clo_v2f_f_1_5_t6_v1
-1561581031,f_cl_clo_x6f_ph_0_23_t14_v1
-1561573411,m_cl_u_fmm_14_14_t8_v2
-1561564453,vem_colour_extra_1_mct_classic_maple_brown_t24_v4
-1561355040,f_cl_clo_grf_f_0_11_t6_v1
-1561334081,pr_pm_modshop_17_t89_v0
-1561289988,m_cl_clo_arm_ph_0_1_t14_v1
-1561284088,vem_musc_06_t19_v2
-1561272086,m_cl_clo_stm_h_1013_t14_v1
-1561258831,packed_mp_veh_mod_idx_7_v239
-1561240091,f_cl_clo_val_decl_n_t11_v1
-1561223383,dec_vw_aw_mt_28b
-1561154480,vem_colour_extra_1_mct_classic_surf_blue_t24_v3
-1561148807,m_cl_clo_grm_l_3_22_t4_v1
-1561112950,packed_mp_veh_colour_extra2_0_v388
-1561103529,packed_mp_veh_mod_var_0_v208
-1560930274,packed_mp_veh_window_tint_0_v252
-1560819947,vem_horn_lowrder1_t10_v33
-1560788144,m_cl_ht_fmm_3_2_t14_v0
-1560769849,packed_mp_veh_mod_idx_18_v144
-1560603113,f_cl_clo_suf_u_2_1_t11_v1
-1560534190,f_cl_clo_hstf_s_6_4_t8_v1
-1560520255,f_cl_clo_l2f_t_5_1_t7_v1
-1560488848,f_cl_clo_s2f_o_5_t100_v0
-1560468958,f_cl_clo_smf_o_6_t3_v12
-1560467352,vem_armour_3_t1_v6
-1560448639,m_cl_clo_trm_decl_16_t100_v0
-1560409213,vem_supermod_23_3_n1_t64_v33
-1560397581,vem_rwd_bikew_20_t19_v4
-1560351125,wp_wct_c_tint_17_t2_v13_n2
-1560325850,packed_mp_veh_mod_idx_s_10_v199
-1560291906,packed_mp_veh_mod_idx_s_2_v343
-1560192940,packed_mp_veh_colour_extra1_0_v173
-1560191519,f_cl_g_fmf_7_6_t14_v0
-1560091411,m_cl_u_fmm_14_8_t11_v0
-1560082459,packed_ng_vehicle_smoke_v117
-1560063004,packed_ng_vehicle_smoke_v371
-1560023504,vem_smod5_whlv49_t66_v3
-1559965378,vem_suspension_2_t15_v29
-1559828919,packed_mp_veh_mod_idx_16_v116
-1559820119,m_cl_clo_bhm_f_1_12_t6_v1
-1559800666,packed_mp_veh_mod_idx_3_v257
-1559751446,packed_mp_veh_mod_idx_10_v168
-1559672066,vem_horn_xm15_2_t10_v11
-1559637604,f_cl_clo_scf_d_27_8_t10_v1
-1559500798,packed_mp_veh_plate_id_v54
-1559365282,packed_mp_veh_mod_idx_9_v193
-1559351661,packed_mp_veh_mod_idx_3_v69
-1559336805,f_cl_clo_smf_ph_3_11_t14_v1
-1559216854,vem_colour_5_diamond_blue_t38_v3
-1559160804,vem_supermod_60_13_t60_v7
-1559160720,packed_mp_veh_mod_idx_10_v156
-1559114214,packed_mp_veh_colour_extra2_0_v69
-1559042253,m_cl_clo_hp_l_0_11_t4_v1
-1559033283,f_cl_clo_exf_g_2_9_t14_v0
-1558985223,f_cl_clo_bif_u_23_0_t11_v1
-1558839845,f_ta_tat_h3_041_t0_v0
-1558835511,m_ha_cc_body_1_15_t3_v0
-1558664494,packed_mp_veh_mod_idx_s_21_v154
-1558612504,vem_colour_2_mct_matte_orange_t25_v0
-1558610476,packed_mp_veh_mod_idx_s_4_v193
-1558569845,m_cl_clo_h4m_b_1_4_t1_v1
-1558546672,m_cl_clo_vwm_u_14_8_t11_v1
-1558433407,f_cl_clo_v2f_o_9_t8_v12
-1558377097,m_cl_clo_h3m_ph_5_17_t14_v1
-1558375034,m_cl_clo_indm_b_3_1_t1_v1
-1558345662,vem_smod2_whlv80_t66_v3
-1558311029,packed_mp_veh_mod_idx_s_17_v231
-1558301273,packed_mp_veh_mod_idx_8_v177
-1558276169,m_ta_tat_sb_059_t0_v0
-1558275782,vem_supermod_0_10_t41_v28
-1558198918,packed_mp_veh_mod_idx_s_14_v354
-1558197324,packed_mp_veh_mod_idx_9_v251
-1558153897,packed_ng_vehicle_neon_v19
-1558094127,packed_ng_vehicle_insurance_v268
-1557956497,f_cl_clo_l2f_lw_7_1_t14_v1
-1557952558,m_cl_clo_l2m_t_5_1_t7_v1
-1557946947,packed_ng_vehicle_neon_v210
-1557691104,packed_mp_veh_mod_idx_s_6_v407
-1557663314,vem_colour_1_mct_classic_sea_green_t24_v3
-1557623505,m_cl_clo_hst_a_9_t8_v1
-1557527518,packed_mp_veh_mod_idx_6_v173
-1557509648,f_cl_clo_bhf_u_20_11_t11_v1
-1557508827,wp_wct_tint_15_t2_v48_n2
-1557508582,packed_lr_vehicle_colour_5_v331
-1557501557,m_ta_tat_fm_233_t0_v0
-1557408887,packed_mp_veh_mod_idx_13_v218
-1557400292,m_cl_clo_s1m_dec_18_t11_v1
-1557287580,packed_mp_veh_mod_idx_s_22_v138
-1557198520,f_cl_clo_ief_u_1_6_t11_v1
-1557081425,packed_mp_veh_primary_colour_group_v202
-1557059755,packed_mp_veh_mod_idx_s_12_v339
-1557037015,vem_bumper_f_19_t34_v3
-1556879494,f_cl_clo_hstf_t_1_12_t7_v1
-1556858323,packed_lr_vehicle_colour_5_v67
-1556782489,f_cl_clo_lxf_lw_6_0_t14_v1
-1556778009,packed_mp_veh_mod_idx_s_3_v350
-1556746797,vem_horn_indi_3_t10_v6
-1556681562,f_cl_clo_grf_g_0_19_t3_v1
-1556624845,m_cl_clo_indm_d_10_t8_v1
-1556347873,f_cl_clo_ltsf_o_1_t8_v12
-1556333930,packed_mp_veh_mod_idx_s_12_v8
-1556141080,packed_mp_veh_mod_idx_10_v225
-1556114077,vem_smod4_whlv204_t66_v0
-1556096670,packed_mp_veh_secondary_colour_group_v66
-1555846623,vem_trans_1_t16_v29
-1555807898,vem_colour_1_mct_matte_blue_t24_v0
-1555733129,m_cl_clo_grm_u_15_12_t11_v1
-1555534404,mt_snk_item6_t0_v3
-1555521663,f_cl_clo_hp_f_u_6_2_t11_v1
-1555490919,f_cl_clo_vwf_pe_2_1_t14_v1
-1555484760,vem_supermod_14_5_t55_v26
-1555481505,f_cl_clo_h4f_pey_1_9_t14_v1
-1555468508,vem_horn_cnote_c1_t10_v34
-1555421171,fcbase_sec0_t0_v0
-1555234736,packed_mp_veh_colour2_0_v10
-1555222346,packed_lr_vehicle_colour_6_v184
-1555222068,m_ha_clo_s2m_h_2_0_t0_v1
-1555161127,f_cl_clo_vwf_u_19_13_t11_v1
-1555078350,pm_weapon_discount_gold_medal
-1555063354,vem_supermod_13_12_t54_v3
-1555052144,packed_mp_veh_mod_idx_s_17_v149
-1555042324,m_cl_he_fmm_18_0_t14_v1
-1554952943,f_cl_clo_scf_u_1_0_t11_v1
-1554804884,packed_mp_veh_plate_id_v125
-1554760748,vem_colour_extra_1_mct_pearlescent_sunset_red_t24_v4
-1554749136,m_cl_clo_h4m_t_13_1_t7_v1
-1554743084,packed_mp_veh_mod_var_0_v143
-1554696417,f_cl_outfit_clo_arf_o_25_t12_v0
-1554693057,packed_mp_veh_mod_idx_16_v310
-1554612415,m_cl_clo_vwm_u_23_6_t11_v1
-1554564759,packed_mp_veh_mod_idx_s_5_v27
-1554544151,pr_pm_bfont_2_t1_v0
-1554533857,vem_colour_1_mct_classic_midnight_blue_t24_v4
-1554490444,packed_mp_veh_colour_extra2_0_v332
-1554484558,vem_horn_lowrder2_t10_v34
-1554473696,m_cl_clo_bhm_u_10_3_t11_v1
-1554394248,vem_roof_0_t12_v30
-1554325593,vem_supermod_19_3_t60_v27
-1554316943,packed_mp_veh_mod_idx_s_18_v311
-1554229517,m_cl_clo_h2m_b_5_4_t1_v1
-1554190038,packed_ng_vehicle_smoke_v256
-1554186277,m_cl_u_fmm_0_1_t11_v0
-1554150278,f_cl_clo_hstfb_14_4_t1_v1
-1554110734,f_cl_clo_vwf_u_13_18_t11_v1
-1554052420,packed_mp_veh_mod_idx_18_v9
-1554009177,wp_wct_c_tint_7_t2_v5_n2
-1554000844,m_cl_clo_stm_h_9_8_t14_v1
-1553985674,m_cl_g_fmm_4_6_t14_v0
-1553900821,m_ta_tat_x6_004_t0_v0
-1553887293,vem_colour_1_mct_metallic_sunset_red_t24_v2
-1553706701,m_cl_clo_fxm_ph_0_19_t14_v1
-1553625223,packed_mp_veh_colour_extra1_0_v69
-1553613667,f_cl_clo_bhf_u_4_8_t11_v1
-1553477811,f_cl_clo_s1f_dec_6_t11_v1
-1553472758,packed_mp_veh_primary_colour_group_v12
-1553471590,packed_mp_veh_plate_id_v46
-1553349277,f_cl_clo_exf_ef_0_2_t6_v1
-1553090780,packed_mp_veh_secondary_colour_group_v319
-1553068850,packed_mp_veh_mod_idx_s_19_v91
-1553043249,packed_mp_veh_mod_idx_s_7_v401
-1553042142,m_cl_clo_h3m_ph_6_16_t14_v1
-1553034237,packed_mp_veh_mod_idx_16_v52
-1552987616,packed_mp_veh_mod_idx_s_22_v179
-1552874513,f_ta_tat_hp_045_t0_v0
-1552824203,vem_supermod_16_6_t57_v26
-1552799929,packed_mp_veh_mod_idx_3_v59
-1552751195,f_ha_cc_mkup_8_t7_v0
-1552621033,f_cl_clo_fxf_u_9_17_t11_v1
-1552589253,ve_carbon_t1_v3
-1552560871,m_cl_clo_vwm_u_10_2_t11_v1
-1552492629,packed_mp_veh_mod_idx_8_v82
-1552440399,vem_supermod_21_0_t62_v27
-1552336829,packed_mp_veh_mod_idx_s_13_v414
-1552229735,vem_supermod_5_0_t46_v7
-1552199683,mp_stat_prop_office_v0
-1552116930,mp_stat_mpsv_model_323
-1552017953,vem_smod5_whlv2_t66_v3
-1552015900,vem_colour_2_mct_classic_graphite_t25_v1
-1551895380,packed_mp_veh_mod_idx_s_19_v371
-1551894497,m_cl_clo_bim_u_12_2_t11_v1
-1551676064,packed_mp_veh_mod_idx_s_5_v298
-1551580723,packed_mp_veh_wheel_type_0_v258
-1551568316,vem_supermod_12_12_t53_v26
-1551540007,f_cl_clo_h4f_prw_0_9_t14_v1
-1551515173,mp_stat_multstorey_gar_tint_f1_v0
-1551317809,f_cl_outfit_clo_awf_o_d_4_t12_v0
-1551289619,vem_colour_extra_1_mct_classic_yellow_t24_v3
-1551260616,packed_ng_vehicle_neon_kit_v357
-1551013951,vem_supermod_3_39_t44_v27
-1551010117,packed_mp_veh_mod_var_0_v227
-1551001024,packed_mp_veh_mod_idx_s_8_v287
-1550975374,f_cl_clo_s2f_u_4_11_t11_v1
-1550839551,m_cl_clo_h4m_u_9_0_t11_v1
-1550837137,m_cl_clo_grm_b_1_15_t1_v1
-1550781369,vem_turbo_0_t17_v33
-1550779174,vem_insurance_paradise
-1550701880,vem_cmod_neoncol_13_t21_v10
-1550672071,packed_mp_veh_mod_idx_s_7_v80
-1550627670,vem_cmod_hrn_mus5_t10_v6
-1550466500,f_cl_o_fmf_s7_t3_v12
-1550434194,vem_colour_2_mct_classic_nautical_blue_t25_v33
-1550407353,m_ta_tat_x6_007_t0_v0
-1550398294,packed_mp_veh_mod_idx_s_12_v268
-1550370098,packed_mp_veh_mod_idx_6_v17
-1550359383,packed_mp_veh_mod_idx_s_14_v381
-1550322632,packed_mp_veh_mod_idx_s_0_v335
-1550119689,f_cl_clo_suf_u_4_7_t11_v1
-1549877754,m_cl_clo_iem_b_6_2_t1_v1
-1549864113,f_cl_clo_sbf_l_2_0_t4_v1
-1549855515,packed_mp_veh_mod_idx_s_12_v407
-1549850525,packed_mp_veh_window_tint_0_v355
-1549763502,packed_mp_veh_colour_extra2_0_v204
-1549753231,vem_colour_extra_1_mct_pearlescent_bison_brown_t24_v1
-1549717760,f_cl_clo_suf_decl_7_t100_v0
-1549676285,f_cl_clo_grf_ph_6_6_t14_v1
-1549637176,f_cl_clo_smf_b_4_5_t1_v1
-1549613953,vem_insurance_cavcade
-1549602789,vem_supermod_21_7_t62_v26
-1549439249,m_cl_clo_trm_u_9_9_t11_v1
-1549229055,f_cl_clo_ief_u_16_1_t11_v1
-1549181815,packed_mp_veh_mod_idx_s_2_v397
-1549161414,packed_mp_veh_mod_idx_s_14_v257
-1549135698,packed_mp_veh_mod_idx_4_v130
-1549079584,m_cl_clo_s1m_dec_2_t100_v0
-1549064096,packed_mp_veh_mod_idx_10_v297
-1548932253,packed_mp_veh_mod_idx_24_v219
-1548913944,vem_colour_extra_1_mct_classic_bright_purple_t24_v4
-1548888128,packed_mp_veh_mod_idx_23_v302
-1548751286,packed_mp_veh_livery_0_v88
-1548677530,packed_mp_veh_colour_extra2_0_v404
-1548588670,vem_supermod_1_4_t42_v28
-1548432961,packed_mp_veh_mod_idx_s_13_v98
-1548412602,vem_colour_extra_1_mct_classic_straw_brown_t24_v0
-1548351813,packed_mp_veh_mod_idx_s_1_v320
-1548331197,packed_mp_veh_primary_colour_group_v98
-1548307569,f_cl_outfit_clo_stf_o_20_t12_v0_cesp
-1548287650,packed_mp_veh_mod_idx_6_v288
-1548263290,wp_wct_clip_inc_t0_v8_n2
-1548259783,packed_mp_veh_mod_idx_16_v208
-1548125689,f_cl_clo_vwf_u_4_3_t11_v1
-1548124193,m_ha_face_e_c_8_t4_v0
-1548067702,f_cl_clo_grf_b_5_14_t1_v1
-1547972801,f_cl_clo_bhf_u_11_6_t11_v1
-1547970509,wp_wct_c_tint_8_t2_v1_n2
-1547828914,packed_mp_veh_mod_idx_6_v160
-1547799176,f_cl_clo_val_decl_l_t100_v0
-1547773370,vem_smod2_whlv114_t66_v3
-1547701523,packed_mp_veh_colour_extra1_0_v406
-1547628087,f_cl_clo_smf_decl_12_t100_v0
-1547556939,f_cl_clo_x6f_ph_8_6_t14_v1
-1547496080,packed_mp_veh_colour1_0_v311
-1547439242,f_cl_clo_vwf_u_7_19_t11_v1
-1547422120,packed_mp_veh_mod_idx_23_v39
-1547390967,vem_cmod_tyr_10_t18_v0
-1547361609,f_cl_clo_awf_u_7_0_t11_v1
-1547327178,vem_smod2_whl6_t19_v12
-1547210473,vem_insurance_sparrow3
-1547175587,packed_mp_veh_colour_extra2_0_v276
-1547131141,f_cl_clo_suf_u_18_8_t11_v1
-1547066586,packed_lr_vehicle_colour_6_v33
-1546972252,m_cl_clo_x6m_f_10_7_t6_v1
-1546928956,m_cl_clo_indm_d_10_t11_v1
-1546840694,packed_mp_veh_mod_idx_7_v103
-1546825681,packed_mp_veh_mod_idx_s_15_v127
-1546815942,f_cl_clo_indf_d_15_t8_v1
-1546703351,f_cl_clo_x6f_f_4_10_t6_v1
-1546664148,packed_mp_veh_mod_idx_s_20_v125
-1546652932,packed_ng_vehicle_smoke_v240
-1546637044,vem_colour_2_mct_classic_moss_brown_t25_v3
-1546574838,vem_cmod_hrn_sad_t10_v2
-1546533850,f_cl_clo_l2f_t_9_0_t7_v1
-1546533332,m_cl_clo_s1m_dec_12_t100_v0
-1546524588,packed_mp_veh_mod_idx_6_v224
-1546500147,m_cl_clo_fxm_ph_2_10_t14_v1
-1546395886,packed_mp_veh_mod_idx_s_2_v372
-1546395613,wp_wct_tint_10_t2_v5_n2
-1546387640,packed_mp_veh_mod_idx_6_v267
-1546343911,mp_stat_mpsv_model_169
-1546178166,f_cl_f_fmf_14_4_t6_v0
-1546157713,m_cl_u_fmm_3_11_t11_v0
-1546134381,packed_mp_veh_mod_idx_s_6_v237
-1546036486,vem_bikew_14_t19_v3
-1545939066,packed_mp_veh_mod_idx_s_6_v147
-1545907638,wp_wct_supp_t1_v4
-1545853298,f_cl_clo_x6f_f_6_2_t6_v1
-1545838655,m_cl_clo_x2m_o_4_t8_v12
-1545806967,packed_mp_veh_mod_idx_s_6_v243
-1545789081,packed_mp_veh_mod_idx_s_20_v52
-1545737048,service_spend_gangops_trip_skip
-1545727975,packed_mp_veh_mod_idx_s_8_v203
-1545689294,packed_mp_veh_mod_idx_2_v354
-1545669387,m_cl_clo_trm_u_5_1_t11_v1
-1545635178,vem_cmod_tyr_8_t18_v32
-1545503020,f_cl_clo_ltsf_o_6_t8_v12
-1545404305,packed_mp_veh_colour_extra2_0_v215
-1545332196,mp_stat_mpsv_model_108
-1545080814,f_cl_clo_x6f_f_10_14_t6_v1
-1544909861,vem_chassis_21_t4_v35
-1544894745,m_ha_cc_mkup_86_t5_v0
-1544879122,f_cl_ht_fmf_4_1_t14_v0
-1544778722,m_cl_outfit_clo_exm_ob_9_t12_v0
-1544759927,vem_horn_hips3_t10_v31
-1544738734,vem_smod4_whlv35_t66_v3
-1544712579,f_cl_outfit_clo_h3f_o_dl_11_t12_v0
-1544711716,vem_cmod_tyr_5_t18_v27
-1544615844,packed_mp_veh_mod_idx_s_14_v33
-1544594924,wp_wct_c_tint_5_t2_v5_n2
-1544571527,f_cl_clo_lxf_o_4_t8_v12
-1544567625,vem_colour_1_mct_metallic_orange_t24_v33
-1544421561,packed_mp_veh_mod_idx_s_22_v212
-1544381159,vem_fender_l_1_t36_v27
-1544315348,m_cl_clo_h3m_decl_21_t100_v0
-1544315192,wp_wct_c_tint_15_t2_v5_n2
-1544298521,vem_supermod_4_2_t45_v11
-1544277204,m_cl_clo_lxm_e_2_2_t14_v1
-1544272083,vem_supermod_19_6_t60_v3
-1544113986,f_cl_clo_grf_u_12_0_t11_v1
-1543986335,vem_horn_xm15_3_t10_v7
-1543939715,f_cl_clo_stf_ht1517_t14_v1
-1543904094,vem_colour_2_mct_matte_light_grey_t25_v2
-1543810156,packed_ng_vehicle_smoke_v397
-1543794348,packed_mp_veh_mod_idx_s_10_v324
-1543738472,m_cl_clo_smm_b_9_14_t1_v1
-1543709155,packed_mp_veh_colour_extra2_0_v345
-1543705161,f_cl_clo_lxf_u_6_10_t8_v2
-1543677652,vem_roof_0_t12_v11
-1543660462,vem_supermod_14_1_t55_v28
-1543462271,packed_mp_veh_mod_idx_s_7_v333
-1543361695,vem_colour_2_mct_matte_orange_t25_v33
-1543280529,m_cl_clo_s2m_f_1_6_t6_v1
-1543277744,packed_mp_veh_mod_idx_14_v311
-1543257091,vem_smod4_whlv174_t66_v2
-1543168433,f_ha_face_e_c_3_t4_v0
-1543077071,vem_smod4_whlv166_t66_v2
-1543069282,f_cl_clo_grf_decl_30_t100_v0
-1543032841,packed_mp_veh_window_tint_0_v375
-1543021587,vem_horn_luxe3_t10_v30
-1542988126,vem_spoiler_2_t14_v4
-1542938182,vem_colour_extra_1_mct_metallic_midnight_silver_t24_v1
-1542819337,packed_mp_veh_mod_idx_s_7_v409
-1542771784,vem_supermod_10_16_t51_v11
-1542756054,packed_mp_veh_mod_idx_10_v359
-1542746860,m_cl_clo_exm_al_4_4_t4_v1
-1542658408,f_cl_clo_s1f_u_8_7_t11_v1
-1542596894,packed_mp_veh_colour_extra2_0_v15
-1542580017,f_cl_clo_s2f_d_18_t11_v1
-1542572616,packed_mp_veh_mod_var_1_v241
-1542528764,packed_mp_veh_mod_idx_0_v296
-1542528540,packed_mp_veh_mod_idx_s_18_v411
-1542417940,f_cl_clo_trf_decl_5_t11_v1
-1542390940,f_cl_clo_vwf_pw_6_5_t14_v1
-1542237654,m_cl_clo_exm_au_2_1_t11_v1
-1542067188,fcarcade_ceil_1_t0_v0
-1542053673,ve_dloader_t0_v0
-1541954001,m_cl_clo_grm_u_18_1_t11_v1
-1541900363,packed_mp_veh_mod_idx_18_v326
-1541878398,packed_mp_veh_mod_idx_s_17_v165
-1541875691,wp_wct_c_tint_28_t2_v8_n2
-1541874457,f_cl_clo_hstf_t_3_14_t7_v1
-1541829539,vem_supermod_16_0_t57_v36
-1541826533,f_cl_clo_x6f_o_o_11_t3_v12
-1541818792,packed_mp_veh_secondary_colour_group_v332
-1541813677,packed_mp_veh_mod_idx_3_v266
-1541784230,packed_mp_veh_mod_idx_24_v319
-1541743839,packed_mp_veh_mod_idx_7_v13
-1541722603,vem_offr_10_t19_v3
-1541658078,f_cl_outfit_clo_h2f_o_g_13_t12_v0
-1541646493,f_cl_clo_grf_u_17_0_t11_v1
-1541489621,vem_smod_whlv81_t66_v3
-1541439833,vem_fender_l_0_t36_v0
-1541292861,f_cl_clo_vwf_u_7_7_t11_v1
-1541288546,vem_colour_1_mct_classic_formula_red_t24_v2
-1541244941,packed_ng_vehicle_insurance_v39
-1541145693,wp_pm_tint14_t4_v33
-1541118582,vem_cmod_tyr_7_t18_v33
-1541088825,packed_mp_veh_mod_idx_s_2_v27
-1541070455,vem_cmod_col3_c_t25_v0
-1541049463,f_ta_tat_st_002_t0_v0
-1541019480,vem_supermod_20_23_t61_v3
-1541013495,m_cl_clo_grm_u_18_0_t11_v1
-1540926200,m_cl_clo_awm_u_7_6_t11_v1
-1540833359,m_cl_clo_busm_s_1_8_t8_v1
-1540825449,vem_colour_6_sea_green_t65_v3
-1540769730,packed_mp_veh_plate_id_v217
-1540729047,packed_mp_veh_window_tint_0_v32
-1540718995,ve_ignus_t0_v3
-1540699777,packed_mp_veh_mod_idx_s_2_v43
-1540676999,m_cl_clo_val_decl_k_t8_v2
-1540626337,vem_cmod_tyr_0_t31_v31
-1540618880,m_ha_cc_eyebrw_27_t2_v1
-1540561348,wp_wct_var_bone_t1_v22
-1540531433,m_cl_clo_h4m_decl_10_t100_v0
-1540473454,packed_mp_veh_mod_idx_24_v311
-1540453664,packed_mp_veh_mod_idx_s_18_v381
-1540437192,packed_ng_vehicle_neon_kit_v1
-1540413461,packed_mp_veh_window_tint_0_v325
-1540323099,m_cl_u_fmm_13_5_t8_v0
-1540240715,packed_mp_veh_mod_idx_s_13_v92
-1540129645,f_cl_clo_bhf_f_1_5_t6_v1
-1540043622,m_cl_u_fmm_0_11_t8_v1
-1540034191,packed_mp_veh_mod_idx_6_v343
-1539788692,vem_rwd_drft_05_t19_v12
-1539745798,vem_colour_2_mct_metallic_creek_brown_t25_v33
-1539730847,f_cl_clo_exf_decl_3_t100_v0
-1539622559,vem_smod4_whlv123_t66_v2
-1539568534,f_cl_clo_lxf_u_6_19_t11_v1
-1539280014,packed_ng_vehicle_neon_v156
-1539264928,m_cl_clo_valm_u_0_2_t11_v1
-1539263147,vem_smod4_whlv137_t66_v2
-1539249834,f_cl_clo_bif_ph_6_3_t14_v1
-1539214401,f_ta_tat_fm_217_t0_v0
-1539198916,packed_ng_vehicle_neon_v363
-1539177302,f_cl_clo_awf_o_e_10_t8_v12
-1539154617,f_cl_clo_bif_u_2_1_t11_v1
-1539144522,m_cl_clo_bhm_decl_24_t100_v0
-1539141746,m_ha_cc_m_hs_12_t0_v0
-1539136590,f_cl_clo_h4f_b_3_0_t1_v1
-1539101511,m_cl_clo_smm_u_6_2_t100_v0
-1539094536,vem_colour_extra_1_mct_pearlescent_bronze_t24_v2
-1539045524,packed_mp_veh_window_tint_0_v74
-1538938874,packed_mp_veh_mod_idx_s_14_v205
-1538890730,packed_mp_veh_mod_idx_1_v380
-1538817818,packed_ng_vehicle_bpt_v223
-1538776584,m_cl_clo_smm_b_1_24_t1_v1
-1538738840,vem_insurance_enduro
-1538729886,m_cl_clo_grm_ph_0_7_t14_v1
-1538629617,f_cl_clo_arf_o_15_t11_v12
-1538500288,f_cl_clo_stf_h_9_19_t14_v1
-1538392182,f_ta_tat_h3_006_t0_v0
-1538380200,f_cl_clo_awf_ph_1_10_t14_v1
-1538380040,ve_stalion_t0_v0
-1538355444,packed_mp_veh_mod_idx_s_5_v135
-1538339315,vem_supermod_23_2_t64_v8
-1538328570,f_cl_clo_exf_at_0_0_t7_v1
-1538260445,vem_rwd_suv_02_t19_v0
-1538252420,f_ha_clo_bif_h_2_0_t0_v1
-1538187157,vem_smod3_whlv40_t66_v3
-1538176266,vem_supermod_6_6_t47_v27
-1538080155,f_cl_f_fmf_8_0_t6_v0
-1538026320,packed_mp_veh_mod_var_0_v283
-1537949382,m_cl_clo_x6m_f_0_2_t6_v1
-1537948314,vem_smod4_whlv165_t66_v2
-1537889727,m_cl_clo_vwm_l_3_0_t4_v1
-1537862038,packed_mp_veh_mod_idx_s_20_v401
-1537822829,m_cl_clo_lxm_dec_38_t100_v0
-1537805378,m_cl_clo_smm_b_4_15_t1_v1
-1537669185,packed_mp_veh_mod_idx_s_8_v384
-1537665323,packed_lr_vehicle_colour_5_v199
-1537630099,vem_smod4_whlv205_t66_v3
-1537599132,m_cl_clo_hstf_u_3_2_t100_v0
-1537570467,m_cl_t_fmm_12_2_t7_v1
-1537519799,vem_supermod_17_2_t58_v38
-1537512297,m_cl_clo_x2m_b_3_1_t1_v1
-1537503593,f_ta_tat_sm_017_t0_v0
-1537438247,packed_mp_veh_mod_idx_s_0_v250
-1537310047,packed_mp_veh_mod_idx_6_v280
-1537238102,packed_mp_veh_mod_idx_18_v247
-1537214949,packed_mp_veh_mod_idx_10_v340
-1537181097,packed_mp_veh_colour_extra1_0_v23
-1537146317,packed_mp_veh_mod_idx_s_1_v289
-1537130711,f_cl_clo_scf_ey_1_3_t14_v1
-1537030485,f_cl_clo_lxf_u_6_17_t11_v1
-1537009157,m_cl_clo_grm_b_2_9_t1_v1
-1536995250,packed_mp_veh_mod_idx_24_v104
-1536980717,vem_colour_2_mct_classic_black_t25_v4
-1536907006,packed_mp_veh_mod_idx_s_21_v116
-1536848529,packed_mp_veh_colour_extra2_0_v119
-1536796416,mp_stat_mpsv_model_88
-1536697803,vem_horn_luxe3_t10_v4
-1536639835,vem_chassis_2_t4_v4
-1536544514,packed_mp_veh_livery_0_v211
-1536533953,vem_bumper_f_2_t34_v3
-1536526858,vem_supermod_13_21_t54_v3
-1536435016,f_cl_clo_bif_decl_2_t100_v0
-1536352211,vem_bumper_r_19_t35_v28
-1536340324,f_ta_tat_vw_014_t0_v0
-1536222122,packed_mp_veh_mod_idx_s_0_v282
-1536118558,vem_rwd_spt_23_t19_v3
-1536006971,m_cl_clo_trm_u_15_4_t11_v1
-1535931024,m_ha_brd_hp_5_t1_v1
-1535919912,m_cl_clo_trm_u_12_12_t11_v1
-1535793487,packed_mp_veh_mod_idx_8_v31
-1535665685,vem_horn_luxe2_t10_v37
-1535648789,packed_mp_veh_colour_extra2_0_v314
-1535580830,pr_mp_prop_51_t0_v0
-1535519427,vem_colour_extra_1_mct_pearlescent_lava_red_t24_v0
-1535270016,packed_mp_veh_mod_idx_s_20_v48
-1535199088,packed_mp_veh_mod_idx_9_v42
-1535192580,packed_mp_veh_mod_idx_s_2_v323
-1535129271,m_cl_clo_sum_u_16_9_t11_v1
-1535073589,vem_colour_2_mct_metallic_yellow_t25_v4
-1534996293,packed_ng_vehicle_bpt_v369
-1534984961,m_cl_clo_lxm_u_5_3_t8_v1
-1534809964,m_cl_clo_hstm_o_b_3_t8_v12
-1534756099,wp_wct_c_tint_9_t2_v70_n2
-1534699750,f_cl_clo_sbf_l_2_17_t4_v1
-1534636487,m_cl_clo_grm_decl_36_t11_v1
-1534547221,packed_mp_veh_mod_idx_14_v401
-1534543922,vem_rwd_suv_17_t19_v1
-1534530749,packed_mp_veh_mod_idx_s_11_v239
-1534478621,packed_mp_veh_mod_idx_s_23_v368
-1534463981,packed_mp_veh_mod_idx_s_2_v255
-1534457799,m_cl_clo_hstm_t_1_3_t7_v1
-1534351958,f_cl_outfit_clo_bus_f_o_16_t12_v0
-1534220522,m_cl_clo_h3m_l_4_2_t4_v1
-1534208310,vem_colour_extra_1_mct_metallic_blue_silver_t24_v33
-1534156438,m_cl_clo_bim_decl_38_t100_v0
-1534029025,f_cl_clo_x6f_f_3_0_t6_v1
-1533951864,packed_mp_veh_mod_idx_s_14_v3
-1533949352,packed_mp_veh_mod_idx_16_v326
-1533805665,m_cl_clo_hilf_o_21_t3_v12
-1533793355,packed_mp_veh_mod_idx_24_v230
-1533734642,packed_mp_veh_mod_idx_22_v68
-1533732098,m_cl_clo_vwm_s_2_9_t8_v2
-1533728403,m_cl_clo_hstm_o_16_t8_v12
-1533709560,vem_musc_08_t19_v2
-1533689264,f_cl_clo_awf_u_9_9_t11_v1
-1533641862,f_cl_clo_smf_ph_3_22_t14_v1
-1533588483,packed_mp_veh_mod_idx_0_v251
-1533521076,packed_mp_veh_mod_idx_s_9_v197
-1533456223,packed_mp_veh_livery_0_v48
-1533445421,ve_regina_t0_v0
-1533444563,vem_cmod_col5_31_t29_v4
-1533407345,packed_ng_vehicle_insurance_v147
-1533259645,m_cl_clo_grm_ph_0_14_t14_v1
-1533239275,packed_mp_veh_mod_idx_4_v355
-1533205834,packed_mp_veh_mod_idx_s_7_v97
-1533092888,m_cl_outfit_clo_h2m_o_g_20_t12_v0
-1533034273,vem_cmod_neoncol_7_t21_v0
-1533019370,vem_supermod_18_15_t59_v3
-1533013509,packed_mp_veh_mod_idx_s_6_v176
-1533003016,f_cl_clo_suf_l_1_17_t4_v1
-1532968123,m_cl_clo_iem_u_4_23_t11_v1
-1532966657,packed_mp_veh_mod_idx_s_5_v272
-1532915265,f_cl_clo_vwf_d_1_1_t10_v1
-1532826091,m_cl_clo_pim_u_0_0_t11_v1
-1532810000,m_cl_clo_sbm_u_12_9_t11_v1
-1532768950,vem_insurance_vectre
-1532748320,f_cl_clo_h4f_prw_0_5_t14_v1
-1532727247,arcade_contraband_mission_add_v0
-1532724591,vem_colour_2_mct_classic_harbor_blue_t25_v3
-1532717255,f_cl_clo_x6f_u_3_5_t11_v1
-1532715641,m_cl_clo_sum_u_16_1_t11_v1
-1532555441,f_cl_clo_busf_g1_0_t14_v1
-1532551137,vem_fender_r_9_t37_v28
-1532504677,m_cl_clo_hst_e_1_0_t14_v1
-1532467144,service_spend_arena_spectator_box
-1532463465,packed_mp_veh_mod_idx_3_v301
-1532443643,packed_mp_veh_mod_idx_s_1_v195
-1532366704,packed_mp_veh_plate_id_v147
-1532347004,packed_mp_veh_mod_idx_s_1_v35
-1532311244,packed_mp_veh_mod_idx_s_23_v403
-1532255698,packed_mp_veh_mod_idx_s_17_v91
-1532191708,vem_smod2_whl19_t19_v3
-1532183377,vem_smod4_whlv173_t66_v2
-1532097921,packed_mp_veh_mod_idx_s_9_v401
-1532080324,packed_mp_veh_mod_idx_s_10_v29
-1532076052,f_cl_clo_bif_pe_0_4_t14_v1
-1532057701,f_ha_cc_mkup_83_t5_v0
-1531932683,packed_mp_veh_window_tint_0_v404
-1531925864,packed_mp_veh_mod_idx_s_23_v55
-1531880810,m_cl_outfit_clo_x6m_o_o_0_t12_v0
-1531780314,m_cl_clo_scm_ey_0_12_t14_v1
-1531706052,packed_mp_veh_colour_extra2_0_v188
-1531653880,packed_mp_veh_mod_idx_9_v400
-1531585993,packed_mp_veh_mod_idx_s_9_v178
-1531451382,m_cl_clo_hstm_u_6_3_t11_v1
-1531437757,f_ta_tat_x2_004_t0_v0
-1531424674,m_cl_clo_iem_b_10_6_t1_v1
-1531387028,packed_mp_veh_primary_colour_group_v39
-1531263012,packed_mp_veh_mod_idx_s_6_v352
-1531237278,packed_mp_veh_wheel_type_0_v57
-1531178246,kosatk_fla_31_t0_v0
-1531139295,packed_mp_veh_mod_idx_s_23_v399
-1531034527,packed_mp_veh_mod_idx_s_20_v261
-1530995795,packed_mp_veh_mod_idx_s_1_v88
-1530967550,packed_ng_vehicle_smoke_v138
-1530952515,packed_ng_vehicle_insurance_v94
-1530936537,fcarcade_wall_4_t0_v0
-1530902383,vem_rwd_loride_01_t19_v2
-1530875907,packed_mp_veh_mod_idx_8_v394
-1530874475,packed_mp_veh_colour2_0_v321
-1530852863,packed_mp_veh_mod_idx_22_v139
-1530839393,f_cl_clo_hp_f_l_0_10_t4_v1
-1530807444,m_cl_m_fmm_6_2_t1_v0
-1530730606,m_cl_clo_bim_s_11_2_t8_v1
-1530601587,packed_mp_veh_mod_idx_5_v138
-1530586203,m_cl_clo_smm_b_2_5_t1_v1
-1530579842,packed_ng_vehicle_neon_kit_v268
-1530556463,packed_mp_veh_mod_var_1_v127
-1530344931,packed_mp_veh_mod_idx_24_v173
-1530227204,packed_mp_veh_mod_idx_22_v201
-1530216302,f_cl_clo_grf_l_0_12_t4_v1
-1530190790,packed_mp_veh_mod_idx_4_v308
-1530099686,packed_mp_veh_mod_idx_s_13_v67
-1530084171,vem_supermod_8_1_t49_v26
-1530052843,vem_colour_1_mct_classic_olive_green_t24_v0
-1530039204,f_cl_clo_ltsfb_2_0_t1_v1
-1530034267,f_cl_clo_x4f_u_12_1_t11_v1
-1530004544,m_cl_clo_busm_l_0_8_t4_v1
-1529931574,mp_stat_mpsv_model_118
-1529907834,packed_mp_veh_mod_idx_s_21_v390
-1529893938,packed_mp_veh_mod_idx_s_23_v61
-1529833859,vem_colour_1_mct_metallic_sunrise_orange_t24_v2
-1529764235,m_cl_clo_smm_b_2_3_t1_v1
-1529685239,f_cl_clo_sbf_f_2_7_t6_v1
-1529678302,m_cl_clo_x6m_u_22_18_t11_v1
-1529653492,f_cl_outfit_clo_bus_f_o_25_t12_v0
-1529649973,f_cl_outfit_clo_h2f_o_g_11_t12_v0
-1529643042,packed_mp_veh_mod_idx_s_14_v150
-1529503110,packed_mp_veh_mod_idx_s_18_v188
-1529491722,m_cl_clo_fxm_l_5_5_t4_v1
-1529399673,vem_smod4_whlv115_t66_v2
-1529378325,f_cl_clo_x6f_u_5_1_t11_v1
-1529361113,packed_mp_veh_mod_idx_s_18_v61
-1529344611,vem_colour_1_mct_classic_mariner_blue_t24_v4
-1529324840,vem_hood_6_t9_v26
-1529310198,m_cl_clo_x4m_u_10_5_t11_v1
-1529118265,packed_mp_veh_mod_idx_6_v259
-1529038648,m_cl_t_fmm_10_0_t7_v1
-1529003447,packed_mp_veh_colour1_0_v170
-1528976577,packed_mp_veh_mod_idx_9_v5
-1528940779,m_cl_l_fmm_15_11_t4_v0
-1528917839,packed_mp_veh_mod_idx_s_11_v383
-1528883268,packed_mp_veh_livery2_0_v286
-1528878733,m_ta_tat_hp_006_t0_v0
-1528826092,packed_mp_veh_mod_idx_18_v308
-1528820982,f_ta_tat_st_001_t0_v0
-1528781906,m_cl_clo_h3m_ph_9_12_t14_v1
-1528729487,m_cl_clo_stm_u_9_0_t11_v1
-1528625989,m_cl_g_fmm_3_6_t14_v0
-1528613071,vem_skirt_12_t13_v1
-1528524814,packed_mp_veh_mod_idx_s_10_v353
-1528515117,f_cl_clo_s2f_d_13_t11_v1
-1528509252,packed_mp_veh_mod_idx_9_v68
-1528349693,f_cl_clo_fxf_u_6_18_t11_v1
-1528238874,packed_mp_veh_mod_idx_3_v143
-1528237483,m_cl_clo_busm_f_1_7_t6_v1
-1527926185,vem_cmod_tyr_10_t18_v6
-1527915226,packed_mp_veh_mod_idx_s_6_v323
-1527909548,f_cl_clo_x4f_u_10_5_t11_v1
-1527893793,m_cl_outfit_clo_hstm_o_l_0_t12_v0
-1527807192,packed_mp_veh_mod_idx_s_4_v166
-1527765205,f_ta_tat_fm_024_t0_v0
-1527757555,f_ta_tat_hp_000_t0_v0
-1527707250,packed_mp_veh_mod_idx_s_17_v383
-1527631921,packed_mp_veh_mod_idx_s_22_v363
-1527475953,pr_pm_bfont_10_t1_v0
-1527454609,f_cl_clo_x6f_o_o_23_t3_v12
-1527442993,f_cl_clo_bif_decl_62_t10_v1
-1527437063,packed_ng_vehicle_neon_v100
-1527407067,packed_mp_veh_livery2_0_v88
-1527393534,f_cl_clo_lxf_dec_38_t11_v1
-1527383620,f_cl_clo_smf_b_3_5_t1_v1
-1527344247,packed_ng_vehicle_neon_kit_v273
-1527330762,vem_supermod_13_1_t54_v27
-1527308417,vem_supermod_10_20_t51_v27
-1527252136,vem_colour_2_mct_classic_harbor_blue_t25_v2
-1527208670,vem_armour_1_t1_v4
-1527204142,packed_mp_veh_mod_idx_s_20_v118
-1527127042,f_cl_clo_ltsfb_1_3_t1_v1
-1527085835,packed_mp_veh_mod_idx_1_v109
-1526958227,packed_mp_veh_mod_var_0_v202
-1526929720,pr_pm_font_11_t1_v0
-1526915725,f_cl_clo_trf_u_14_17_t11_v1
-1526900235,packed_mp_veh_mod_idx_s_15_v42
-1526855953,m_cl_clo_busm_s_1_12_t8_v2
-1526849058,m_cl_clo_bus_m_1_3_t1_v1
-1526780565,vem_colour_1_mct_metallic_saddle_brown_t24_v2
-1526713001,packed_mp_veh_mod_idx_14_v168
-1526697221,f_cl_clo_ief_b_10_5_t1_v1
-1526642946,f_cl_clo_bhf_f_1_17_t6_v1
-1526574195,f_ta_tat_vw_019_t0_v0
-1526498536,packed_mp_veh_mod_idx_s_19_v259
-1526494854,f_cl_clo_smf_b_2_13_t1_v1
-1526290735,f_cl_clo_arf_b_0_6_t1_v1
-1526086969,vem_supermod_18_0_t59_v35
-1526066724,packed_mp_veh_mod_idx_s_11_v338
-1525992171,f_cl_clo_vwf_decl_7_t100_v0
-1525963100,packed_mp_veh_secondary_colour_group_v272
-1525864253,vem_exhaust_9_t6_v27
-1525840417,f_cl_clo_l2f_u_2_1_t11_v1
-1525796274,m_cl_clo_h2m_u_3_8_t11_v1
-1525769976,vem_supermod_0_5_t41_v3
-1525711918,vem_colour_extra_1_mct_classic_beechwood_brown_t24_v1
-1525586155,vem_colour_1_mct_metallic_lava_red_t24_v33
-1525566557,m_cl_clo_smm_u_6_1_t100_v0
-1525555334,vem_smod4_whlv48_t66_v3
-1525510248,f_ta_tat_fm_008_t0_v0
-1525464721,vem_colour_extra_1_mct_metals_br_aluminium_t24_v4
-1525352380,wp_wct_clip1_t1_v8_n2
-1525156180,vem_supermod_17_5_t58_v6
-1525108224,packed_mp_veh_mod_idx_14_v157
-1525105782,m_cl_clo_bhm_f_1_6_t6_v1
-1525051331,packed_mp_veh_mod_idx_18_v175
-1524969799,packed_mp_veh_mod_idx_s_18_v16
-1524837358,packed_mp_veh_mod_idx_s_12_v227
-1524721542,vem_chassis_5_t4_v27
-1524685221,f_cl_clo_grf_u_20_14_t11_v1
-1524668857,vem_supermod_42_14_t42_v7
-1524657337,packed_mp_veh_mod_idx_7_v142
-1524577708,vem_smod4_whlv184_t66_v2
-1524526217,packed_mp_veh_mod_idx_s_7_v385
-1524416547,f_cl_clo_v2f_l_1_3_t4_v1
-1524374796,packed_mp_veh_mod_idx_11_v233
-1524299508,packed_mp_veh_mod_idx_7_v340
-1524240152,packed_mp_veh_mod_idx_s_19_v354
-1524112489,f_cl_clo_hp_f_l_2_7_t4_v1
-1524048958,m_cl_clo_h3m_ph_6_13_t14_v1
-1524008665,vem_insurance_volatus
-1524008551,packed_mp_veh_colour1_0_v289
-1523857049,vem_colour_extra_1_mct_metallic_cast_iron_sil_t24_v0
-1523827029,packed_mp_veh_mod_idx_23_v264
-1523725408,cf_mission_passed_acd_v1
-1523665877,f_cl_clo_vwf_u_2_8_t11_v1
-1523608035,m_cl_clo_grm_b_5_2_t1_v1
-1523444197,factory_index_16_t0_v0
-1523443393,vem_colour_extra_1_mct_metallic_candy_red_t24_v2
-1523413094,f_cl_clo_h3f_u_2_8_t11_v1
-1523389220,arc_mac_dotf_t0_v0
-1523360566,packed_lr_vehicle_colour_5_v161
-1523359306,vem_hood_4_t9_v29
-1523270508,packed_mp_veh_plate_id_v233
-1523228913,vem_insurance_faction
-1522947582,packed_mp_veh_mod_idx_22_v178
-1522875730,f_cl_clo_lxf_u_3_5_t11_v1
-1522580710,packed_mp_veh_mod_idx_s_21_v88
-1522393214,m_cl_clo_iem_l_0_6_t4_v1_cesp
-1522370824,f_cl_clo_busf_f_0_5_t6_v1
-1522320042,m_cl_clo_sum_u_0_25_t11_v1
-1522301665,packed_mp_veh_mod_idx_s_23_v231
-1522291053,f_cl_clo_x3f_b_3_4_t1_v1
-1522266084,packed_mp_veh_mod_idx_s_11_v394
-1522234423,vem_fender_l_2_t36_v28
-1522201495,vem_colour_1_mct_classic_galaxy_blue_t24_v1
-1522022940,m_ha_clo_sbm_h_0_0_t0_v1
-1521942795,m_cl_clo_jam_decl_0_t11_v1
-1521775900,m_cl_clo_busm_u_3_6_t11_v1
-1521771488,packed_mp_veh_mod_idx_2_v327
-1521740920,vem_horn_clas6_t10_v38
-1521699227,vem_bumper_r_13_t35_v28
-1521629173,f_cl_clo_suf_u_9_0_t11_v1
-1521613085,packed_mp_veh_mod_var_0_v165
-1521586825,vem_horn_clas2_t10_v29
-1521565801,m_cl_clo_grm_u_14_16_t11_v1
-1521552880,packed_mp_veh_secondary_colour_group_v157
-1521535738,m_cl_clo_fxm_u_4_13_t11_v1
-1521416664,packed_mp_veh_mod_idx_7_v398
-1521410020,packed_mp_veh_mod_idx_10_v184
-1521401297,m_cl_clo_vwm_f_2_6_t6_v1
-1521394134,f_cl_clo_h3f_decl_7_t11_v1
-1521380708,packed_mp_veh_mod_idx_15_v123
-1521332229,vem_trans_0_t16_v37
-1521307084,vem_supermod_22_6_t63_v38
-1521305773,packed_mp_veh_livery_0_v258
-1521286588,packed_mp_veh_mod_idx_0_v67
-1521244004,m_cl_clo_bhm_l_0_1_t4_v1
-1521240065,wp_wct_flash_t1_v7
-1521184678,packed_mp_veh_mod_idx_11_v175
-1521054056,vem_insurance_romero
-1520966358,packed_ng_vehicle_insurance_v278
-1520959216,f_cl_clo_hp_f_l_2_14_t4_v1
-1520921226,packed_mp_veh_mod_idx_s_11_v60
-1520861894,packed_mp_veh_mod_idx_s_18_v324
-1520763012,m_cl_clo_bhm_u_7_6_t11_v1
-1520661988,packed_mp_veh_mod_var_0_v120
-1520649057,packed_mp_veh_mod_idx_24_v382
-1520520279,packed_mp_veh_mod_idx_6_v83
-1520360508,m_cl_clo_grm_l_0_13_t4_v1
-1520315450,m_cl_clo_x4m_u_11_14_t11_v1
-1520297437,packed_mp_veh_mod_idx_s_6_v161
-1520222233,packed_lr_vehicle_colour_5_v53
-1520203669,vem_colour_2_mct_metallic_olive_green_t25_v1
-1520201004,vem_supermod_23_0_t64_v16
-1520078399,f_cl_clo_sbf_u_18_16_t11_v1
-1519893298,f_cl_f_fmf_9_12_t6_v0
-1519820791,packed_mp_veh_mod_idx_s_2_v398
-1519708619,vem_cmod_hrn_mus3_t10_v27
-1519654537,m_cl_clo_smm_u_2_12_t11_v1
-1519641487,vem_supermod_23_1_t64_v6
-1519632412,packed_mp_veh_mod_idx_11_v275
-1519478827,vem_spoiler_1_t14_v3
-1519460075,vem_smod4_whlv7_t66_v2
-1519317473,vem_smod_whlv204_t66_v3
-1519284776,packed_mp_veh_mod_idx_15_v340
-1519242943,packed_mp_veh_mod_idx_s_8_v212
-1519215658,vem_horn_clas2_t10_v0
-1519180980,f_cl_clo_grf_b_2_13_t1_v1
-1518995334,m_cl_clo_exm_eu_1511_t11_v1
-1518989347,f_cl_clo_s2f_u_4_2_t11_v1
-1518962390,fchub_mod2_5_t0_v0
-1518749976,packed_mp_veh_mod_idx_s_15_v8
-1518679023,packed_mp_veh_mod_idx_s_2_v289
-1518678623,packed_mp_veh_mod_idx_24_v156
-1518668246,packed_mp_veh_mod_idx_1_v240
-1518620003,packed_mp_veh_mod_idx_s_15_v317
-1518611330,vem_rwd_drft_14_t19_v12
-1518555014,packed_mp_veh_mod_idx_s_21_v144
-1518514463,packed_mp_veh_mod_idx_9_v71
-1518451068,f_ha_clo_fxf_h_0_0_t0_v0
-1518383129,vem_colour_extra_1_mct_matte_matte_foil_t24_v1
-1518368751,f_cl_clo_smf_b_0_10_t1_v1
-1518290106,packed_mp_veh_wheel_type_0_v394
-1518248765,vem_colour_extra_1_mct_matte_lime_green_t24_v1
-1518227677,f_cl_clo_hstf_b_12_1_t1_v1
-1518123139,packed_mp_veh_colour1_0_v135
-1518106279,packed_mp_veh_mod_idx_s_18_v401
-1517923988,vem_colour_1_mct_classic_garnet_red_t24_v4
-1517921992,wp_wct_clip_fmj_t1_v21_n2
-1517903325,m_cl_clo_hstmb_19_6_t1_v1
-1517793745,packed_mp_veh_mod_idx_s_16_v99
-1517773036,f_cl_clo_fxf_pe_0_10_t14_v1
-1517722497,f_ha_cc_blush_7_t5_v0
-1517670812,mp_stat_mpsv_model_159
-1517654708,f_cl_clo_stf_h_1018_t14_v1
-1517640504,vem_spoiler_3_t14_v27
-1517617645,f_cl_clo_trf_u_7_6_t11_v1
-1517587696,m_cl_clo_bhm_u_2_16_t11_v1
-1517542994,vem_colour_2_mct_metallic_blue_t25_v1
-1517540506,packed_mp_veh_livery_0_v360
-1517519555,m_cl_f_fmm_9_11_t6_v0
-1517408594,packed_ng_vehicle_neon_v278
-1517404520,f_cl_clo_awf_o_f_5_t8_v12
-1517333788,m_cl_clo_h2m_ph_2_0_t14_v1
-1517310324,packed_mp_veh_mod_idx_2_v181
-1517284039,packed_mp_veh_mod_idx_11_v134
-1517208077,packed_lr_vehicle_colour_5_v30
-1517190371,vem_truck_slot_4_mod_2_t0_v0
-1517188856,wp_wct_muzz6_t1_v9_n2
-1517137922,packed_mp_veh_mod_idx_8_v281
-1516945785,f_cl_outfit_clo_lxf_o_4_t12_v0
-1516806759,m_cl_clo_fxm_u_10_1_t11_v1
-1516741037,packed_mp_veh_secondary_colour_group_v53
-1516658585,vem_fender_l_1_t36_v28
-1516548752,m_ta_tat_h4_001_t0_v0
-1516524044,wp_ps_bag_38_t1_v33
-1516450315,m_cl_clo_hp_l_2_15_t4_v1
-1516343381,vem_colour_2_mct_metallic_dark_silver_t25_v0
-1516335914,packed_mp_veh_mod_idx_s_20_v177
-1516318829,m_cl_clo_hstm_u_15_4_t11_v1
-1516194274,vem_smod_whlv166_t66_v0
-1516158100,m_cl_clo_smm_b_3_9_t1_v1
-1516115036,f_cl_clo_exf_au_22_0_t11_v1
-1516031031,f_cl_clo_lxf_o_7_t3_v12
-1515944317,packed_ng_vehicle_insurance_v96
-1515905946,vem_colour_2_mct_classic_formula_red_t25_v1
-1515859516,vem_colour_5_wine_red_t38_v0
-1515802370,m_cl_clo_arm_o_17_t7_v12
-1515775307,m_cl_clo_trm_ph_2_12_t14_v1
-1515683377,f_cl_g_fmf_7_0_t14_v0
-1515682240,f_cl_clo_l2f_g_0_3_t14_v1
-1515503657,f_ha_none_t5_v0
-1515469140,vem_horn_cnote_d0_t10_v30
-1515459932,vem_insurance_journey2
-1515454523,f_cl_clo_x2f_ht_3_1_t14_v1
-1515403768,packed_mp_veh_mod_idx_s_6_v301
-1515386842,vem_smod5_whlv85_t66_v3
-1515374833,m_cl_clo_fxm_u_2_13_t11_v1
-1515221703,packed_mp_veh_plate_id_v388
-1515159826,m_cl_clo_grm_ph_2_10_t14_v1
-1515157933,vem_colour_1_mct_classic_sunset_red_t24_v3
-1515115366,m_cl_clo_vwm_b_10_3_t1_v1
-1515072041,vem_fender_l_4_t36_v6
-1515060720,packed_mp_veh_wheel_type_0_v110
-1515058366,packed_mp_veh_plate_id_v365
-1515049373,f_ha_cc_f_hs_15_t0_v1
-1515022211,f_cl_clo_grf_b_4_5_t1_v1
-1514963366,f_cl_outfit_clo_h2f_o_s_0_t12_v0
-1514898852,vem_horn_clas1_t10_v29
-1514855377,m_cl_outfit_clo_hilf_o_4_t12_v0
-1514845712,mba_floor1_1_t0_v0
-1514768806,vem_smod4_whlv124_t66_v1
-1514749156,packed_mp_veh_mod_idx_s_15_v90
-1514705437,packed_mp_veh_colour2_0_v163
-1514412882,packed_mp_veh_colour1_0_v403
-1514376269,packed_mp_veh_secondary_colour_group_v173
-1514253947,packed_mp_veh_mod_idx_s_13_v101
-1514244353,packed_ng_vehicle_neon_v21
-1514210538,packed_mp_veh_livery2_0_v390
-1514159491,vem_exhaust_13_t6_v3
-1514092755,vem_horn_indi_3_t10_v31
-1514065954,vem_rwd_suv_13_t19_v12
-1513934199,packed_mp_veh_mod_idx_3_v31
-1513896921,f_cl_clo_bhf_u_0_7_t11_v1
-1513894026,packed_mp_veh_mod_idx_0_v243
-1513809070,packed_mp_veh_mod_idx_s_20_v6
-1513807578,packed_mp_veh_mod_idx_12_v32
-1513760142,packed_mp_veh_mod_idx_5_v215
-1513718771,wp_wt_vpistol_t0_v0
-1513644211,wp_wct_c_tint_12_t2_v9_n2
-1513610632,vem_colour_2_mct_classic_graphite_t25_v4
-1513607495,packed_mp_veh_mod_idx_24_v229
-1513578838,packed_mp_veh_mod_idx_s_4_v116
-1513508684,f_cl_clo_bus_f_o_16_t3_v12
-1513456936,f_cl_clo_h4f_pey_1_7_t14_v1
-1513288910,vem_colour_extra_1_mct_classic_frost_white_t24_v1
-1513186272,f_cl_clo_sbf_u_14_13_t11_v1
-1513169989,packed_mp_veh_mod_idx_s_2_v15
-1512985577,casweb_helpd_0_t0_v0
-1512816142,packed_mp_veh_mod_idx_4_v81
-1512801385,packed_mp_veh_mod_idx_9_v165
-1512631540,vem_colour_1_mct_classic_bright_purple_t24_v4
-1512595043,vem_smod4_whlv149_t66_v2
-1512566140,m_cl_clo_lxm_e_24_4_t14_v1
-1512541103,ve_marshall_n1_t1_v18
-1512448389,wp_wct_clip1_t1_v9
-1512401394,m_ta_tat_s2_003_t0_v0
-1512353829,packed_mp_veh_mod_idx_s_8_v15
-1512352358,vem_smod4_whlv5_t66_v3
-1512332807,packed_ng_vehicle_neon_v223
-1512124098,m_cl_clo_s1m_u_2_13_t11_v1
-1511957600,packed_mp_veh_mod_idx_5_v4
-1511931144,m_cl_clo_grm_ph_0_18_t14_v1
-1511918080,m_cl_clo_valm_t_0_4_t7_v1
-1511855993,f_cl_clo_awf_b_8_11_t1_v1
-1511714710,m_cl_clo_sbm_f_2_7_t6_v1
-1511710117,packed_mp_veh_mod_idx_s_21_v197
-1511672640,f_cl_outfit_clo_hstf_o_h_0_t12_v0
-1511667763,f_cl_clo_bif_u_33_1_t11_v1
-1511625575,f_cl_clo_awf_u_17_9_t11_v1
-1511622336,packed_ng_vehicle_bpt_v287
-1511431382,m_cl_m_fmm_2_2_t1_v0
-1511409886,m_cl_clo_sbm_f_3_21_t6_v1
-1511314783,f_cl_clo_lxf_f_1_0_t6_v1
-1511254279,packed_mp_veh_mod_var_0_v273
-1511252272,f_cl_clo_scf_u_55_21_t11_v1
-1511238067,fa_upgrade_weapons_equip_0_t0_v0
-1511214068,packed_mp_veh_mod_idx_s_11_v168
-1511198920,m_cl_clo_h4m_b_4_1_t1_v1
-1511137248,mp_stat_mattotalforfactory4_v0
-1510986226,ve_marshall_n1_t1_v9
-1510884484,f_cl_clo_fxf_l_0_22_t4_v1
-1510806366,m_cl_clo_smm_ph_0_13_t14_v1
-1510759904,m_cl_clo_x6m_f_6_14_t6_v1
-1510706093,ve_torero_t0_v3
-1510671394,m_cl_clo_vwm_l_3_12_t4_v1
-1510671013,m_cl_clo_exm_al_8_0_t4_v1
-1510636039,m_cl_clo_hp_u_6_0_t8_v1
-1510614750,packed_mp_veh_mod_idx_4_v240
-1510575615,vem_colour_extra_1_mct_classic_diamond_blue_t24_v0
-1510509927,packed_mp_veh_mod_idx_s_0_v184
-1510479617,vem_colour_extra_1_mct_pearlescent_sea_green_t24_v2
-1510474079,f_cl_clo_arf_o_20_t7_v12
-1510429642,packed_mp_veh_mod_idx_4_v403
-1510404929,packed_ng_vehicle_neon_kit_v195
-1510355636,packed_mp_veh_wheel_type_0_v125
-1510279266,packed_ng_vehicle_smoke_v246
-1510253620,packed_mp_veh_mod_idx_5_v0
-1510223028,m_cl_clo_sbm_u_11_1_t11_v1
-1510213810,vem_colour_extra_1_mct_pearlescent_black_t24_v4
-1510165589,packed_mp_veh_mod_idx_s_15_v311
-1510143449,packed_mp_veh_mod_idx_s_8_v398
-1510135458,vem_exhaust_1_t6_v29
-1510125546,vem_smod4_whlv38_t66_v0
-1510099493,m_cl_clo_bhm_u_2_15_t11_v1
-1510092045,packed_mp_veh_mod_idx_s_21_v403
-1509992700,f_cl_clo_stf_u_6_9_t11_v1
-1509938075,packed_mp_veh_mod_idx_s_13_v206
-1509918550,m_cl_clo_x6m_f_5_7_t6_v1
-1509910543,f_cl_clo_vwf_u_6_5_t11_v1
-1509906503,m_cl_clo_h2m_b_3_18_t1_v1
-1509885621,f_cl_u_fmf_11_2_t8_v0
-1509873666,packed_mp_veh_mod_idx_s_12_v302
-1509525388,f_cl_clo_h4f_ph_2_4_t14_v1
-1509490360,ve_journey2_t1_v3
-1509470447,packed_mp_veh_mod_idx_s_16_v97
-1509436595,m_cl_clo_grm_decl_23_t10_v1
-1509408969,vem_supermod_20_0_t61_v35
-1509388472,f_cl_clo_suf_b_3_6_t1_v1
-1509368775,f_cl_clo_stf_h_9_18_t14_v1
-1509216160,packed_mp_veh_mod_idx_10_v239
-1509080296,f_cl_clo_exf_ef_0_0_t6_v1
-1509046128,packed_mp_veh_mod_idx_s_15_v223
-1508990089,vem_rwd_offr_03_t19_v0
-1508947928,packed_mp_veh_colour1_0_v98
-1508939774,packed_mp_veh_mod_idx_0_v193
-1508796935,packed_mp_veh_mod_idx_12_v350
-1508748711,m_ta_tat_fm_203_t0_v0
-1508736395,vem_chassis_28_t4_v3
-1508700580,packed_mp_veh_mod_idx_24_v78
-1508627638,packed_mp_veh_livery_0_v331
-1508589529,packed_mp_veh_mod_idx_4_v69
-1508539451,vem_suspension_4_t15_v36
-1508414130,packed_mp_veh_mod_idx_10_v350
-1508408901,wp_wct_tint_23_t2_v22_n2
-1508373681,pr_pm_modshop_18_t0_v0
-1508328614,m_cl_clo_iem_u_16_3_t11_v1
-1508310574,f_cl_clo_bif_u_25_0_t11_v1
-1508280835,m_cl_clo_sum_decl_27_t100_v0
-1508248407,packed_mp_veh_mod_var_0_v382
-1508244024,m_cl_clo_lxm_w_3_0_t14_v1
-1508239092,f_cl_clo_suf_l_1_10_t4_v1
-1508234949,f_cl_clo_scf_l_0_16_t4_v1
-1508138413,packed_mp_veh_mod_idx_16_v9
-1508080478,m_cl_clo_grm_ph_2_17_t14_v1
-1508078915,vem_supermod_61_13_t61_v7
-1508073770,m_cl_clo_iem_u_2_8_t11_v1
-1508045948,packed_ng_vehicle_insurance_v59
-1507996907,vem_smod5_whlv134_t66_v3
-1507953088,packed_mp_veh_mod_idx_6_v356
-1507930380,m_cl_outfit_clo_s2m_o_1_t12_v0
-1507930348,vem_insurance_tula
-1507922170,packed_mp_veh_mod_idx_6_v248
-1507809995,f_cl_clo_smf_o_8_t3_v12
-1507764303,packed_mp_veh_colour_extra2_0_v52
-1507639412,m_cl_u_fmm_1_3_t11_v0
-1507513441,packed_mp_veh_mod_idx_24_v269
-1507483722,vem_supermod_0_20_t41_v7
-1507440070,packed_mp_veh_mod_idx_s_13_v57
-1507438097,f_cl_clo_lxf_lw_1_1_t14_v1
-1507354161,f_cl_clo_grf_decl_33_t11_v1
-1507331081,vem_smod4_whlv181_t66_v3
-1507284598,packed_mp_veh_mod_idx_2_v374
-1507117626,packed_mp_veh_colour2_0_v311
-1507105218,vem_colour_1_mct_metallic_bright_purple_t24_v0
-1507057648,packed_mp_veh_mod_idx_12_v52
-1507048594,f_cl_outfit_clo_s2f_o_2_t12_v0
-1506945242,vem_colour_mct_none_56
-1506935172,m_cl_clo_h4m_o_l1_m4_t3_v12
-1506819490,packed_mp_veh_mod_idx_s_5_v14
-1506790364,f_cl_clo_grf_u_9_5_t11_v1
-1506749382,f_ha_cc_f_hs_8_t0_v0
-1506705762,f_cl_clo_s2f_d_5_t11_v1
-1506586839,m_cl_clo_h4m_s_2_1_t8_v1
-1506526144,packed_mp_veh_mod_idx_s_10_v79
-1506216257,m_cl_clo_x6m_t_8_4_t7_v1
-1506119843,vem_cmod_tyr_13_t18_v39
-1506055533,m_cl_clo_hilf_o_20_t3_v12
-1506026614,packed_mp_veh_primary_colour_group_v373
-1506002535,packed_mp_veh_wheel_type_0_v365
-1505950850,f_cl_outfit_clo_scf_o_3_t12_v0
-1505843480,packed_mp_veh_mod_idx_s_11_v123
-1505835658,f_ta_tat_fm_216_t0_v0
-1505832812,vem_rwd_loride_13_t19_v1
-1505792567,wp_wm_tint1_t2_v95
-1505716928,packed_mp_veh_mod_idx_s_5_v119
-1505568620,vem_colour_mct_none_44
-1505510592,m_ta_tat_sm_000_t0_v0
-1505457510,m_ha_cc_blush_14_t5_v0
-1505430737,f_cl_clo_h2f_ph_212_t14_v1
-1505395239,vem_colour_extra_1_mct_metallic_midnight_blue_t24_v0
-1505257139,vem_cmod_col5_20_t29_v0
-1505133174,vem_supermod_11_0_t52_v38
-1505026963,packed_mp_veh_mod_idx_s_17_v15
-1504978694,packed_ng_vehicle_neon_v402
-1504955225,m_cl_clo_smm_u_2_24_t11_v1
-1504826302,m_cl_clo_awm_decl_43_t100_v0
-1504802657,packed_mp_veh_mod_idx_11_v309
-1504785362,packed_mp_veh_mod_idx_s_22_v113
-1504532880,packed_mp_veh_mod_idx_s_13_v322
-1504530536,m_cl_clo_x6m_ph_0_24_t14_v1
-1504346749,packed_mp_veh_mod_idx_15_v170
-1504266134,vem_insurance_blazer2
-1504222883,packed_mp_veh_primary_colour_group_v385
-1504140785,vem_bikew_29_t19_v4
-1504120649,wp_wct_tint_19_t2_v46_n2
-1503874223,packed_mp_veh_livery2_0_v5
-1503749970,service_earn_tuner_robbery_prep
-1503737609,packed_mp_veh_mod_idx_s_5_v240
-1503733371,m_cl_clo_vwm_l_3_5_t4_v1
-1503704095,f_cl_clo_busf_w0_3_t14_v1
-1503677017,f_cl_clo_h3f_decl_5_t11_v1
-1503676918,f_cl_u_fmf_8_12_t11_v0
-1503567637,m_cl_clo_sbm_l_0_10_t4_v1
-1503520961,vem_horn_luxe2_t10_v10
-1503493685,packed_mp_veh_mod_idx_s_9_v308
-1503306497,f_cl_clo_fxf_pe_3_5_t14_v1
-1503187195,f_cl_clo_smf_u_2_10_t11_v1
-1503164459,multistorey_garage_style_2_v0
-1502970419,packed_mp_veh_mod_idx_1_v274
-1502948058,packed_mp_veh_mod_idx_s_12_v28
-1502910520,packed_mp_veh_mod_var_0_v345
-1502844231,m_cl_clo_x6m_ph_8_5_t14_v1
-1502751746,m_cl_clo_h2m_u_7_23_t11_v1
-1502717939,m_cl_clo_smm_u_4_7_t11_v1
-1502617742,wp_wct_tint_14_t2_v1_n2
-1502502054,f_cl_f_fmf_13_3_t6_v0
-1502458569,packed_mp_veh_mod_idx_3_v95
-1502338119,vem_horn_cnote_c1_t10_v1
-1502305191,m_cl_clo_h2m_o_g_7_t3_v12
-1502244983,packed_mp_veh_livery2_0_v225
-1502166388,f_cl_clo_bhf_decl_44_t100_v0
-1502111255,packed_mp_int_truck_section_1_type_v0
-1501869094,vem_colour_extra_1_mct_metallic_galaxy_blue_t24_v3
-1501741244,packed_mp_veh_mod_idx_s_1_v406
-1501611516,packed_mp_veh_mod_idx_5_v397
-1501541759,m_cl_clo_bim_u_7_1_t11_v1
-1501501462,vem_supermod_14_13_t55_v27
-1501425044,packed_mp_veh_mod_idx_s_8_v353
-1501418653,vem_supermod_9_0_t50_v26
-1501290186,packed_mp_veh_window_tint_0_v294
-1501269136,packed_mp_veh_mod_idx_s_1_v119
-1501224890,packed_mp_veh_mod_idx_22_v44
-1501213782,packed_mp_veh_mod_idx_23_v17
-1501194536,f_cl_clo_scf_u_4_10_t11_v1
-1501185003,vem_musc_10_t19_v3
-1501177863,m_cl_u_fmm_12_6_t8_v1
-1501141846,packed_mp_veh_mod_idx_s_22_v409
-1501114655,f_ta_tat_h3_038_t0_v0
-1501094400,packed_mp_veh_mod_idx_s_1_v252
-1501044708,m_ta_tat_vw_019_t0_v0
-1501026027,f_cl_clo_bhf_decl_4_t100_v0
-1501004543,f_cl_clo_scf_ey_0_14_t14_v1
-1501003615,f_cl_clo_arf_o_23_t8_v12
-1500886166,packed_mp_veh_colour1_0_v77
-1500839789,m_ha_face_e_c_11_t4_v0
-1500809881,packed_mp_veh_mod_idx_8_v302
-1500788406,f_cl_clo_h4f_pey_2_0_t14_v1
-1500742960,packed_mp_veh_mod_idx_s_14_v403
-1500700725,vem_colour_1_mct_classic_dark_blue_t24_v0
-1500671839,wp_rwt_tint4_t2_v83
-1500620685,packed_ng_vehicle_insurance_v228
-1500613740,f_cl_clo_smf_ph_8_20_t14_v1
-1500605530,f_cl_clo_smf_b_5_13_t1_v1
-1500578469,m_cl_outfit_clo_h3m_o_sl_34_t12_v0
-1500498085,vem_fender_r_6_t37_v0
-1500440690,packed_mp_veh_mod_idx_7_v136
-1500413767,wp_wct_c_tint_25_t2_v22_n2
-1500388012,f_cl_clo_lxf_u_0_2_t11_v1
-1500201537,vem_smod2_whlv59_t66_v3
-1500121802,ve_volatus_t0_v3
-1500111245,vem_colour_1_mct_metals_gold_s_t24_v33
-1500051716,m_cl_clo_bhm_u_5_16_t11_v1
-1499979303,vem_supermod_10_20_t51_v11
-1499950176,packed_mp_veh_mod_var_0_v179
-1499936816,vem_armour_0_t1_v32
-1499875395,vem_colour_2_mct_classic_saxon_blue_t25_v1
-1499867175,m_cl_clo_iem_u_4_5_t11_v1
-1499761234,vem_cmod_neoncol_6_t21_v1
-1499645367,packed_mp_veh_mod_idx_s_19_v2
-1499547847,packed_mp_veh_mod_idx_7_v188
-1499508892,packed_mp_veh_mod_idx_0_v371
-1499460289,packed_mp_veh_mod_idx_s_14_v108
-1499431661,m_cl_clo_vwm_u_19_4_t11_v1
-1499364003,packed_mp_veh_mod_idx_6_v129
-1499305619,vem_supermod_1_7_t42_v38
-1499240114,vem_spt_24_t19_v2
-1499230763,m_cl_ht_fmm_10_5_t14_v0
-1499134654,vem_supermod_14_11_t55_v38
-1499126943,wp_wct_tint_20_t2_v22_n2
-1499114127,packed_mp_veh_mod_idx_23_v207
-1499099201,packed_ng_vehicle_neon_kit_v387
-1499027993,m_cl_clo_vwm_u_6_5_t11_v1
-1498950690,m_cl_clo_awm_u_9_2_t11_v1
-1498934989,f_cl_clo_scf_d_25_2_t10_v1
-1498923885,ve_reever_t0_v3
-1498867861,f_cl_clo_grf_u_19_7_t11_v1
-1498754483,vem_cmod_win_0_t33_v27
-1498599627,m_cl_clo_exm_eu_1612_t11_v1
-1498597814,f_cl_u_fmf_12_7_t8_v0
-1498570572,mp_stat_mpsv_model_309
-1498461942,packed_mp_veh_mod_idx_14_v82
-1498424984,packed_mp_veh_mod_idx_s_12_v248
-1498418824,f_cl_clo_h2f_u_3_23_t11_v1
-1498386727,dec_vw_aw_ls_2d
-1498366875,m_cl_clo_iem_ph_0_5_t14_v1_cesp
-1498342808,f_cl_clo_x4f_u_12_2_t11_v1
-1498269514,m_ta_tat_bi_057_t0_v0_cesp
-1498261818,f_cl_u_fmf_9_2_t11_v0
-1498255196,candc_hacker_tnt_0_t0_v0
-1498248214,vem_supermod_6_1_t47_v6
-1498217563,packed_ng_vehicle_bpt_v201
-1498129049,packed_mp_veh_mod_idx_s_15_v44
-1498121688,m_cl_clo_h3m_l_5_0_t4_v1
-1498078385,wp_wm_tint3_t2_v46
-1498043072,f_cl_u_fmf_0_6_t8_v0
-1497770667,m_cl_clo_iem_u_5_8_t11_v1
-1497745591,packed_mp_veh_secondary_colour_group_v347
-1497657416,packed_mp_veh_mod_idx_s_13_v7
-1497609524,vem_colour_extra_1_mct_pearlescent_anthr_black_t24_v1
-1497562170,m_ha_cc_lipstick_2_t8_v1
-1497504839,m_cl_clo_h3m_ph_5_20_t14_v1
-1497446045,vem_supermod_13_1_t54_v11
-1497438200,vem_colour_extra_1_mct_pearlescent_galaxy_blue_t24_v3
-1497340522,packed_mp_veh_mod_idx_1_v353
-1497294840,dec_vw_aw_mf_7
-1497201377,packed_mp_veh_mod_idx_18_v45
-1497110095,packed_ng_vehicle_neon_v163
-1497039418,m_cl_outfit_clo_ltsm_o_2_t12_v0
-1497016042,vem_colour_extra_1_mct_metallic_woodbeech_brown_t24_v0
-1496973646,kosatk_avi_1_t0_v0
-1496928296,m_cl_clo_vwm_pw_3_1_t14_v1
-1496907882,packed_mp_veh_mod_idx_11_v75
-1496857765,f_cl_clo_val_decl_o_t8_v1
-1496838452,m_cl_ht_fmm_3_1_t14_v0
-1496820017,f_cl_m_fmf_1_0_t1_v0
-1496800065,vem_supermod_8_12_t49_v7
-1496768253,m_cl_clo_bhm_u_0_21_t11_v1
-1496748433,m_ha_cc_m_hs_1_t0_v2
-1496717882,m_cl_clo_arm_o_6_t3_v12
-1496636907,packed_ng_vehicle_insurance_v167
-1496570241,packed_mp_veh_mod_idx_22_v154
-1496527022,vem_truck_slot_7_mod_3_t0_v0
-1496464278,m_cl_clo_vwm_t_0_7_t7_v1
-1496419204,packed_mp_veh_livery2_0_v413
-1496394665,vem_colour_1_mct_metallic_racing_blue_t24_v2
-1496248233,vem_colour_extra_1_mct_pearlescent_umber_brown_t24_v4
-1496120645,f_cl_clo_busf_l_0_9_t4_v1
-1496032195,m_cl_clo_iem_l_0_0_t4_v1
-1496015463,mp_stat_mpsv_model_125
-1496008942,f_cl_clo_s1f_dec_18_t11_v1
-1495995995,kosatk_fla_36_t0_v0
-1495964601,m_cl_clo_arm_o_28_t11_v12
-1495952682,pr_mp_prop_31_t0_v0
-1495782873,packed_mp_veh_mod_idx_s_11_v146
-1495779195,packed_mp_veh_wheel_type_0_v385
-1495771889,packed_mp_veh_mod_idx_16_v244
-1495767081,wp_wct_tint_29_t2_v9_n2
-1495755011,m_cl_clo_hp_o_8_t3_v12
-1495752266,m_cl_clo_sum_l_1_11_t4_v1
-1495738123,f_cl_clo_sbf_f_3_11_t6_v1
-1495679118,vem_colour_extra_1_mct_pearlescent_might_purple_t24_v3
-1495673958,f_cl_clo_smf_u_2_0_t11_v1
-1495380246,m_cl_clo_h3m_ph_6_9_t14_v1
-1495375982,m_ta_tat_bus_005_t0_v0
-1495364313,m_cl_clo_busm_t_0_4_t7_v1
-1495321889,vem_supermod_13_3_t54_v28
-1495245535,packed_mp_veh_mod_idx_23_v316
-1495184846,packed_mp_veh_mod_idx_s_21_v53
-1495110140,f_cl_ht_fmf_4_2_t14_v0
-1495102179,packed_mp_veh_mod_idx_s_17_v381
-1495078526,m_cl_clo_smm_b_5_10_t1_v1
-1495036949,m_cl_clo_indm_s_0_8_t8_v2
-1494957087,f_cl_clo_grf_u_8_3_t11_v1
-1494944224,m_cl_clo_l2m_w_6_1_t14_v1
-1494851555,m_cl_clo_vwm_pey_118_t14_v1
-1494834544,packed_mp_veh_mod_idx_13_v184
-1494730608,packed_mp_veh_wheel_type_0_v48
-1494623363,packed_lr_vehicle_colour_5_v366
-1494539182,vem_bumper_f_9_t34_v35
-1494464843,f_cl_clo_bhf_u_7_0_t11_v1
-1494212549,f_ha_cc_f_hs_13_t0_v1
-1494179790,wp_wm_tint7_t2_v0
-1494178276,packed_mp_veh_mod_idx_s_21_v249
-1494164709,mp_stat_mpsv_model_399
-1494158880,packed_mp_veh_mod_idx_24_v414
-1494116534,f_cl_clo_bhf_u_7_13_t11_v1
-1494113303,packed_mp_veh_mod_idx_s_12_v198
-1494095630,packed_mp_veh_mod_idx_s_19_v118
-1493917862,f_cl_clo_grf_b_4_11_t1_v1
-1493766095,m_cl_clo_h2m_o_g_5_t3_v12
-1493684170,packed_ng_vehicle_bpt_v148
-1493683571,m_cl_clo_grm_u_9_8_t11_v1
-1493623816,packed_mp_veh_mod_idx_s_4_v287
-1493575655,packed_lr_vehicle_colour_5_v358
-1493503363,vem_insurance_toros
-1493426856,f_cl_clo_h4f_b_2_17_t1_v1
-1493419487,packed_ng_vehicle_neon_v327
-1493378235,f_ta_tat_fm_242_t0_v0
-1493365172,packed_mp_veh_mod_idx_3_v339
-1493225172,packed_mp_veh_window_tint_0_v2
-1493089176,packed_mp_veh_mod_idx_13_v286
-1493087102,packed_mp_veh_mod_idx_24_v196
-1493060111,packed_mp_veh_mod_idx_10_v274
-1493042058,packed_ng_vehicle_insurance_v20
-1493023972,packed_mp_veh_mod_idx_s_1_v158
-1493000412,packed_mp_veh_mod_idx_7_v254
-1492966112,f_cl_clo_lxf_e_3_2_t14_v1
-1492941567,vem_rwd_drft_14_t19_v1
-1492853914,packed_mp_veh_mod_idx_s_3_v207
-1492797263,packed_ng_vehicle_smoke_v29
-1492779022,ve_boxville_t0_v3
-1492765305,packed_mp_veh_mod_idx_s_13_v367
-1492659516,m_cl_clo_smm_b_9_12_t1_v1
-1492618129,packed_mp_veh_mod_idx_s_19_v179
-1492602261,factory_index_28_t0_v0_cesp
-1492574545,packed_mp_veh_mod_idx_16_v395
-1492518502,m_ta_tat_sm_025_t0_v0
-1492502853,packed_mp_veh_window_tint_0_v182
-1492363390,m_cl_clo_sum_u_0_17_t11_v1
-1492347664,f_cl_clo_hstf_o_c_3_t3_v12
-1492293722,f_cl_clo_bhf_b_0_13_t1_v1
-1492272318,vem_supermod_12_13_t53_v28
-1492243361,f_cl_clo_ief_l_7_11_t4_v1
-1492238698,vem_colour_extra_1_mct_pearlescent_sandy_brown_t24_v2
-1492176797,vem_colour_extra_1_mct_classic_grace_red_t24_v3
-1492131898,f_cl_clo_hp_f_l_0_2_t4_v1
-1491952471,packed_ng_vehicle_neon_kit_v231
-1491925790,packed_mp_veh_mod_idx_s_17_v308
-1491891028,vem_supermod_23_7_n1_t64_v27
-1491879883,f_ha_cc_mkup_30_t5_v0
-1491769631,m_cl_clo_grm_decl_2_t11_v1
-1491747255,f_cl_clo_s2f_t_3_1_t7_v1
-1491678158,m_cl_clo_smm_u_2_19_t11_v1
-1491631527,vem_insurance_everon2
-1491593806,packed_mp_veh_mod_idx_s_14_v54
-1491584933,m_cl_clo_bim_ht_8_6_t14_v1
-1491556480,wp_wct_tint_17_t2_v56_n2
-1491549031,fixer_hq_tnt_6_t0_v0
-1491488023,vem_smod2_whlv15_t66_v3
-1491458604,vem_insurance_gp1
-1491445918,packed_mp_veh_mod_idx_13_v66
-1491432378,wp_wct_c_tint_19_t2_v13_n2
-1491425070,f_cl_outfit_clo_h3f_o_dh_24_t12_v0
-1491334164,packed_mp_veh_window_tint_0_v80
-1491308944,vem_colour_5_maple_brown_t38_v0
-1491093517,vem_colour_2_mct_metallic_bright_green_t25_v2
-1491091527,m_cl_clo_s1m_u_1_0_t100_v0
-1491058552,f_cl_clo_v2f_o_10_t8_v12
-1490983300,packed_mp_veh_mod_idx_8_v217
-1490943593,vem_supermod_0_6_t41_v28
-1490921695,packed_mp_veh_mod_idx_9_v267
-1490898397,dec_vw_aw_wh_32b
-1490874151,f_cl_clo_h3f_b_14_20_t1_v1
-1490837043,m_cl_clo_grm_u_11_8_t11_v1
-1490821039,packed_mp_veh_mod_idx_s_3_v198
-1490805718,m_cl_outfit_clo_x6m_o_o_1_t12_v0
-1490751958,ve_pigalle_t0_v3
-1490732363,f_cl_clo_bif_o_0_t8_v12
-1490628918,vem_rwd_suv_09_t19_v3
-1490553387,f_cl_clo_trf_b_1_3_t1_v1
-1490512374,vem_supermod_15_0_n1_t56_v38
-1490475032,vem_smod4_whlv39_t66_v0
-1490455099,vem_bumper_r_12_t35_v38
-1490443365,f_cl_clo_hstfb_19_2_t1_v1
-1490423808,packed_mp_veh_mod_idx_0_v401
-1490398383,vem_cmod_tyr_pat_t18_v5
-1490389811,m_ha_cc_eyebrw_11_t2_v1
-1490338002,m_cl_clo_bhm_u_5_21_t11_v1
-1490305939,vem_supermod_16_7_t57_v26
-1490137528,packed_ng_vehicle_neon_kit_v92
-1490106666,packed_mp_veh_mod_idx_s_5_v323
-1490086439,packed_ng_vehicle_smoke_v140
-1489993203,packed_mp_veh_livery2_0_v335
-1489844644,packed_lr_vehicle_colour_6_v302
-1489802451,packed_mp_veh_primary_colour_group_v307
-1489755926,m_cl_clo_exm_au_14_0_t11_v1
-1489723711,vem_bumper_f_15_t34_v1
-1489719270,packed_mp_veh_mod_idx_s_20_v20
-1489612956,f_cl_outfit_clo_h3f_o_sh_31_t12_v0
-1489584974,packed_lr_vehicle_colour_6_v218
-1489408442,m_cl_clo_sum_u_7_16_t11_v1
-1489368721,vem_chassis_17_t4_v35
-1489350166,packed_mp_veh_livery_0_v291
-1489250562,vem_colour_mct_none_74
-1489212695,vem_supermod_4_20_t45_v3
-1489207992,packed_ng_vehicle_bpt_v290
-1489203598,packed_mp_veh_mod_idx_s_17_v5
-1489125364,m_cl_clo_busm_t_1_5_t7_v1
-1489098351,m_cl_clo_fxm_u_6_13_t11_v1
-1489066001,packed_mp_veh_mod_idx_16_v401
-1488936587,f_cl_f_fmf_13_14_t6_v0
-1488817148,f_cl_clo_h2f_o_g_20_t3_v12
-1488817032,vem_hood_7_t9_v27
-1488709582,packed_mp_veh_colour_extra1_0_v92
-1488702873,packed_mp_veh_mod_idx_s_14_v245
-1488693311,f_cl_clo_bhf_u_2_3_t11_v1
-1488666726,f_ta_tat_fm_247_t0_v0
-1488663739,packed_mp_veh_mod_idx_s_5_v399
-1488662330,packed_mp_veh_mod_idx_s_17_v119
-1488618862,packed_mp_veh_mod_idx_s_9_v108
-1488527157,f_cl_clo_ief_ph_0_2_t14_v1
-1488517610,m_cl_clo_iem_u_17_13_t11_v1
-1488495930,m_cl_clo_fxm_ph_2_1_t14_v1
-1488484223,f_cl_clo_suf_u_0_6_t11_v1
-1488397960,f_cl_clo_x6f_f_4_7_t6_v1
-1488292960,packed_mp_veh_mod_idx_s_9_v117
-1488255207,m_cl_clo_hp_h_1_4_t14_v1
-1488252788,m_cl_clo_awm_u_10_4_t11_v1
-1488183406,f_cl_clo_hstfb_23_3_t1_v1
-1488082108,m_cl_clo_s1m_dec_9_t11_v1
-1488080694,packed_mp_veh_secondary_colour_group_v25
-1488010715,vem_smod4_whlv88_t66_v3
-1488002062,f_ha_cc_blush_6_t6_v0
-1487998295,f_cl_clo_x5f_u_16_1_t11_v1
-1487978864,wp_ps_bag_42_t1_v33
-1487901367,m_cl_clo_h3m_l_5_12_t4_v1
-1487849335,vem_cmod_neoncol_9_t21_v35
-1487814144,m_cl_clo_trm_u_15_14_t11_v1
-1487622066,packed_ng_vehicle_neon_kit_v319
-1487613684,vem_skirt_1_t13_v2
-1487610874,packed_mp_veh_mod_idx_s_3_v206
-1487548307,f_cl_clo_ltsf_o_12_t3_v12
-1487532214,packed_mp_veh_mod_var_1_v134
-1487515270,m_cl_clo_x6m_f_12_21_t6_v1
-1487335272,vem_roof_25_n2_t12_v3
-1487294388,packed_mp_veh_mod_idx_s_22_v108
-1487276711,vem_cmod_hrn_clo_t10_v0
-1487239598,packed_mp_veh_mod_idx_s_4_v192
-1487164326,packed_lr_vehicle_colour_6_v393
-1487127003,f_cl_clo_h3f_b_11_0_t1_v1
-1487085384,vem_supermod_19_11_t60_v27
-1487057745,packed_mp_veh_mod_idx_1_v79
-1487018926,packed_mp_veh_primary_colour_group_v70
-1487004023,m_cl_clo_h4m_plw_0_3_t14_v1
-1486973319,packed_mp_veh_mod_idx_s_16_v122
-1486954908,packed_mp_veh_colour_extra2_0_v26
-1486893541,f_cl_clo_suf_b_2_0_t1_v1
-1486782785,packed_mp_veh_wheel_type_0_v179
-1486719360,mp_stat_arcade_mac_2
-1486699572,vem_colour_extra_1_mct_metallic_sandy_brown_t24_v1
-1486693048,vem_colour_extra_1_mct_classic_creek_brown_t24_v3
-1486690539,pr_mp_prop_29_t0_v0
-1486664858,packed_mp_veh_mod_idx_5_v126
-1486613727,f_cl_clo_vwf_u_19_25_t11_v1
-1486590785,vem_colour_1_mct_classic_torino_red_t24_v1
-1486500358,vem_bumper_r_14_t35_v0
-1486422439,packed_mp_veh_mod_idx_s_21_v365
-1486271314,packed_mp_veh_mod_idx_s_2_v210
-1486270968,m_cl_outfit_clo_x6m_o_o_7_t12_v0
-1486225649,packed_mp_veh_mod_var_1_v307
-1486192864,f_cl_outfit_clo_x17f_o_m_7_t12_v0
-1486125738,f_cl_clo_v2f_u_0_3_t11_v1
-1486098227,packed_mp_veh_mod_idx_4_v18
-1486041879,vem_horn_indi_1_t10_v37
-1485975417,packed_mp_veh_mod_idx_24_v185
-1485962870,f_cl_clo_ief_u_5_15_t11_v1_cesp
-1485881603,f_cl_clo_half_d_8_t100_v0
-1485840995,mp_stat_spcontotalforwhouse2_v0
-1485826020,f_cl_clo_bhf_u_4_12_t11_v1
-1485802074,f_cl_clo_s1f_u_2_0_t11_v1
-1485692003,f_cl_clo_awf_u_10_7_t11_v1
-1485679077,packed_mp_veh_mod_idx_14_v272
-1485613962,packed_mp_veh_mod_idx_24_v122
-1485517127,packed_mp_veh_mod_idx_s_2_v273
-1485509356,packed_mp_veh_mod_idx_16_v289
-1485479049,m_cl_clo_x6m_ph_1_3_t14_v1
-1485438584,vem_turbo_1_t17_v26
-1485330702,f_cl_clo_fxf_l_1_13_t4_v1
-1485243113,wp_wct_tint_29_t2_v21_n2
-1485189261,vem_horn_clas6_t10_v10
-1485153019,f_cl_clo_sbf_u_0_1_t11_v1
-1485081645,vem_grill_3_t8_v6
-1485080631,f_cl_clo_suf_u_0_1_t11_v1
-1485059637,packed_mp_veh_wheel_type_0_v251
-1485024068,vem_colour_extra_1_mct_metallic_white_t24_v1
-1484991724,f_cl_clo_grf_u_17_13_t11_v1
-1484932059,packed_mp_veh_mod_idx_18_v106
-1484910425,m_cl_clo_hilf_l_1_2_t4_v1
-1484898424,vem_fender_r_10_t37_v38
-1484862418,vem_colour_2_mct_classic_stone_silver_t25_v3
-1484842470,f_cl_clo_half_0_1_t1_v1
-1484766552,f_cl_clo_stf_o_14_t11_v12_cesp
-1484747579,dec_cpm_claw_7
-1484740357,f_cl_clo_bif_decl_12_t11_v1
-1484677655,f_cl_clo_vwf_l_2_0_t4_v1
-1484607297,mp_stat_auto_shop_personal_quarters_v0
-1484545697,packed_mp_veh_mod_idx_12_v44
-1484538492,f_cl_clo_x6f_l_0_13_t4_v1
-1484490081,m_cl_clo_iem_u_3_8_t11_v1
-1484477155,f_cl_outfit_clo_awf_o_h_1_t12_v0
-1484456776,wp_wm_tint1_t2_v24
-1484415477,f_cl_clo_bus_p_1_11_t14_v1
-1484368157,vem_horn_clas3_t10_v1
-1484348161,packed_mp_veh_mod_idx_5_v366
-1484326331,packed_mp_veh_mod_idx_s_17_v290
-1484310791,packed_mp_veh_mod_idx_s_23_v79
-1484299842,packed_mp_veh_mod_idx_s_6_v254
-1484200518,vem_supermod_16_5_t57_v3
-1484146249,packed_mp_veh_colour2_0_v305
-1483955402,packed_mp_veh_colour_extra1_0_v256
-1483880789,m_cl_outfit_clo_smm_o_0_t12_v0
-1483876260,m_cl_outfit_clo_h2m_o_g_11_t12_v0
-1483611909,packed_mp_veh_mod_idx_s_6_v55
-1483464895,m_cl_f_fmm_14_2_t6_v0
-1483443876,vem_supermod_8_15_t49_v11
-1483425115,packed_lr_vehicle_colour_6_v176
-1483407913,vem_supermod_5_4_t46_v26
-1483278888,f_cl_clo_grf_u_20_3_t11_v1
-1483230502,packed_mp_veh_mod_idx_s_4_v386
-1483209319,f_cl_clo_v2f_l_0_3_t4_v1
-1483044633,packed_mp_veh_colour_extra1_0_v79
-1483013712,m_cl_o_fmm_b5_t3_v12
-1482936862,m_cl_clo_grm_b_4_16_t1_v1
-1482900056,m_cl_clo_x6m_u_1_7_t11_v1
-1482820658,m_cl_outfit_clo_h3m_o_grp_6_t12_v0
-1482820017,m_cl_clo_vwm_u_6_23_t11_v1
-1482750218,packed_mp_veh_mod_idx_s_0_v359
-1482746169,packed_mp_veh_mod_idx_15_v124
-1482714576,packed_mp_veh_mod_idx_s_10_v386
-1482713688,packed_mp_veh_mod_idx_s_12_v14
-1482615217,packed_mp_veh_mod_idx_s_8_v257
-1482614909,packed_mp_veh_mod_idx_18_v394
-1482592652,vem_smod4_whlv66_t66_v1
-1482577386,packed_mp_veh_mod_idx_s_4_v307
-1482565366,packed_mp_veh_mod_idx_15_v200
-1482543249,m_cl_clo_trm_u_11_17_t11_v1
-1482485127,f_cl_clo_grf_ph_3_17_t14_v1
-1482419856,packed_mp_veh_mod_idx_22_v31
-1482376232,packed_mp_veh_mod_idx_5_v71
-1482357633,f_cl_clo_grf_u_9_6_t11_v1
-1482356311,m_cl_clo_bhm_f_1_15_t6_v1
-1482342947,packed_mp_veh_mod_idx_0_v207
-1482286572,pr_pm_modshop_10_t88_v0
-1482257416,m_cl_clo_iem_ph_0_4_t14_v1
-1482103193,m_cl_clo_val_decl_g_t8_v2
-1482069471,packed_ng_vehicle_insurance_v248
-1482024701,vem_supermod_9_0_t50_v36
-1482002032,vem_cmod_neoncol_255_t21_v2
-1481944985,vem_smod_whl12_t19_v12
-1481822010,vem_cmod_neoncol_13_t21_v36
-1481770255,packed_mp_veh_mod_var_0_v396
-1481755020,pr_mp_prop_49_t0_v0
-1481721511,vem_supermod_2_3_n1_t43_v3
-1481717117,packed_mp_veh_mod_idx_s_10_v236
-1481692402,dec_vw_aw_mt_9a
-1481664908,packed_mp_veh_mod_idx_s_10_v346
-1481606392,vem_cmod_col5_39_t29_v3
-1481521551,m_ha_face_e_c_3_t4_v0
-1481341291,vem_smod_whlv96_t66_v3
-1481154285,f_cl_clo_x6f_u_2_9_t11_v1
-1481043717,packed_mp_veh_mod_idx_s_10_v290
-1481002830,packed_mp_veh_mod_idx_s_11_v103
-1480964094,vem_colour_extra_1_mct_pearlescent_wine_red_t24_v4
-1480785560,packed_ng_vehicle_insurance_v16
-1480761616,m_cl_clo_vwm_b_10_0_t1_v1
-1480740899,packed_mp_veh_livery_0_v224
-1480740477,vem_colour_mct_none_8
-1480659234,f_cl_clo_busf_u_2_8_t8_v1
-1480459647,packed_ng_vehicle_neon_v154
-1480378935,packed_mp_veh_mod_idx_s_12_v366
-1480322672,vem_cmod_neoncol_0_t21_v31
-1480300160,packed_mp_veh_mod_idx_s_22_v69
-1480295389,vem_skirt_0_t13_v37
-1480287567,m_ha_cc_body_1_4_t3_v0
-1480246749,f_cl_f_fmf_7_2_t6_v0
-1480233028,vem_smod_whlv195_t66_v0
-1480232123,packed_mp_veh_mod_idx_11_v385
-1480186214,ve_deathbike2_t0_v38
-1479996687,vem_supermod_0_6_t41_v10
-1479952932,vem_colour_2_mct_classic_lava_red_t25_v3
-1479890520,f_cl_clo_assf_o_4_t3_v12
-1479850012,f_cl_clo_grf_ph_2_10_t14_v1
-1479848796,m_cl_clo_hst_ht_1_0_t14_v1
-1479842776,vem_colour_1_mct_metallic_sea_green_t24_v1
-1479819949,packed_lr_vehicle_colour_6_v154
-1479762702,vem_colour_2_mct_metallic_black_graphite_t25_v4
-1479615018,f_cl_clo_awf_o_e_2_t8_v12
-1479564176,wp_wct_tint_30_t2_v56_n2
-1479469275,packed_mp_veh_mod_idx_s_6_v185
-1479421466,packed_mp_veh_window_tint_0_v113
-1479417034,packed_mp_veh_primary_colour_group_v336
-1479342585,ve_blimp3_t1_v2
-1479304299,packed_mp_veh_mod_idx_8_v122
-1479295878,packed_mp_veh_mod_idx_s_21_v228
-1479206268,f_ta_tat_st_022_t0_v0
-1479017832,vem_colour_2_mct_classic_grace_red_t25_v3
-1479013023,packed_ng_vehicle_neon_kit_v128
-1479010385,f_cl_clo_exf_au_7_0_t11_v1
-1478926788,f_cl_clo_awf_l_0_6_t4_v1
-1478800422,packed_mp_veh_wheel_type_0_v269
-1478738208,packed_mp_veh_mod_idx_s_23_v352
-1478647010,vem_fender_r_3_t37_v27
-1478605142,packed_mp_veh_mod_idx_s_7_v167
-1478586360,packed_mp_veh_mod_idx_1_v406
-1478533562,vem_supermod_42_7_t42_v7
-1478528048,f_cl_clo_vwf_f_3_2_t6_v1
-1478480048,f_cl_clo_h4f_ph_1_4_t14_v1
-1478412715,f_cl_clo_suf_u_18_5_t11_v1
-1478254362,packed_mp_veh_mod_idx_7_v259
-1478221810,packed_mp_veh_livery2_0_v265
-1478164733,m_cl_clo_hp_l_2_11_t4_v1
-1478096479,m_cl_outfit_clo_smm_o_5_t12_v0
-1478085657,packed_mp_veh_mod_idx_s_5_v68
-1478054092,packed_mp_veh_mod_idx_s_14_v203
-1478038004,m_cl_clo_scm_l_10_14_t4_v1
-1477966879,m_cl_clo_v2m_h_0_7_t14_v1
-1477795700,vem_cmod_smoke_10_t18_v33
-1477600099,vem_smod3_whlv73_t66_v3
-1477525933,vem_colour_1_mct_metallic_cabernet_red_t24_v4
-1477470374,vem_colour_1_mct_matte_might_purple_t24_v3
-1477370764,m_cl_clo_bhm_decl_35_t11_v1
-1477247054,packed_mp_veh_livery2_0_v394
-1477218451,m_cl_clo_hst_a_8_t11_v1
-1477176336,vem_smod_whlv43_t66_v0
-1477159401,packed_mp_veh_mod_idx_14_v266
-1477144240,vem_supermod_1_3_t42_v38
-1477135725,f_cl_clo_trf_u_15_5_t11_v1
-1477086669,m_cl_clo_awm_decl_82_t100_v0
-1477079885,packed_mp_veh_mod_idx_s_23_v210
-1477022762,vem_supermod_3_14_t44_v11
-1477007815,f_cl_clo_bhf_u_20_1_t11_v1
-1476937335,m_cl_clo_sum_decl_5_t11_v1
-1476917404,vem_horn_luxe1_t10_v28
-1476872804,packed_mp_veh_mod_idx_2_v31
-1476861361,packed_mp_veh_mod_idx_s_2_v39
-1476836945,packed_ng_vehicle_neon_v394
-1476734934,m_cl_clo_awm_decl_78_t100_v0
-1476692399,packed_mp_veh_mod_idx_s_19_v177
-1476650617,vem_cmod_neoncol_10_t21_v38
-1476631814,packed_mp_veh_mod_idx_s_6_v3
-1476594309,vem_suv_09_t19_v1
-1476534413,f_cl_clo_h4f_s_1_14_t8_v1
-1476492132,packed_mp_veh_mod_idx_s_22_v208
-1476491407,vem_colour_extra_1_mct_classic_sunrise_orange_t24_v1
-1476476120,vem_supermod_23_10_t64_v3
-1476423194,f_cl_clo_s2f_d_2_t100_v0
-1476387500,f_cl_clo_bhf_u_0_18_t11_v1
-1476252544,m_cl_clo_stm_o_16_t11_v12_cesp
-1476156189,wp_wct_c_tint_8_t2_v21_n2
-1476062531,packed_mp_veh_mod_idx_s_1_v316
-1476022711,f_cl_clo_trf_u_8_3_t11_v1
-1475960812,packed_mp_veh_mod_idx_10_v392
-1475954348,vem_smod3_whlv18_t66_v3
-1475952189,vem_colour_extra_1_mct_metallic_beechwood_brown_t24_v3
-1475949904,f_cl_l_fmf_4_15_t4_v0
-1475866027,vem_hood_3_t9_v38
-1475831998,vem_suspension_1_t15_v1
-1475791684,vem_hlight_1_t11_v31
-1475790039,f_cl_clo_scf_ey_0_20_t14_v1
-1475686750,packed_mp_veh_mod_idx_s_3_v297
-1475586425,f_cl_clo_h4f_pey_2_6_t14_v1
-1475430862,packed_mp_veh_mod_idx_s_13_v257
-1475282972,vem_bumper_r_10_t35_v33
-1475186250,packed_ng_vehicle_insurance_v312
-1475169220,vem_supermod_22_6_t63_v26
-1475103438,m_cl_clo_stm_o_e_1_t3_v12
-1475058626,f_cl_clo_h3f_b_9_10_t1_v1
-1474870570,multistorey_garage_tint_1_v1
-1474747896,packed_mp_veh_mod_idx_24_v58
-1474744785,vem_smod_whlv2_t66_v0
-1474724455,m_cl_clo_bim_decl_1_t11_v1
-1474660284,vem_colour_extra_1_mct_classic_might_purple_t24_v4
-1474636053,f_cl_clo_h3f_u_4_3_t11_v1
-1474635923,m_ta_tat_fm_210_t0_v0
-1474635018,packed_mp_veh_colour_extra1_0_v307
-1474626597,vem_smod2_whlv92_t66_v3
-1474529262,wp_gsa_type_r_t0_v87
-1474365975,f_cl_clo_hp_f_h_0_1_t14_v1
-1474153761,packed_mp_veh_mod_idx_s_22_v316
-1474149368,m_cl_l_fmm_1_6_t4_v0
-1474134933,m_ha_cc_m_hs_2_t0_v1
-1474084515,m_cl_clo_smm_ph_4_18_t14_v1
-1474056325,f_cl_clo_h3f_u_9_14_t11_v1
-1474042514,vem_colour_extra_1_mct_pearlescent_nautical_blue_t24_v0
-1473977558,vem_cmod_hrn_cop_t10_v6
-1473807726,vem_smod4_whlv151_t66_v3
-1473701305,f_cl_clo_smf_b_1_17_t1_v1
-1473693492,packed_mp_veh_mod_idx_2_v402
-1473679972,packed_mp_veh_colour2_0_v278
-1473659208,vem_supermod_3_0_t44_v28
-1473640523,packed_mp_veh_mod_idx_s_3_v405
-1473604632,packed_mp_veh_mod_idx_18_v227
-1473393570,packed_mp_veh_mod_idx_9_v80
-1473353619,packed_mp_veh_mod_idx_15_v165
-1473322438,packed_mp_veh_colour_extra1_0_v362
-1473127234,packed_mp_veh_colour_extra2_0_v34
-1473073474,m_cl_clo_bim_decl_5_t11_v1
-1473065111,m_cl_outfit_clo_h3m_o_dh_11_t12_v0
-1473011611,f_cl_outfit_clo_awf_o_e_0_t12_v0
-1472855619,pr_mp_prop_7_t0_v0
-1472806710,f_cl_clo_scf_d_25_12_t10_v1
-1472698960,packed_mp_veh_mod_var_1_v383
-1472683464,vem_supermod_20_2_t61_v26
-1472630936,m_cl_clo_h2m_b_9_10_t1_v1
-1472630813,m_cl_clo_bim_ph_1_5_t14_v1
-1472622732,packed_mp_veh_mod_idx_s_16_v363
-1472609335,vem_smod4_whlv173_t66_v3
-1472586249,f_cl_clo_h4f_pey_310_t14_v1
-1472583442,f_cl_clo_bus_m_0_1_t1_v1
-1472539117,f_cl_clo_s2f_u_6_10_t11_v1
-1472536101,vem_horn_luxe3_t10_v3
-1472522337,service_earn_island_heist_award_going_alone
-1472510977,f_cl_clo_h2f_ph_412_t14_v1
-1472510239,f_cl_clo_bif_o_6_t8_v12
-1472452889,candc_hacker_dec_1_t0_v0
-1472430343,packed_mp_veh_mod_idx_23_v376
-1472429738,m_cl_clo_awm_b_12_4_t1_v1
-1472334864,m_cl_clo_awm_decl_83_t100_v0
-1472300025,packed_ng_vehicle_neon_v20
-1472291862,vem_colour_extra_1_mct_pearlescent_woodbeech_brown_t24_v0
-1472282321,f_cl_clo_suf_u_17_12_t11_v1
-1472199719,nclu_index_3_t0_v0
-1472184470,packed_mp_veh_livery_0_v313
-1472171163,ve_buffalo3_t1_v1
-1472156774,vem_spt_16_t19_v12
-1472132577,packed_mp_veh_mod_idx_14_v350
-1472098930,packed_mp_veh_mod_idx_s_22_v226
-1472031664,m_cl_clo_trm_ph_2_8_t14_v1
-1471974822,f_cl_clo_suf_b_4_2_t1_v1
-1471968921,vem_colour_extra_1_mct_pearlescent_blue_t24_v4
-1471927400,packed_mp_veh_mod_var_0_v78
-1471884066,m_cl_clo_x6m_u_0_8_t11_v1
-1471743294,packed_mp_veh_mod_idx_s_19_v365
-1471728793,m_ta_tat_h3_016_t0_v0
-1471693072,packed_mp_veh_mod_idx_s_13_v164
-1471666679,m_cl_clo_fxm_l_1_12_t4_v1
-1471589200,f_cl_clo_stf_ht8_4_t14_v1
-1471521829,packed_ng_vehicle_insurance_v220
-1471521815,mp_stat_mpsv_model_232
-1471514419,packed_mp_veh_mod_idx_s_11_v370
-1471500222,vem_supermod_4_12_t45_v26
-1471493883,packed_mp_veh_mod_idx_s_2_v201
-1471488707,mp_stat_mpsv_model_73
-1471481486,f_ta_tat_lx_009_t0_v0
-1471435256,m_cl_clo_vwm_u_17_4_t11_v1
-1471405101,m_cl_clo_sum_decl_30_t100_v0
-1471259111,vem_bikew_21_t19_v4
-1471256146,ve_phantom3_t1_v32
-1471147844,vem_colour_2_mct_classic_flur_yellow_t25_v3
-1471139229,packed_mp_veh_mod_idx_s_12_v326
-1471093504,packed_mp_veh_plate_id_v97
-1471034080,m_cl_clo_bim_b_0_2_t1_v1
-1471025502,packed_mp_veh_primary_colour_group_v314
-1471020486,packed_mp_veh_colour_extra1_0_v21
-1470972858,m_cl_clo_grm_u_16_10_t11_v1
-1470965088,wp_wct_tint_8_t2_v47_n2
-1470962283,m_cl_clo_halm_d_2_t11_v1
-1470922480,vem_colour_extra_1_mct_matte_blue_t24_v0
-1470883598,packed_mp_veh_colour1_0_v361
-1470867431,m_cl_clo_x6m_u_20_10_t11_v1
-1470858452,f_ha_none_t7_v1
-1470838849,vem_roof_9_t12_v1
-1470794718,m_cl_clo_grm_decl_15_t11_v1
-1470782293,vem_smod5_whlv167_t66_v3
-1470740710,vem_colour_2_mct_metallic_bleeched_brown_t25_v1
-1470581055,packed_mp_veh_wheel_type_0_v85
-1470512826,f_cl_clo_x6f_b_2_0_t1_v1
-1470397700,f_ta_tat_st_016_t0_v0
-1470295371,m_cl_clo_hp_d_17_t8_v1
-1470180932,m_cl_clo_x3m_b_3_2_t1_v1
-1470176382,f_cl_clo_smf_decl_8_t100_v0
-1470039387,dec_vw_aw_mt_36
-1470003669,vem_supermod_17_5_n1_t58_v38
-1469978235,vem_colour_2_mct_metallic_beechwood_brown_t25_v2
-1469956157,packed_mp_veh_plate_id_v221
-1469860776,m_cl_clo_hilf_l_0_6_t4_v1
-1469849149,packed_mp_veh_mod_idx_s_10_v164
-1469833896,vem_smod5_whlv180_t66_v3
-1469695050,packed_mp_veh_mod_idx_18_v124
-1469655757,packed_mp_veh_mod_idx_0_v393
-1469537030,m_cl_clo_awm_b_4_1_t1_v1
-1469439077,f_cl_clo_ief_ph_0_14_t14_v1_cesp
-1469280486,vem_colour_2_mct_classic_nautical_blue_t25_v0
-1469258192,f_cl_f_fmf_14_14_t6_v0
-1469254028,m_cl_clo_h2m_ph_4_9_t14_v1
-1469228813,vem_cmod_pla_1_t23_v7
-1469223623,vem_smod_whl13_t19_v3
-1469079269,packed_mp_veh_mod_idx_12_v66
-1469063826,f_cl_clo_vwf_decl_39_t100_v0
-1468999042,packed_mp_veh_mod_idx_s_13_v151
-1468930940,vem_fender_r_5_t37_v32
-1468844583,packed_mp_veh_mod_idx_s_22_v335
-1468834920,vem_smod4_whlv208_t66_v2
-1468824454,f_cl_clo_bhf_u_17_15_t11_v1
-1468814723,vem_trans_2_t16_v36
-1468706997,m_cl_clo_stm_u_9_4_t11_v1
-1468698622,f_cl_clo_grf_u_8_15_t11_v1
-1468616727,packed_mp_veh_mod_idx_4_v369
-1468524125,service_earn_ambient_job_challenges
-1468446235,packed_mp_veh_mod_idx_s_15_v89
-1468371298,m_cl_clo_vwm_u_9_17_t11_v1
-1468339764,packed_mp_veh_colour1_0_v247
-1468325480,packed_mp_veh_mod_idx_12_v330
-1468308205,packed_mp_veh_colour_extra1_0_v385
-1468301699,packed_mp_veh_mod_idx_3_v307
-1468225676,vem_bumper_r_11_t35_v37
-1468174841,vem_engine_1_t5_v34
-1468146524,packed_mp_veh_mod_idx_3_v111
-1468137887,wp_wct_muzz7_t1_v13_n2
-1468095562,fcarcade_c_up3_c_9
-1468091901,m_cl_clo_bhm_l_0_8_t4_v1
-1467997122,packed_mp_veh_mod_var_1_v402
-1467969526,m_cl_clo_vwm_u_9_3_t11_v1
-1467955100,f_cl_clo_bbf_f_000_t6_v1
-1467857951,packed_mp_veh_mod_idx_s_2_v189
-1467840739,vem_fender_l_0_t36_v5
-1467839520,f_cl_clo_hstfb_17_3_t1_v1
-1467740135,packed_mp_veh_mod_idx_s_5_v284
-1467685728,packed_mp_veh_primary_colour_group_v334
-1467285394,packed_mp_veh_mod_idx_1_v207
-1467198834,m_cl_clo_bim_u_18_2_t11_v1
-1467169672,f_cl_clo_fxf_l_4_6_t4_v1
-1467125743,f_cl_clo_trf_u_14_14_t11_v1
-1467074429,m_cl_clo_bim_o_14_t3_v12
-1467054999,packed_mp_veh_wheel_type_0_v165
-1467013008,packed_mp_veh_plate_id_v323
-1466903003,m_cl_clo_awm_decl_19_t100_v0
-1466842711,packed_mp_veh_mod_idx_24_v357
-1466741848,wp_wct_c_tint_19_t2_v9_n2
-1466721819,packed_mp_veh_mod_idx_12_v346
-1466700935,f_cl_clo_grf_u_20_16_t11_v1
-1466672772,packed_mp_veh_mod_idx_s_10_v58
-1466591613,f_cl_clo_l2f_h_0_1_t14_v1
-1466537601,m_cl_clo_x2m_u_1_0_t11_v1
-1466434413,ve_patriot_t0_v2
-1466367534,fcarcade_hs0_t0_v0
-1466352657,m_cl_clo_val_decl_c_t8_v1
-1466338622,mp_stat_mpsv_model_51
-1466327934,packed_mp_veh_mod_idx_s_15_v13
-1466308639,vem_colour_2_mct_classic_bleeched_brown_t25_v2
-1466281668,wp_wct_barr2_t1_v56_n2
-1466225258,vem_rwd_loride_08_t19_v0
-1466108241,m_cl_clo_vwm_u_8_0_t11_v1
-1466068500,f_cl_clo_busf_u_2_1_t8_v1
-1466025141,wp_wt_mkrifle_t0_v0
-1465947103,m_cl_clo_hstm_o_l_3_t3_v12
-1465935498,packed_mp_veh_mod_idx_13_v151
-1465791067,packed_mp_veh_mod_idx_s_10_v222
-1465642236,packed_mp_veh_colour_extra2_0_v195
-1465632922,packed_mp_veh_livery_0_v391
-1465561720,packed_mp_veh_colour_extra1_0_v229
-1465346148,m_cl_clo_sum_u_7_10_t11_v1
-1465305450,f_cl_clo_h2f_b_3_11_t1_v1
-1465256463,f_cl_clo_bif_o_10_t8_v12
-1465234409,vem_colour_1_mct_metallic_bright_green_t24_v0
-1465232180,vem_bumper_f_0_t34_v36
-1465213196,f_cl_clo_fxf_ph_2_20_t14_v1
-1465195973,f_cl_clo_x5f_o_a_1_b_t3_v12
-1465167651,packed_mp_veh_mod_idx_s_6_v345
-1465040937,m_cl_clo_bbm_l_1_9_t4_v1
-1465033243,m_cl_clo_h3m_b_2_0_t1_v1
-1465018739,packed_mp_veh_livery2_0_v206
-1464955772,packed_mp_veh_mod_var_0_v157
-1464909817,ve_tropos_t0_v3
-1464895499,packed_mp_veh_colour1_0_v208
-1464874770,m_cl_clo_grm_u_16_8_t11_v1
-1464788337,vem_supermod_17_4_t58_v38
-1464734333,wp_wct_clip_inc_t1_v9_n2
-1464672693,m_cl_clo_x6m_ey_3_21_t14_v1
-1464625395,vem_cmod_tyr_pat_t18_v11
-1464502428,f_cl_clo_sbf_u_11_10_t11_v1
-1464467144,packed_ng_vehicle_smoke_v283
-1464444258,packed_mp_veh_primary_colour_group_v254
-1464381682,m_cl_l_fmm_0_12_t4_v0
-1464379538,vem_colour_extra_1_mct_metallic_white_t24_v3
-1464364341,f_cl_clo_x6f_f_5_15_t6_v1
-1464360625,vem_colour_extra_1_mct_metallic_rolled_steel_t24_v4
-1464356030,dec_vw_aw_2s_4c
-1464308419,m_ta_tat_bb_018_t0_v0
-1464272200,vem_colour_extra_1_mct_classic_blue_t24_v3
-1464271511,m_cl_clo_h2m_o_g_19_t3_v12
-1464232109,vem_cmod_col5_40_t29_v4
-1463996439,vem_supermod_56_20_t56_v7
-1463925469,f_cl_clo_h3f_decl_9_t100_v0
-1463815658,f_cl_clo_fxf_ph_6_1_t14_v1
-1463808753,m_cl_clo_h4m_s_1_7_t8_v1
-1463618809,packed_mp_veh_mod_idx_14_v2
-1463564841,vem_bikew_23_t19_v4
-1463522701,vem_supermod_18_17_t59_v3
-1463498440,vem_hiend_08_t19_v1
-1463469670,f_cl_clo_ief_l_7_6_t4_v1
-1463383710,vem_supermod_15_2_t56_v26
-1463355921,packed_mp_veh_colour2_0_v217
-1463354481,m_cl_clo_sbm_b_10_4_t1_v1
-1463338429,m_cl_clo_exm_eu_7_5_t11_v1
-1463274319,vem_cmod_col5_7_t29_v0
-1463257363,mp_stat_tuner_client_vehicle_1_v0
-1463092551,packed_mp_veh_mod_idx_12_v175
-1463057925,packed_mp_veh_mod_idx_s_8_v122
-1463034669,mt_vend_soda_t0_v3
-1462957658,packed_mp_veh_mod_idx_s_6_v115
-1462921772,f_cl_clo_fxf_ph_0_12_t14_v1
-1462899015,po_coupon_heli_xmas2018
-1462822725,casweb_garage_0_t0_v0
-1462727511,packed_mp_veh_mod_idx_22_v322
-1462625740,m_cl_clo_x6m_f_5_10_t6_v1
-1462613681,vem_cmod_tyr_255_t18_v1
-1462611094,vem_colour_1_mct_metallic_mariner_blue_t24_v0
-1462577652,packed_mp_veh_mod_idx_5_v299
-1462490010,m_ha_cc_lipstick_9_t8_v1
-1462487876,packed_mp_veh_secondary_colour_group_v382
-1462380518,packed_mp_veh_mod_idx_4_v221
-1462345136,packed_mp_veh_mod_idx_s_6_v46
-1462317224,f_cl_clo_grf_ph_5_9_t14_v1
-1462316162,m_cl_clo_exm_eu_16_0_t11_v1
-1462282100,m_ha_clo_sbm_h_1_0_t0_v0
-1462275957,f_cl_clo_grf_b_1_4_t1_v1
-1462199921,f_cl_clo_sbf_u_22_25_t11_v1
-1462141499,m_cl_clo_val_decl_i_t8_v2
-1462117619,m_ha_cc_mkup_51_t5_v0
-1462113667,vem_horn_xm15_3_t10_v29
-1462092157,packed_mp_veh_mod_idx_s_22_v345
-1462089213,vem_colour_extra_1_mct_pearlescent_moss_brown_t24_v4
-1462019405,packed_mp_veh_mod_idx_s_17_v173
-1461958428,f_cl_clo_scf_ey_1_0_t14_v1
-1461621613,m_ha_cc_m_hs_10_t0_v1
-1461612071,packed_mp_veh_colour_extra1_0_v13
-1461592949,m_cl_clo_iem_u_5_20_t11_v1
-1461579582,packed_mp_veh_mod_idx_s_19_v66
-1461567247,ve_coach_t1_v0
-1461557708,f_ta_tat_fm_014_t0_v0
-1461515065,packed_ng_vehicle_neon_kit_v147
-1461496026,packed_mp_veh_mod_idx_15_v34
-1461465009,f_cl_clo_h2f_b_11_7_t1_v1
-1461404393,f_ta_tat_hp_014_t0_v0
-1461375488,f_ta_tat_x2_028_t0_v0
-1461324015,f_cl_clo_h4f_ph_0_25_t14_v1
-1461320209,m_cl_clo_v2m_o_5_t3_v12
-1461149819,packed_ng_vehicle_neon_kit_v205
-1461120032,vem_skirt_0_t13_v5
-1460937677,m_cl_clo_x6m_ph_1018_t14_v1
-1460911352,vem_spt_10_t19_v1
-1460879361,packed_mp_veh_mod_idx_s_20_v383
-1460852403,packed_mp_veh_mod_idx_s_0_v29
-1460789771,wp_wct_scope_sml_t1_v26
-1460734407,vem_insurance_tornado5
-1460730720,vem_colour_1_mct_matte_purple_t24_v3
-1460716346,m_cl_outfit_clo_h3m_o_pr_2_t12_v0
-1460709182,m_cl_l_fmm_7_14_t4_v0
-1460647573,autoshop_emb_3_t0_v0
-1460633122,vem_supermod_19_9_t60_v3
-1460514817,packed_mp_veh_mod_idx_s_14_v340
-1460508174,f_cl_clo_awf_l_3_6_t4_v1
-1460462264,f_cl_clo_bif_u_21_2_t11_v1
-1460448686,m_cl_clo_busm_t_1_14_t7_v1
-1460410260,f_cl_clo_smf_b_6_13_t1_v1
-1460352109,packed_mp_veh_mod_idx_13_v237
-1460323146,packed_mp_veh_mod_idx_7_v191
-1460150913,packed_mp_veh_mod_idx_22_v390
-1460142022,packed_mp_veh_colour2_0_v37
-1460092935,vem_smod4_whl_12_t19_v3
-1460080500,packed_mp_veh_mod_idx_s_14_v394
-1460077948,vem_horn_xm15_1_t10_v38
-1460059940,packed_mp_veh_livery_0_v312
-1460021770,packed_mp_veh_livery_0_v30
-1459962192,m_cl_clo_h4m_b_4_10_t1_v1
-1459861640,vem_supermod_5_10_t46_v3
-1459764864,vem_colour_2_mct_classic_straw_brown_t25_v3
-1459719461,packed_mp_veh_colour1_0_v254
-1459595647,packed_mp_veh_mod_idx_9_v331
-1459580291,wp_fw_tint5_t6_v1
-1459541032,m_cl_clo_h4m_decl_25_t11_v1
-1459500180,m_cl_clo_sum_u_0_8_t11_v1
-1459472682,packed_mp_veh_mod_idx_s_12_v185
-1459455096,vem_smod3_whlv122_t66_v3
-1459373722,vem_supermod_12_15_t53_v3
-1459353130,f_cl_clo_awf_f_0_1_t6_v1
-1459278995,m_cl_clo_x6m_ey_3_11_t14_v1
-1459272374,ve_monster3_t0_v38
-1459252674,m_cl_clo_awm_u_17_8_t11_v1
-1459218388,vem_smod_whlv34_t66_v3
-1459179889,vem_supermod_4_0_t45_v27
-1459103110,f_cl_clo_grf_b_5_9_t1_v1
-1459078534,m_cl_clo_awm_b_2_14_t1_v1
-1459017859,packed_mp_veh_mod_idx_s_23_v195
-1458892534,m_cl_clo_awm_b_2_0_t1_v1
-1458854194,vem_truck_tint_8_t0_v0
-1458851188,m_cl_clo_grm_u_6_8_t11_v1
-1458682087,packed_mp_veh_mod_idx_s_20_v217
-1458674240,vem_insurance_youga2
-1458487540,packed_mp_veh_mod_idx_0_v1
-1458270090,f_cl_he_fmf_16_4_t14_v0
-1458235540,packed_mp_veh_mod_idx_s_4_v206
-1458221346,packed_mp_veh_mod_idx_14_v17
-1458177044,m_cl_clo_s1m_ph_0_14_t14_v1
-1458140808,f_cl_clo_x6f_u_12_4_t11_v1
-1458133241,packed_mp_veh_mod_idx_s_15_v370
-1458059256,vem_supermod_7_13_t48_v26
-1457951280,autoshop_emb_6_t0_v0
-1457890144,f_cl_clo_awf_o_b_10_t3_v12
-1457837152,f_cl_clo_awf_decl_74_t100_v0
-1457802484,packed_mp_veh_colour_extra1_0_v396
-1457768755,packed_mp_veh_window_tint_0_v364
-1457765852,vem_horn_indi_2_t10_v5
-1457761051,packed_mp_veh_mod_idx_3_v199
-1457521817,packed_mp_veh_mod_idx_14_v144
-1457416911,vem_colour_extra_1_mct_classic_petrol_green_t24_v4
-1457355601,wp_wct_clip2_t1_v0
-1457315441,vem_colour_extra_1_mct_classic_moss_brown_t24_v4
-1457300211,vem_colour_mct_none_50
-1457284043,vem_suv_03_t19_v3
-1457185694,mp_stat_ie_wh_owned_vehicle_0_v0
-1457083975,vem_supermod_18_4_t59_v26
-1457041065,packed_mp_veh_mod_idx_s_15_v213
-1456890564,f_cl_clo_h3f_o_grp_4_t3_v12
-1456852244,f_cl_clo_bif_u_21_1_t11_v1
-1456820634,packed_mp_veh_mod_idx_24_v298
-1456776839,f_cl_clo_l2f_dec_27_t11_v1
-1456754492,f_cl_clo_h4f_u_6_8_t11_v1
-1456729429,vem_supermod_1_3_t42_v28
-1456661843,packed_mp_veh_mod_idx_s_17_v223
-1456645581,packed_mp_veh_mod_idx_s_3_v218
-1456514066,m_ha_cc_eyebrw_13_t2_v0
-1456501553,pr_pm_bemblem_7_t0_v0
-1456427755,vem_supermod_17_8_t58_v26
-1456392382,m_cl_clo_h2m_u_3_11_t11_v1
-1456388172,m_cl_clo_s2m_d_22_t100_v0
-1456357904,packed_mp_veh_mod_idx_s_20_v294
-1456344340,packed_mp_veh_mod_idx_6_v227
-1456272650,packed_mp_veh_mod_idx_6_v252
-1456242016,vem_supermod_50_8_t50_v7
-1456200644,dec_vw_aw_ss_39f
-1456185963,packed_mp_veh_mod_idx_s_17_v193
-1456145011,packed_mp_veh_mod_idx_6_v368
-1456064446,f_cl_l_fmf_11_13_t4_v0
-1456046321,packed_ng_vehicle_neon_v34
-1456044381,f_ta_tat_sb_025_t0_v0
-1456043371,f_cl_outfit_clo_hstf_o_n_2_t12_v0
-1455991175,packed_mp_veh_primary_colour_group_v3
-1455923645,vem_colour_1_mct_classic_candy_red_t24_v2
-1455917384,m_cl_clo_x6m_ey_3_18_t14_v1
-1455882545,packed_mp_veh_colour_extra2_0_v286
-1455827389,packed_mp_veh_mod_idx_24_v166
-1455825207,packed_mp_veh_mod_idx_13_v99
-1455735372,packed_mp_veh_mod_idx_5_v336
-1455586326,f_cl_clo_bhf_decl_10_t100_v0
-1455523074,ve_dynasty_t0_v3
-1455508813,f_cl_clo_arf_o_29_t11_v12
-1455228090,packed_mp_veh_mod_idx_s_19_v337
-1455216382,vem_supermod_23_33_t64_v33
-1455143123,f_cl_clo_vwf_u_13_3_t11_v1
-1455139280,m_cl_clo_s2m_f_2_7_t6_v1
-1455014656,vem_colour_2_mct_classic_frost_white_t25_v3
-1454934134,ve_pbus2_t1_v5
-1454888166,vem_colour_extra_1_mct_classic_bison_brown_t24_v0
-1454857589,vem_supermod_14_0_t55_v10
-1454839505,m_cl_clo_smm_b_1_17_t1_v1
-1454779202,service_earn_jbonus_not_seen
-1454771634,packed_mp_veh_colour1_0_v260
-1454739617,packed_mp_veh_primary_colour_group_v309
-1454735898,packed_mp_veh_mod_idx_14_v315
-1454658298,m_cl_clo_jam_decl_3_t11_v1
-1454585295,vem_cmod_pla_3_t23_v2
-1454562060,vem_spoiler_3_t14_v6
-1454544400,m_cl_clo_exm_ob_13_t3_v12
-1454507241,f_cl_clo_vwf_pw_2_5_t14_v1
-1454447338,packed_mp_veh_window_tint_0_v66
-1454402882,vem_offr_24_t19_v1
-1454381907,f_cl_clo_l2f_dec_11_t100_v0
-1454377002,vem_supermod_1_1_t42_v11
-1454300424,m_cl_clo_awm_ph_2_10_t14_v1
-1454246498,packed_mp_veh_plate_id_v65
-1454226283,m_cl_clo_x6m_u_21_0_t11_v1
-1454208881,packed_mp_veh_mod_idx_6_v103
-1454183244,f_cl_m_fmf_6_2_t1_v0
-1454068737,m_ta_tat_bi_013_t0_v0
-1454015247,m_cl_clo_s2m_d_18_t100_v0
-1454008584,f_cl_clo_l2f_lw_7_0_t14_v1_cesp
-1453971395,vem_exhaust_5_t6_v26
-1453963061,m_cl_ht_fmm_0_4_t14_v0
-1453918943,m_ta_tat_gr_026_t0_v0
-1453901009,m_cl_clo_scm_b_9_2_t1_v1
-1453816691,packed_mp_veh_mod_idx_1_v267
-1453803593,f_ta_tat_l2_012_t0_v0
-1453760445,m_cl_l_fmm_3_14_t4_v0
-1453715388,vem_drft_12_t19_v0
-1453628764,m_cl_clo_h4m_o_sm_m3_t3_v12
-1453621952,cb_buy_3_t0_v0
-1453604754,f_ta_tat_h4_018_t0_v0
-1453584504,packed_mp_veh_mod_idx_s_17_v357
-1453581344,packed_mp_veh_mod_idx_s_11_v327
-1453563188,packed_mp_veh_mod_idx_22_v354
-1453487444,f_cl_u_fmf_15_0_t8_v0
-1453292205,packed_mp_veh_mod_idx_s_0_v129
-1453282737,f_cl_clo_v2f_u_4_2_t11_v1
-1453230924,packed_mp_veh_mod_var_0_v310
-1453215006,vem_rwd_suv_04_t19_v1
-1453099970,vem_smod4_whlv86_t66_v0
-1452970652,m_cl_clo_trm_u_19_0_t11_v1
-1452940015,vem_colour_2_mct_matte_matte_for_t25_v2
-1452899467,m_cl_clo_pim_l_0_0_t4_v1
-1452786351,m_cl_outfit_clo_s2m_o_2_t12_v0
-1452742719,vem_supermod_17_0_t58_v37
-1452648644,vem_supermod_2_3_t43_v11
-1452549018,f_cl_clo_bbf_102_t4_v1
-1452548781,m_cl_clo_bhm_l_0_11_t4_v1
-1452510721,m_cl_clo_trm_u_12_5_t11_v1
-1452489859,vem_roof_2_t12_v1
-1452454383,m_cl_clo_fxm_l_1_2_t4_v1
-1452412731,vem_rwd_loride_03_t19_v2
-1452354504,packed_mp_veh_mod_var_1_v29
-1452341135,vem_drft_24_t19_v1
-1452332687,vem_colour_1_mct_metallic_pink_t24_v4
-1452312586,packed_mp_veh_mod_idx_s_9_v115
-1452225245,m_cl_clo_bhm_u_6_11_t11_v1
-1452154878,vem_smod5_whlv6_t66_v3
-1452082789,f_cl_clo_h3f_o_dh_14_t8_v12
-1451779294,f_cl_clo_busf_u_4_8_t11_v1
-1451761190,f_cl_clo_x6f_f_5_0_t6_v1
-1451756991,vem_trans_1_t16_v6
-1451748525,packed_ng_vehicle_smoke_v408
-1451687190,packed_ng_vehicle_smoke_v281
-1451672916,m_cl_clo_h3m_b_18_8_t1_v1
-1451605948,f_cl_clo_v2f_o_1_t3_v12
-1451589830,f_cl_clo_hstfb_14_19_t1_v1
-1451569942,f_cl_clo_awf_decl_22_t100_v0
-1451493347,packed_ng_vehicle_insurance_v308
-1451427646,multistorey_garage_tint_0_v0
-1451326882,ve_akula_t1_v34
-1451238264,packed_mp_veh_mod_idx_s_12_v34
-1451208352,vem_supermod_5_12_t46_v26
-1451182393,vem_smod5_whlv128_t66_v3
-1451074509,packed_mp_veh_colour_extra2_0_v76
-1451014345,vem_insurance_clique2
-1450966719,packed_mp_veh_mod_idx_23_v143
-1450898102,vem_colour_2_mct_matte_blue_t25_v1
-1450793037,vem_smod2_whl12_t19_v3
-1450767248,m_ta_tat_h3_008_t0_v0
-1450680595,f_cl_clo_grf_u_22_4_t11_v1
-1450654839,f_cl_clo_sbf_ph_5_21_t14_v1
-1450542495,packed_mp_veh_mod_idx_s_7_v254
-1450521001,packed_mp_veh_colour_extra1_0_v144
-1450516319,m_cl_clo_h4m_b_2_9_t1_v1
-1450442948,packed_mp_veh_mod_idx_s_0_v329
-1450369087,m_cl_clo_scm_u_48_8_t11_v1
-1450349662,packed_mp_veh_mod_var_1_v353
-1450347750,packed_mp_veh_mod_idx_10_v307
-1450223103,vem_colour_2_mct_classic_ultra_blue_t25_v2
-1450188149,wp_wct_msmg_xm3_t1_v7
-1450160789,vem_insurance_monster3
-1450099094,vem_bumper_r_25_t35_v3
-1450068002,f_cl_clo_bhf_l_0_1_t4_v1
-1450024589,vem_hiend_06_t19_v2
-1450019278,m_cl_sp_fmm_6_10_t8_v0
-1449983614,packed_mp_veh_mod_var_0_v212
-1449972594,packed_mp_veh_mod_idx_s_7_v328
-1449947369,f_ta_tat_st_006_t0_v0
-1449931473,m_cl_clo_vwm_u_17_22_t11_v1
-1449905575,packed_mp_veh_mod_idx_2_v145
-1449797013,f_cl_clo_h4f_decl_51_t100_v0
-1449745067,vem_smod_whlv91_t66_v0
-1449722034,packed_mp_veh_mod_idx_s_0_v327
-1449525819,vem_smod_whlv60_t66_v3
-1449491873,packed_mp_veh_mod_idx_s_5_v202
-1449421948,wp_wct_clip_inc_t0_v46_n2
-1449397098,m_cl_clo_iem_f_0_9_t6_v1_cesp
-1449377513,f_cl_clo_lxf_l_0_3_t4_v1
-1449334051,ve_riata_t0_v3
-1449259446,packed_mp_veh_mod_idx_11_v316
-1449228482,f_cl_clo_smf_b_8_13_t1_v1
-1449173340,vem_grill_1_t8_v1
-1449169871,packed_mp_veh_primary_colour_group_v346
-1449160769,packed_mp_veh_mod_idx_22_v337
-1449088613,vem_cmod_smoke_13_t18_v33
-1449081314,m_ta_tat_sb_046_t0_v0
-1449028802,m_ta_tat_bi_003_t0_v0
-1448990204,f_cl_clo_grf_ph_0_13_t14_v1
-1448976484,m_cl_clo_x6m_l_7_15_t4_v1
-1448882722,packed_mp_veh_mod_idx_s_4_v59
-1448851674,packed_mp_veh_mod_idx_16_v26
-1448848927,packed_mp_veh_mod_idx_s_17_v108
-1448814320,m_cl_outfit_clo_x6m_o_o_13_t12_v0
-1448628450,vem_cmod_pla_2_t23_v32
-1448572372,packed_mp_veh_mod_idx_6_v301
-1448564212,f_cl_clo_h2f_f_3_4_t6_v1
-1448526818,m_cl_outfit_clo_h3m_o_dl_35_t12_v0
-1448524148,packed_lr_vehicle_colour_5_v323
-1448518171,vem_colour_2_mct_matte_red_t25_v33
-1448516747,m_cl_clo_bus_m_0_3_t1_v1
-1448506385,m_cl_clo_awm_decl_73_t100_v0
-1448479931,f_cl_clo_fxf_pe_5_4_t14_v1
-1448453319,f_cl_clo_awf_decl_9_t100_v0
-1448436949,m_cl_clo_h3m_l_4_13_t4_v1
-1448337650,cf_mission_passed_sd
-1448234750,packed_mp_veh_mod_idx_s_1_v395
-1448186487,vem_colour_extra_1_mct_pearlescent_racing_blue_t24_v4
-1448179956,vem_colour_1_mct_matte_light_grey_t24_v4
-1448167854,f_cl_clo_bhf_u_2_10_t11_v1
-1447927532,vem_horn_hips3_t10_v32
-1447922479,dec_vw_aw_ls_17
-1447798935,packed_mp_veh_mod_idx_s_12_v45
-1447793105,packed_mp_veh_mod_idx_12_v7
-1447665443,packed_mp_veh_mod_idx_s_15_v167
-1447509115,packed_mp_veh_wheel_type_0_v93
-1447485500,packed_mp_veh_livery2_0_v14
-1447446819,m_cl_clo_iem_u_5_1_t11_v1
-1447393152,packed_mp_veh_mod_idx_s_18_v345
-1447381921,vem_smod2_whlv25_t66_v3
-1447322853,ve_crusader_t1_v0
-1447298614,m_cl_clo_x6m_u_2_2_t11_v1
-1447288814,m_cl_sp_fmm_3_1_t8_v0
-1447225751,vem_supermod_15_8_t56_v6
-1447217051,packed_mp_veh_mod_idx_s_14_v252
-1447182940,f_cl_clo_scf_b_3_0_t1_v1
-1447177666,f_cl_clo_stf_u_6_8_t11_v1
-1447098874,packed_mp_veh_colour2_0_v134
-1447012014,packed_mp_veh_mod_idx_s_22_v196
-1447006588,packed_mp_veh_mod_idx_0_v189
-1446990004,vem_cmod_pla_2_t23_v30
-1446894697,vem_spt_09_t19_v1
-1446827331,packed_mp_veh_mod_idx_13_v167
-1446717526,vem_smod_whlv133_t66_v0
-1446716602,m_cl_u_fmm_14_5_t11_v0
-1446603536,vem_supermod_6_0_t47_v36
-1446529368,f_cl_clo_h3f_b_15_2_t1_v1
-1446452542,m_cl_clo_h3m_s_1_5_t8_v1
-1446195348,vem_colour_mct_none_32
-1446003714,vem_colour_extra_1_mct_metallic_frost_white_t24_v3
-1445958361,vem_colour_2_mct_metallic_rolled_steel_t25_v0
-1445947523,vem_bikew_34_t19_v4
-1445858591,mt_snk_item4_t0_v2
-1445798508,f_cl_clo_x6f_f_7_0_t6_v1
-1445652833,packed_mp_veh_mod_idx_s_20_v183
-1445549785,packed_mp_veh_mod_idx_s_1_v211
-1445547972,packed_mp_veh_mod_idx_s_0_v69
-1445473997,packed_mp_veh_mod_idx_23_v29
-1445471824,vem_colour_2_mct_metallic_nautical_blue_t25_v3
-1445330982,packed_mp_veh_mod_idx_3_v312
-1445316290,f_cl_clo_smf_ph_2_16_t14_v1
-1445272828,packed_mp_veh_mod_idx_s_9_v218
-1445252558,vem_smod2_whlv199_t66_v3
-1445248331,packed_mp_veh_plate_id_v222
-1445160376,m_cl_u_fmm_3_14_t11_v0
-1445137533,f_cl_clo_bhf_decl_4_t11_v1
-1445104385,packed_mp_veh_mod_idx_s_15_v185
-1445069108,ve_cargobob2_t1_v0
-1445057714,packed_mp_veh_livery2_0_v74
-1444739075,ve_comet3_t0_v26
-1444714762,packed_mp_veh_mod_idx_5_v169
-1444711854,f_cl_outfit_clo_hstf_o_n_3_t12_v0
-1444621756,vem_horn_cnote_f0_t10_v36
-1444606047,m_cl_clo_awm_b_2_11_t1_v1
-1444584983,m_cl_clo_h2m_f_5_3_t6_v1
-1444557779,f_cl_clo_s2f_u_4_10_t11_v1
-1444542211,f_cl_clo_awf_o_h_7_t8_v12
-1444539128,f_cl_clo_x4f_u_10_12_t11_v1
-1444508153,m_cl_outfit_clo_iem_o_1_t12_v0
-1444493371,vem_supermod_60_5_t60_v7
-1444474944,vem_smod2_whl30_t19_v12
-1444457210,packed_mp_veh_mod_idx_s_18_v42
-1444441958,f_cl_clo_suf_u_12_5_t11_v1
-1444440742,vem_smod3_whlv119_t66_v3
-1444432868,packed_mp_veh_mod_idx_24_v256
-1444428263,packed_mp_veh_mod_idx_s_1_v404
-1444377214,packed_mp_veh_mod_idx_14_v353
-1444344878,packed_mp_veh_mod_idx_11_v65
-1444311200,ve_dominato_t0_v1
-1444288792,m_cl_clo_busm_t_1_7_t7_v1
-1444217832,vem_smod_whlv16_t66_v0
-1444206328,packed_ng_vehicle_neon_v238
-1444139229,f_cl_clo_h4f_u_2_3_t11_v1
-1444076616,m_cl_u_fmm_0_8_t8_v1
-1444002429,m_cl_clo_bhm_decl_42_t11_v1
-1443860222,packed_mp_veh_mod_var_0_v369
-1443791828,vem_supermod_23_17_t64_v38
-1443774806,packed_mp_veh_mod_idx_2_v98
-1443759137,m_cl_clo_hp_d_22_t11_v1
-1443650192,f_cl_outfit_clo_bus_f_o_10_t12_v0
-1443576433,vem_insurance_akuma
-1443558017,m_cl_outfit_clo_hilf_o_11_t12_v0
-1443526965,packed_mp_veh_mod_idx_s_2_v128
-1443503456,mba_graphics_9_t0_v0
-1443495948,vem_rwd_hiend_02_t19_v0
-1443451770,f_cl_clo_s2f_d_27_t11_v1
-1443420382,packed_mp_veh_mod_idx_22_v40
-1443377188,vem_rwd_suv_01_t19_v3
-1443228768,packed_mp_veh_wheel_type_0_v192
-1443173028,packed_mp_veh_plate_id_v294
-1443154575,packed_mp_veh_mod_idx_s_22_v326
-1443147711,packed_ng_vehicle_bpt_v8
-1443102706,vem_supermod_18_11_t59_v27
-1443051780,packed_mp_veh_mod_idx_s_9_v270
-1442994459,m_cl_ht_fmm_14_0_t14_v0
-1442912854,vem_horn_cnote_g0_t10_v5
-1442897383,m_cl_clo_indm_u_1_0_t11_v1
-1442858228,f_cl_clo_h2f_ph_4_6_t14_v1
-1442831594,m_ta_tat_bi_044_t0_v0
-1442763024,m_cl_clo_h4m_u_3_9_t11_v1
-1442702492,packed_mp_veh_mod_idx_s_0_v234
-1442696112,m_cl_o_fmm_b1_t8_v12
-1442682952,wp_wct_var_gold_t1_v56
-1442513580,dec_vw_aw_mt_18a
-1442487448,vem_insurance_banshee2
-1442435909,vem_cmod_tyr_1_t32_v0
-1442280541,f_ta_tat_bi_039_t0_v0
-1442085983,vem_cmod_hrn_mus1_t10_v4
-1442030009,packed_mp_veh_mod_idx_s_21_v307
-1441890554,wp_wct_tint_14_t2_v46_n2
-1441813264,m_ta_tat_st_037_t0_v0
-1441530379,m_cl_clo_ltsmh_0_4_t14_v1
-1441411097,vem_supermod_3_28_t44_v27
-1441347446,f_cl_amm_hst_b_1_0_t1_v1
-1441331352,vem_supermod_0_18_t41_v3
-1441304229,vem_racecar_whl17_t19_v3
-1441187528,packed_ng_vehicle_neon_v258
-1441020799,vem_colour_extra_1_mct_metallic_dark_blue_t24_v0
-1440999626,packed_mp_veh_plate_id_v393
-1440977887,vem_colour_extra_1_mct_classic_galaxy_blue_t24_v0
-1440965862,f_cl_clo_fxf_l_3_14_t4_v1
-1440691403,m_cl_l_fmm_3_2_t4_v0
-1440690678,packed_mp_veh_mod_idx_s_15_v247
-1440685067,m_cl_clo_grm_ph_5_9_t14_v1
-1440649855,f_cl_clo_valf_b_1_1_t1_v1
-1440554770,packed_mp_veh_mod_idx_1_v27
-1440410154,f_cl_clo_bif_l_2_1_t4_v1
-1440384861,packed_mp_veh_mod_idx_1_v221
-1440381367,vem_supermod_7_14_t48_v27
-1440343995,packed_mp_veh_mod_idx_15_v335
-1440277085,packed_ng_vehicle_smoke_v226
-1440182833,vem_cmod_tyr_2_t30_v34
-1440166765,vem_drft_10_t19_v1
-1440079010,vem_colour_extra_1_mct_metallic_blaze_red_t24_v3
-1440003938,packed_mp_veh_mod_idx_4_v331
-1439795832,vem_insurance_corsita
-1439776752,packed_mp_veh_mod_idx_s_21_v234
-1439690591,vem_hiend_01_t19_v1
-1439492773,vem_exhaust_5_t6_v11
-1439318261,f_cl_clo_ief_u_7_1_t11_v1
-1439301579,packed_mp_veh_mod_idx_8_v4
-1439299518,f_cl_outfit_clo_stf_o_3_t12_v0_cesp
-1439218726,vem_grill_4_t8_v35
-1439167505,ve_kanjo_t1_v3
-1439020310,packed_mp_veh_mod_idx_13_v59
-1438983035,vem_smod5_whlv117_t66_v3
-1438973837,m_cl_clo_val_decl_d_t100_v0
-1438885038,m_ha_clo_sbm_h_1_0_t0_v2
-1438844575,dec_cpm_3cardp_3
-1438799428,vem_rwd_spt_03_t19_v2
-1438759138,m_cl_clo_smm_ph_3_17_t14_v1
-1438726798,m_cl_clo_hstm_u_15_3_t11_v1
-1438695535,packed_mp_veh_mod_idx_s_5_v81
-1438665952,m_cl_clo_l2m_o_2_t3_v12
-1438653224,f_cl_clo_x6f_f_3_8_t6_v1
-1438564514,packed_mp_veh_mod_idx_7_v199
-1438546775,f_cl_outfit_clo_stf_o_9_t12_v0_cesp
-1438471185,m_cl_clo_trm_u_11_7_t11_v1
-1438379210,f_ta_tat_bus_f_004_t0_v0
-1438377658,fixer_hq_tnt_3_t0_v0
-1438337229,pr_pm_modshop_0_t89_v0
-1438276335,vem_colour_1_mct_classic_pink_t24_v0
-1438275243,fcclub_name_1_t0_v0
-1438228172,packed_ng_vehicle_bpt_v18
-1438214662,m_cl_clo_bhm_decl_29_t11_v1
-1438194310,f_cl_clo_h2f_f_3_21_t6_v1
-1438155042,m_cl_clo_vwm_u_21_24_t11_v1
-1438008288,wp_wct_tint_16_t2_v46_n2
-1437905690,vem_supermod_11_8_t52_v27
-1437902182,f_cl_clo_scf_ey_1_12_t14_v1
-1437849984,vem_cmod_col5_12_t29_v4
-1437636994,packed_mp_veh_livery_0_v404
-1437624209,m_cl_outfit_clo_bus_m_o_21_t12_v0
-1437614268,vem_yacht_light_7_v0
-1437535055,mba_floor0_2_t0_v1
-1437508982,m_cl_clo_s1m_u_6_3_t11_v1
-1437495665,f_cl_clo_grf_u_13_10_t11_v1
-1437468815,packed_mp_veh_mod_idx_23_v195
-1437369982,packed_mp_veh_mod_idx_14_v181
-1437161720,m_cl_clo_grm_ph_2_18_t14_v1
-1437149243,packed_mp_veh_mod_idx_3_v273
-1436940593,packed_mp_veh_mod_idx_s_17_v275
-1436842810,m_cl_clo_grm_u_13_9_t11_v1
-1436809280,vem_smod4_whlv210_t66_v0
-1436807015,packed_mp_veh_mod_idx_14_v375
-1436801002,f_cl_l_fmf_0_12_t4_v0
-1436651349,packed_ng_vehicle_insurance_v258
-1436547435,packed_mp_veh_colour_extra2_0_v279
-1436354111,wp_wct_tint_15_t2_v21_n2
-1436326579,packed_mp_veh_mod_idx_4_v273
-1436242357,vem_trans_2_t16_v30
-1436209139,packed_mp_veh_mod_idx_s_11_v153
-1436146549,f_cl_clo_scf_l_0_25_t4_v1
-1436145670,vem_smod_whl5_t19_v3
-1436101101,packed_mp_veh_primary_colour_group_v225
-1436089580,packed_mp_veh_mod_idx_5_v319
-1436015349,vem_smod4_whlv195_t66_v2
-1435868269,packed_ng_vehicle_insurance_v213
-1435762482,m_cl_clo_awm_decl_7_t100_v0
-1435692898,wp_wct_muzz4_t1_v5_n2
-1435666406,m_cl_clo_trm_u_11_11_t11_v1
-1435599291,f_cl_clo_bif_u_8_4_t11_v1
-1435599088,vem_colour_2_mct_classic_beechwood_brown_t25_v0
-1435525148,packed_mp_veh_mod_idx_15_v114
-1435476547,packed_mp_veh_mod_idx_s_3_v241
-1435452863,packed_mp_veh_mod_idx_6_v54
-1435450946,packed_mp_veh_mod_idx_s_12_v209
-1435409763,packed_mp_veh_mod_idx_s_15_v26
-1435357738,vem_rwd_musc_01_t19_v0
-1435336242,packed_mp_veh_mod_idx_23_v118
-1435269915,m_cl_clo_smm_b_5_15_t1_v1
-1435218722,packed_mp_veh_mod_idx_2_v236
-1435175783,m_ha_cc_mkup_88_t5_v0
-1435141418,f_cl_clo_bif_decl_68_t100_v0
-1435140439,m_cl_clo_bhm_u_4_0_t11_v1
-1435054863,packed_mp_veh_mod_idx_8_v389
-1435040048,vem_insurance_granger
-1435007141,packed_mp_veh_mod_idx_11_v77
-1434922447,vem_supermod_49_6_t49_v7
-1434896007,f_cl_f_fmf_10_2_t6_v0
-1434797320,f_cl_clo_s1f_u_7_0_t11_v1
-1434773188,vem_roof_0_n2_t12_v33
-1434759552,vem_cmod_neoncol_11_t21_v11
-1434721381,vem_colour_2_mct_classic_purple_t25_v4
-1434708386,casweb_medrm_1_t0_v0
-1434662759,packed_mp_veh_mod_idx_7_v56
-1434657739,packed_mp_veh_mod_idx_s_10_v45
-1434655113,packed_mp_veh_mod_idx_s_2_v26
-1434580061,wp_wt_rev_nv_t0_v0
-1434538276,packed_mp_veh_mod_idx_s_13_v327
-1434399924,f_cl_clo_bus_m_2_3_t1_v1
-1434387340,vem_horn_xm15_1_t10_v29
-1434301596,m_cl_clo_iem_b_2_1_t1_v1
-1434287982,vem_colour_extra_1_mct_classic_bright_purple_t24_v0
-1434287823,m_cl_clo_hst_a_4_t8_v2
-1434188657,m_ta_tat_st_014_t0_v0
-1434011421,m_cl_u_fmm_7_6_t11_v0
-1433880927,m_cl_clo_h3m_u_11_22_t11_v1
-1433869580,wp_wm_tint4_t2_v23
-1433749253,f_cl_clo_trf_decl_5_t100_v0
-1433713298,packed_mp_veh_mod_idx_7_v67
-1433661990,packed_mp_veh_mod_idx_s_10_v0
-1433644385,vem_cmod_pla_text_new_t23_v29
-1433547995,m_cl_clo_vwm_u_18_11_t11_v1
-1433487092,m_cl_clo_x6m_f_6_21_t6_v1
-1433375041,vem_engine_3_t5_v4
-1433156577,packed_mp_veh_mod_idx_s_10_v66
-1433121216,vem_supermod_20_14_t61_v27
-1433071892,service_earn_nclub_troublemaker
-1433053847,m_cl_outfit_clo_hstm_o_f_2_t12_v0
-1432888718,packed_mp_veh_mod_idx_4_v216
-1432872525,m_cl_clo_h3m_decl_7_t100_v0
-1432853063,f_cl_clo_x6f_f_4_8_t6_v1
-1432806769,vem_insurance_remus
-1432802061,packed_mp_veh_mod_idx_s_16_v344
-1432745064,packed_mp_veh_mod_idx_s_2_v147
-1432641978,m_cl_clo_bus_m_0_8_t1_v1
-1432598441,vem_rwd_spt_22_t19_v2
-1432403531,fa_upgrade_weapons_accom_0_t0_v0
-1432393651,f_cl_clo_pif_d_1_t8_v1
-1432380461,packed_mp_veh_colour_extra2_0_v130
-1432293090,vem_cmod_tyr_6_t18_v0
-1432070572,vem_suv_14_t19_v3
-1431961720,packed_mp_veh_mod_var_0_v258
-1431928343,vem_offr_18_t19_v3
-1431904339,packed_ng_vehicle_bpt_v385
-1431821904,vem_supermod_14_2_t55_v38
-1431804408,m_cl_clo_smm_b_7_9_t1_v1
-1431499713,f_cl_clo_x2f_t_0_1_t7_v1
-1431457050,f_cl_clo_stf_l_3_16_t4_v1
-1431395078,packed_mp_veh_mod_idx_s_8_v274
-1431299393,f_cl_clo_h3f_u_12_0_t11_v1
-1431236800,packed_mp_veh_mod_idx_11_v322
-1431236058,vem_cmod_tyr_3_t18_v3
-1431206409,m_cl_l_fmm_6_10_t4_v0
-1431190792,vem_smod4_whlv143_t66_v2
-1431171136,vem_horn_cnote_g0_t10_v35
-1431103486,m_cl_outfit_clo_arm_o_18_t12_v0
-1431088399,m_cl_clo_indm_b_4_0_t1_v1
-1431084647,vem_rwd_hiend_17_t19_v3
-1431071030,packed_mp_veh_mod_idx_s_18_v371
-1431063770,f_cl_clo_sbf_ph_2_0_t14_v1
-1431046137,vem_insurance_seminole
-1431034220,vem_hiend_19_t19_v0
-1430966573,m_cl_clo_x6m_ph_1_5_t14_v1
-1430945991,packed_mp_veh_mod_idx_s_19_v184
-1430874132,m_cl_outfit_clo_hstm_o_k_3_t12_v0
-1430713015,veu_avenger3_t1_v0
-1430709174,packed_mp_veh_mod_idx_s_10_v312
-1430706747,mp_stat_appartment_var_7_v0
-1430704957,m_ha_cc_body_1_9_t3_v0
-1430685443,packed_mp_veh_mod_idx_s_19_v165
-1430636437,packed_mp_veh_mod_idx_s_5_v39
-1430568142,packed_lr_vehicle_colour_6_v156
-1430442484,m_cl_clo_s1m_u_7_5_t11_v1
-1430434991,f_cl_clo_awf_u_3_6_t11_v1
-1430421062,packed_mp_veh_mod_idx_s_9_v103
-1430266820,pm_coupon_casino_mil_site
-1430043935,vem_colour_extra_1_mct_matte_black_t24_v33
-1430003513,f_cl_clo_x6f_ph_8_11_t14_v1
-1430002881,dec_vw_aw_wv_3b
-1429999844,wp_wct_no_liv_t1_v5_n2
-1429984290,vem_smod_whlv93_t66_v3
-1429875280,vem_supermod_3_38_t44_v7
-1429830660,m_cl_sp_fmm_6_6_t8_v0
-1429644059,packed_mp_veh_mod_idx_16_v247
-1429597031,packed_mp_veh_mod_idx_s_8_v388
-1429588831,packed_mp_veh_mod_idx_4_v413
-1429558638,f_cl_clo_arf_o_6_t3_v12
-1429544648,vem_supermod_3_25_t44_v10
-1429539625,m_cl_clo_trm_u_16_5_t11_v1
-1429401878,f_cl_clo_x4f_u_8_2_t11_v1
-1429383874,f_cl_clo_trf_u_11_0_t11_v1
-1429382679,packed_mp_veh_mod_idx_4_v171
-1429341509,m_cl_clo_hstm_l_8_0_t4_v1
-1429285244,packed_mp_veh_mod_idx_4_v149
-1429102605,f_cl_clo_s2f_u_3_5_t11_v1
-1429082433,m_cl_clo_scm_ey_1_3_t14_v1
-1429079425,vem_colour_extra_1_mct_classic_red_t24_v2
-1429052262,packed_mp_veh_mod_idx_23_v103
-1428968190,f_cl_clo_v2f_o_0_t8_v12
-1428792969,m_cl_clo_trm_b_2_1_t1_v1
-1428740301,packed_mp_veh_mod_idx_s_11_v41
-1428735012,m_cl_outfit_clo_bus_m_o_19_t12_v0
-1428661140,m_cl_clo_bhm_u_1_11_t11_v1
-1428659865,dec_vw_aw_wh_21
-1428640056,packed_mp_veh_mod_idx_s_11_v130
-1428635219,vem_colour_2_mct_classic_midnight_blue_t25_v4
-1428534367,packed_ng_vehicle_insurance_v385
-1428520093,wp_wm_tint1_t2_v28
-1428507542,packed_mp_veh_secondary_colour_group_v298
-1428458359,f_cl_clo_grf_u_22_1_t11_v1
-1428353409,vem_spt_14_t19_v12
-1428271218,f_cl_clo_grf_u_11_5_t11_v1
-1428191646,vem_cmod_neonlay_1_t21_v36
-1428038339,vem_cmod_pla_2_t23_v4
-1428007596,vem_horn_clas3_t10_v27
-1427910378,vem_armour_0_t1_v26
-1427863787,vem_colour_2_mct_classic_harbor_blue_t25_v4
-1427799471,vem_skirt_0_t13_v34
-1427719267,f_cl_clo_h4f_u_2_23_t11_v1
-1427686141,vem_colour_1_mct_metallic_torino_red_t24_v33
-1427664973,f_cl_clo_hp_f_d_19_t11_v1
-1427603724,vem_horn_hips2_t10_v7
-1427358012,f_cl_clo_suf_u_9_6_t11_v1
-1427234948,packed_mp_veh_mod_idx_s_0_v218
-1427194649,vem_colour_2_mct_metallic_blue_silver_t25_v3
-1427167494,vem_colour_2_mct_classic_formula_red_t25_v4
-1427084174,m_cl_clo_hp_d_0_t8_v1
-1427050271,f_ta_tat_gr_017_t0_v0
-1427000708,m_cl_clo_iem_o_11_t3_v12_cesp
-1426996079,f_cl_clo_scf_ey_0_21_t14_v1
-1426995975,f_cl_clo_stf_u_5_6_t11_v1
-1426978992,vem_colour_2_mct_classic_harbor_blue_t25_v1
-1426735932,vem_supermod_1_11_t42_v10
-1426705088,f_cl_clo_stf_o_7_t11_v12
-1426645150,m_cl_clo_bim_l_5_3_t4_v1
-1426609865,f_cl_clo_smf_ph_6_20_t14_v1
-1426567426,vem_roof_5_t12_v3
-1426477138,packed_mp_veh_mod_idx_s_12_v392
-1426452237,m_cl_clo_halm_d_10_t100_v0
-1426354521,vem_horn_luxe1_t10_v35
-1426343125,m_cl_sp_fmm_3_0_t8_v1
-1426342917,f_cl_clo_h4f_pey_0_1_t14_v1
-1426331528,m_cl_clo_h4m_pey_1_6_t14_v1
-1426257265,autoshop_emb_8_t0_v0
-1426177400,vem_trans_3_t16_v3
-1426163267,f_cl_outfit_clo_hstf_o_j_1_t12_v0
-1426108314,packed_mp_veh_mod_idx_14_v33
-1426021104,mp_stat_ie_wh_owned_vehicle_6_v0
-1425948269,packed_mp_veh_mod_idx_s_23_v388
-1425926855,factory_index_2_t0_v0
-1425899220,packed_mp_veh_mod_idx_6_v366
-1425788233,packed_mp_veh_mod_idx_12_v271
-1425742151,vem_drft_10_t19_v12
-1425716190,m_cl_clo_busm_s_0_3_t8_v1
-1425550302,packed_mp_veh_mod_idx_5_v238
-1425459148,packed_mp_veh_mod_idx_10_v289
-1425441300,packed_mp_veh_mod_idx_23_v167
-1425429814,f_cl_u_fmf_4_13_t8_v0
-1425290731,vem_smod4_whlv93_t66_v1
-1425278724,f_cl_outfit_clo_bus_f_o_4_t12_v0
-1425247836,vem_supermod_42_0_t42_v7
-1425121420,f_cl_clo_bhf_u_11_11_t11_v1
-1425118161,packed_mp_veh_mod_idx_s_18_v116
-1425112544,vem_smod4_whlv74_t66_v2
-1424995460,packed_mp_veh_mod_idx_4_v322
-1424953749,f_cl_clo_valf_u_2_1_t8_v1
-1424906980,vem_cmod_neoncol_12_t21_v31
-1424902072,f_cl_clo_x6f_ph_1011_t14_v1
-1424878746,packed_mp_veh_mod_idx_6_v156
-1424870307,mp_stat_factoryupgrades3_v0
-1424859218,vem_colour_5_straw_brown_t38_v3
-1424680994,vem_smod4_whlv45_t66_v0
-1424603676,vem_supermod_3_5_t44_v27
-1424565568,m_ta_tat_s1_020_t0_v0
-1424382149,m_cl_clo_iem_o_8_t3_v12
-1424286482,vem_colour_1_mct_matte_matte_od_t24_v3
-1424154089,vem_colour_extra_1_mct_chrome_chrome_t24_v1
-1424074138,f_cl_clo_vwf_u_8_10_t11_v1
-1424041543,packed_mp_veh_mod_idx_s_10_v120
-1424019734,vem_drft_18_t19_v12
-1424000261,wp_wct_shell_ex_t1_v22
-1423962086,packed_mp_veh_mod_idx_18_v61
-1423774776,vem_supermod_23_4_t64_v38
-1423720380,f_ta_tat_x6_011_t0_v0
-1423719848,packed_lr_vehicle_colour_6_v200
-1423685707,vem_insurance_peyote3
-1423508767,wp_wct_var_gold_t1_v7
-1423299506,packed_mp_veh_mod_idx_s_12_v191
-1423226576,vem_colour_1_mct_metallic_graphite_t24_v4
-1423198592,vem_insurance_burrito
-1423036034,dec_cpm_qub3d
-1422989126,vem_smod4_whlv121_t66_v2
-1422915593,packed_mp_veh_mod_idx_s_14_v116
-1422878261,packed_mp_veh_mod_idx_7_v307
-1422870862,packed_mp_veh_mod_idx_s_20_v34
-1422809637,vem_supermod_23_29_t64_v34
-1422786949,packed_mp_veh_mod_idx_s_2_v269
-1422773138,packed_mp_veh_livery_0_v343
-1422755819,vem_supermod_3_27_t44_v11
-1422635407,packed_mp_veh_mod_idx_11_v114
-1422507853,m_cl_clo_exm_h_1_0_t14_v1
-1422489996,f_cl_clo_trf_ph_1_3_t14_v1
-1422463143,mp_stat_arenagarage_mod_persquart_v0
-1422226432,m_cl_clo_iem_u_5_22_t11_v1
-1422191851,vem_exhaust_3_t6_v7
-1421978489,packed_mp_veh_mod_idx_5_v233
-1421936436,m_cl_clo_iem_ph_0_0_t14_v1
-1421933289,packed_mp_veh_colour_extra2_0_v266
-1421828812,f_cl_clo_grf_u_21_16_t11_v1
-1421799841,packed_mp_veh_mod_idx_s_19_v274
-1421762992,vem_smod4_whlv107_t66_v3
-1421734920,packed_mp_veh_wheel_type_0_v143
-1421724126,packed_mp_veh_mod_idx_s_3_v88
-1421719595,packed_mp_veh_mod_idx_s_13_v413
-1421536180,f_cl_clo_lxf_u_4_3_t11_v1
-1421533957,m_cl_clo_h3m_ph_6_19_t14_v1
-1421524737,vem_smod3_whlv19_t66_v3
-1421517251,packed_mp_veh_mod_idx_s_18_v195
-1421497100,m_cl_clo_bim_pe_0_1_t14_v1
-1421491793,m_cl_clo_sum_g_1_6_t3_v1
-1421433461,packed_mp_veh_livery_0_v134
-1421375392,packed_mp_veh_mod_idx_s_19_v248
-1421334381,vem_exhaust_3_t6_v27
-1421155380,packed_mp_veh_mod_idx_4_v241
-1420979035,m_cl_clo_hp_d_34_t11_v1
-1420909320,service_spend_gangops_cannon
-1420901247,f_ta_tat_st_018_t0_v0
-1420803386,service_spend_stylist_fee
-1420789691,hangar_mod_furniture_0_t0_v0
-1420677956,m_cl_clo_ltsml_0_1_t4_v1
-1420572621,wp_wm_tint6_t2_v28
-1420516667,f_cl_clo_exf_eu_6_0_t11_v1
-1420506736,f_ha_cc_eyebrw_8_t2_v1
-1420503244,vem_colour_1_mct_metallic_saxon_blue_t24_v0
-1420350717,m_cl_clo_busm_f_0_3_t6_v1
-1420086256,vem_colour_2_mct_metallic_orange_t25_v4
-1419971748,fcncl_mod4_1_t0_v0
-1419957901,f_cl_clo_bhf_u_10_0_t11_v1
-1419847211,vem_offr_21_t19_v2
-1419488878,packed_mp_veh_mod_idx_13_v242
-1419427380,vem_colour_1_mct_matte_black_t24_v3
-1419387590,f_cl_clo_lxf_e_4_2_t14_v1
-1419316472,vem_supermod_23_23_n1_t64_v3
-1419260324,m_cl_clo_hstm_o_13_t11_v12
-1419200410,vem_colour_2_mct_classic_torino_red_t25_v2
-1419182253,packed_ng_vehicle_neon_v127
-1419098091,vem_smod_whlv188_t66_v3
-1419031833,m_cl_clo_h2m_b_7_9_t1_v1
-1418874412,packed_mp_veh_mod_idx_2_v392
-1418839880,f_cl_clo_ltsft_0_4_t3_v1
-1418798771,f_ta_tat_s2_012_t0_v0
-1418737832,packed_mp_veh_mod_idx_s_17_v401
-1418653091,f_cl_u_fmf_8_1_t11_v0
-1418584601,m_cl_clo_l2m_dec_18_t100_v0
-1418548145,f_cl_l_fmf_9_4_t4_v0
-1418450783,m_cl_clo_h3m_decl_8_t100_v0
-1418391340,packed_mp_veh_mod_idx_s_14_v15
-1418305856,f_cl_clo_trf_f_1_19_t6_v1
-1418232862,m_cl_clo_hstm_t_3_6_t7_v1
-1418115869,vem_cmod_tyr_5_t18_v10
-1418003376,f_cl_clo_bus_m_1_0_t1_v1
-1417944852,packed_mp_veh_mod_idx_9_v290
-1417844548,vem_colour_1_mct_classic_frost_white_t24_v3
-1417810347,m_cl_clo_h3m_b_9_10_t1_v1
-1417754470,vem_smod4_whl_4_t19_v3
-1417726571,packed_mp_veh_mod_idx_22_v189
-1417708284,f_cl_outfit_clo_hstf_o_e_1_t12_v0
-1417656691,vem_cmod_tyr_6_t18_v31
-1417640310,ve_turismor_t0_v3_cesp
-1417533706,packed_mp_veh_mod_idx_10_v171
-1417413361,vem_smod5_whlv126_t66_v3
-1417325690,vem_suv_16_t19_v12
-1417279082,m_cl_clo_trm_u_7_12_t11_v1
-1417102477,vem_truck_type_4_t0_v0
-1417046621,vem_smod2_whl20_t19_v3
-1417021024,packed_mp_veh_mod_idx_0_v414
-1416993487,wp_wct_c_tint_9_t2_v8_n2
-1416942562,vem_bumper_f_9_t34_v26
-1416868504,m_cl_clo_vwm_s_2_4_t8_v1
-1416779042,m_cl_clo_lxm_e_13_0_t14_v1
-1416777770,packed_mp_veh_mod_idx_22_v242
-1416772304,m_cl_clo_hst_a_7_t8_v2
-1416653885,packed_mp_veh_window_tint_0_v97
-1416614060,packed_mp_veh_mod_idx_s_7_v354
-1416590918,f_cl_clo_smf_decl_3_t100_v0
-1416584813,m_cl_clo_hstm_o_f_2_t3_v12
-1416579201,f_cl_clo_awf_o_i_1_t8_v12
-1416569486,packed_mp_veh_mod_idx_9_v242
-1416501140,m_cl_clo_sbm_u_12_12_t11_v1
-1416367335,m_cl_clo_x6m_l_7_25_t4_v1
-1416355272,wp_wct_tint_28_t2_v48_n2
-1416354535,vem_cmod_tyr_stt_t30_v2
-1416344851,packed_ng_vehicle_neon_v370
-1416274477,m_ha_cc_lipstick_1_t8_v0
-1416272348,packed_mp_veh_mod_idx_23_v109
-1415998858,vem_horn_clas1_t10_v30
-1415909554,m_cl_clo_x4m_u_12_5_t11_v1
-1415884388,vem_rwd_loride_14_t19_v2
-1415850459,packed_mp_veh_mod_idx_s_7_v117
-1415819972,m_cl_clo_h4m_o_h2_m4_t3_v12
-1415817974,packed_mp_veh_primary_colour_group_v279
-1415751057,packed_mp_veh_secondary_colour_group_v239
-1415722547,m_cl_outfit_clo_x6m_o_o_6_t12_v0
-1415682466,vem_armour_2_t1_v29
-1415566514,f_cl_clo_vwf_u_6_0_t11_v1
-1415525598,packed_mp_veh_primary_colour_group_v101
-1415509381,vem_smod2_whl1_t19_v3
-1415457483,wp_wct_knuck_02_t1_v62
-1415402792,packed_ng_vehicle_insurance_v199
-1415400860,vem_colour_extra_1_mct_classic_gold_t24_v3
-1415297074,m_cl_outfit_clo_awm_o_i_1_t12_v0
-1415295565,f_cl_clo_x6f_l_0_4_t4_v1
-1415141008,packed_mp_veh_mod_idx_7_v262
-1415117288,packed_mp_veh_mod_idx_s_19_v42
-1415100425,m_cl_clo_x6m_u_10_9_t11_v1
-1415051614,packed_mp_veh_colour2_0_v88
-1414996440,m_cl_clo_h4m_b_2_23_t1_v1
-1414951696,vem_smod4_whlv175_t66_v1
-1414813566,f_cl_clo_bif_decl_29_t100_v0
-1414786280,vem_brake_0_t2_v31
-1414706772,m_cl_clo_h4m_u_3_21_t11_v1
-1414646673,vem_colour_extra_1_mct_classic_woodbeech_brown_t24_v0
-1414546082,packed_mp_veh_mod_idx_3_v48
-1414309881,packed_mp_veh_mod_idx_s_17_v120
-1414307173,packed_mp_veh_secondary_colour_group_v202
-1414278129,packed_mp_veh_mod_idx_14_v19
-1414269876,m_ha_cc_body_1_8_t3_v1
-1414196493,packed_mp_veh_mod_idx_s_4_v143
-1414031779,packed_mp_veh_mod_idx_6_v186
-1414013273,packed_mp_veh_mod_idx_s_10_v43
-1413930908,vem_colour_6_red_t65_v3
-1413901281,packed_mp_veh_window_tint_0_v93
-1413855182,f_cl_clo_exf_al_6_0_t4_v1
-1413853059,packed_ng_vehicle_insurance_v374
-1413815688,packed_mp_veh_mod_idx_s_2_v307
-1413736049,m_cl_clo_x6m_rw_0_0_t14_v1
-1413492686,vem_fender_r_8_t37_v35
-1413456286,vem_spt_12_t19_v0
-1413426195,f_cl_clo_fxf_ph_1_14_t14_v1
-1413365823,vem_insurance_buzzard
-1413324367,wp_wct_tint_16_t2_v70_n2
-1413293051,vem_supermod_16_4_t57_v28
-1413289583,packed_ng_vehicle_neon_v7
-1413264633,packed_mp_veh_mod_idx_s_20_v200
-1413251969,f_cl_clo_bus_m_0_13_t1_v1
-1413249756,m_cl_clo_x6m_b_2_20_t1_v1
-1413117645,packed_mp_veh_colour2_0_v123
-1413060255,vem_chassis_3_t4_v3
-1413040669,vem_supermod_11_0_t52_v6
-1413009056,f_cl_clo_bif_pe_0_2_t14_v1
-1412977994,m_cl_clo_s2m_t_0_1_t7_v1
-1412896615,packed_mp_veh_mod_idx_16_v149
-1412884751,packed_mp_veh_mod_idx_s_1_v328
-1412701404,wp_wt_knuckle_t1_v1
-1412692765,service_spend_ba_sarge_ammo
-1412589465,vem_smod_whl17_t19_v3
-1412562969,m_cl_clo_halm_9_0_t1_v1
-1412552448,vem_spt_17_t19_v3
-1412433394,packed_mp_veh_mod_idx_s_19_v130
-1412425150,packed_mp_veh_mod_idx_18_v163
-1412420366,f_cl_clo_hp_f_l_0_11_t4_v1
-1412405927,m_cl_clo_grm_u_7_9_t11_v1
-1412373984,vem_rwd_hiend_15_t19_v3
-1412362454,m_cl_clo_x6m_b_0_0_t1_v1
-1412325393,f_cl_clo_trf_o_front_t3_v12
-1412244227,f_cl_clo_s1f_u_8_5_t11_v1
-1412240861,vem_smod4_whlv26_t66_v3
-1412240303,m_cl_clo_vwm_l_3_20_t4_v1
-1412233485,vem_suspension_3_t15_v26
-1412232326,m_cl_clo_sbm_ph_5_21_t14_v1
-1412230603,packed_ng_vehicle_smoke_v170
-1412222799,packed_mp_veh_mod_idx_s_9_v412
-1412194397,vem_colour_1_mct_matte_lime_green_t24_v2
-1412142188,vem_skirt_3_t13_v0
-1412133237,m_cl_clo_fxm_u_7_1_t11_v1
-1412085975,vem_rwd_suv_15_t19_v3
-1411987633,f_cl_t_fmf_6_2_t7_v0
-1411956406,m_cl_clo_smm_u_6_4_t11_v1
-1411901366,wp_wct_clip_tr_t0_v5_n2
-1411901183,packed_mp_veh_mod_idx_s_16_v384
-1411859165,f_cl_clo_suf_decl_22_t11_v1
-1411838650,vem_supermod_15_1_t56_v27
-1411831310,f_cl_l_fmf_4_4_t4_v0
-1411760828,f_cl_clo_trf_u_9_4_t11_v1
-1411758244,m_cl_clo_stm_h_107_t14_v1
-1411729554,vem_supermod_16_2_t57_v27
-1411640874,packed_ng_vehicle_insurance_v82
-1411605465,packed_mp_veh_colour_extra1_0_v59
-1411538382,m_cl_clo_h4m_u_7_2_t11_v1
-1411514640,vem_brake_1_t2_v27
-1411504103,packed_ng_vehicle_neon_kit_v400
-1411502488,packed_mp_veh_wheel_type_0_v29
-1411490713,vem_smod_whl22_t19_v3
-1411386335,packed_mp_veh_colour2_0_v266
-1411294526,vem_supermod_10_0_t51_v34
-1411167909,vem_supermod_3_0_t44_v39
-1411159297,f_cl_clo_h4f_ph_0_24_t14_v1
-1411137597,f_cl_clo_scf_o_3_t8_v12
-1411020422,m_cl_clo_x6m_f_1_0_t6_v1
-1410906227,ve_peyote2_t0_v3
-1410871329,vem_colour_extra_1_mct_classic_sienna_brown_t24_v1
-1410862942,m_cl_clo_bhm_u_4_11_t11_v1
-1410844047,f_cl_clo_sbf_f_3_8_t6_v1
-1410625552,packed_mp_veh_mod_idx_s_1_v298
-1410549375,wp_wct_c_tint_14_t2_v9_n2
-1410522761,packed_mp_veh_mod_idx_18_v383
-1410409215,packed_mp_veh_mod_idx_2_v206
-1410381508,packed_mp_veh_mod_idx_s_5_v4
-1410360647,vem_colour_2_mct_metallic_dark_blue_t25_v1
-1410350224,packed_mp_veh_primary_colour_group_v168
-1410318847,packed_mp_veh_mod_idx_s_22_v144
-1410110593,f_cl_f_fmf_2_6_t6_v0
-1410056621,f_cl_outfit_clo_hstf_o_j_0_t12_v0
-1410041934,vem_smod2_whlv81_t66_v3
-1409897365,vem_smod4_whlv32_t66_v0
-1409845152,f_cl_g_fmf_10_4_t14_v0
-1409810708,wp_wct_tint_29_t2_v47_n2
-1409778542,f_cl_clo_x6f_t_10_2_t7_v1
-1409719050,m_cl_clo_trm_u_12_3_t11_v1
-1409628029,vem_supermod_12_6_t53_v27
-1409624777,packed_mp_veh_colour1_0_v60
-1409621244,packed_mp_veh_mod_idx_s_16_v80
-1409571852,m_cl_clo_sum_u_9_7_t11_v1
-1409428166,packed_mp_veh_mod_idx_9_v200
-1409336907,packed_lr_vehicle_colour_6_v364
-1409324291,wp_wct_tint_11_t2_v46_n2
-1409243171,vem_colour_extra_1_mct_metallic_rolled_steel_t24_v2
-1409204099,packed_mp_veh_mod_idx_2_v78
-1409147347,m_cl_clo_grm_u_2_2_t11_v1
-1409132817,vem_horn_hween2_t10_v11
-1409120273,packed_mp_veh_plate_id_v252
-1409094368,ve_hydra_t1_v0
-1409057854,m_cl_clo_s1m_dec_17_t100_v0
-1409043392,m_cl_clo_hstmb_21_7_t1_v1
-1409026753,m_cl_clo_exm_au_9_1_t11_v1
-1409004829,f_cl_clo_h3f_u_2_6_t11_v1
-1408992373,packed_mp_veh_livery_0_v78
-1408848438,packed_mp_veh_mod_idx_s_20_v17
-1408814761,f_cl_clo_fxf_l_3_17_t4_v1
-1408775038,m_ta_tat_x6_016_t0_v0
-1408704045,vem_colour_extra_1_mct_metallic_silver_t24_v3
-1408582466,packed_mp_veh_mod_idx_s_21_v8
-1408523196,packed_mp_veh_mod_idx_s_11_v79
-1408520347,wp_wct_tint_31_t2_v9_n2
-1408442710,packed_mp_veh_mod_idx_s_15_v102
-1408321168,packed_mp_veh_mod_idx_12_v233
-1408280952,packed_mp_veh_colour1_0_v41
-1408244538,f_cl_clo_grf_u_4_16_t11_v1
-1408225067,wp_wm_tint3_t2_v67
-1408159394,vem_supermod_9_3_t50_v10
-1408095805,dec_vw_aw_ss_7
-1408064149,m_cl_clo_bim_u_12_0_t11_v1
-1407993859,packed_mp_veh_mod_idx_1_v321
-1407990528,vem_smod4_whlv115_t66_v1
-1407956831,vem_roof_1_n2_t12_v3
-1407951938,vem_colour_2_mct_metallic_woodbeech_brown_t25_v33
-1407934298,packed_mp_veh_mod_idx_s_10_v333
-1407840922,packed_mp_veh_mod_idx_0_v44
-1407839278,f_cl_clo_grf_u_7_15_t11_v1
-1407798607,vem_supermod_60_12_t60_v7
-1407699907,vem_smod4_whlv192_t66_v3
-1407656847,vem_supermod_1_12_t42_v27
-1407530992,vem_cmod_neoncol_255_t21_v26
-1407526923,vem_roof_2_t12_v36
-1407509481,packed_mp_veh_mod_idx_18_v357
-1407383395,packed_mp_veh_mod_idx_s_14_v168
-1407268600,packed_ng_vehicle_neon_v205
-1407249039,packed_mp_veh_mod_var_0_v109
-1407175241,f_cl_clo_hp_f_t_1_2_t7_v1
-1407165661,packed_ng_vehicle_neon_kit_v0
-1407146575,m_cl_clo_h2m_b_9_14_t1_v1
-1407082647,packed_mp_veh_mod_idx_s_3_v26
-1406921505,m_cl_outfit_clo_hstm_o_i_3_t12_v0
-1406907174,f_cl_clo_ief_u_6_5_t11_v1
-1406892339,packed_mp_veh_mod_idx_23_v379
-1406883993,ve_formula_t0_v3
-1406829123,m_cl_clo_vwm_u_21_4_t11_v1
-1406752878,m_cl_clo_s2m_d_0_t100_v0
-1406687521,vem_smod3_whlv66_t66_v3
-1406614930,f_cl_clo_bhf_decl_17_t11_v1
-1406531176,packed_mp_veh_mod_idx_s_8_v111
-1406488109,f_cl_clo_s2f_d_23_t11_v1
-1406471526,vem_cmod_tyr_255_t18_v33
-1406434401,vem_supermod_1_5_t42_v11
-1406350278,m_cl_clo_bhm_u_5_3_t11_v1
-1406294879,packed_mp_veh_window_tint_0_v224
-1406198999,f_cl_clo_h2f_b_11_6_t1_v1
-1406093305,packed_mp_veh_mod_idx_s_3_v84
-1405993331,vem_colour_2_mct_metallic_petrol_green_t25_v4
-1405887126,packed_mp_veh_mod_idx_14_v251
-1405879537,packed_mp_veh_mod_idx_s_23_v121
-1405866818,wp_gsa_type_c_t0_v66
-1405769905,vem_spoiler_0_t14_v11
-1405766259,m_cl_clo_indm_d_26_t100_v0
-1405765018,m_cl_clo_grm_u_11_7_t11_v1
-1405752369,packed_mp_veh_mod_idx_s_8_v411
-1405740485,packed_mp_veh_mod_idx_s_22_v263
-1405732124,wp_wct_c_tint_31_t2_v22_n2
-1405729579,f_ha_cc_eyebrw_11_t2_v0
-1405638932,packed_mp_veh_mod_idx_s_11_v97
-1405545016,vem_fender_l_3_t36_v28
-1405487948,vem_horn_lowrder2_t10_v3
-1405424824,m_cl_clo_awm_u_4_4_t11_v1
-1405346769,vem_supermod_23_1_t64_v19
-1405228571,m_cl_clo_x4m_u_10_2_t11_v1
-1405208510,vem_hlight_0_t11_v2
-1405195335,f_cl_clo_h4f_b_0_8_t1_v1
-1405175000,f_ta_tat_bus_f_015_t0_v0
-1405097925,f_cl_outfit_clo_bif_o_8_t12_v0
-1405057785,packed_mp_veh_mod_idx_s_9_v71
-1405047525,f_cl_clo_bif_u_11_1_t11_v1
-1405032289,f_cl_outfit_clo_awf_o_f_1_t12_v0
-1404913374,f_cl_clo_sbf_l_3_9_t4_v1
-1404850348,f_cl_outfit_clo_awf_o_e_3_t12_v0
-1404713882,vem_colour_extra_1_mct_classic_yellow_t24_v0
-1404712793,m_cl_clo_grm_u_16_25_t11_v1
-1404648273,m_cl_clo_x6m_b_2_14_t1_v1
-1404607291,packed_mp_veh_mod_idx_s_2_v310
-1404565468,f_cl_clo_suf_b_3_5_t1_v1
-1404421834,f_cl_u_fmf_13_14_t8_v0
-1404421000,vem_rwd_bikew_31_t19_v4
-1404325153,mp_stat_mpsv_model_170
-1404317083,m_cl_u_fmm_14_11_t8_v2
-1404300136,packed_mp_veh_mod_idx_s_23_v240
-1404286620,vem_colour_1_mct_metallic_beechwood_brown_t24_v1
-1404223834,vem_colour_1_mct_metallic_racing_green_t24_v33
-1404192708,f_cl_clo_vwf_u_4_15_t11_v1
-1404149066,m_ha_cc_lipstick_4_t8_v0
-1404057851,packed_mp_veh_mod_idx_24_v373
-1404042889,f_cl_clo_grf_u_24_8_t11_v1
-1403957366,vem_insurance_buffalo
-1403919936,f_cl_clo_ltsf_o_14_t8_v12
-1403902354,vem_horn_xm15_2_t10_v1
-1403869840,vem_grill_14_t8_v3
-1403777921,m_cl_clo_iem_u_7_3_t11_v1
-1403646776,packed_mp_veh_wheel_type_0_v136
-1403612181,vem_smod4_whlv198_t66_v1
-1403388792,m_ta_tat_st_035_t0_v0
-1403328911,f_cl_u_fmf_13_11_t11_v0
-1403165669,packed_mp_veh_mod_idx_s_3_v227
-1403096813,m_ta_tat_bi_048_t0_v0_cesp
-1402652333,f_cl_clo_trf_u_5_2_t11_v1
-1402597360,packed_mp_veh_mod_idx_s_2_v155
-1402580907,f_cl_clo_awf_decl_79_t100_v0
-1402509142,m_cl_clo_x6m_f_15_6_t6_v1
-1402415405,packed_mp_veh_mod_idx_s_13_v52
-1402383121,packed_mp_veh_mod_idx_s_13_v116
-1402154752,f_ta_tat_h27_023_t0_v0
-1402120369,vem_supermod_3_16_t44_v10
-1402086773,packed_mp_veh_mod_idx_s_6_v73
-1402032045,packed_ng_vehicle_neon_v211
-1402008998,packed_mp_veh_livery2_0_v356
-1401983701,vem_insurance_jester3
-1401959051,vem_bumper_f_6_t34_v1
-1401921312,vem_chassis_7_t4_v3
-1401862980,service_earn_island_heist_award_professional
-1401846955,packed_mp_veh_secondary_colour_group_v106
-1401822899,f_cl_clo_bus_f_o_22_t8_v12
-1401763763,m_cl_clo_sum_u_15_2_t11_v1
-1401650954,vem_supermod_23_17_t64_v27
-1401627784,packed_mp_veh_mod_idx_5_v273
-1401608305,vem_smod5_whl_4_t19_v3
-1401519955,f_cl_clo_hstf_g_2_1_t3_v1
-1401488302,packed_mp_veh_mod_idx_1_v237
-1401449908,vem_smod_whlv111_t66_v0
-1401402144,f_cl_clo_vwf_pw_6_3_t14_v1
-1401327937,f_cl_clo_hstfb_22_20_t1_v1
-1401183463,m_cl_clo_x4m_u_8_2_t11_v1
-1401116995,vem_cmod_col5_21_t29_v4
-1401076284,f_cl_clo_bif_ht_8_1_t14_v1
-1401051385,m_cl_clo_indm_d_4_t8_v2
-1400881142,m_cl_clo_smm_b_2_4_t1_v1
-1400844053,packed_mp_veh_mod_idx_s_10_v265
-1400833556,vem_smod4_whlv147_t66_v2
-1400814793,f_cl_clo_awf_u_4_1_t11_v1
-1400805587,packed_mp_veh_mod_idx_s_9_v224
-1400770940,packed_mp_veh_window_tint_0_v17
-1400694263,f_cl_clo_bhf_u_17_19_t11_v1
-1400589431,mp_stat_mpsv_model_176
-1400571885,f_cl_clo_exf_g_14_9_t14_v0
-1400498634,packed_mp_veh_colour_extra1_0_v87
-1400478700,m_ta_tat_bb_022_t0_v0
-1400392229,f_cl_outfit_clo_h2f_o_s_1_t12_v0
-1400354203,vem_supermod_0_4_t41_v3
-1400330495,f_cl_clo_bhf_u_17_18_t11_v1
-1400330445,vem_smod5_whlv166_t66_v3
-1400329485,m_cl_clo_h3m_b_18_20_t1_v1
-1400298816,packed_mp_veh_mod_idx_8_v142
-1400283599,packed_mp_veh_mod_idx_16_v224
-1400090985,vem_colour_1_mct_classic_olive_green_t24_v4
-1400032544,packed_mp_veh_mod_idx_5_v15
-1399978647,m_cl_clo_scm_f_0_4_t6_v1
-1399936224,packed_mp_veh_mod_idx_s_23_v184
-1399917893,f_cl_clo_x6f_ey_2_1_t14_v1
-1399883830,f_cl_clo_indf_d_16_t100_v0
-1399700444,wp_wct_c_tint_6_t2_v47_n2
-1399613044,packed_mp_veh_colour_extra2_0_v9
-1399595371,f_cl_clo_scf_ey_4_4_t14_v1
-1399585106,m_cl_clo_scm_ey_1_10_t14_v1
-1399521694,f_ta_tat_ie_003_t0_v0
-1399433859,f_cl_clo_trf_u_8_10_t11_v1
-1399243389,vem_supermod_9_13_t50_v26
-1399238857,packed_mp_veh_mod_idx_s_2_v174
-1398949285,packed_lr_vehicle_colour_6_v108
-1398896078,vem_armour_5_t1_v4
-1398850774,f_cl_clo_suf_decl_26_t11_v1
-1398838545,m_ta_tat_sb_002_t0_v0
-1398788278,f_ha_cc_eyebrw_17_t2_v0
-1398751756,packed_mp_veh_mod_idx_2_v40
-1398743937,m_ta_tat_bi_027_t0_v0_cesp
-1398722650,vem_hlight_1_t11_v5
-1398601177,m_cl_clo_vwm_pw_1_1_t14_v1
-1398568454,packed_mp_veh_mod_idx_s_21_v353
-1398515310,wp_wct_tint_13_t2_v13_n2
-1398385048,f_cl_clo_hp_f_u_5_3_t8_v1
-1398318418,service_earn_betting
-1398298848,packed_mp_veh_mod_idx_s_8_v231
-1398298365,m_cl_clo_h4m_prw_010_t14_v1
-1398291520,vem_cmod_win_2_t33_v33
-1398206600,f_cl_clo_h2f_b_1115_t1_v1
-1398200096,m_cl_clo_hp_d_8_t11_v1
-1398129438,fixer_hq_veh_1_t0_v0
-1398035835,ve_tug_t1_v0
-1397930201,packed_mp_veh_wheel_type_0_v339
-1397873693,f_cl_clo_s2f_t_1_0_t7_v1
-1397784470,packed_mp_veh_mod_idx_14_v120
-1397768322,m_cl_clo_trm_d_11_0_t10_v1
-1397714112,f_ta_tat_hp_013_t0_v0
-1397539740,packed_mp_veh_mod_idx_10_v404
-1397472380,veu_fcr2_t0_v0
-1397393271,f_cl_clo_v2f_u_0_9_t11_v1
-1397365143,m_cl_clo_x6m_u_1_23_t11_v1
-1397310716,packed_mp_veh_mod_idx_s_4_v1
-1397283196,vem_supermod_13_13_t54_v28
-1397221111,m_cl_clo_fxm_pe_5_7_t14_v1
-1397213555,ve_sandkin2_t0_v2
-1397208280,packed_ng_vehicle_bpt_v328
-1397198307,packed_mp_veh_mod_idx_s_7_v268
-1397111095,vem_yacht_light_1_v0
-1397039450,f_cl_clo_trf_u_15_9_t11_v1
-1396766117,m_cl_clo_vwm_u_20_7_t11_v1
-1396739609,vem_bikew_36_t19_v3
-1396712033,packed_mp_veh_mod_idx_s_6_v90
-1396650979,packed_mp_veh_mod_idx_7_v40
-1396585306,packed_mp_veh_mod_idx_23_v237
-1396578960,m_cl_clo_stm_u_6_11_t11_v1
-1396518183,packed_mp_veh_mod_idx_s_1_v188
-1396435536,f_cl_clo_s2f_d_12_t11_v1
-1396425991,packed_mp_veh_mod_idx_2_v161
-1396382733,packed_ng_vehicle_smoke_v327
-1396346029,f_cl_clo_h4f_pey_111_t14_v1
-1396268485,packed_mp_veh_colour_extra1_0_v66
-1396215783,packed_mp_veh_secondary_colour_group_v82
-1396175404,vem_offr_07_t19_v12
-1396020623,mp_stat_mpsv_model_225
-1396018888,packed_mp_veh_mod_idx_s_1_v73
-1395990022,vem_smod2_whlv72_t66_v3
-1395933631,f_cl_clo_arf_ph_0_16_t14_v1
-1395909502,vem_colour_extra_1_mct_classic_petrol_green_t24_v2
-1395809521,f_cl_clo_ief_u_6_0_t11_v1
-1395774347,f_cl_clo_h3f_o_dh_15_t8_v12
-1395679844,m_cl_clo_bim_l_0_1_t4_v1
-1395624337,packed_mp_veh_plate_id_v282
-1395620640,vem_cmod_col5_28_t29_v2
-1395599924,f_cl_clo_fxf_u_9_25_t11_v1
-1395545793,m_cl_sp_fmm_10_2_t8_v1
-1395534803,pr_pm_modshop_11_t89_v0
-1395489581,f_cl_clo_fxf_u_9_23_t11_v1
-1395429944,vem_colour_1_mct_metallic_wine_red_t24_v3
-1395426566,m_cl_clo_x6m_l_7_8_t4_v1
-1395392613,packed_mp_veh_mod_idx_14_v114
-1395380463,vem_rwd_drft_15_t19_v12
-1395359796,packed_mp_veh_mod_idx_s_9_v149
-1395351080,mp_stat_inv_truck_model_0
-1395271899,vem_supermod_15_0_t56_v6
-1395253939,f_cl_clo_smf_b_6_1_t1_v1
-1395144578,vem_supermod_14_10_t55_v28
-1395045969,vem_cmod_tyr_6_t18_v38
-1395020454,packed_mp_veh_mod_idx_10_v364
-1395017274,vem_roof_10_t12_v3
-1394995614,packed_mp_veh_mod_idx_0_v333
-1394898482,m_cl_clo_stm_o_0_t3_v12
-1394848298,vem_cmod_col4_0_t27_v2
-1394493011,vem_smod_whlv130_t66_v3
-1394492533,f_ta_tat_x6_007_t0_v0
-1394336345,packed_mp_veh_mod_idx_22_v100
-1394239364,vem_colour_1_mct_matte_orange_t24_v1
-1394237220,m_cl_outfit_clo_bus_m_o_16_t12_v0
-1394210888,vem_brake_3_t2_v11
-1394039831,m_cl_clo_smm_ph_3_21_t14_v1
-1393917821,packed_mp_veh_mod_idx_s_0_v180
-1393895318,packed_mp_veh_mod_idx_s_17_v102
-1393891708,f_cl_clo_x17f_o_m_8_t8_v12
-1393868424,vem_rwd_musc_10_t19_v2
-1393657744,vem_smod2_whlv10_t66_v3
-1393649089,packed_mp_veh_mod_idx_3_v330
-1393622749,vem_colour_1_mct_classic_umber_brown_t24_v3
-1393566861,m_cl_clo_vwm_pey_1_8_t14_v1
-1393485793,veu_coureur_t0_v0
-1393476646,vem_colour_2_mct_classic_bright_purple_t25_v33
-1393448426,f_cl_clo_busf_u_0_11_t11_v1
-1393373258,packed_mp_veh_mod_idx_s_20_v223
-1393361264,packed_mp_veh_livery_0_v62
-1393342611,packed_mp_veh_mod_idx_s_4_v29
-1393332928,f_cl_clo_arf_o_5_t3_v12
-1393309772,m_cl_clo_grm_ph_5_3_t14_v1
-1393299385,packed_mp_veh_mod_var_1_v372
-1393240215,m_cl_clo_iem_u_3_9_t11_v1
-1393230146,vem_grill_3_t8_v2
-1393223015,f_cl_clo_bhf_decl_21_t11_v1
-1393194924,ve_dinghy5_t0_v3
-1393193668,packed_mp_veh_mod_idx_14_v309
-1393157739,f_cl_clo_bhf_u_10_11_t11_v1
-1393129210,packed_mp_veh_mod_idx_23_v138
-1393100977,vem_colour_2_mct_matte_red_t25_v4
-1393041935,packed_mp_veh_mod_idx_s_5_v234
-1392991101,m_cl_m_fmm_2_1_t1_v0
-1392919507,f_cl_clo_smf_b_8_10_t1_v1
-1392884239,vem_cmod_col5_38_t29_v2
-1392867017,m_cl_outfit_clo_h3m_o_dl_22_t12_v0
-1392750726,ve_stunt_t1_v0
-1392689276,packed_ng_vehicle_smoke_v71
-1392578464,f_cl_clo_s1f_u_6_2_t11_v1
-1392570040,vem_colour_extra_1_mct_classic_frost_white_t24_v33
-1392519335,packed_mp_veh_mod_idx_s_5_v216
-1392450847,f_cl_clo_h3f_u_9_15_t11_v1
-1392392437,f_cl_l_fmf_3_14_t4_v0
-1392322964,wp_wt_bullrifle2_t1_v48
-1392210041,wp_wct_tint_12_t2_v48_n2
-1392164614,vem_colour_extra_1_mct_classic_black_steel_t24_v3
-1392157254,m_cl_ht_fmm_7_6_t14_v0
-1391892038,m_cl_clo_hstm_t_1_13_t7_v1
-1391851044,f_cl_clo_arf_o_17_t8_v12
-1391739073,m_cl_clo_busm_s_1_2_t8_v1
-1391646107,vem_exhaust_0_t6_v32
-1391645929,f_ta_tat_sb_042_t0_v0
-1391638233,packed_mp_veh_secondary_colour_group_v308
-1391403146,packed_mp_veh_mod_idx_s_17_v163
-1391377701,vem_insurance_vigilante
-1391342137,f_cl_clo_sbf_u_17_8_t11_v1
-1391295771,f_cl_clo_bif_o_3_t4_v12
-1391248184,packed_mp_veh_livery_0_v244
-1391137643,packed_mp_veh_mod_idx_15_v70
-1391065402,vem_colour_extra_1_mct_matte_dark_blue_t24_v3
-1390978674,fcclub_dnc_6_t0_v0
-1390857096,m_cl_clo_hp_h_1_2_t14_v1
-1390825209,mp_stat_mpsv_model_148
-1390773032,packed_mp_veh_mod_idx_s_17_v210
-1390593453,f_cl_clo_h2f_u_7_24_t11_v1
-1390472019,m_cl_clo_s1m_ph_0_4_t14_v1
-1390429244,packed_mp_veh_mod_idx_16_v364
-1390426843,packed_mp_veh_mod_idx_18_v128
-1390402622,f_cl_clo_ltsfb_0_4_t1_v1
-1390181283,vem_supermod_1_8_t42_v26
-1390093636,packed_mp_veh_plate_id_v73
-1390066282,mp_stat_mattotalforfactory2_v0
-1390039974,packed_mp_veh_mod_idx_6_v395
-1389882474,packed_mp_veh_mod_idx_7_v379
-1389854799,packed_lr_vehicle_colour_5_v232
-1389816780,packed_mp_veh_mod_idx_6_v168
-1389726486,vem_brake_3_t2_v0
-1389722770,vem_colour_5_might_purple_t38_v3
-1389546902,f_cl_clo_fxf_u_4_14_t11_v1
-1389540393,packed_mp_veh_primary_colour_group_v135
-1389470433,ve_sugoi_t1_v3
-1389440231,packed_ng_vehicle_neon_kit_v83
-1389392820,vem_colour_2_mct_metallic_formula_red_t25_v4
-1389392172,vem_colour_5_harbor_blue_t38_v0
-1389340168,f_cl_clo_x6f_u_31_0_t11_v1
-1389332991,vem_smod4_whlv176_t66_v0
-1389304894,mp_stat_mpsv_model_218
-1389254232,m_cl_o_fmm_b1_t3_v12
-1389227906,service_spend_race_vehicle_rental
-1389173089,m_cl_clo_sum_u_0_18_t11_v1
-1389134200,packed_ng_vehicle_neon_v135
-1389122939,packed_mp_veh_window_tint_0_v275
-1389085827,packed_mp_veh_mod_idx_s_21_v108
-1389021171,f_cl_clo_awf_f_0_6_t6_v1
-1389017638,vem_colour_1_mct_classic_midnight_blue_t24_v1
-1388884794,packed_mp_veh_mod_idx_s_14_v289
-1388748010,packed_mp_veh_colour_extra2_0_v389
-1388698001,vem_hood_6_t9_v3
-1388647927,packed_mp_veh_mod_idx_7_v21
-1388627052,vem_cmod_neonlay_3_t21_v7
-1388471519,f_cl_clo_fxf_l_1_11_t4_v1
-1388353501,packed_mp_veh_mod_idx_1_v19
-1388289105,packed_mp_veh_colour_extra2_0_v79
-1388208493,vem_rwd_offr_10_t19_v3
-1388167181,f_cl_clo_hp_f_d_16_t8_v1
-1388136179,f_cl_clo_grf_f_0_18_t6_v1
-1388134989,packed_mp_veh_mod_idx_4_v123
-1388126017,packed_mp_veh_mod_idx_s_2_v94
-1387984886,packed_mp_veh_mod_idx_s_3_v352
-1387843708,vem_rwd_hiend_20_t19_v0
-1387811728,f_cl_clo_fxf_l_1_7_t4_v1
-1387778539,wp_wct_clip1_t1_v48
-1387769001,vem_colour_1_mct_metallic_shadow_silver_t24_v1
-1387647481,f_cl_outfit_clo_trf_o_bs_1_t12_v0
-1387629401,packed_mp_veh_mod_idx_0_v283
-1387617252,f_cl_clo_h2f_b_7_5_t1_v1
-1387519262,packed_mp_veh_mod_idx_18_v156
-1387509187,packed_lr_vehicle_colour_5_v22
-1387479332,packed_mp_veh_mod_idx_14_v108
-1387439303,vem_drft_08_t19_v0
-1387345706,m_cl_clo_bim_u_28_0_t11_v1
-1387335013,packed_mp_veh_mod_idx_s_3_v187
-1387253055,service_earn_arena_career_tier_progression_2
-1387059742,f_cl_clo_scf_u_0_13_t11_v1
-1386946998,packed_mp_veh_mod_idx_s_5_v388
-1386905023,vem_roof_11_t12_v4
-1386861083,vem_fender_r_5_t37_v7
-1386851023,vem_armour_1_t1_v31
-1386833977,ve_slamvan_t1_v0
-1386826561,f_cl_clo_grf_ph_1_21_t14_v1
-1386782456,packed_mp_veh_mod_idx_s_5_v295
-1386709815,f_cl_outfit_clo_hstf_o_b_1_t12_v0
-1386671552,packed_mp_veh_mod_idx_24_v405
-1386647119,f_cl_clo_awf_decl_113_t100_v0
-1386635099,packed_mp_veh_mod_idx_3_v363
-1386539145,packed_mp_veh_mod_idx_14_v384
-1386527185,f_cl_clo_awf_u_7_17_t11_v1
-1386519757,vem_rwd_loride_05_t19_v0
-1386518826,f_cl_clo_smf_b_7_6_t1_v1
-1386458144,m_cl_clo_arm_ph_0_14_t14_v1
-1386455847,packed_mp_veh_mod_idx_s_17_v113
-1386452165,vem_supermod_7_10_t48_v28
-1386404946,vem_supermod_17_9_t58_v3
-1386404546,m_cl_clo_h2m_u_6_11_t11_v1
-1386330494,f_cl_clo_grf_o_10_t8_v12
-1386218580,f_cl_clo_h3f_u_10_11_t11_v1
-1386185063,vem_cmod_tyr_13_t18_v26
-1386170946,f_cl_clo_arf_ph_0_15_t14_v1
-1386156937,f_cl_clo_bhf_u_5_12_t11_v1
-1386053767,packed_mp_veh_colour2_0_v148
-1385969320,packed_mp_veh_mod_idx_s_16_v202
-1385953648,m_cl_clo_grm_ph_5_16_t14_v1
-1385873895,packed_mp_veh_secondary_colour_group_v37
-1385810698,m_cl_clo_hp_d_32_t8_v1
-1385804696,f_cl_clo_h2f_ph_213_t14_v1
-1385761246,vem_colour_1_mct_metallic_yellow_t24_v0
-1385728467,f_cl_clo_ief_l_2_7_t4_v1
-1385605498,packed_mp_veh_mod_idx_s_2_v238
-1385573114,vem_bikew_22_t19_v4
-1385568110,packed_mp_veh_mod_idx_s_15_v28
-1385522505,ve_banshee2_t0_v7
-1385478137,vem_colour_2_mct_metallic_saddle_brown_t25_v33
-1385458506,packed_mp_veh_mod_idx_s_22_v239
-1385442816,vem_supermod_5_13_t46_v3
-1385345791,packed_mp_veh_plate_id_v237
-1385272194,packed_mp_veh_mod_idx_8_v54
-1385161121,vem_supermod_7_0_t48_v33
-1385125187,packed_mp_veh_mod_idx_7_v120
-1385122422,m_cl_clo_s1m_f_1_3_t6_v1
-1385008972,ve_stanier_t0_v0
-1384952053,m_cl_clo_h2m_b_3_8_t1_v1
-1384947771,f_cl_clo_busf_w0_0_t14_v0
-1384937388,wp_gsa_type_r_t0_v70
-1384921277,packed_lr_vehicle_colour_6_v167
-1384870351,f_ta_tat_sb_044_t0_v0
-1384648535,service_earn_ambient_job_metal_detector
-1384633194,m_cl_sp_fmm_6_2_t8_v1
-1384520884,packed_mp_veh_mod_idx_s_11_v4
-1384495658,f_ta_tat_x6_037_t0_v0
-1384287351,packed_ng_vehicle_insurance_v265
-1384058416,vem_cmod_win_3_t33_v10
-1384023472,m_cl_outfit_clo_x17m_o_m_0_t12_v0
-1383951578,vem_bumper_f_1_t34_v37
-1383936929,m_cl_clo_bhm_b_0_8_t1_v1
-1383847427,mp_stat_mpsv_model_341
-1383838614,packed_mp_veh_mod_idx_s_5_v2
-1383690176,f_cl_clo_bbf_p3_2_t14_v1
-1383652923,f_cl_clo_exf_eu_15_8_t11_v1
-1383637242,m_cl_clo_trm_d_19_0_t10_v1
-1383579978,packed_mp_veh_livery_0_v379
-1383536175,vem_colour_extra_1_mct_classic_cast_iron_sil_t24_v0
-1383512468,wp_wct_tint_11_t2_v5_n2
-1383476322,vem_fender_r_8_t37_v39
-1383430673,m_cl_clo_v2m_o_8_t3_v12
-1383417395,f_cl_clo_bhf_u_16_1_t11_v1
-1383383329,m_cl_clo_bim_ph_1_0_t14_v1
-1383342077,packed_mp_veh_mod_idx_24_v133
-1383337453,packed_mp_veh_mod_idx_s_22_v81
-1383168672,packed_mp_veh_mod_idx_12_v164
-1383154046,ve_cinquemila_t0_v3
-1383056869,packed_mp_veh_mod_idx_12_v218
-1382837767,m_cl_outfit_clo_h3m_o_dl_21_t12_v0
-1382735992,packed_mp_veh_mod_idx_10_v113
-1382697535,vem_cmod_whe_0_t19_v35
-1382633535,m_cl_outfit_clo_exm_oa_1_t12_v0
-1382474978,vem_smod3_whlv88_t66_v3
-1382375141,vem_spt_07_t19_v0
-1382362015,packed_mp_veh_mod_idx_15_v83
-1382347251,packed_mp_veh_mod_idx_s_14_v141
-1382303084,f_cl_clo_awf_o_j_0_t8_v12
-1382215095,vem_supermod_3_41_t44_v3
-1382063405,packed_mp_veh_mod_idx_9_v352
-1381971311,packed_mp_veh_mod_var_1_v239
-1381954280,wp_pm_tint4_t2_v33
-1381951087,m_cl_clo_stm_o_e_3_t11_v12
-1381915137,f_ta_tat_fx_004_t0_v0
-1381799786,vem_smod_whlv65_t66_v3
-1381735110,packed_mp_veh_mod_idx_8_v60
-1381666694,vem_horn_indi_4_t10_v30
-1381653801,f_cl_clo_lxf_dec_23_t100_v0
-1381605290,mp_stat_font_player_office_v0
-1381587623,packed_mp_veh_mod_idx_s_7_v390
-1381575279,packed_mp_veh_mod_idx_s_1_v95
-1381541751,packed_mp_veh_mod_idx_9_v202
-1381398242,m_cl_clo_sbm_f_4_9_t6_v1
-1381390471,packed_mp_veh_mod_idx_12_v371
-1381371202,packed_mp_veh_mod_idx_s_2_v373
-1381219389,dec_vw_aw_ss_3c
-1381165577,packed_lr_vehicle_colour_6_v230
-1381043024,f_cl_g_fmf_3_2_t14_v0
-1380987263,m_cl_clo_vwm_f_2_12_t6_v1
-1380892280,vem_smod5_whlv130_t66_v3
-1380883022,packed_mp_veh_mod_idx_14_v199
-1380748434,packed_lr_vehicle_colour_6_v1
-1380736769,vem_supermod_23_5_t64_v7
-1380735347,packed_mp_veh_window_tint_0_v212
-1380675797,packed_mp_veh_mod_idx_11_v366
-1380661867,f_cl_clo_x6f_l_0_20_t4_v1
-1380594761,vem_supermod_23_2_t64_v27
-1380449879,f_cl_clo_hstf_s_6_8_t8_v1
-1380446750,packed_mp_veh_mod_idx_0_v316
-1380400206,packed_mp_veh_mod_idx_s_20_v154
-1380332311,wp_wct_camo_1_t1_v13_n2
-1380279884,packed_mp_veh_mod_idx_s_1_v354
-1380162108,packed_mp_veh_mod_idx_14_v197
-1380126883,packed_mp_veh_colour_extra2_0_v322
-1380125279,m_cl_clo_smm_u_2_17_t11_v1
-1380111952,packed_mp_veh_mod_idx_s_14_v74
-1380109999,packed_ng_vehicle_insurance_v171
-1380088926,m_cl_outfit_clo_stm_o_16_t12_v0_cesp
-1380066265,vem_horn_clas4_t10_v11
-1379960015,m_cl_sp_fmm_6_9_t8_v1
-1379930888,f_cl_clo_hstf_o_l_1_t3_v12
-1379930629,m_cl_clo_lxm_u_0_3_t11_v1
-1379770104,vem_cmod_hrn_mus5_t10_v5
-1379758785,f_cl_clo_stf_ht8_5_t14_v1
-1379702440,packed_mp_veh_mod_idx_s_9_v3
-1379681192,ve_jester2_t0_v3
-1379599287,vem_hood_9_t9_v27
-1379513246,wp_rwt_tint3_t2_v82
-1379508772,f_cl_clo_l2f_g_0_5_t14_v1
-1379507100,packed_mp_veh_mod_idx_7_v83
-1379495418,vem_supermod_46_8_t46_v7
-1379428839,packed_mp_veh_mod_idx_7_v380
-1379421546,packed_mp_veh_mod_idx_s_21_v253
-1379278130,packed_mp_veh_mod_idx_14_v279
-1379145123,packed_ng_vehicle_smoke_v368
-1379046488,vem_rwd_hiend_09_t19_v3
-1378916453,m_cl_clo_halm_3_2_t1_v1
-1378901917,f_cl_clo_ief_u_14_12_t11_v1
-1378901490,packed_mp_veh_mod_idx_s_5_v134
-1378837534,packed_mp_veh_mod_idx_15_v365
-1378658864,m_ta_tat_fx_023_t0_v0
-1378620011,m_cl_clo_bim_l_4_4_t4_v1
-1378543368,vem_colour_extra_1_mct_classic_stone_silver_t24_v33
-1378486941,packed_mp_veh_mod_idx_0_v170
-1378466735,packed_ng_vehicle_neon_v318
-1378344994,packed_lr_vehicle_colour_5_v6
-1378332624,packed_mp_veh_mod_idx_4_v318
-1378311015,m_cl_clo_awm_decl_8_t100_v0
-1378206149,f_cl_clo_sbf_l_2_10_t4_v1
-1378110128,vem_smod_whlv32_t66_v3
-1378088106,packed_ng_vehicle_insurance_v33
-1378060444,vem_cmod_tyr_lg_t30_v27
-1378016669,m_cl_ht_fmm_2_7_t14_v0
-1377910279,vem_colour_1_mct_classic_lava_red_t24_v2
-1377889317,vem_bumper_f_1_t34_v34
-1377877176,packed_mp_veh_mod_idx_s_3_v74
-1377827018,f_cl_clo_vwf_u_17_13_t11_v1
-1377806178,vem_supermod_50_9_t50_v7
-1377747414,f_cl_clo_x6f_ph_11_1_t14_v1
-1377586342,packed_mp_veh_mod_idx_22_v277
-1377531691,packed_mp_veh_mod_idx_s_0_v337
-1377516987,packed_mp_veh_mod_idx_8_v397
-1377502628,vem_colour_extra_1_mct_metals_br_steel_t24_v2
-1377438833,f_cl_clo_trf_f_1_8_t6_v1
-1377350738,packed_lr_vehicle_colour_6_v136
-1377306018,m_cl_clo_sbm_f_6_12_t6_v1
-1377227657,packed_mp_veh_mod_idx_2_v333
-1377212990,packed_mp_veh_mod_idx_7_v98
-1377203294,packed_mp_veh_mod_idx_s_17_v253
-1377144816,packed_mp_veh_mod_idx_5_v193
-1377138621,packed_lr_vehicle_colour_6_v280
-1377045303,vem_supermod_19_3_t60_v26
-1377043671,f_cl_outfit_clo_h2f_o_g_22_t12_v0
-1377030231,f_cl_clo_suf_u_2_6_t11_v1
-1376959399,packed_mp_veh_colour1_0_v191
-1376936451,packed_mp_veh_mod_idx_24_v73
-1376718730,packed_lr_vehicle_colour_5_v290
-1376687684,packed_mp_veh_mod_idx_s_9_v7
-1376570260,packed_mp_veh_plate_id_v356
-1376543624,packed_mp_veh_mod_idx_s_10_v283
-1376533634,m_cl_clo_bhm_decl_53_t11_v1
-1376514793,vem_colour_1_mct_metals_br_aluminium_t24_v3
-1376315041,packed_mp_veh_mod_idx_15_v316
-1376189288,packed_mp_veh_secondary_colour_group_v163
-1376133422,vem_supermod_4_1_t45_v26
-1376103171,f_cl_clo_valf_g_0_1_t3_v1
-1375973916,packed_mp_veh_mod_var_1_v216
-1375916192,m_ta_tat_sm_008_t0_v0
-1375853506,packed_mp_veh_mod_idx_18_v153
-1375798045,packed_mp_veh_mod_idx_s_3_v106
-1375747478,vem_colour_extra_1_mct_classic_surf_blue_t24_v4
-1375599714,f_cl_clo_suf_u_10_4_t11_v1
-1375576022,vem_supermod_4_4_t45_v38
-1375526303,packed_ng_vehicle_insurance_v148
-1375432737,m_cl_clo_x5m_u_16_3_t11_v1
-1375431643,vem_engine_0_t5_v3
-1375429345,vem_colour_1_mct_classic_graphite_t24_v4
-1375343755,packed_mp_veh_mod_idx_8_v74
-1375314272,vem_colour_extra_1_mct_metallic_maple_brown_t24_v4
-1375313170,vem_spt_12_t19_v1
-1375311024,packed_mp_veh_mod_idx_3_v401
-1375274899,vem_suv_17_t19_v3
-1375199855,m_cl_clo_h3m_ph_6_11_t14_v1
-1375196187,vem_suspension_4_t15_v0
-1375183387,packed_mp_veh_mod_idx_s_20_v109
-1375132531,packed_mp_veh_mod_idx_s_21_v376
-1375097425,vem_fender_l_1_t36_v39
-1375067458,f_cl_clo_bif_s_17_3_t8_v1
-1375047278,packed_mp_veh_mod_idx_s_20_v336
-1375018934,vem_colour_extra_1_mct_classic_mariner_blue_t24_v1
-1374921903,f_cl_u_fmf_13_12_t8_v0
-1374893893,vem_skirt_11_t13_v1
-1374868641,packed_mp_veh_mod_idx_s_11_v28
-1374835124,m_cl_clo_bhm_decl_7_t11_v1
-1374828824,packed_mp_veh_secondary_colour_group_v355
-1374789633,m_cl_clo_exm_eu_8_0_t11_v1
-1374573141,m_cl_clo_grm_b_3_9_t1_v1
-1374560284,m_cl_clo_awm_decl_18_t100_v0
-1374487312,m_cl_clo_bus_p_0_3_t14_v1
-1374466714,packed_lr_vehicle_colour_6_v120
-1374380999,packed_mp_veh_colour_extra2_0_v159
-1374275466,f_cl_clo_vwf_u_7_17_t11_v1
-1374217643,m_cl_clo_stm_o_19_t3_v12
-1374089624,vem_supermod_23_24_t64_v34
-1374046365,m_cl_f_fmm_7_9_t6_v0
-1373996960,m_cl_clo_bhm_u_16_6_t11_v1
-1373925205,packed_mp_veh_mod_idx_s_8_v167
-1373917516,m_ta_tat_bus_012_t0_v0
-1373910471,f_cl_clo_bhf_u_0_6_t11_v1
-1373899795,wp_wm_tint7_t2_v20
-1373892308,f_cl_clo_vwf_u_8_11_t11_v1
-1373868652,mp_stat_mpsv_model_30
-1373838486,packed_mp_veh_mod_idx_s_5_v359
-1373811334,packed_mp_veh_mod_idx_23_v59
-1373739841,packed_mp_veh_mod_idx_s_16_v54
-1373713565,vem_colour_1_mct_metallic_cabernet_red_t24_v1
-1373709631,vem_supermod_63_9_t63_v7
-1373700180,packed_mp_veh_mod_idx_14_v202
-1373664307,packed_mp_veh_mod_var_1_v169
-1373631057,m_cl_clo_smm_u_3_9_t11_v1
-1373611384,packed_mp_veh_mod_idx_10_v3
-1373582574,f_cl_clo_h3f_o_jan_1_t4_v12
-1373564113,packed_mp_veh_mod_idx_s_16_v310
-1373526572,packed_mp_veh_mod_idx_18_v389
-1373522253,packed_mp_veh_mod_idx_s_23_v94
-1373487754,m_cl_clo_exm_eu_10_3_t8_v2
-1373371680,casweb_garage_1_t0_v0
-1373370279,vem_spoiler_0_t14_v4
-1373294414,f_cl_clo_sbf_l_2_8_t4_v1
-1373225903,vem_grill_0_t8_v1
-1373216095,packed_mp_veh_mod_idx_s_3_v266
-1373207195,packed_mp_veh_mod_idx_s_11_v364
-1373116194,wp_wct_sb_var1_t1_v71
-1373093655,vem_chassis_13_t4_v3
-1373004366,vem_rwd_suv_06_t19_v1
-1373003556,m_ha_brd_hp_5_t1_v0
-1372941412,f_cl_clo_hp_f_d_7_t8_v1
-1372925496,packed_mp_veh_mod_idx_23_v257
-1372892662,m_cl_clo_s1m_dec_13_t100_v0
-1372839347,f_cl_clo_h3f_l_4_19_t4_v1
-1372830904,m_cl_clo_hstmb_14_19_t1_v1
-1372796103,f_cl_clo_trf_o_d2_t3_v12
-1372728811,f_cl_clo_half_d_2_t11_v1
-1372728224,packed_mp_veh_mod_idx_11_v112
-1372700288,vem_supermod_16_4_t57_v3
-1372688551,vem_cmod_hrn_cop_t10_v4
-1372437471,packed_mp_veh_mod_idx_s_8_v221
-1372396449,f_cl_clo_smf_b_5_7_t1_v1
-1372283452,vem_rwd_suv_06_t19_v3
-1372116390,f_cl_clo_grf_u_21_19_t11_v1
-1371940286,ve_luxor_t0_v0
-1371935098,f_cl_clo_bif_decl_50_t100_v0
-1371893829,packed_mp_veh_mod_idx_9_v192
-1371829234,dec_vw_aw_wv_56
-1371801677,f_cl_u_fmf_0_10_t8_v0
-1371690879,packed_mp_veh_mod_idx_s_9_v32
-1371690090,f_cl_clo_fxf_u_7_3_t11_v1
-1371659168,packed_mp_veh_mod_idx_22_v67
-1371625029,packed_mp_veh_mod_idx_12_v302
-1371622877,f_cl_clo_grf_l_0_18_t4_v1
-1371587191,packed_mp_veh_secondary_colour_group_v10
-1371488712,f_cl_u_fmf_13_3_t8_v0
-1371412252,packed_mp_veh_wheel_type_0_v329
-1371348249,fcarcade_v_liv_reset
-1371314035,vem_cmod_neoncol_1_t21_v5
-1371300751,f_cl_outfit_clo_x6f_o_3_t12_v0
-1371200932,packed_mp_veh_mod_idx_14_v412
-1371153033,vem_supermod_23_21_t64_v34
-1371126503,wp_wm_tint5_t2_v95
-1371107159,m_cl_clo_bim_s_10_3_t8_v1
-1370968305,packed_mp_veh_mod_idx_18_v182
-1370885155,m_cl_clo_bhm_u_2_14_t11_v1
-1370872841,f_cl_clo_l2f_t_7_0_t7_v1
-1370806261,packed_mp_veh_mod_idx_11_v144
-1370776494,m_cl_clo_hstmb_14_0_t1_v1
-1370768640,vem_colour_extra_1_mct_matte_orange_t24_v3
-1370731547,service_spend_submarine_boat
-1370697305,vem_insurance_akula
-1370664461,m_cl_clo_hstm_o_19_t11_v12
-1370650599,f_ta_tat_h3_003_t0_v0
-1370609970,m_cl_clo_h3m_l_5_19_t4_v1
-1370512156,vem_supermod_22_9_t63_v3
-1370483409,vem_fender_r_13_t37_v0
-1370461503,m_cl_clo_bhm_decl_54_t11_v1
-1370372236,ve_daemon2_t0_v3
-1370306953,packed_mp_veh_mod_idx_s_20_v346
-1370271284,packed_mp_veh_mod_idx_24_v316
-1370187279,packed_mp_veh_mod_idx_22_v342
-1370168600,f_cl_clo_h2f_o_c_13_t8_v12
-1370164487,packed_mp_veh_mod_idx_3_v240
-1369838665,m_cl_clo_lxm_u_5_4_t100_v0
-1369827236,vem_brake_0_t2_v34
-1369825096,packed_mp_veh_mod_idx_s_16_v133
-1369758197,packed_ng_vehicle_smoke_v225
-1369624734,vem_supermod_47_23_t47_v7
-1369500752,packed_mp_veh_mod_idx_6_v116
-1369428681,vem_exhaust_0_t6_v30
-1369421846,m_cl_clo_x6m_t_6_1_t7_v1
-1369373080,packed_mp_veh_mod_idx_s_19_v182
-1369343780,m_cl_clo_trm_u_14_0_t11_v1
-1369313455,vem_supermod_54_21_t54_v7
-1369312730,packed_mp_veh_secondary_colour_group_v76
-1369310977,kosatk_fla_29_t0_v0
-1369268123,m_cl_outfit_clo_s1m_o_1_t12_v0
-1369112714,packed_mp_veh_mod_idx_s_15_v196
-1369004644,packed_lr_vehicle_colour_6_v408
-1368890544,f_cl_clo_ief_u_2_0_t11_v1
-1368869855,f_cl_clo_trf_ph_2_12_t14_v1
-1368867224,pm_weapon_discount_silver_medal
-1368813546,m_cl_clo_vwm_s_6_2_t8_v1
-1368429667,packed_mp_veh_secondary_colour_group_v93
-1368400955,packed_mp_veh_mod_idx_s_7_v110
-1368399841,vem_smod4_whlv188_t66_v3
-1368353640,f_cl_clo_h4f_s_2_6_t8_v1
-1368263043,vem_colour_extra_1_mct_chrome_chrome_t24_v33
-1368196591,m_cl_clo_fxm_l_4_6_t4_v1
-1368188041,packed_ng_vehicle_neon_kit_v139
-1368186782,packed_mp_veh_colour_extra2_0_v109
-1368078795,vem_aam_interior_0_t0_v0
-1367960496,packed_mp_veh_mod_idx_s_22_v218
-1367930368,packed_mp_veh_colour2_0_v21
-1367919578,m_cl_outfit_clo_h2m_o_s_16_t12_v0
-1367867844,packed_mp_veh_mod_idx_s_18_v237
-1367847949,m_cl_clo_grm_u_6_10_t11_v1
-1367684800,wp_wct_grip_t1_v8
-1367628019,vem_colour_extra_1_mct_metallic_sienna_brown_t24_v1
-1367582196,f_cl_f_fmf_8_7_t6_v0
-1367534393,f_cl_clo_lxf_u_0_3_t11_v1
-1367454143,m_cl_clo_awm_decl_42_t100_v0
-1367452361,vem_colour_1_mct_metallic_rolled_steel_t24_v1
-1367426368,m_cl_clo_sbm_f_3_2_t6_v1
-1367254113,m_cl_clo_sbm_lw_2_0_t14_v1
-1367224859,ve_slamtruck_t0_v3
-1367215937,packed_lr_vehicle_colour_5_v156
-1367156726,f_cl_clo_h4f_ph_0_14_t14_v1
-1367089456,f_cl_g_fmf_0_7_t14_v0
-1366884344,vem_exhaust_8_t6_v27
-1366813724,m_cl_clo_lxm_e_2_0_t14_v1
-1366799311,wp_wct_camo_2_t1_v8_n2
-1366786606,packed_mp_veh_colour2_0_v220
-1366758472,m_cl_clo_arm_ph_0_2_t14_v1
-1366748313,m_cl_clo_grm_u_4_9_t11_v1
-1366709197,packed_mp_veh_mod_idx_s_16_v197
-1366666304,packed_mp_veh_mod_idx_11_v282
-1366641064,packed_mp_veh_mod_idx_s_0_v34
-1366629825,vem_cmod_tyr_1_t32_v31
-1366596037,packed_mp_veh_mod_idx_9_v379
-1366382886,packed_mp_veh_mod_idx_s_12_v80
-1366375058,m_cl_clo_hp_l_0_0_t4_v1
-1366325263,packed_mp_veh_colour2_0_v43
-1366285111,m_cl_clo_vwm_f_2_8_t6_v1
-1365997575,f_cl_clo_pif_o_0_t7_v12
-1365990493,m_cl_clo_x2m_u_1_3_t11_v1
-1365986312,vem_spt_13_t19_v3
-1365917607,packed_mp_veh_window_tint_0_v5
-1365913491,f_cl_clo_x4f_ph_1_1_t14_v1
-1365880243,packed_lr_vehicle_colour_5_v56
-1365734688,packed_ng_vehicle_bpt_v280
-1365687076,vem_colour_extra_1_mct_pearlescent_black_steel_t24_v2
-1365666688,f_cl_clo_suf_u_18_1_t11_v1
-1365618423,m_cl_clo_fxm_u_4_6_t11_v1
-1365607982,vem_supermod_22_21_t63_v3
-1365602198,f_cl_outfit_clo_grf_o_7_t12_v0
-1365564358,packed_mp_veh_colour_extra2_0_v405
-1365509139,packed_mp_veh_mod_idx_4_v45
-1365401723,f_cl_clo_bif_ph_11_9_t14_v1
-1365380155,packed_mp_veh_mod_idx_s_3_v158
-1365359359,packed_mp_veh_mod_idx_s_21_v167
-1365166010,f_cl_clo_awf_decl_8_t100_v0
-1365110897,f_cl_clo_grf_b_0_13_t1_v1
-1365078392,packed_mp_veh_primary_colour_group_v402
-1365017226,f_ta_tat_sb_050_t0_v0
-1364743304,vem_insurance_entity3
-1364494801,f_cl_clo_busf_l_0_0_t4_v1
-1364473699,f_cl_clo_indf_ht_2_0_t14_v1
-1364414199,f_cl_clo_ief_o_12_t8_v12
-1364401360,vem_colour_mct_none_127
-1364367630,m_ta_tat_bi_029_t0_v0
-1364296659,wp_wct_c_tint_13_t2_v46_n2
-1364158180,vem_smod4_whlv57_t66_v2
-1364119873,vem_supermod_21_0_t62_v3
-1364076889,packed_mp_veh_mod_idx_5_v118
-1364068540,vem_rwd_drft_07_t19_v12
-1364024198,packed_mp_veh_mod_idx_15_v381
-1363818449,vem_insurance_dilettan
-1363792411,f_cl_clo_scf_ey_0_17_t14_v1
-1363713935,vem_supermod_23_11_t64_v34
-1363676998,packed_mp_veh_mod_idx_s_6_v322
-1363585123,f_cl_outfit_clo_hstf_o_a_2_t12_v0
-1363560393,vem_colour_extra_1_mct_metallic_nautical_blue_t24_v33
-1363556793,f_cl_clo_vwf_decl_9_t100_v0
-1363473029,m_cl_clo_vwm_u_17_19_t11_v1
-1363389943,kosatk_fla_38_t0_v0
-1363346273,vem_supermod_55_16_t55_v7
-1363255249,vem_colour_mct_none_145
-1363025452,f_ha_cc_mkup_20_t5_v0
-1362972606,fcarcade_c_up3_c_7
-1362971339,m_cl_clo_smm_b_4_16_t1_v1
-1362967528,packed_mp_veh_mod_idx_s_11_v173
-1362953221,packed_mp_veh_mod_var_0_v356
-1362776257,f_cl_clo_bif_o_6_t4_v12
-1362761007,f_cl_clo_x6f_l_8_22_t4_v1
-1362722523,vem_supermod_9_8_t50_v27
-1362660491,service_earn_refund_heli_pickup
-1362656301,f_cl_clo_suf_u_13_6_t11_v1
-1362645014,vem_colour_1_mct_metallic_umber_brown_t24_v33
-1362613610,m_cl_clo_smm_u_0_4_t11_v1
-1362605469,packed_mp_veh_mod_idx_s_21_v225
-1362449724,m_cl_clo_bim_ph_0_4_t14_v1
-1362431115,wp_wct_c_tint_28_t2_v47_n2
-1362227540,f_cl_clo_fxf_u_7_8_t11_v1
-1362116255,f_cl_clo_smf_ph_2_12_t14_v1
-1362080589,packed_mp_veh_mod_idx_s_21_v206
-1361978245,vem_smod4_whlv168_t66_v1
-1361883003,m_ha_cc_eyebrw_18_t2_v1
-1361863223,packed_mp_veh_mod_idx_7_v358
-1361847443,packed_mp_veh_mod_idx_s_7_v101
-1361815893,vem_supermod_20_9_t61_v28
-1361762536,fa_upgrade_weed_equip_0_t0_v0
-1361725832,m_cl_clo_xmasm_u_1_0_t11_v1
-1361691554,m_cl_clo_grm_u_15_23_t11_v1
-1361421184,packed_mp_veh_mod_idx_14_v76
-1361404497,f_cl_clo_h2f_b_9_5_t1_v1
-1361397164,packed_mp_veh_mod_idx_s_1_v389
-1361201673,packed_mp_veh_mod_idx_4_v342
-1361199493,wp_wm_tint2_t2_v56
-1361197540,packed_mp_veh_mod_idx_s_22_v168
-1361169501,pr_pm_modshop_9_t89_v0
-1361108258,m_cl_clo_grm_ph_4_12_t14_v1
-1361087844,mp_stat_mpsv_model_386
-1361073290,packed_mp_veh_mod_idx_18_v299
-1360938143,kosatk_fla_10_t0_v0
-1360844735,vem_horn_luxe2_t10_v11
-1360734701,vem_supermod_15_4_t56_v38
-1360731411,packed_mp_veh_mod_idx_2_v209
-1360719214,pr_pm_apt_var_5_t0_v0
-1360652171,packed_mp_veh_mod_idx_s_4_v175
-1360597611,f_cl_clo_bus_p_1_3_t14_v1
-1360586209,vem_smod4_whlv119_t66_v2
-1360431286,vem_rwd_suv_05_t19_v0
-1360407394,f_cl_clo_stf_h_104_t14_v1
-1360320657,vem_supermod_0_1_t41_v11
-1360162820,m_cl_clo_scm_b_0_1_t1_v1
-1360033382,packed_mp_veh_livery2_0_v152
-1359999484,packed_mp_veh_mod_idx_s_19_v405
-1359935281,m_cl_clo_trm_d_39_0_t10_v1
-1359933777,f_cl_clo_awf_o_f_7_t8_v12
-1359847450,packed_mp_veh_mod_idx_s_7_v148
-1359800184,m_cl_outfit_clo_hstm_o_e_2_t12_v0
-1359773407,vem_rwd_musc_03_t19_v1
-1359723991,pr_pm_font_0_t1_v0
-1359622737,m_cl_o_fmm_p7_t3_v12
-1359595360,f_cl_l_fmf_8_0_t4_v0
-1359461519,f_cl_clo_x6f_ph_8_16_t14_v1
-1359448525,f_cl_clo_smf_u_2_14_t11_v1
-1359375127,service_spend_prostitutes
-1359246257,packed_mp_veh_mod_idx_s_23_v200
-1359222413,vem_supermod_6_16_t47_v3
-1359143110,f_cl_clo_sbf_f_6_5_t6_v1
-1359126139,vem_loride_05_t19_v1
-1359019632,packed_ng_vehicle_neon_v410
-1359001473,m_cl_clo_hstm_o_10_t11_v12
-1358974417,m_cl_clo_scm_d_13_0_t10_v1
-1358948472,packed_mp_veh_mod_idx_s_23_v266
-1358881163,packed_mp_veh_mod_idx_22_v133
-1358804083,mp_stat_mpsv_model_297
-1358801645,f_cl_clo_s1f_ph_1_4_t14_v1
-1358722460,packed_mp_veh_colour_extra2_0_v289
-1358683918,vem_colour_extra_1_mct_classic_petrol_green_t24_v1
-1358665840,packed_mp_veh_mod_idx_3_v212
-1358653040,m_cl_clo_stm_o_1_t11_v12_cesp
-1358616331,packed_mp_veh_mod_idx_s_6_v199
-1358608628,vem_horn_indi_2_t10_v38
-1358534564,m_cl_clo_h2m_u_3_5_t11_v1
-1358489441,f_cl_clo_grf_u_4_12_t11_v1
-1358392204,m_cl_clo_h2m_s_9_8_t8_v1
-1358319930,vem_colour_2_mct_metallic_mariner_blue_t25_v2
-1358157854,f_cl_clo_grf_g_1_15_t3_v1
-1358116521,packed_mp_veh_mod_idx_5_v333
-1358088057,vem_bumper_f_17_t34_v26
-1357935584,packed_mp_veh_mod_idx_s_22_v0
-1357881089,m_ha_brd_hp_9_t1_v0
-1357805675,packed_ng_vehicle_neon_v47
-1357764332,vem_colour_1_mct_matte_yellow_t24_v0
-1357750875,f_cl_clo_grf_u_0_15_t11_v1
-1357713983,vem_colour_extra_1_mct_classic_sea_green_t24_v4
-1357626605,packed_mp_veh_mod_idx_s_14_v253
-1357609409,vem_spoiler_10_t14_v4
-1357605778,packed_mp_veh_mod_idx_s_4_v188
-1357557762,vem_rwd_suv_03_t19_v1
-1357495497,packed_mp_veh_mod_idx_s_12_v375
-1357443602,m_cl_clo_x6m_u_1_9_t11_v1
-1357438322,packed_mp_veh_mod_idx_22_v94
-1357420895,packed_mp_veh_mod_idx_15_v210
-1357399435,vem_suspension_2_t15_v1
-1357379644,packed_mp_veh_mod_idx_s_7_v230
-1357311306,packed_mp_veh_livery2_0_v345
-1357298887,packed_mp_veh_mod_idx_s_12_v377
-1357291153,f_cl_outfit_clo_ltsf_o_9_t12_v0
-1357255664,packed_lr_vehicle_colour_6_v194
-1357174693,wp_rwt_tint2_t2_v83
-1357098201,dec_vw_aw_wv_18b
-1357081072,m_cl_clo_h4m_b_0_8_t1_v1
-1356999180,vem_supermod_6_10_t47_v27
-1356969871,vem_cmod_col5_5_t29_v2
-1356954857,f_ha_cc_mkup_2_t7_v0
-1356939629,packed_mp_veh_livery_0_v365
-1356880520,packed_ng_vehicle_smoke_v208
-1356813548,vem_smod3_whlv3_t66_v3
-1356677784,packed_lr_vehicle_colour_6_v411
-1356663718,packed_mp_veh_mod_idx_s_7_v280
-1356631367,f_cl_clo_grf_ph_5_20_t14_v1
-1356627632,m_cl_clo_hstm_t_2_4_t7_v1
-1356558308,packed_mp_veh_mod_idx_s_21_v343
-1356555687,f_cl_clo_smf_b_0_12_t1_v1
-1356512605,vem_smod4_whlv22_t66_v1
-1356508556,m_cl_clo_jam_o_0_t100_v0
-1356398652,packed_mp_veh_mod_idx_18_v81
-1356356546,vem_smod_whlv203_t66_v3
-1356348712,f_cl_clo_s1f_u_2_1_t11_v1
-1356340137,vem_smod4_whlv150_t66_v2
-1356091113,vem_hlight_0_t11_v32
-1355994165,f_cl_clo_fxf_l_3_1_t4_v1
-1355987949,packed_mp_veh_window_tint_0_v397
-1355965010,f_cl_clo_exf_ef_0_9_t6_v1
-1355690822,vem_smod5_whlv97_t66_v3
-1355667848,packed_mp_veh_mod_idx_s_16_v100
-1355655907,packed_lr_vehicle_colour_5_v76
-1355640403,m_cl_clo_s2m_o_1_t3_v12
-1355591365,packed_mp_veh_mod_idx_s_2_v414
-1355537837,packed_mp_veh_mod_idx_s_1_v301
-1355513553,vem_horn_clas2_t10_v26
-1355495420,packed_mp_veh_mod_idx_2_v66
-1355405681,packed_mp_veh_mod_idx_s_17_v229
-1355400982,vem_cmod_tyr_7_t18_v27
-1355391242,packed_mp_veh_mod_idx_s_1_v7
-1355360618,packed_mp_veh_mod_idx_s_20_v242
-1355349254,packed_mp_veh_colour2_0_v144
-1355333434,m_cl_clo_bim_f_3_2_t6_v1
-1355289442,packed_mp_veh_mod_idx_s_9_v226
-1355235520,packed_mp_veh_mod_idx_s_12_v333
-1355196911,m_cl_clo_indm_b_5_0_t1_v1
-1355169734,packed_lr_vehicle_colour_6_v60
-1355063469,f_cl_clo_fxf_pe_2_9_t14_v1
-1355053849,f_cl_outfit_clo_hp_f_o_0_t12_v0
-1354961672,vem_smod5_whlv48_t66_v3
-1354901337,vem_horn_xm15_2_t10_v32
-1354876536,packed_mp_veh_mod_var_0_v76
-1354868104,packed_mp_veh_wheel_type_0_v231
-1354582015,f_cl_clo_awf_f_7_2_t6_v1
-1354576403,f_cl_u_fmf_0_12_t11_v0
-1354505599,packed_mp_veh_mod_idx_s_2_v71
-1354491484,packed_mp_veh_mod_idx_s_11_v18
-1354399815,f_cl_clo_h3f_b_18_19_t1_v1
-1354373879,vem_supermod_3_13_t44_v6
-1354261980,packed_mp_veh_mod_idx_s_4_v145
-1354233613,m_cl_clo_smm_u_0_1_t11_v1
-1354185200,m_ha_cc_blush_31_t5_v0
-1354162540,vem_smod4_whlv163_t66_v1
-1354157699,wp_wct_tint_24_t2_v70_n2
-1354016848,packed_mp_veh_mod_idx_s_10_v259
-1353908110,packed_lr_vehicle_colour_5_v228
-1353885841,packed_mp_veh_mod_idx_s_15_v276
-1353862694,packed_mp_veh_mod_idx_6_v389
-1353858775,packed_mp_veh_livery_0_v386
-1353792447,f_cl_clo_h4f_decl_8_t100_v0
-1353767432,vem_colour_1_mct_classic_bright_purple_t24_v2
-1353693640,f_cl_clo_smf_b_6_4_t1_v1
-1353653467,packed_mp_veh_mod_idx_s_18_v17
-1353577313,f_cl_outfit_clo_ief_o_6_t12_v0
-1353576322,packed_mp_veh_mod_idx_0_v53
-1353575095,f_ta_tat_gr_007_t0_v0
-1353567616,wp_wm_tint2_t2_v24
-1353543607,vem_colour_5_dark_blue_t38_v0
-1353481590,packed_mp_veh_mod_idx_s_9_v129
-1353375032,vem_supermod_9_15_t50_v3
-1353359024,packed_mp_veh_primary_colour_group_v233
-1353358641,packed_mp_veh_mod_idx_s_17_v134
-1353353814,mp_stat_mpsv_model_22
-1353332118,f_cl_clo_val_decl_p_t11_v1
-1353113900,packed_mp_veh_mod_idx_s_19_v77
-1353048827,packed_mp_veh_mod_idx_15_v301
-1353009631,vem_supermod_5_11_t46_v27
-1352987850,vem_supermod_17_5_t58_v3
-1352885245,packed_mp_veh_mod_idx_6_v152
-1352867573,packed_mp_veh_mod_idx_s_13_v91
-1352742607,packed_mp_veh_mod_idx_s_2_v8
-1352717545,packed_mp_veh_mod_idx_11_v151
-1352314581,packed_mp_veh_primary_colour_group_v180
-1352283425,packed_mp_veh_colour2_0_v324
-1352283045,m_cl_clo_h2m_ph_4_8_t14_v1
-1352279727,vem_chassis_0_t4_v3
-1352234918,vem_smod4_whlv84_t66_v3
-1352223660,packed_ng_vehicle_insurance_v176
-1352195596,wp_wct_camo_7_t1_v46_n2
-1352161224,packed_ng_vehicle_smoke_v223
-1352104093,vem_horn_xm15_1_t10_v30
-1352077874,m_cl_clo_busm_u_2_2_t11_v1
-1352026552,packed_mp_veh_mod_idx_16_v377
-1352021102,vem_spoiler_4_t14_v4
-1351917733,vem_supermod_8_3_t49_v28
-1351815100,vem_trans_3_t16_v11
-1351779999,vem_colour_extra_1_mct_pearlescent_galaxy_blue_t24_v2
-1351729210,packed_mp_veh_mod_idx_8_v19
-1351647340,f_cl_clo_exf_au_10_3_t11_v1
-1351629566,packed_mp_veh_mod_idx_2_v55
-1351551077,f_cl_clo_vwf_u_6_11_t11_v1
-1351377850,vem_supermod_5_7_t46_v28
-1351261577,vem_insurance_tailgate
-1351226307,f_cl_clo_scf_b_3_2_t1_v1
-1351078203,vem_smod4_whlv159_t66_v1
-1351062015,packed_mp_veh_colour2_0_v367
-1350916821,packed_mp_veh_colour1_0_v344
-1350843414,packed_mp_veh_mod_idx_s_22_v338
-1350840722,packed_ng_vehicle_insurance_v116
-1350835458,packed_mp_veh_livery_0_v36
-1350678109,dec_vw_aw_ss_18
-1350619404,f_cl_clo_h4f_s_1_15_t8_v1
-1350604477,m_cl_clo_vwm_u_10_9_t11_v1
-1350585186,vem_colour_1_mct_classic_chocolate_brown_t24_v2
-1350512238,packed_mp_veh_wheel_type_0_v371
-1350471322,packed_lr_vehicle_colour_5_v162
-1350470113,m_cl_clo_hp_f_1_15_t6_v1
-1350433118,m_cl_clo_exm_g_8_8_t14_v0
-1350413659,packed_mp_veh_mod_idx_s_20_v209
-1350208546,m_cl_clo_hstmb_22_8_t1_v1
-1350206187,packed_mp_veh_mod_idx_11_v399
-1350116175,packed_mp_veh_mod_idx_s_21_v43
-1350090752,vem_horn_hween1_t10_v27
-1350046825,f_cl_clo_awf_l_3_0_t4_v1
-1350032974,packed_mp_veh_mod_idx_18_v162
-1349907316,packed_mp_veh_mod_var_0_v204
-1349798551,packed_mp_veh_plate_id_v338
-1349715675,m_cl_clo_h4m_b_4_15_t1_v1
-1349704670,wp_wct_flash_t1_v56
-1349547785,m_cl_clo_exm_ob_8_t3_v12
-1349526944,vem_bumper_f_6_t34_v27
-1349501471,vem_smod4_whlv105_t66_v2
-1349436194,packed_mp_veh_mod_idx_8_v317
-1349348778,packed_mp_veh_mod_idx_s_19_v238
-1349324446,ve_peyote3_t0_v27
-1349134217,f_cl_clo_x6f_o_o_5_t3_v12
-1349063427,vem_colour_1_mct_classic_cream_t24_v3
-1349032161,packed_mp_veh_mod_idx_s_15_v110
-1349007517,vem_cmod_col5_14_t29_v4
-1348887520,packed_lr_vehicle_colour_6_v258
-1348858875,m_cl_clo_fxm_l_0_18_t4_v1
-1348837677,vem_colour_5_red_t38_v0
-1348755464,m_cl_clo_ltsmu_1_1_t11_v1
-1348695082,packed_mp_veh_mod_idx_s_19_v217
-1348661505,packed_mp_veh_mod_idx_s_19_v264
-1348637407,m_cl_clo_busm_u_4_1_t11_v1
-1348584922,f_cl_g_fmf_9_3_t14_v0
-1348584649,m_cl_clo_hstmb_22_11_t1_v1
-1348557010,packed_mp_veh_mod_idx_11_v191
-1348555951,wp_wt_minigun_t0_v1
-1348520970,m_cl_clo_x6m_ph_1_15_t14_v1
-1348507998,packed_ng_vehicle_neon_kit_v20
-1348226146,packed_mp_veh_mod_idx_s_15_v405
-1348216447,packed_mp_veh_mod_idx_s_10_v246
-1347848844,vem_turbo_1_t17_v5
-1347724452,packed_mp_veh_colour1_0_v96
-1347708583,packed_ng_vehicle_insurance_v88
-1347643582,f_cl_clo_bhf_l_3_0_t4_v1
-1347593191,f_cl_clo_hstf_o_l_3_t3_v12
-1347547038,packed_mp_veh_mod_idx_9_v177
-1347500063,m_cl_clo_exm_g_5_8_t14_v0
-1347469905,packed_mp_veh_mod_idx_24_v273
-1347445373,packed_mp_veh_mod_idx_s_23_v228
-1347335688,m_ta_tat_h4_003_t0_v0
-1347268195,m_ha_cc_body_1_11_t3_v0
-1347163840,ve_bati_t1_v4
-1347106080,packed_mp_veh_mod_idx_12_v286
-1346881277,vem_colour_extra_1_mct_metallic_cabernet_red_t24_v3
-1346880390,m_cl_clo_bhm_decl_11_t100_v0
-1346880059,packed_mp_veh_mod_idx_24_v279
-1346870921,f_cl_clo_scf_u_0_0_t11_v1
-1346847517,m_cl_clo_hstm_b_4_1_t1_v1
-1346738377,m_ta_tat_h4_009_t0_v0
-1346732707,f_cl_clo_ief_o_6_t3_v12
-1346720574,wp_wm_tint5_t2_v12
-1346697607,packed_mp_veh_mod_idx_s_16_v9
-1346672511,vem_colour_mct_none_119
-1346646523,f_cl_clo_hp_f_d_31_t8_v1
-1346645404,f_cl_clo_grf_u_22_19_t11_v1
-1346613821,packed_mp_veh_mod_idx_8_v186
-1346588188,m_cl_clo_grm_u_17_1_t11_v1
-1346574621,vem_colour_2_mct_classic_sea_green_t25_v3
-1346397629,packed_mp_veh_mod_idx_6_v271
-1346331045,packed_mp_veh_mod_idx_7_v345
-1346267836,vem_supermod_5_6_t46_v6
-1346224257,vem_insurance_lazer
-1346201802,f_cl_clo_x6f_ph_1_22_t14_v1
-1346198415,packed_mp_veh_mod_idx_s_0_v301
-1346153185,f_cl_clo_hp_f_d_4_t11_v1
-1346114214,f_cl_f_fmf_4_0_t6_v0
-1346110413,packed_mp_veh_mod_idx_16_v127
-1346089457,m_cl_clo_hstm_o_18_t4_v12
-1346073122,f_cl_clo_vwf_decl_15_t100_v0
-1346058011,f_cl_clo_x6f_f_3_19_t6_v1
-1346056748,packed_mp_veh_mod_idx_s_5_v96
-1345977797,packed_mp_veh_mod_idx_s_17_v214
-1345936760,vem_supermod_15_8_t56_v3
-1345918003,f_cl_clo_vwf_u_20_0_t11_v1
-1345916775,packed_mp_veh_mod_idx_16_v144
-1345911401,vem_grill_5_t8_v1
-1345906705,m_cl_clo_fxm_l_3_24_t4_v1
-1345825768,vem_supermod_3_18_t44_v6
-1345760132,vem_colour_2_mct_classic_petrol_green_t25_v4
-1345705472,packed_mp_veh_mod_idx_7_v137
-1345627231,packed_mp_veh_mod_idx_9_v83
-1345516029,vem_supermod_3_4_t44_v3
-1345459791,packed_mp_veh_mod_idx_13_v79
-1345454433,pm_weapon_discount_gun_van_2_3
-1345444254,packed_mp_veh_colour_extra1_0_v34
-1345433091,vem_armour_4_t1_v0
-1345362392,vem_supermod_62_15_t62_v7
-1345333404,vem_supermod_7_13_t48_v7
-1345259556,f_ta_tat_h4_012_t0_v0
-1345253381,f_cl_clo_h2f_f_3_25_t6_v1
-1345217455,mp_stat_clbhos_gunlocker_v0
-1345211414,m_cl_clo_x3m_b_1_0_t1_v1
-1345205593,vem_colour_2_mct_classic_blue_t25_v0
-1345177034,packed_mp_veh_mod_idx_12_v141
-1345134935,vem_smod2_whlv87_t66_v3
-1345039605,m_cl_clo_grm_u_14_9_t11_v1
-1344979000,vem_supermod_21_0_t62_v35
-1344977727,packed_mp_veh_mod_idx_s_13_v307
-1344968334,m_cl_clo_awm_l_1_10_t4_v1
-1344944874,vem_colour_2_mct_metallic_ultra_blue_t25_v1
-1344824870,f_cl_u_fmf_3_10_t11_v0
-1344800970,vem_trans_2_t16_v4
-1344722956,packed_mp_veh_window_tint_0_v241
-1344681608,f_cl_u_fmf_15_10_t11_v0
-1344628238,vem_insurance_chimera
-1344285635,m_cl_outfit_clo_exm_ob_11_t12_v0
-1344229446,packed_mp_veh_mod_idx_s_4_v128
-1344132006,ve_paradise_t0_v0
-1344127438,vem_colour_2_mct_metallic_bright_orange_t25_v3
-1344077076,f_cl_clo_lxf_u_6_14_t11_v1
-1344036344,packed_mp_veh_mod_idx_s_13_v4
-1343926149,m_cl_clo_h3m_b_14_11_t1_v1
-1343848392,packed_mp_veh_mod_idx_s_5_v155
-1343808205,vem_insurance_fcr2
-1343798711,f_ha_clo_s2f_h_1_0_t0_v2
-1343746242,f_cl_clo_grf_u_12_17_t11_v1
-1343582603,packed_ng_vehicle_smoke_v290
-1343540260,autoshop_emb_4_t0_v0
-1343477096,packed_mp_veh_livery2_0_v318
-1343445395,packed_mp_veh_colour_extra2_0_v131
-1343409805,vem_supermod_23_1_t64_v9
-1343353377,packed_mp_veh_mod_var_1_v323
-1343339523,f_cl_clo_grf_ph_1_2_t14_v1
-1343275932,packed_ng_vehicle_bpt_v134
-1343249730,m_cl_clo_bim_decl_55_t100_v0
-1343249139,packed_mp_veh_mod_idx_8_v101
-1343169988,f_cl_clo_fxf_u_2_10_t11_v1
-1343095653,packed_mp_veh_mod_idx_s_22_v95
-1343076372,vem_colour_1_mct_classic_bright_orange_t24_v0
-1343004764,packed_mp_veh_mod_idx_15_v371
-1342977008,packed_ng_vehicle_neon_v328
-1342880319,wp_wct_flash_t1_v48_n2
-1342876140,packed_mp_veh_mod_idx_s_5_v404
-1342792721,f_cl_clo_s1f_f_0_0_t6_v1
-1342777951,m_cl_clo_l2m_e_19_2_t14_v1
-1342693912,dec_cpm_claw_2
-1342677503,vem_colour_2_mct_chrome_chrome_t25_v3
-1342647969,m_ta_tat_hp_019_t0_v0
-1342521425,m_cl_clo_apm_u_17_7_t11_v1
-1342338336,vem_supermod_3_17_t44_v10
-1342328313,packed_mp_veh_mod_idx_s_0_v290
-1342252187,packed_ng_vehicle_neon_kit_v58
-1342240902,packed_mp_veh_mod_idx_s_7_v258
-1342234786,ve_imperator_t0_v38
-1342222627,vem_smod5_whlv183_t66_v3
-1342205096,vem_colour_extra_1_mct_pearlescent_garnet_red_t24_v2
-1342099919,m_cl_clo_bim_pe_1_7_t14_v1
-1342064661,service_spend_spin_the_wheel_payment
-1342020421,packed_mp_veh_mod_idx_s_14_v365
-1341946170,kosatk_fla_24_t0_v0
-1341796279,vem_colour_1_mct_metallic_frost_white_t24_v0
-1341778840,m_ha_cc_mkup_77_t5_v0
-1341747356,f_cl_clo_ief_b_1_3_t1_v1
-1341738368,f_cl_outfit_clo_awf_o_c_7_t12_v0
-1341734914,ve_enduro_t0_v4
-1341728021,packed_mp_veh_colour1_0_v80
-1341601482,m_ta_tat_fm_021_t0_v0
-1341528081,vem_roof_0_n1_t12_v3
-1341527359,vem_colour_extra_1_mct_classic_rolled_steel_t24_v0
-1341395585,vem_supermod_10_10_t51_v3
-1341371115,packed_mp_veh_primary_colour_group_v173
-1341319189,packed_mp_veh_mod_idx_0_v340
-1341253337,packed_mp_veh_mod_var_0_v136
-1341250975,f_cl_clo_fxf_pe_2_0_t14_v1
-1341239613,packed_mp_veh_mod_idx_s_4_v15
-1341228379,m_cl_clo_bhm_u_11_10_t11_v1
-1341192225,m_cl_clo_vwm_f_2_2_t6_v1
-1341148740,m_cl_clo_vwm_decl_44_t100_v0
-1341139235,f_cl_outfit_clo_awf_o_c_0_t12_v0
-1341050634,vem_spoiler_0_t14_v33
-1341012816,m_cl_clo_bim_decl_42_t100_v0
-1340959572,vem_smod4_whlv94_t66_v2
-1340959472,m_ta_tat_sb_061_t0_v0
-1340906222,vem_horn_xm15_2_t10_v10
-1340881899,packed_ng_vehicle_neon_v260
-1340761496,m_cl_clo_h2m_o_g_20_t3_v12
-1340758403,vem_exhaust_0_t6_v5
-1340738971,m_cl_clo_smm_ph_8_14_t14_v1
-1340725564,m_cl_l_fmm_1_7_t4_v0
-1340636058,f_cl_clo_l2f_t_5_0_t7_v1
-1340622776,m_cl_he_fmm_18_2_t14_v1
-1340601850,packed_mp_veh_mod_idx_5_v407
-1340547632,ve_zombieb_t0_v3
-1340511376,m_cl_clo_trm_b_1_1_t1_v1
-1340504094,packed_ng_vehicle_neon_v99
-1340503220,m_cl_clo_grm_b_2_1_t1_v1
-1340499256,f_cl_clo_suf_u_19_0_t11_v1
-1340498586,f_cl_clo_h2f_o_c_9_t3_v12
-1340434424,packed_mp_veh_wheel_type_0_v205
-1340402785,m_cl_tat_fm_101_t100_v0
-1340363537,vem_smod4_whlv129_t66_v1
-1340305645,vem_spt_21_t19_v1
-1340288332,packed_lr_vehicle_colour_6_v331
-1340248090,packed_mp_veh_mod_idx_s_9_v187
-1340207073,packed_mp_veh_mod_idx_12_v197
-1340192075,fcarcade_c_up3_c_19
-1340115827,packed_mp_veh_mod_idx_s_15_v398
-1339916646,m_cl_u_fmm_15_0_t11_v0
-1339896110,f_cl_clo_bif_o_15_t3_v12
-1339785477,m_cl_crew_logo_3_t10_v1
-1339751956,m_cl_clo_pim_o_0_t7_v12
-1339744764,packed_mp_veh_mod_idx_7_v334
-1339696312,vem_rwd_suv_07_t19_v12
-1339644790,vem_colour_1_mct_classic_mariner_blue_t24_v1
-1339627743,wp_wct_c_tint_18_t2_v1_n2
-1339520843,packed_mp_veh_plate_id_v158
-1339333444,vem_colour_2_mct_classic_candy_red_t25_v3
-1339264274,m_cl_clo_busm_l_1_12_t4_v1
-1339130111,vem_supermod_1_18_t42_v3
-1339063975,f_cl_clo_sbf_u_17_7_t11_v1
-1338967787,packed_mp_veh_mod_idx_s_11_v410
-1338937488,ve_sheava_t0_v3
-1338772645,f_cl_clo_h3f_u_3_1_t11_v1
-1338750320,m_cl_clo_smm_ph_4_17_t14_v1
-1338673158,packed_mp_veh_mod_idx_s_11_v400
-1338652646,vem_supermod_2_4_t43_v10
-1338573856,vem_supermod_23_1_n1_t64_v3
-1338463869,vem_cmod_smoke_6_t18_v33
-1338458288,packed_mp_veh_mod_idx_13_v117
-1338222633,packed_mp_veh_mod_idx_9_v30
-1338219820,packed_mp_veh_mod_idx_s_10_v115
-1338094396,vem_supermod_2_6_t43_v28
-1338045349,packed_ng_vehicle_neon_v183
-1338033207,vem_colour_2_mct_matte_lime_green_t25_v2
-1338009574,f_cl_clo_stf_ht8_14_t14_v1
-1337969506,vem_colour_extra_1_mct_pearlescent_salmon_pink_t24_v1
-1337784967,vem_colour_5_bison_brown_t38_v3
-1337704293,f_cl_clo_exf_au_6_0_t11_v1
-1337683405,packed_mp_veh_colour_extra1_0_v24
-1337652894,f_cl_clo_x4f_u_11_10_t11_v1
-1337647537,packed_mp_veh_mod_idx_s_16_v370
-1337573524,packed_mp_veh_mod_idx_4_v366
-1337568852,packed_mp_veh_mod_idx_s_4_v411
-1337438529,packed_ng_vehicle_insurance_v101
-1337409551,vem_supermod_21_8_t62_v26
-1337364785,f_cl_clo_sbf_u_18_11_t11_v1
-1337350222,vem_horn_luxe2_t10_v28
-1337302753,packed_mp_veh_mod_idx_3_v7
-1337241816,f_cl_clo_h4f_b_2_1_t1_v1
-1337225858,packed_mp_veh_mod_var_1_v338
-1337193478,vem_insurance_velum2
-1337169838,m_cl_clo_stm_ht8_6_t14_v1
-1337147176,m_cl_clo_exm_eu_12_2_t11_v1
-1337133935,m_cl_clo_vwm_u_10_24_t11_v1
-1337114380,packed_mp_veh_livery_0_v228
-1337034113,vem_supermod_19_0_t60_v28
-1337013720,f_cl_clo_ief_u_4_24_t11_v1
-1336781324,m_cl_clo_l2m_w_11_2_t14_v1
-1336690922,f_cl_clo_trf_d_10_0_t10_v1
-1336663534,f_cl_clo_stf_o_e_2_t11_v12
-1336451074,wp_wct_c_tint_31_t2_v21_n2
-1336358299,vem_colour_2_mct_metallic_bright_green_t25_v1
-1336320044,cf_tuner_mission_passed
-1336246838,packed_mp_veh_mod_idx_4_v54
-1336230193,f_cl_clo_grf_u_3_13_t11_v1
-1336180449,packed_mp_veh_mod_idx_s_18_v262
-1336100464,m_cl_clo_grm_b_0_5_t1_v1
-1336072526,packed_mp_veh_mod_idx_s_10_v302
-1336057466,m_cl_clo_exm_g_15_8_t14_v0
-1335945483,packed_mp_veh_mod_idx_s_14_v152
-1335920259,wp_wm_tint2_t3_v4
-1335909581,packed_ng_vehicle_neon_kit_v386
-1335908777,packed_mp_veh_mod_idx_s_11_v399
-1335830416,pr_mp_prop_52_t0_v0
-1335710564,m_cl_clo_sum_ph_0_0_t14_v1
-1335702195,packed_mp_veh_mod_var_1_v273
-1335702002,m_cl_clo_scm_d_22_0_t10_v1
-1335620762,vem_smod4_whlv112_t66_v3
-1335603459,packed_mp_veh_wheel_type_0_v335
-1335545243,m_cl_outfit_clo_stm_o_5_t12_v0_cesp
-1335475829,f_cl_clo_l2f_rw_3_0_t14_v1
-1335390079,f_cl_clo_sbf_u_13_24_t11_v1
-1335379635,vem_supermod_59_2_t59_v7
-1335326078,f_cl_clo_lxf_u_6_9_t11_v1
-1335289569,packed_mp_veh_mod_idx_s_16_v302
-1335186764,vem_supermod_3_7_t44_v38
-1335164502,f_cl_clo_scf_l_0_21_t4_v1
-1335161612,m_cl_clo_val_decl_i_t8_v1
-1335018438,mp_stat_mpsv_model_186
-1334994972,m_cl_clo_h2m_b_5_11_t1_v1
-1334985471,packed_mp_veh_mod_idx_s_1_v235
-1334820744,vem_smod4_whlv144_t66_v1
-1334733224,vem_fender_r_6_t37_v29
-1334701156,packed_mp_veh_mod_idx_12_v17
-1334496042,m_cl_clo_l2m_u_4_2_t11_v1
-1334452351,packed_mp_veh_colour_extra1_0_v198
-1334446004,vem_colour_2_mct_classic_blaze_red_t25_v2
-1334430296,vem_supermod_2_5_t43_v26
-1334412292,f_cl_clo_h2f_b_5_8_t1_v1
-1334339331,packed_mp_veh_mod_idx_0_v326
-1334310877,m_cl_f_fmm_1_3_t6_v0
-1334305928,f_cl_clo_smf_b_9_22_t1_v1
-1334207276,packed_mp_veh_colour_extra2_0_v225
-1334169879,m_cl_clo_exm_eu_11_8_t11_v1
-1334133537,fcclub_garg_4_t0_v0
-1334087980,packed_ng_vehicle_smoke_v372
-1334065818,packed_mp_veh_secondary_colour_group_v41
-1333967280,vem_smod4_whlv89_t66_v3
-1333963443,packed_mp_veh_mod_idx_23_v267
-1333901485,f_cl_clo_awf_ph_2_8_t14_v1
-1333882056,vem_colour_extra_1_mct_pearlescent_racing_green_t24_v4
-1333845311,packed_mp_veh_mod_idx_s_22_v260
-1333800321,packed_mp_veh_mod_var_0_v69
-1333752541,packed_mp_veh_mod_idx_3_v311
-1333684689,vem_smod2_whl17_t19_v3
-1333626209,m_cl_clo_fxm_pe_2_7_t14_v1
-1333547042,packed_mp_veh_mod_idx_s_12_v413
-1333532185,packed_mp_veh_mod_idx_24_v114
-1333522930,f_cl_clo_grf_u_10_15_t11_v1
-1333427958,mba_graphics_7_t0_v0
-1333396935,vem_cmod_hrn_0_t10_v31
-1333352520,f_cl_outfit_clo_h4f_o_h2_f4_t12_v0
-1333180832,packed_mp_veh_mod_idx_s_15_v333
-1333143582,m_cl_clo_h4m_decl_31_t11_v1
-1333101914,vem_supermod_21_8_t62_v3
-1333091412,f_cl_clo_busf_f_1_3_t6_v1
-1333083441,hangar_index_2_t0_v0
-1332994363,f_cl_clo_ief_u_7_15_t11_v1_cesp
-1332969228,f_cl_outfit_o_fmf_p7_t12_v0
-1332878959,vem_smod_whlv208_t66_v0
-1332740574,packed_mp_veh_livery_0_v17
-1332693958,packed_mp_veh_mod_idx_s_4_v113
-1332676475,vem_colour_extra_1_mct_metallic_umber_brown_t24_v0
-1332603181,m_cl_clo_vwm_pey_1_6_t14_v1
-1332525868,f_cl_clo_ief_u_5_14_t11_v1
-1332406166,f_cl_clo_bus_m_0_8_t1_v1
-1332368709,wp_wct_flash_t1_v10
-1332311187,packed_mp_veh_mod_var_0_v255
-1332261242,wp_wct_flash_t1_v9
-1332245477,vem_colour_2_mct_classic_grace_red_t25_v0
-1332118110,m_cl_clo_vem_dec_42_t11_v1
-1332109044,vem_supermod_51_3_t51_v7
-1332083552,f_cl_outfit_clo_hstf_o_l_0_t12_v0
-1331852724,f_cl_outfit_clo_trf_o_d2_t12_v0
-1331847021,packed_mp_veh_mod_idx_s_17_v382
-1331571924,m_cl_clo_bim_decl_4_t100_v0
-1331569322,packed_mp_veh_mod_idx_s_23_v412
-1331565068,packed_mp_veh_mod_idx_3_v101
-1331425336,packed_mp_veh_mod_idx_1_v141
-1331424942,m_cl_clo_ltsm_o_12_t3_v12
-1331387029,hangar_mod_lighting_8_t0_v1
-1331386849,packed_mp_veh_mod_idx_18_v147
-1331323157,f_ta_tat_x6_045_t0_v0
-1331312833,f_cl_ht_fmf_15_5_t14_v0
-1331195928,f_cl_clo_grf_decl_31_t11_v1
-1331139944,wp_wct_camo_6_t1_v1_n2
-1331075259,packed_lr_vehicle_colour_5_v407
-1331052753,wp_wt_gnade_t2_v1
-1331027293,m_cl_clo_scm_ey_1_7_t14_v1
-1331002751,packed_mp_veh_mod_idx_3_v124
-1330974667,wp_wct_tint_5_t2_v22_n2
-1330956437,ve_manchez2_t0_v3
-1330909138,vem_horn_hips3_t10_v5
-1330832403,f_ta_tat_sm_002_t0_v0
-1330794451,vem_colour_1_mct_matte_red_t24_v33
-1330764047,m_cl_outfit_clo_h3m_o_clb_2_t12_v0
-1330755006,service_spend_order_warehouse_vehicle
-1330688113,f_cl_clo_vwf_ph_1_21_t14_v1
-1330623879,vem_horn_indi_4_t10_v1
-1330508122,packed_mp_veh_mod_idx_3_v303
-1330453984,packed_mp_veh_mod_idx_s_6_v337
-1330353220,f_cl_clo_hp_f_g_0_6_t14_v1
-1330342503,f_cl_outfit_clo_ief_o_12_t12_v0
-1330333438,packed_mp_veh_colour_extra1_0_v241
-1330232566,m_cl_clo_grm_b_0_6_t1_v1
-1330188737,veu_voodoo2_t0_v0
-1330150662,f_cl_clo_l2f_dec_14_t100_v0
-1330149106,vem_supermod_0_15_t41_v7
-1330146161,m_cl_clo_hp_d_26_t8_v1
-1330064003,vem_cmod_col5_8_t29_v3
-1330053826,f_cl_clo_bhf_b_0_11_t1_v1
-1330034210,f_cl_clo_arf_o_22_t11_v12
-1330012135,f_cl_clo_exf_decl_7_t11_v1
-1329976049,packed_mp_veh_mod_idx_22_v112
-1329804186,vem_supermod_1_17_t42_v3
-1329700427,vem_supermod_1_13_t42_v10
-1329670220,m_cl_outfit_clo_h3m_o_dh_15_t12_v0
-1329566141,m_cl_clo_busm_g1_1_t14_v1
-1329566021,packed_mp_veh_mod_idx_4_v243
-1329528895,vem_cmod_tyr_0_t31_v11
-1329456924,packed_mp_veh_mod_idx_s_2_v169
-1329385781,packed_mp_veh_mod_idx_11_v163
-1329352810,vem_smod4_whlv12_t66_v2
-1329323482,packed_mp_veh_mod_var_1_v133
-1329294727,packed_mp_veh_mod_idx_s_3_v329
-1329283770,packed_mp_veh_secondary_colour_group_v269
-1329256950,f_cl_clo_ief_u_1_2_t11_v1
-1329187291,vem_smod_whlv156_t66_v3
-1329083898,packed_mp_veh_mod_idx_3_v68
-1329032892,f_ta_tat_h27_025_t0_v0
-1329027665,packed_mp_veh_mod_idx_8_v119
-1328959854,packed_mp_veh_mod_idx_s_18_v93
-1328951516,f_cl_clo_scf_d_20_0_t10_v1
-1328919291,vem_suv_13_t19_v3
-1328905054,f_cl_clo_grf_g_0_9_t3_v1
-1328847022,packed_mp_veh_mod_idx_s_10_v107
-1328827125,f_cl_clo_hstf_u_6_2_t11_v1
-1328750775,m_ha_hair_beard16_t1_v0
-1328620536,vem_cmod_hrn_mus3_t10_v31
-1328607984,vem_cmod_neoncol_8_t21_v3
-1328594603,packed_mp_veh_mod_idx_s_12_v346
-1328552268,vem_supermod_23_2_t64_v14
-1328509567,m_cl_clo_x6m_f_6_15_t6_v1
-1328433072,hub_contraband_mission_v0
-1328390837,f_cl_clo_bif_s_16_17_t8_v1
-1328241779,m_cl_clo_lxm_dec_35_t100_v0
-1328213665,vem_colour_2_mct_matte_orange_t25_v1
-1328186941,vem_yacht_flag_8_v0
-1328168199,packed_mp_veh_mod_idx_s_12_v137
-1328132742,vem_supermod_42_20_t42_v7
-1328120827,vem_smod4_whlv47_t66_v2
-1328111924,packed_mp_veh_mod_idx_s_1_v343
-1328101792,packed_mp_veh_mod_idx_2_v41
-1328048915,packed_mp_veh_mod_idx_7_v413
-1327997153,packed_mp_veh_colour1_0_v141
-1327873306,m_cl_clo_exm_eu_10_3_t8_v1
-1327867833,f_cl_clo_h3f_b_18_9_t1_v1
-1327839093,packed_mp_veh_livery_0_v107
-1327804434,vem_smod5_whlv77_t66_v3
-1327787675,f_cl_clo_x6f_ph_0_17_t14_v1
-1327752037,packed_ng_vehicle_smoke_v175
-1327502633,packed_mp_veh_mod_idx_5_v173
-1327428761,m_cl_clo_bus_m_2_1_t1_v1
-1327412588,packed_ng_vehicle_smoke_v41
-1327334571,vem_smod3_whlv31_t66_v3
-1327331084,m_cl_clo_lxm_e_10_0_t14_v1
-1327280525,f_cl_clo_smf_b_1_12_t1_v1
-1327275365,packed_mp_veh_mod_idx_s_3_v275
-1327196495,wp_wct_c_tint_25_t2_v47_n2
-1327100935,vem_smod5_whlv66_t66_v3
-1327040350,f_cl_clo_awf_l_5_8_t4_v1
-1327013750,f_cl_clo_bus_m_0_15_t1_v1
-1327003097,m_ta_tat_h3_021_t0_v0
-1326993223,packed_mp_veh_window_tint_0_v261
-1326936624,m_cl_clo_trm_u_19_1_t11_v1
-1326821164,packed_lr_vehicle_colour_6_v144
-1326756007,vem_horn_cnote_c0_t10_v37
-1326732506,packed_mp_veh_mod_idx_s_17_v230
-1326702027,ve_volatol_t1_v3
-1326650908,packed_mp_veh_mod_idx_s_4_v95
-1326583276,m_cl_clo_trm_u_11_2_t11_v1
-1326493349,vem_horn_hween1_t10_v2
-1326427834,f_cl_clo_h3f_b_18_7_t1_v1
-1326422504,f_ta_tat_sm_012_t0_v0
-1326408286,vem_turbo_0_t17_v5
-1326361443,packed_mp_veh_mod_idx_s_5_v26
-1326326077,packed_mp_veh_wheel_type_0_v241
-1326289638,m_ha_cc_mkup_26_t5_v0
-1326243907,m_cl_clo_lxm_u_7_6_t11_v1
-1326219124,vem_supermod_3_27_t44_v3
-1326197222,m_ta_tat_x6_032_t0_v0
-1326161547,packed_mp_veh_mod_idx_s_20_v128
-1326149874,vem_turbo_0_t17_v35
-1325964296,vem_supermod_53_8_t53_v7
-1325953379,packed_ng_vehicle_neon_v35
-1325920291,packed_mp_veh_mod_idx_s_19_v202
-1325846508,m_cl_clo_busm_s_1_4_t8_v1
-1325820941,packed_mp_veh_mod_idx_s_3_v312
-1325650484,packed_mp_veh_mod_idx_7_v163
-1325645653,m_cl_clo_sbm_b_10_24_t1_v1
-1325642367,packed_mp_veh_mod_idx_s_20_v147
-1325569573,packed_mp_veh_mod_idx_9_v274
-1325558090,f_cl_clo_bif_prw_6_0_t14_v1
-1325504335,m_cl_clo_stm_u_3_7_t11_v1
-1325482776,packed_lr_vehicle_colour_6_v40
-1325443693,f_cl_clo_awf_u_7_16_t11_v1
-1325404483,dec_vw_aw_mt_25a
-1325246303,packed_mp_veh_primary_colour_group_v143
-1325190679,vem_horn_clas1_t10_v5
-1325182891,wp_wct_knife_xm309_t1_v34
-1325133244,kosatk_col_6_t0_v0
-1325119673,packed_mp_veh_mod_idx_11_v401
-1325065986,vem_rwd_spt_24_t19_v1
-1324929099,packed_mp_veh_mod_idx_s_12_v406
-1324922609,f_cl_clo_x6f_ey_3_20_t14_v1
-1324881360,vem_offr_03_t19_v3
-1324849100,vem_colour_extra_1_mct_metallic_creek_brown_t24_v3
-1324822120,f_ta_tat_bi_051_t0_v0
-1324762058,m_cl_clo_val_decl_k_t8_v1
-1324562118,f_cl_clo_smf_ph_3_12_t14_v1
-1324536502,m_cl_u_fmm_13_1_t8_v0
-1324500690,m_cl_clo_sum_decl_4_t100_v0
-1324294472,vem_spoiler_21_t14_v3
-1324255232,f_cl_clo_hstf_g_3_1_t3_v1
-1324244396,packed_mp_veh_mod_idx_13_v351
-1324139839,packed_mp_veh_mod_idx_s_14_v228
-1324135067,casweb_style_7_t0_v0
-1323998746,m_cl_clo_fxm_l_1_3_t4_v1
-1323918533,vem_colour_1_mct_matte_red_t24_v0
-1323897818,m_cl_clo_vwm_ph_1_13_t14_v1
-1323896581,vem_supermod_21_2_t62_v27
-1323788211,m_cl_clo_l2m_e_23_0_t14_v1
-1323783118,vem_cmod_tyr_5_t18_v26
-1323772596,f_cl_clo_indf_d_20_t11_v1
-1323771354,vem_supermod_5_10_t46_v27
-1323625732,vem_rwd_bikew_23_t19_v3
-1323525447,vem_colour_1_mct_metallic_blaze_red_t24_v33
-1323457305,f_cl_clo_vwf_f_1_13_t6_v1
-1323436297,mp_stat_mpsv_model_42
-1323425344,vem_insurance_ruston
-1323407543,m_cl_clo_x6m_o_o_6_t3_v12
-1323399318,packed_ng_vehicle_insurance_v300
-1323397695,m_cl_clo_h4m_t_13_6_t7_v1
-1323232017,vem_supermod_23_3_t64_v28
-1323174698,f_cl_clo_h3f_ph_5_5_t14_v1
-1323029063,packed_mp_veh_mod_idx_11_v142
-1323010618,packed_mp_veh_mod_idx_s_6_v1
-1322772183,vem_colour_extra_1_mct_classic_bronze_t24_v0
-1322659902,vem_colour_1_mct_metallic_silver_t24_v33
-1322650272,vem_cmod_tyr_lg_t30_v39
-1322555797,packed_mp_veh_mod_idx_9_v326
-1322542263,m_cl_clo_iem_o_6_t3_v12_cesp
-1322503621,f_ha_cc_mkup_48_t5_v0
-1322464353,f_cl_clo_h4f_b_2_21_t1_v1
-1322437121,packed_mp_veh_mod_idx_2_v302
-1322396429,packed_ng_vehicle_bpt_v319
-1322392504,m_ha_cc_m_hs_14_t0_v1
-1322294303,packed_mp_veh_mod_idx_0_v224
-1322264049,wp_wct_tint_17_t2_v70_n2
-1322173668,f_cl_clo_hp_f_u_2_8_t8_v1
-1322159886,f_cl_clo_scf_ey_4_5_t14_v1
-1322090628,m_cl_clo_hilf_l_1_1_t4_v1
-1322018662,packed_mp_veh_mod_idx_s_14_v158
-1321995332,f_cl_l_fmf_12_3_t4_v0
-1321929328,packed_mp_veh_mod_idx_s_15_v384
-1321929183,vem_smod4_whlv60_t66_v1
-1321904946,f_cl_clo_scf_u_4_11_t11_v1
-1321879095,m_cl_clo_s1m_u_1_1_t11_v1
-1321776746,f_cl_clo_x6f_ph_8_7_t14_v1
-1321739408,f_cl_clo_suf_u_20_17_t11_v1
-1321736094,f_cl_outfit_clo_h2f_o_c_3_t12_v0
-1321703880,m_cl_outfit_clo_lxm_o_4_t12_v0
-1321692456,mp_stat_prop_office_gar2_v0
-1321541391,packed_mp_veh_mod_idx_15_v59
-1321509332,f_cl_clo_bhf_u_3_5_t11_v1
-1321402358,m_cl_outfit_clo_h4m_o_s2_m3_t12_v0
-1321400668,f_cl_clo_exf_decl_13_t100_v0
-1321383549,packed_mp_veh_mod_idx_s_22_v137
-1321360716,vem_colour_1_mct_metals_gold_s_t24_v0
-1321278815,f_cl_clo_pif_d_1_t100_v0
-1321259316,f_cl_clo_sbf_l_3_5_t4_v1
-1321256572,m_cl_clo_h3m_o_bs_4_t11_v12
-1321249868,vem_supermod_2_9_t43_v28
-1321192527,packed_mp_veh_mod_idx_13_v389
-1321143901,m_cl_clo_sum_u_17_16_t11_v2
-1321026534,wp_wct_c_tint_17_t2_v46_n2
-1320954282,packed_mp_veh_mod_idx_s_12_v110
-1320873426,packed_mp_veh_mod_var_0_v226
-1320861192,m_cl_clo_trm_u_5_3_t11_v1
-1320813283,vem_brake_3_t2_v6
-1320733780,packed_mp_veh_livery_0_v150
-1320676064,packed_mp_veh_colour2_0_v138
-1320636676,vem_colour_2_mct_metallic_maple_brown_t25_v4
-1320631578,packed_mp_veh_mod_idx_s_13_v200
-1320577548,f_cl_outfit_clo_x6f_o_o_6_t12_v0
-1320560602,packed_mp_veh_mod_idx_s_15_v78
-1320352232,vem_mct_invalid_t255_v0
-1320328570,f_cl_clo_x6f_ph_0_10_t14_v1
-1320286695,vem_supermod_1_4_t42_v11
-1320206205,packed_mp_veh_secondary_colour_group_v281
-1320170515,vem_colour_5_blaze_red_t38_v3
-1320156664,f_cl_clo_busf_u_2_8_t8_v2
-1320143326,m_cl_clo_hp_d_2_t8_v2
-1320137647,m_cl_clo_iem_ph_0_12_t14_v1
-1320054738,m_cl_clo_bbm_t_1_2_t7_v1
-1320020826,m_cl_clo_x6m_l_7_5_t4_v1
-1319999626,vem_supermod_17_5_t58_v27
-1319782712,vem_smod_whl16_t19_v3
-1319637010,m_cl_clo_h3m_s_1_6_t8_v1
-1319606941,packed_mp_veh_mod_idx_0_v250
-1319579653,vem_colour_extra_1_mct_metallic_blaze_red_t24_v33
-1319520305,f_ha_cc_f_hs_3_t0_v2
-1319481113,vem_insurance_virtue
-1319475573,wp_wct_tint_30_t2_v8_n2
-1319464597,vem_colour_1_mct_metallic_sienna_brown_t24_v2
-1319330890,vem_supermod_2_0_t43_v36
-1319311364,packed_mp_veh_mod_idx_4_v215
-1319309640,m_cl_u_fmm_14_5_t8_v2
-1319259811,m_cl_clo_s2m_d_0_t11_v1
-1319214601,packed_mp_veh_mod_idx_s_14_v355
-1319189642,packed_mp_veh_mod_idx_s_22_v159
-1319162550,vem_grill_2_t8_v26
-1319062630,packed_mp_veh_mod_idx_s_4_v132
-1319002391,ve_gauntlet_t0_v0
-1318918873,vem_cmod_neoncol_12_t21_v26
-1318900812,f_cl_clo_x6f_l_8_16_t4_v1
-1318803503,f_cl_clo_bhf_decl_35_t11_v1
-1318799768,packed_ng_vehicle_insurance_v193
-1318773111,vem_supermod_3_44_t44_v3
-1318728154,ve_shamal_t0_v0
-1318718239,vem_colour_1_mct_metallic_light_blue_t24_v0
-1318714016,m_cl_clo_sum_b_3_12_t1_v1
-1318680384,packed_mp_veh_mod_idx_14_v117
-1318672561,packed_mp_veh_mod_idx_7_v311
-1318648711,packed_mp_veh_mod_idx_s_17_v207
-1318644581,packed_mp_veh_colour_extra2_0_v275
-1318607857,m_cl_outfit_clo_awm_o_b_12_t12_v0
-1318577601,vem_cmod_neonlay_2_t21_v36
-1318532939,f_cl_clo_sbf_l_4_13_t4_v1
-1318503751,ve_khanjali_t0_v34
-1318409789,vem_colour_extra_1_mct_classic_black_graphite_t24_v0
-1318374541,packed_mp_veh_mod_idx_16_v394
-1318373167,vem_smod4_whl_21_t19_v3
-1318288057,packed_mp_veh_mod_idx_s_19_v132
-1318046405,f_cl_clo_x6f_ph_1_19_t14_v1
-1318044291,m_cl_clo_og_decl_3_t11_v1
-1318001642,m_cl_clo_sbm_ph_6_7_t14_v1
-1317942733,f_cl_clo_grf_u_21_17_t11_v1
-1317927029,packed_mp_veh_mod_idx_14_v183
-1317890273,m_cl_clo_bim_u_18_0_t11_v1
-1317706222,vem_insurance_veto
-1317648081,packed_mp_veh_mod_idx_s_12_v365
-1317534717,mp_stat_mpsv_model_58
-1317460880,f_cl_clo_smf_ph_6_24_t14_v1
-1317430146,vem_smod4_whlv85_t66_v2
-1317397180,m_cl_l_fmm_1_8_t4_v0
-1317386871,f_cl_clo_hp_f_l_2_13_t4_v1
-1317296167,packed_mp_veh_mod_idx_3_v373
-1317224169,f_cl_clo_awf_b_8_2_t1_v1
-1317206390,m_cl_clo_scm_ph_2_0_t14_v1
-1317134696,vem_supermod_14_12_t55_v3
-1317074600,packed_mp_veh_mod_idx_s_19_v171
-1316955460,mp_stat_arcade_personal_quarters_v0
-1316912498,vem_supermod_3_40_t44_v3
-1316884990,vem_rwd_hiend_07_t19_v2
-1316858154,m_cl_clo_awm_ph_1_15_t14_v1
-1316814494,f_cl_clo_suf_l_5_1_t4_v1
-1316722205,m_cl_clo_vwm_s_6_3_t8_v1
-1316663593,packed_mp_veh_mod_idx_s_13_v181
-1316618992,m_cl_clo_grm_u_16_4_t11_v1
-1316581490,m_cl_l_fmm_3_4_t4_v0
-1316555863,packed_mp_veh_mod_idx_s_16_v409
-1316323995,packed_mp_veh_mod_idx_15_v149
-1316320366,vem_colour_2_mct_classic_woodbeech_brown_t25_v1
-1316262606,packed_mp_veh_mod_idx_s_9_v198
-1316235021,m_cl_clo_bhm_u_12_2_t11_v1
-1316229193,wp_wct_holo_t1_v8_n2
-1316194535,wp_wct_tint_31_t2_v46_n2
-1316191482,packed_mp_veh_mod_idx_s_11_v214
-1316067253,packed_mp_veh_livery_0_v27
-1316039868,f_cl_outfit_clo_h3f_o_sh_35_t12_v0
-1315978335,wp_wct_camo_5_t1_v1_n2
-1315958685,vem_cmod_col5_6_t29_v2
-1315793091,vem_supermod_55_4_t55_v7
-1315790286,packed_mp_veh_mod_idx_s_8_v383
-1315745659,packed_mp_veh_mod_idx_0_v237
-1315539065,packed_mp_veh_mod_idx_s_6_v390
-1315476609,vem_colour_extra_1_mct_metallic_spin_purple_t24_v4
-1315474707,packed_mp_veh_mod_idx_s_2_v342
-1315452643,packed_mp_veh_livery_0_v272
-1315312880,multistorey_garage_tint_8_v0
-1315307781,m_cl_clo_halm_5_0_t1_v1
-1315285127,vem_chassis_3_t4_v30
-1315284408,m_cl_clo_busm_u_2_8_t11_v1
-1315145357,vem_smod_whlv211_t66_v0
-1315089533,packed_mp_veh_secondary_colour_group_v318
-1315080162,packed_mp_veh_mod_idx_s_6_v238
-1315059845,m_cl_clo_awm_o_h_5_t3_v12
-1314953010,packed_mp_veh_mod_idx_24_v127
-1314833758,m_cl_clo_x6m_ph_8_8_t14_v1
-1314811661,wp_wct_flash_t1_v88
-1314764881,m_cl_clo_assm_o_2_t3_v12
-1314750616,packed_mp_veh_mod_idx_0_v196
-1314703756,m_cl_clo_sbm_f_0_11_t6_v1
-1314696037,vem_smod4_whlv108_t66_v1
-1314694620,m_ta_tat_l2_016_t0_v0
-1314635251,m_cl_clo_sbm_b_10_12_t1_v1
-1314562287,vem_cmod_tyr_stt_t30_v27
-1314490000,packed_mp_veh_colour_extra2_0_v344
-1314453431,ve_pbus2_t1_v9
-1314448823,packed_mp_veh_mod_idx_s_14_v184
-1314365345,service_spend_island_heist_support_weapon_stash
-1314347163,packed_mp_veh_mod_idx_s_0_v263
-1314307296,f_cl_clo_sbf_rw_0_1_t14_v1
-1314283649,packed_mp_veh_mod_idx_1_v116
-1314258933,packed_mp_veh_mod_idx_s_22_v90
-1314169276,vem_colour_2_mct_metallic_sunrise_orange_t25_v0
-1314144557,packed_mp_veh_mod_idx_8_v335
-1314088195,f_cl_clo_s1f_dec_17_t100_v0
-1314082148,vem_colour_1_mct_metallic_red_t24_v33
-1314077764,packed_mp_veh_mod_idx_3_v58
-1314077075,packed_mp_veh_secondary_colour_group_v385
-1314043479,f_ha_cc_blush_23_t5_v0
-1314010957,m_ha_hair_beard8_t1_v1
-1313932965,f_cl_clo_grf_b_2_16_t1_v1
-1313916710,m_cl_clo_bhm_decl_18_t11_v1
-1313860015,vem_musc_01_t19_v3
-1313858256,vem_smod5_whlv115_t66_v3
-1313838480,m_cl_clo_sbm_e_0_5_t14_v1
-1313780850,vem_cmod_col5_14_t29_v0
-1313759102,packed_mp_veh_mod_idx_s_1_v344
-1313704520,packed_mp_veh_mod_idx_22_v374
-1313701779,f_cl_clo_smf_b_7_17_t1_v1
-1313609433,vem_cmod_hrn_mus5_t10_v7
-1313592450,f_cl_clo_exf_g_8_8_t14_v0
-1313543090,packed_mp_veh_mod_idx_s_15_v290
-1313522112,m_ha_cc_eyebrw_31_t2_v1
-1313368629,ve_seven70_t0_v3
-1313264489,vem_supermod_8_17_t49_v3
-1313238618,ve_submersible_t1_v0
-1313216201,vem_colour_extra_1_mct_metallic_white_t24_v0
-1313079602,vem_brake_2_t2_v33
-1313046186,m_cl_clo_awm_u_1_7_t11_v1
-1313023266,m_cl_clo_exm_eu_12_7_t11_v1
-1312926463,packed_mp_veh_mod_idx_s_2_v133
-1312921021,packed_mp_veh_livery_0_v56
-1312908969,f_cl_clo_busf_u_3_0_t11_v1
-1312877818,packed_mp_veh_mod_idx_18_v325
-1312742014,f_cl_clo_smf_b_9_4_t1_v1
-1312617647,m_cl_clo_grm_ph_5_20_t14_v1
-1312606466,packed_mp_veh_mod_idx_s_0_v287
-1312555645,packed_mp_veh_mod_idx_s_22_v60
-1312521853,packed_mp_veh_primary_colour_group_v310
-1312424355,packed_mp_veh_mod_idx_s_20_v308
-1312392673,vem_spoiler_2_t14_v3
-1312298734,packed_mp_veh_mod_idx_4_v181
-1312281214,f_cl_clo_x6f_f_1_8_t6_v1
-1312268294,packed_mp_veh_mod_idx_s_10_v227
-1312096156,packed_mp_veh_plate_id_v285
-1312051566,m_cl_clo_arm_o_24_t3_v12
-1312049332,vem_cmod_tyr_4_t18_v29
-1312031625,vem_loride_04_t19_v12
-1311961470,m_ha_clo_s1m_h_3_0_t0_v0
-1311895347,vem_supermod_6_3_t47_v3
-1311617248,packed_lr_vehicle_colour_6_v175
-1311559017,mp_stat_mpsv_model_340
-1311508957,mp_stat_mpsv_model_61
-1311389883,vem_trans_1_t16_v28
-1311370200,wp_wct_camo_4_t1_v46_n2
-1311367607,vem_supermod_18_0_t59_v5
-1311222677,m_cl_l_fmm_9_3_t4_v0
-1311179549,vem_spoiler_2_t14_v37
-1311167297,vem_musc_04_t19_v0
-1311060968,packed_mp_veh_mod_idx_2_v74
-1311037701,vem_smod_whl23_t19_v3
-1311015070,vem_grill_0_t8_v31
-1310953160,vem_spoiler_13_t14_v38
-1310907808,packed_mp_veh_mod_idx_s_4_v262
-1310747798,f_cl_clo_h2f_u_6_8_t11_v1
-1310729569,f_cl_clo_sbf_e_0_1_t14_v1
-1310676918,packed_mp_veh_mod_idx_s_16_v353
-1310580889,packed_mp_veh_mod_idx_s_5_v101
-1310575826,packed_mp_veh_colour1_0_v15
-1310463306,packed_mp_veh_colour_extra2_0_v94
-1310454638,packed_mp_veh_secondary_colour_group_v400
-1310397783,f_cl_clo_grf_u_19_0_t11_v1
-1310274103,packed_mp_veh_mod_idx_7_v189
-1310230891,packed_mp_veh_mod_idx_4_v256
-1310162532,f_cl_clo_h4f_s_1_0_t8_v1
-1310118196,packed_mp_veh_mod_idx_12_v364
-1310055111,f_cl_clo_busf_l_1_9_t4_v1
-1310002180,vem_cmod_win_3_t33_v30
-1309991009,fa_upgrade_coke_staff_1_t0_v0
-1309919570,f_cl_outfit_clo_h4f_o_h1_f2_t12_v0
-1309892758,f_ha_cc_lipstick_1_t8_v1
-1309736483,wp_wct_tint_15_t2_v46_n2
-1309593172,vem_hood_13_t9_v35
-1309498255,vem_colour_2_mct_metallic_saxon_blue_t25_v33
-1309437984,m_cl_clo_grm_b_5_4_t1_v1
-1309403674,m_cl_clo_scm_d_22_4_t10_v1
-1309372678,m_cl_clo_busm_u_3_5_t11_v1
-1309224662,packed_mp_veh_secondary_colour_group_v321
-1309187026,f_cl_clo_fxf_l_5_21_t4_v1
-1309181214,m_cl_outfit_clo_hstm_o_11_t12_v0
-1309140116,f_cl_clo_hstf_f_4_1_t6_v1
-1309112049,vem_colour_extra_1_mct_pearlescent_lime_green_t24_v2
-1309078977,f_cl_clo_h3f_u_10_8_t11_v1
-1309054333,vem_supermod_53_6_t53_v7
-1309018589,packed_mp_veh_mod_idx_s_1_v89
-1308980578,vem_colour_extra_1_mct_matte_midnight_silver_t24_v0
-1308782927,packed_mp_veh_mod_idx_s_0_v135
-1308762562,vem_smod_whlv88_t66_v3
-1308755921,vem_supermod_8_2_t49_v6
-1308704232,ve_elegy2_t0_v3
-1308666860,packed_mp_veh_livery_0_v209
-1308575869,pr_pm_off_gar_1_t0_v0
-1308492115,f_cl_clo_awf_o_b_12_t8_v12
-1308467924,f_cl_clo_awf_o_b_8_t3_v12
-1308349235,packed_mp_veh_plate_id_v122
-1308333725,vem_colour_1_mct_classic_formula_red_t24_v1
-1308305908,packed_mp_veh_mod_idx_23_v247
-1308263100,m_cl_clo_trm_f_1_7_t6_v1
-1308241332,f_cl_clo_x4f_u_9_2_t11_v1
-1308211232,f_cl_clo_fxf_l_4_18_t4_v1
-1308196761,m_cl_outfit_clo_h3m_o_ff_8_t12_v0
-1308095138,vem_smod2_whlv191_t66_v3
-1308091586,m_cl_clo_fxm_l_1_11_t4_v1
-1308013308,packed_mp_veh_mod_idx_10_v263
-1307968550,vem_rwd_musc_07_t19_v2
-1307929537,ve_voltic2_t1_v3
-1307835281,packed_mp_veh_mod_idx_s_23_v145
-1307820869,m_cl_clo_vwm_b_10_1_t1_v1
-1307817820,packed_mp_veh_mod_idx_s_23_v41
-1307630128,packed_mp_veh_mod_idx_s_14_v82
-1307458329,vem_colour_2_mct_classic_gold_t25_v33
-1307214929,wp_wct_grip_t1_v13
-1307077753,packed_mp_veh_mod_idx_1_v150
-1306961514,vem_colour_extra_1_mct_classic_lime_green_t24_v3
-1306960159,m_cl_clo_x17m_b_10_2_t1_v1
-1306955462,m_cl_outfit_clo_iem_o_6_t12_v0_cesp
-1306947849,vem_colour_extra_1_mct_metallic_bright_purple_t24_v0
-1306839398,m_cl_clo_x6m_f_14_2_t6_v1
-1306833671,packed_mp_veh_mod_idx_s_11_v199
-1306807371,packed_mp_veh_mod_idx_12_v320
-1306771376,f_cl_clo_assf_o_6_t8_v12
-1306757714,vem_smod4_whlv70_t66_v1
-1306726058,wp_ps_can_1_t2_v33
-1306672016,packed_mp_veh_mod_idx_s_21_v117
-1306598362,vem_colour_extra_1_mct_metallic_straw_brown_t24_v2
-1306279188,m_cl_clo_arm_o_3_t3_v12
-1306234571,m_cl_clo_s1m_u_0_2_t11_v1
-1306119101,vem_supermod_59_22_t59_v7
-1306090869,pm_weapon_pim_ammo_increase
-1306050128,packed_mp_veh_mod_idx_10_v253
-1306042416,f_cl_clo_fxf_u_7_14_t11_v1
-1306039487,m_cl_clo_grm_u_9_9_t11_v1
-1305975369,m_cl_clo_x17m_o_m_5_t3_v12
-1305910350,packed_mp_veh_mod_idx_s_8_v315
-1305849725,packed_mp_veh_mod_idx_15_v274
-1305841188,vem_cmod_col5_11_t29_v4
-1305751167,packed_mp_veh_mod_idx_18_v105
-1305747272,f_ha_face_e_c_31_t4_v0
-1305692826,packed_mp_veh_mod_idx_s_20_v197
-1305642575,vem_smod4_whlv48_t66_v0
-1305459247,packed_mp_veh_mod_idx_2_v160
-1305427669,m_cl_outfit_clo_x6m_o_o_4_t12_v0
-1305383239,f_cl_clo_h2f_o_g_0_t3_v12
-1305266607,vem_supermod_23_6_t64_v34
-1305061193,m_ha_cc_mkup_53_t5_v0
-1304992315,m_cl_clo_smm_u_3_7_t11_v1
-1304973075,ve_dukes2_t0_v0
-1304845142,vem_colour_2_mct_metallic_bright_purple_t25_v33
-1304782539,ccur_bet
-1304419977,mp_stat_inv_hackertruck_model_0
-1304401618,packed_mp_veh_mod_idx_s_7_v121
-1304318457,m_cl_outfit_clo_hstm_o_k_1_t12_v0
-1304251847,packed_ng_vehicle_neon_kit_v206
-1304249775,f_cl_clo_fxf_u_5_8_t11_v1
-1304210165,packed_lr_vehicle_colour_5_v14
-1304184916,packed_mp_veh_mod_idx_s_8_v288
-1304153164,mp_stat_mpsv_model_117
-1303982540,packed_mp_veh_mod_idx_s_5_v52
-1303889428,m_cl_clo_exm_au_8_0_t11_v1
-1303761617,packed_ng_vehicle_insurance_v128
-1303714278,packed_mp_veh_mod_idx_s_19_v320
-1303685155,f_cl_clo_bhf_u_5_15_t11_v1
-1303493022,f_cl_outfit_clo_ief_o_1_t12_v0
-1303455840,fcbase_qrt2_t0_v0
-1303350988,packed_mp_veh_mod_idx_s_22_v29
-1303336301,packed_mp_veh_mod_idx_s_19_v90
-1303207914,vem_colour_5_blue_silver_t38_v0
-1303198081,packed_mp_veh_mod_idx_14_v400
-1303193661,m_cl_clo_sum_u_17_1_t11_v2
-1303082471,packed_mp_veh_mod_idx_s_3_v385
-1303065797,packed_ng_vehicle_smoke_v69
-1303052657,m_cl_clo_grm_l_2_16_t4_v1
-1302819611,f_cl_clo_grf_u_13_17_t11_v1
-1302819091,packed_mp_veh_mod_idx_s_3_v340
-1302794135,f_ta_tat_st_012_t0_v0
-1302750210,f_cl_ht_fmf_4_7_t14_v0
-1302742823,f_cl_clo_awf_o_b_4_t3_v12
-1302712173,f_cl_clo_trf_decl_0_t100_v0
-1302698693,ve_ruiner2_t1_v3
-1302662055,packed_mp_veh_mod_idx_s_9_v183
-1302566056,packed_mp_veh_colour_extra2_0_v360
-1302509753,packed_mp_veh_mod_idx_24_v231
-1302410401,m_cl_clo_hp_d_24_t8_v1
-1302314379,m_cl_clo_iem_o_10_t3_v12
-1302293351,packed_mp_veh_mod_idx_s_11_v340
-1302271319,f_cl_clo_bif_u_31_1_t11_v1
-1302225033,vem_supermod_14_11_t55_v26
-1302218643,veu_deathbike_t0_v0
-1302209239,m_cl_clo_hilf_u_3_7_t11_v1
-1302203302,vem_engine_0_t5_v33
-1302198383,packed_mp_veh_mod_idx_23_v193
-1302197955,vem_colour_1_mct_classic_racing_blue_t24_v1
-1302192031,vem_supermod_23_11_n1_t64_v3
-1302177656,m_cl_he_fmm_17_1_t14_v0
-1302165752,m_cl_clo_l2m_t_13_0_t7_v1
-1302015447,vem_cmod_win_0_t33_v4
-1301872062,packed_mp_veh_mod_idx_13_v6
-1301708740,veu_tenf2_t0_v0
-1301692337,packed_mp_veh_mod_idx_8_v330
-1301642142,f_cl_clo_bhf_u_13_2_t11_v1
-1301550380,packed_mp_veh_mod_idx_9_v340
-1301497343,m_ta_tat_h27_011_t0_v0
-1301458060,packed_mp_veh_mod_idx_5_v341
-1301437515,packed_mp_veh_mod_idx_7_v344
-1301334917,m_cl_clo_hst_b_1_0_t1_v1
-1301288291,packed_mp_veh_mod_idx_s_7_v139
-1301246310,packed_mp_veh_mod_idx_23_v182
-1301090289,m_cl_clo_grm_u_10_10_t11_v1
-1301075078,packed_mp_veh_window_tint_0_v407
-1301074157,f_cl_clo_h4f_prw_0_6_t14_v1
-1301067822,packed_mp_veh_wheel_type_0_v54
-1301063902,packed_mp_veh_mod_idx_23_v80
-1300968464,packed_mp_veh_mod_idx_3_v33
-1300869573,m_cl_clo_h3m_b_5_0_t1_v1
-1300861300,ve_fcr_t0_v0
-1300841274,vem_supermod_0_3_t41_v27
-1300614863,packed_mp_veh_mod_idx_s_11_v71
-1300532936,wp_wct_tint_18_t2_v70_n2
-1300531224,packed_mp_veh_mod_idx_s_20_v315
-1300520385,packed_mp_veh_mod_idx_22_v343
-1300418207,packed_mp_veh_mod_idx_22_v200
-1300418090,vem_colour_1_mct_metallic_sunrise_orange_t24_v1
-1300413770,packed_mp_veh_mod_idx_8_v315
-1300360183,f_ta_tat_h4_020_t0_v0
-1300302633,f_cl_clo_hstf_b_8_0_t1_v1
-1300245664,packed_mp_veh_mod_idx_s_13_v161
-1300215187,packed_mp_veh_mod_idx_24_v206
-1300196649,m_cl_clo_bhm_decl_52_t100_v0
-1300162886,m_cl_clo_h2m_o_g_6_t3_v12
-1300153723,m_cl_clo_l2m_dec_14_t11_v1
-1300143931,f_cl_clo_exf_eu_9_5_t8_v1
-1299979241,vem_colour_extra_1_mct_metallic_cast_iron_sil_t24_v3
-1299973140,mp_stat_mpsv_model_259
-1299892636,m_cl_clo_exm_au_10_0_t11_v1
-1299859221,vem_racecar_whl5_t19_v3
-1299788586,packed_mp_veh_mod_idx_s_21_v165
-1299736602,vem_cmod_tyr_8_t18_v37
-1299695688,f_cl_clo_grf_b_2_2_t1_v1
-1299510808,vem_racecar_whl9_t19_v3
-1299503757,f_cl_clo_grf_u_0_7_t11_v1
-1299287332,dbase_index_4_t0_v0
-1299258012,packed_mp_veh_mod_idx_23_v275
-1299239048,vem_colour_5_bronze_t38_v0
-1299232273,fa_upgrade_cash_sec_0_t0_v0
-1299207914,f_cl_clo_l2f_rw_2_0_t14_v1
-1299166567,f_cl_clo_indf_d_20_t100_v0
-1299166497,f_cl_clo_awf_ph_1_8_t14_v1
-1299161440,f_cl_clo_smf_b_6_19_t1_v1
-1299092846,vem_supermod_23_2_t64_v7
-1299053712,ve_issi3_t1_v3
-1299048512,f_cl_clo_x6f_f_6_21_t6_v1
-1299016416,packed_lr_vehicle_colour_5_v143
-1298884909,pr_pm_bfont_0_t0_v0
-1298846067,f_cl_clo_half_7_2_t1_v1
-1298826450,packed_mp_veh_mod_idx_5_v137
-1298762576,packed_mp_veh_mod_idx_s_6_v30
-1298758372,vem_skirt_8_t13_v1
-1298691642,m_cl_clo_lxm_e_26_0_t14_v1
-1298645448,packed_mp_veh_mod_idx_s_8_v402
-1298528209,f_cl_clo_h4f_decl_18_t100_v0
-1298447456,vem_colour_2_mct_metallic_bright_orange_t25_v0
-1298447080,f_cl_clo_bif_s_16_6_t8_v1
-1298388047,ve_comet2_t0_v3
-1298348896,packed_mp_veh_mod_idx_s_14_v204
-1298246430,packed_mp_veh_mod_idx_5_v373
-1298100275,vem_supermod_8_0_t49_v36
-1298022672,vem_colour_extra_1_mct_classic_blaze_red_t24_v3
-1297930533,packed_mp_veh_mod_idx_15_v351
-1297739047,vem_cmod_win_1_t33_v35
-1297734915,packed_ng_vehicle_neon_kit_v127
-1297527929,f_cl_clo_smf_b_8_24_t1_v1
-1297478016,vem_supermod_10_9_t51_v3
-1297430627,vem_sub_heli_c_11
-1297416558,m_cl_clo_x6m_u_1_11_t11_v1
-1297387104,vem_colour_extra_1_mct_pearlescent_lava_red_t24_v1
-1297379215,m_cl_clo_vwm_u_9_18_t11_v1
-1297363785,f_cl_clo_sbf_ph_5_23_t14_v1
-1297337934,f_cl_clo_vwf_f_1_12_t6_v1
-1297216660,f_cl_clo_scf_u_0_4_t11_v1
-1297198606,vem_supermod_15_1_n1_t56_v38
-1297110416,f_cl_clo_s2f_d_20_t11_v1
-1297103179,ccur_veh_purchase_reward
-1297058748,dec_vw_aw_wv_25
-1296889469,vem_rwd_drft_11_t19_v12
-1296753513,f_cl_clo_bif_decl_18_t11_v1
-1296704230,vem_cmod_tyr_255_t18_v3
-1296516775,f_cl_clo_grf_b_2_20_t1_v1
-1296507393,packed_mp_veh_mod_idx_24_v328
-1296487926,vem_colour_1_mct_classic_purple_t24_v1
-1296426507,f_ta_tat_bi_039_t0_v0_cesp
-1296423919,packed_ng_vehicle_neon_kit_v130
-1296380038,f_cl_clo_x5f_u_16_12_t11_v1
-1296272926,f_cl_clo_stf_o_16_t8_v12_cesp
-1296260015,packed_mp_veh_colour_extra2_0_v146
-1296253128,cf_mission_passed_bh
-1296250128,m_cl_u_fmm_14_6_t8_v1
-1296175187,ve_marshall_t1_v18
-1296162503,m_cl_clo_hstm_t_1_5_t7_v1
-1296121533,ve_journey_t1_v0
-1296074678,wp_wct_clip1_t1_v4
-1296065901,packed_mp_veh_mod_idx_18_v377
-1295966107,packed_ng_vehicle_smoke_v176
-1295898590,packed_mp_veh_livery2_0_v226
-1295726206,m_cl_clo_arm_u_3_0_t11_v1
-1295665360,ve_ardent_t0_v3
-1295665084,m_cl_clo_hp_u_2_4_t11_v1
-1295613421,f_cl_clo_h3f_ph_1_2_t14_v1
-1295545795,service_spend_casino_heist_skip_mission
-1295533091,packed_ng_vehicle_neon_v220
-1295455656,f_cl_clo_smf_b_5_18_t1_v1
-1295416667,f_cl_f_fmf_6_1_t6_v0
-1295378393,packed_lr_vehicle_colour_5_v124
-1295264072,f_cl_clo_vwf_u_6_12_t11_v1
-1295197349,vem_supermod_42_12_t42_v7
-1295186044,packed_mp_veh_plate_id_v55
-1294926078,f_cl_clo_x6f_u_12_0_t11_v1
-1294896641,f_cl_clo_smf_ph_1_13_t14_v1
-1294890565,f_cl_clo_vwf_u_4_17_t11_v1
-1294801939,vem_rwd_spt_20_t19_v1
-1294760887,f_cl_clo_suf_decl_12_t100_v0
-1294545492,vem_cmod_neoncol_2_t21_v31
-1294534635,packed_lr_vehicle_colour_5_v160
-1294528116,packed_mp_veh_mod_idx_s_0_v146
-1294293756,packed_mp_veh_mod_idx_s_1_v321
-1294207469,packed_mp_veh_mod_idx_3_v230
-1294176543,wp_wct_tint_1_t2_v5_n2
-1294154332,vem_smod3_whlv38_t66_v3
-1294096135,f_cl_clo_bhf_u_0_1_t11_v1
-1294061225,f_cl_clo_x6f_b_2_4_t1_v1
-1294051120,m_cl_clo_iem_o_5_t3_v12
-1294023256,packed_ng_vehicle_bpt_v406
-1294018729,packed_mp_veh_mod_idx_s_11_v275
-1293967913,vem_supermod_10_19_t51_v11
-1293876480,pr_mp_prop_12_t0_v0
-1293702659,packed_mp_veh_livery2_0_v213
-1293669540,packed_mp_veh_mod_idx_s_11_v393
-1293651081,vem_smod2_whl14_t19_v12
-1293644920,packed_mp_veh_mod_idx_10_v315
-1293634408,packed_mp_veh_mod_idx_7_v234
-1293537114,packed_mp_veh_mod_idx_8_v130
-1293490075,f_cl_clo_ief_b_8_1_t1_v1
-1293414936,vem_brake_1_t2_v10
-1293402987,vem_cmod_tyr_4_t18_v38
-1293366479,packed_mp_veh_mod_idx_4_v380
-1293344901,vem_supermod_16_3_t57_v27
-1293306020,packed_mp_veh_mod_idx_2_v328
-1293263350,vem_cmod_neoncol_11_t21_v26
-1293238601,packed_mp_veh_mod_idx_10_v213
-1293202441,m_cl_clo_h4m_decl_61_t100_v0
-1293193912,packed_mp_veh_mod_idx_13_v273
-1293080212,vem_truck_slot_9_mod_4_t0_v0
-1293069313,packed_mp_veh_secondary_colour_group_v333
-1293063388,f_cl_clo_h3f_decl_6_t11_v1
-1292894540,vem_smod_whl6_t19_v3
-1292819400,mp_stat_casinoapt_mod_interiorb_v0
-1292749265,vem_colour_extra_1_mct_pearlescent_cream_t24_v2
-1292573087,m_cl_clo_hp_h_0_2_t14_v1
-1292535037,vem_supermod_20_3_t61_v27
-1292528096,f_cl_clo_sbf_pe_1_13_t14_v1
-1292393261,packed_mp_veh_window_tint_0_v73
-1292384888,f_cl_clo_trf_u_12_17_t11_v1
-1292266001,packed_mp_veh_mod_idx_15_v180
-1292249714,packed_mp_veh_mod_idx_9_v47
-1292144152,vem_supermod_12_18_t53_v3
-1292121713,packed_mp_veh_mod_idx_11_v34
-1292104127,vem_supermod_13_14_t54_v26
-1292022993,vem_supermod_20_4_t61_v3
-1291874460,packed_mp_veh_mod_var_0_v376
-1291754605,f_cl_clo_smf_b_3_17_t1_v1
-1291697510,dec_vw_aw_mt_27b
-1291631403,kosatk_col_15_t0_v0
-1291579704,f_cl_clo_vwf_pw_2_4_t14_v1
-1291568473,vem_colour_1_mct_metallic_harbor_blue_t24_v3
-1291561832,vem_colour_1_mct_matte_matte_foil_t24_v0
-1291490543,packed_mp_veh_mod_idx_14_v254
-1291433573,service_spend_island_heist_support_heavy_weapon
-1291326481,packed_mp_veh_mod_idx_s_10_v28
-1291289871,vem_cmod_tyr_11_t18_v29
-1291228067,ve_cognosc2_t1_v0
-1291143456,f_cl_clo_ltsfh_0_3_t14_v1
-1291127316,packed_mp_veh_primary_colour_group_v97
-1291123760,packed_mp_veh_mod_idx_24_v21
-1291002164,m_cl_clo_arm_o_26_t7_v12
-1290986228,packed_mp_veh_mod_idx_0_v355
-1290942362,packed_mp_veh_mod_idx_12_v200
-1290738417,wp_wct_tint_28_t2_v22_n2
-1290682781,packed_mp_veh_mod_idx_s_7_v359
-1290643805,vem_cmod_col5_25_t29_v2
-1290565151,packed_mp_veh_mod_idx_11_v382
-1290537320,packed_mp_veh_colour2_0_v372
-1290532444,packed_mp_veh_mod_idx_s_18_v203
-1290519427,vem_musc_20_t19_v0
-1290489072,vem_supermod_12_3_t53_v10
-1290470095,f_cl_clo_stf_o_18_t8_v12_cesp
-1290282337,packed_mp_veh_mod_idx_11_v269
-1290194134,vem_spoiler_1_t14_v2
-1290145969,m_ha_cc_eyebrw_15_t2_v0
-1289897938,m_cl_he_fmm_18_6_t14_v1
-1289894494,m_cl_clo_h3m_b_14_18_t1_v1
-1289768232,ve_raiju_t1_v34
-1289553530,vem_smod4_whlv27_t66_v0
-1289539481,f_cl_l_fmf_0_3_t4_v0
-1289534043,f_cl_clo_ief_u_7_15_t11_v1
-1289522421,vem_roof_0_t12_v33
-1289503434,f_cl_clo_hstfb_16_9_t1_v1
-1289333232,f_ha_cc_f_hs_14_t0_v1
-1289268927,f_cl_clo_awf_decl_64_t100_v0
-1289219167,packed_mp_veh_mod_idx_14_v326
-1289018443,m_cl_clo_bim_decl_15_t100_v0
-1288981576,f_cl_clo_grf_u_22_0_t11_v1
-1288941017,vem_supermod_61_9_t61_v7
-1288858890,f_cl_clo_grf_u_7_13_t11_v1
-1288805886,vem_supermod_3_22_t44_v27
-1288794339,packed_mp_veh_mod_var_0_v245
-1288719775,m_cl_clo_sum_u_7_15_t11_v1
-1288606832,vem_cmod_tyr_1_t32_v33
-1288565269,f_cl_clo_x6f_u_24_19_t11_v1
-1288404515,m_cl_u_fmm_9_14_t8_v0
-1288336020,packed_mp_veh_mod_idx_23_v160
-1288312657,packed_mp_veh_mod_idx_s_18_v78
-1288240041,vem_supermod_9_15_t50_v27
-1288193455,m_cl_clo_sbm_ph_5_12_t14_v1
-1288148708,packed_mp_veh_mod_idx_24_v157
-1288141639,vem_supermod_21_1_t62_v6
-1288135470,m_cl_clo_iem_u_18_10_t11_v1_cesp
-1288113654,f_cl_clo_fxf_l_0_2_t4_v1
-1288107869,vem_cmod_neoncol_3_t21_v11
-1288098382,vem_colour_1_mct_classic_flur_yellow_t24_v0
-1288091052,dec_vw_aw_2s_8
-1288085882,vem_skirt_3_t13_v38
-1288077318,f_cl_clo_awf_b_12_5_t1_v1
-1287989571,packed_mp_veh_mod_idx_6_v26
-1287944802,ve_weevil_t1_v3
-1287940123,pr_pm_accom_0_t0_v0
-1287904868,vem_smod4_whlv166_t66_v3
-1287703539,packed_mp_veh_mod_idx_22_v216
-1287685683,packed_mp_veh_mod_idx_s_6_v324
-1287677672,packed_mp_veh_mod_idx_s_1_v264
-1287633486,ve_reaper_t0_v3
-1287488695,m_cl_clo_lxm_w_2_0_t14_v1
-1287466074,mp_stat_businesshub_owned_v0
-1287464077,vem_supermod_50_6_t50_v7
-1287312160,packed_mp_veh_mod_idx_24_v88
-1287304184,m_cl_clo_hstm_u_10_0_t11_v1
-1287099742,m_cl_clo_h3m_ph_5_18_t14_v1
-1287038856,packed_mp_veh_mod_idx_24_v383
-1286941141,vem_colour_2_mct_metallic_stone_silver_t25_v4
-1286897161,ve_cognosc_t1_v3
-1286816083,vem_smod5_whlv92_t66_v3
-1286813716,packed_mp_veh_mod_idx_12_v238
-1286765963,packed_mp_veh_mod_idx_16_v267
-1286752552,f_cl_clo_x4f_u_13_7_t11_v1
-1286702006,packed_mp_veh_mod_idx_s_3_v160
-1286689244,packed_mp_veh_mod_var_0_v188
-1286622738,packed_mp_veh_mod_idx_s_15_v14
-1286291859,f_cl_clo_x2f_ht_3_0_t14_v1
-1286229820,packed_mp_veh_mod_idx_11_v133
-1286184504,vem_supermod_8_1_t49_v27
-1286182372,vem_horn_luxe2_t10_v5
-1286138772,vem_bumper_f_24_t34_v3
-1286083129,packed_mp_veh_wheel_type_0_v297
-1285983720,vem_grill_1_t8_v2
-1285938868,packed_mp_veh_mod_idx_s_23_v230
-1285856254,vem_smod_whl16_t19_v12
-1285812582,packed_mp_veh_mod_idx_s_0_v194
-1285716202,vem_hood_7_t9_v38
-1285594254,packed_mp_veh_mod_idx_14_v16
-1285573198,m_cl_clo_sbm_pe_1_15_t14_v1
-1285542314,packed_mp_veh_mod_idx_s_14_v324
-1285539535,mba_colour_1_t0_v0
-1285411267,f_cl_clo_x4f_ph_4_0_t14_v1
-1285258571,m_cl_g_fmm_5_2_t14_v0
-1285247789,packed_mp_veh_mod_idx_18_v174
-1285203935,vem_smod4_whlv55_t66_v1
-1285191836,packed_mp_veh_mod_var_0_v329
-1285099056,vem_supermod_45_3_t45_v7
-1285003790,m_cl_clo_x6m_t_6_3_t7_v1
-1284901151,packed_mp_veh_mod_idx_16_v174
-1284827846,packed_mp_veh_mod_idx_s_3_v301
-1284642653,ve_surge_t0_v0
-1284521054,wp_wct_c_tint_5_t2_v21_n2
-1284507733,packed_mp_veh_mod_idx_s_9_v177
-1284402954,packed_mp_veh_mod_idx_s_17_v283
-1284396600,wp_wct_clip1_t1_v52
-1284380225,packed_mp_veh_mod_idx_s_6_v81
-1284349867,packed_mp_veh_mod_idx_s_20_v252
-1284348107,mp_stat_factoryupgrades3_1_v0
-1284322489,wp_wt_dagger_t1_v0
-1284207472,packed_mp_veh_mod_idx_6_v311
-1284167227,m_cl_clo_bhm_u_0_18_t11_v1
-1284134623,packed_mp_veh_mod_idx_24_v79
-1284126330,packed_mp_veh_mod_idx_s_22_v314
-1284079028,f_cl_clo_vwf_pey_1_8_t14_v1
-1283980869,ve_boor_t0_v3
-1283958793,f_cl_clo_grf_b_1_6_t1_v1
-1283928703,f_cl_clo_ief_ph_0_2_t14_v1_cesp
-1283891161,service_spend_pa_service_snack
-1283889642,f_cl_clo_xmasf_u_0_1_t11_v1
-1283858920,packed_mp_veh_mod_idx_11_v125
-1283830145,vem_supermod_14_3_t55_v26
-1283717204,m_cl_clo_awm_ph_2_11_t14_v1
-1283512687,f_cl_outfit_clo_hstf_o_c_0_t12_v0
-1283512142,vem_smod4_whlv45_t66_v1
-1283430586,f_cl_clo_vwf_pe_0_1_t14_v1
-1283348254,vem_colour_1_mct_classic_galaxy_blue_t24_v0
-1283229881,vem_rwd_offr_09_t19_v1
-1283134702,f_cl_clo_exf_ob_13_t8_v12
-1283039330,packed_mp_veh_mod_idx_13_v267
-1282948594,packed_lr_vehicle_colour_6_v388
-1282929304,packed_lr_vehicle_colour_5_v269
-1282869724,packed_mp_veh_primary_colour_group_v374
-1282813355,m_cl_outfit_clo_hilf_o_6_t12_v0
-1282728906,m_cl_clo_grm_u_15_1_t11_v1
-1282703494,f_cl_clo_exf_eu_104_t11_v1
-1282699445,packed_ng_vehicle_smoke_v276
-1282590360,vem_cmod_tyr_2_t30_v10
-1282534363,vem_smod5_whlv150_t66_v3
-1282509339,mp_stat_mpsv_model_200
-1282492069,packed_mp_veh_livery_0_v160
-1282422545,f_cl_outfit_clo_hstf_o_i_3_t12_v0
-1282118917,packed_mp_veh_mod_idx_0_v242
-1282074015,m_cl_clo_h2m_u_7_6_t11_v1
-1282055714,packed_mp_veh_mod_idx_s_1_v196
-1281943021,m_cl_clo_bim_u_13_1_t11_v1
-1281863753,packed_mp_veh_mod_idx_s_13_v358
-1281773043,vem_supermod_2_15_t43_v27
-1281654360,packed_ng_vehicle_smoke_v344
-1281614424,ve_marshall_t1_v8
-1281422475,ve_virgo_t0_v3
-1281393440,packed_mp_veh_mod_idx_s_3_v166
-1281390041,m_cl_clo_awm_o_b_3_t3_v12
-1281319651,wp_wm_tint3_t2_v98
-1281289418,m_cl_clo_h3m_u_5_0_t11_v1
-1281261993,m_cl_clo_hilf_u_1_5_t11_v1
-1281238273,nclu_index_8_t0_v0
-1281126239,f_ta_tat_h3_019_t0_v0
-1281044049,f_cl_clo_h2f_b_8_0_t1_v1
-1281039424,packed_mp_veh_colour1_0_v136
-1281006120,m_cl_clo_h3m_o_bs_4_t3_v12
-1281005220,ve_defiler_t1_v3
-1280976730,f_cl_clo_lxf_e_6_2_t14_v1
-1280942759,packed_mp_veh_mod_idx_s_2_v178
-1280925442,packed_mp_veh_mod_idx_14_v354
-1280921764,vem_colour_2_mct_metallic_salmon_pink_t25_v4
-1280804332,m_cl_clo_hstmb_14_3_t1_v1
-1280735726,f_ha_cc_mkup_8_t7_v1
-1280698320,packed_mp_veh_mod_idx_15_v171
-1280685892,vem_sub_heli_c_23
-1280673625,f_cl_clo_hstfb_16_7_t1_v1
-1280597090,packed_mp_veh_mod_var_0_v164
-1280581147,wp_wct_c_tint_25_t2_v9_n2
-1280400669,packed_mp_veh_mod_idx_7_v399
-1280279865,m_cl_clo_sbm_pe_1_16_t14_v1
-1280259065,f_cl_u_fmf_14_4_t11_v0
-1280244472,fcarcade_grg1_t0_v0
-1280168981,m_cl_clo_bhm_decl_31_t100_v0
-1280107103,f_cl_clo_exf_eu_5_0_t11_v1
-1279895031,m_cl_clo_h4m_b_0_17_t1_v1
-1279877951,packed_mp_veh_mod_idx_s_8_v155
-1279863350,vem_supermod_23_30_n1_t64_v3
-1279841365,f_cl_clo_vwf_u_20_5_t11_v1
-1279802496,packed_mp_veh_mod_idx_24_v299
-1279710284,wp_wct_tint_31_t2_v8_n2
-1279693510,m_cl_u_fmm_6_9_t11_v0
-1279631807,packed_ng_vehicle_insurance_v398
-1279571286,vem_rwd_musc_12_t19_v12
-1279562997,m_cl_outfit_clo_awm_o_g_6_t12_v0
-1279412474,vem_cmod_pla_2_t23_v29
-1279116160,packed_mp_veh_mod_idx_s_7_v58
-1279074175,m_cl_clo_x6m_f_10_17_t6_v1
-1279067709,wp_wct_c_tint_24_t2_v1_n2
-1278998979,packed_mp_veh_mod_idx_4_v44
-1278987031,packed_mp_veh_colour_extra1_0_v278
-1278985580,mp_stat_factoryupgrades1_2_v0
-1278984548,vem_smod3_whlv133_t66_v3
-1278982654,m_ha_clo_trm_h_0_0_t0_v0
-1278965569,m_cl_clo_l2m_w_11_0_t14_v1
-1278891572,vem_colour_extra_1_mct_pearlescent_umber_brown_t24_v1
-1278886070,vem_bumper_r_11_t35_v26
-1278864218,packed_mp_veh_mod_var_1_v145
-1278667626,vem_supermod_9_0_t50_v3
-1278593720,packed_mp_veh_mod_idx_22_v17
-1278535896,packed_mp_veh_mod_idx_5_v322
-1278517054,f_cl_outfit_clo_h3f_o_dl_14_t12_v0
-1278441628,f_cl_clo_x6f_u_12_15_t11_v1
-1278441215,f_ta_tat_x2_023_t0_v0
-1278295496,vem_colour_5_torino_red_t38_v3
-1278225037,wp_wct_c_tint_9_t2_v48_n2
-1278202775,packed_mp_veh_mod_idx_18_v340
-1277947796,packed_mp_veh_mod_idx_s_19_v335
-1277936588,m_cl_clo_scm_ey_0_20_t14_v1
-1277848517,vem_supermod_57_9_t57_v7
-1277847884,f_cl_clo_vwf_pw_0_4_t14_v1
-1277762352,packed_mp_veh_mod_idx_s_16_v32
-1277658084,packed_mp_veh_mod_idx_0_v124
-1277563763,packed_mp_veh_mod_idx_8_v280
-1277523644,mp_stat_mpsv_model_52
-1277429888,vem_colour_5_sunrise_orange_t38_v0
-1277406603,packed_mp_veh_mod_idx_s_20_v136
-1277297954,packed_mp_veh_secondary_colour_group_v52
-1277295907,f_cl_clo_trf_u_6_3_t11_v1
-1277214446,vem_colour_1_mct_classic_sea_green_t24_v33
-1277206261,vem_supermod_5_10_t46_v11
-1277203299,m_cl_clo_iem_u_16_1_t11_v1
-1277183495,vem_smod3_whlv106_t66_v3
-1277084901,f_cl_l_fmf_14_1_t4_v0
-1277084399,packed_mp_veh_mod_idx_s_8_v3
-1277076089,packed_mp_veh_mod_idx_2_v196
-1277069533,packed_mp_veh_mod_idx_23_v311
-1277057716,m_cl_clo_hp_u_8_3_t8_v1
-1277040602,f_cl_outfit_clo_ltsf_o_5_t12_v0
-1276932150,packed_mp_veh_mod_idx_12_v187
-1276906084,packed_mp_veh_colour2_0_v392
-1276857765,packed_mp_veh_mod_idx_s_4_v290
-1276827228,packed_mp_veh_plate_id_v389
-1276799726,m_cl_clo_grm_u_16_3_t11_v1
-1276740915,f_cl_rew_rs_t11_v0
-1276727754,packed_mp_veh_mod_idx_s_12_v13
-1276678868,service_spend_cash_shared
-1276548716,f_cl_clo_stf_u_6_6_t11_v1
-1276511455,packed_mp_veh_colour2_0_v2
-1276470332,m_cl_clo_h2m_u_3_15_t11_v1
-1276469665,m_cl_rew_rs_t8_v0
-1276459403,mp_stat_hub_prod_total_2_v0
-1276433133,vem_colour_extra_1_mct_classic_dark_silver_t24_v33
-1276384333,m_cl_outfit_clo_h2m_o_g_21_t12_v0
-1276364180,vem_exhaust_15_t6_v3
-1276352928,f_cl_outfit_clo_hstf_o_e_0_t12_v0
-1276346912,packed_mp_veh_mod_idx_5_v139
-1276269551,ve_primo2_t0_v0
-1276181908,packed_mp_veh_mod_idx_s_0_v152
-1276135751,m_cl_clo_bim_u_15_0_t11_v1
-1276104959,m_cl_clo_sum_u_13_9_t11_v1
-1276045835,packed_mp_veh_mod_idx_s_7_v303
-1275969389,vem_cmod_tyr_1_t32_v3
-1275935985,f_cl_clo_suf_u_0_3_t11_v1
-1275872899,packed_mp_veh_mod_idx_s_14_v332
-1275835213,packed_mp_veh_mod_idx_s_4_v396
-1275825269,m_cl_clo_h3m_b_16_1_t1_v1
-1275805198,m_cl_clo_smm_b_1_18_t1_v1
-1275763094,packed_mp_veh_mod_idx_24_v193
-1275710276,f_cl_ht_fmf_13_0_t14_v0
-1275687384,vem_colour_2_mct_classic_garnet_red_t25_v3
-1275642784,packed_mp_veh_mod_idx_10_v130
-1275593020,f_cl_clo_hstfb_14_10_t1_v1
-1275572934,f_cl_clo_h2f_u_3_3_t11_v1
-1275554736,m_cl_clo_smm_u_7_0_t11_v1
-1275547560,f_cl_clo_h4f_b_2_23_t1_v1
-1275507274,vem_smod_whlv122_t66_v3
-1275370843,packed_mp_veh_mod_idx_s_6_v300
-1275282593,packed_mp_veh_mod_idx_10_v128
-1275243834,packed_mp_veh_mod_idx_7_v194
-1275163178,packed_mp_veh_mod_idx_s_3_v9
-1275055320,vem_supermod_20_14_t61_v3
-1275023299,f_cl_clo_val_decl_m_t8_v1
-1274824272,m_cl_clo_sbm_u_11_4_t11_v1
-1274812326,packed_mp_veh_mod_idx_3_v96
-1274647904,f_cl_clo_hstfb_20_1_t1_v1
-1274621079,m_cl_clo_bim_s_11_0_t8_v1
-1274590378,mp_stat_mpsv_model_153
-1274583606,vem_offr_01_t19_v3
-1274540273,packed_mp_veh_mod_idx_s_2_v250
-1274497688,m_cl_clo_grm_l_2_9_t4_v1
-1274477169,packed_mp_veh_mod_idx_s_3_v134
-1274474427,packed_mp_veh_mod_idx_14_v139
-1274451723,m_cl_clo_lxm_u_7_0_t11_v1
-1274418755,service_earn_daily_stash_house_participation
-1274376835,packed_mp_veh_mod_idx_s_3_v389
-1274356845,f_ha_cc_eyebrw_28_t2_v1
-1274320656,wp_wct_c_tint_13_t2_v56_n2
-1274295923,packed_mp_veh_livery_0_v354
-1274261503,packed_mp_veh_window_tint_0_v374
-1274150736,m_cl_outfit_clo_hstm_o_e_3_t12_v0
-1274093257,packed_mp_veh_mod_idx_s_10_v252
-1274085698,vem_supermod_16_5_t57_v6
-1273964617,m_cl_clo_smm_b_9_0_t1_v1
-1273729681,packed_mp_veh_mod_idx_4_v213
-1273708629,vem_cmod_tyr_2_t30_v5
-1273600488,packed_mp_veh_mod_idx_14_v66
-1273507445,packed_mp_veh_mod_idx_11_v27
-1273500878,packed_mp_veh_mod_idx_s_16_v98
-1273483696,f_cl_clo_vwf_pw_8_0_t14_v1
-1273439804,vem_bumper_f_5_t34_v4
-1273371204,packed_mp_veh_mod_idx_1_v73
-1273321825,m_ta_tat_ar_006_t0_v0
-1273270683,packed_mp_veh_mod_idx_14_v261
-1273170147,wp_wct_tint_24_t2_v21_n2
-1273155513,vem_supermod_23_0_t64_v19
-1273130754,f_cl_clo_fxf_ph_2_12_t14_v1
-1273105289,packed_mp_veh_mod_idx_s_16_v215
-1273032172,packed_mp_veh_mod_var_1_v178
-1272972941,packed_mp_veh_mod_idx_22_v381
-1272940857,m_ta_tat_bb_032_t0_v0
-1272919898,packed_mp_veh_mod_idx_s_13_v207
-1272854029,packed_mp_veh_secondary_colour_group_v370
-1272702582,vem_colour_extra_1_mct_metallic_midnight_blue_t24_v1
-1272689802,packed_mp_veh_mod_idx_4_v126
-1272634054,m_cl_clo_smm_b_2_8_t1_v1
-1272521770,vem_supermod_50_2_t50_v7
-1272467250,m_cl_outfit_clo_grm_o_1_t12_v0
-1272449830,packed_mp_veh_mod_idx_16_v210
-1272424584,packed_mp_veh_mod_idx_s_23_v357
-1272310914,packed_mp_veh_mod_idx_9_v133
-1272296248,vem_insurance_freecrawler
-1272284035,vem_supermod_18_0_t59_v27
-1272266044,packed_mp_veh_mod_idx_12_v254
-1272256008,vem_supermod_4_1_t45_v38
-1272166196,f_cl_clo_scf_ey_4_1_t14_v1
-1272158064,packed_mp_veh_mod_idx_0_v105
-1272151424,m_cl_outfit_clo_h3m_o_dl_33_t12_v0
-1272061609,f_cl_clo_arf_o_24_t7_v12
-1272059047,m_cl_outfit_clo_fxm_o_g_2_t12_v0
-1271991834,packed_mp_veh_mod_idx_s_12_v35
-1271919610,packed_mp_veh_mod_idx_11_v388
-1271890432,vem_roof_20_t12_v38
-1271776319,mp_stat_mpsv_model_307
-1271720522,m_ha_brd_hp_4_t1_v0
-1271548361,f_cl_clo_h3f_b_5_0_t1_v1
-1271540481,packed_mp_veh_mod_idx_s_23_v379
-1271535971,f_ha_cc_blush_26_t5_v0
-1271523549,packed_mp_veh_mod_idx_s_17_v242
-1271492430,packed_ng_vehicle_neon_v172
-1271223840,wp_gsa_type_r_t0_v48_n2
-1271183700,f_cl_clo_awf_f_8_8_t6_v1
-1271177594,f_cl_outfit_clo_h4f_o_l1_f1_t12_v0
-1271142584,vem_supermod_47_21_t47_v7
-1271134847,f_cl_o_fmf_p8_t8_v12
-1271044592,vem_cmod_pla_text_t23_v0
-1271041339,vem_supermod_7_12_t48_v3
-1270992212,m_cl_clo_val_decl_a_t8_v1
-1270986559,packed_mp_veh_mod_idx_4_v402
-1270983002,packed_mp_veh_mod_idx_s_11_v249
-1270962680,vem_drft_21_t19_v3
-1270936194,vem_supermod_22_1_t63_v3
-1270898922,vem_colour_extra_1_mct_pearlescent_saxon_blue_t24_v1
-1270867253,f_cl_clo_exf_g_2_10_t14_v0
-1270686143,wp_wct_c_tint_27_t2_v22_n2
-1270618912,vem_hood_1_t9_v1
-1270322207,f_cl_clo_fxf_l_1_2_t4_v1
-1270274153,f_ta_tat_bi_055_t0_v0
-1270189522,m_cl_clo_h2m_s_9_5_t8_v1
-1270186555,f_cl_outfit_clo_smf_o_0_t12_v0
-1270169979,m_cl_clo_hp_d_6_t11_v1
-1270040708,vem_smod5_whlv2_t66_v0
-1269934686,packed_mp_veh_mod_idx_5_v394
-1269804907,f_cl_clo_h3f_decl_0_t100_v0
-1269792679,vem_smod4_whlv80_t66_v3
-1269717164,vem_colour_1_mct_matte_orange_t24_v4
-1269685334,multistorey_garage_style_2_v1
-1269677258,m_cl_clo_bim_ph_3_0_t14_v1
-1269486481,packed_mp_veh_mod_idx_s_10_v373
-1269463571,vem_colour_6_nautical_blue_t65_v3
-1269431953,wp_wct_supp_t1_v22
-1269426445,dec_vw_aw_ls_8
-1269364120,m_cl_clo_fxm_ph_4_2_t14_v1
-1269280051,m_cl_clo_vwm_pw_6_0_t14_v1
-1269174706,packed_mp_veh_mod_idx_24_v4
-1269158771,vem_supermod_58_14_t58_v7
-1269023863,packed_mp_veh_mod_idx_2_v315
-1268851610,packed_ng_vehicle_neon_v371
-1268847353,packed_mp_veh_primary_colour_group_v298
-1268822930,m_ha_cc_mkup_2_t7_v1
-1268785519,f_cl_clo_h4f_b_2_16_t1_v1
-1268784766,f_cl_clo_trf_u_8_13_t11_v1
-1268555985,f_cl_clo_x6f_l_1_18_t4_v1
-1268496071,f_cl_clo_bif_decl_54_t100_v0
-1268488522,packed_mp_veh_mod_idx_s_13_v56
-1268451794,m_cl_f_fmm_3_0_t6_v0
-1268422693,vem_rwd_loride_01_t19_v3
-1268397850,m_cl_clo_indm_b_0_1_t1_v1
-1268394920,packed_mp_veh_mod_idx_s_20_v297
-1268391813,packed_mp_veh_mod_idx_11_v299
-1268357800,packed_mp_veh_mod_idx_s_2_v247
-1268352858,m_cl_clo_sum_u_7_9_t11_v1
-1268330414,m_cl_clo_grm_g_0_13_t3_v1
-1268289584,f_cl_clo_fxf_ph_6_7_t14_v1
-1268262282,packed_mp_veh_mod_idx_8_v190
-1268212982,f_cl_clo_fxf_u_7_16_t11_v1
-1268211046,f_cl_clo_awf_o_d_9_t8_v12
-1268199241,vem_engine_3_t5_v37
-1268190415,packed_ng_vehicle_bpt_v384
-1268070576,ve_mule3_n1_t1_v0
-1268004464,vem_cmod_col5_9_t29_v1
-1267985225,packed_lr_vehicle_colour_5_v107
-1267949523,f_cl_clo_x6f_ph_1_6_t14_v1
-1267756559,packed_mp_veh_mod_idx_s_9_v68
-1267712228,f_cl_clo_suf_g_1_3_t3_v1
-1267703912,m_cl_clo_grm_ph_4_23_t14_v1
-1267668032,m_cl_clo_hstmb_16_5_t1_v1
-1267624957,packed_mp_veh_mod_idx_s_19_v395
-1267617373,m_cl_clo_x6m_ph_8_10_t14_v1
-1267520458,m_ta_tat_h3_039_t0_v0
-1267471668,f_cl_clo_smf_b_3_20_t1_v1
-1267449536,m_cl_clo_sum_decl_19_t11_v1
-1267144226,f_cl_clo_stf_u_9_2_t11_v1
-1267104272,m_ta_tat_sb_058_t0_v0
-1267082912,m_cl_clo_stm_u_7_2_t11_v1
-1266877740,f_cl_clo_x3f_u_1_7_t11_v1
-1266822404,m_cl_clo_bim_s_10_2_t8_v1
-1266785302,vem_colour_2_mct_metallic_sunrise_orange_t25_v1
-1266723407,packed_mp_veh_mod_idx_5_v75
-1266470314,pr_pm_bfcolour_4_t0_v0
-1266447750,vem_smod5_whlv15_t66_v0
-1266440290,f_cl_l_fmf_3_15_t4_v0
-1266381834,f_cl_clo_h2f_f_5_12_t6_v1
-1266327846,vem_colour_extra_1_mct_classic_saddle_brown_t24_v3
-1266270150,vem_supermod_8_12_t49_v6
-1266249311,packed_mp_veh_mod_idx_1_v170
-1266232364,packed_mp_veh_mod_idx_2_v93
-1266218537,packed_mp_veh_mod_idx_s_11_v229
-1266081254,f_cl_clo_bif_u_22_0_t11_v1
-1266068727,packed_mp_veh_mod_idx_s_11_v183
-1265998162,vem_cmod_pla_text_t23_v2
-1265994701,m_cl_l_fmm_0_3_t4_v0
-1265845561,f_cl_clo_x6f_f_10_11_t6_v1
-1265752435,packed_mp_veh_mod_idx_15_v313
-1265736430,vem_smod4_whlv174_t66_v1
-1265731075,vem_smod_whlv143_t66_v3
-1265683466,m_cl_clo_x6m_u_22_3_t11_v1
-1265624281,m_cl_clo_scm_ey_0_4_t14_v1
-1265605398,f_cl_clo_x2f_ht_1_0_t14_v1
-1265547459,m_cl_clo_fxm_l_0_16_t4_v1
-1265454936,packed_mp_veh_mod_idx_s_6_v186
-1265338154,vem_colour_2_mct_metallic_saddle_brown_t25_v3
-1265190308,packed_mp_veh_mod_idx_10_v383
-1265145447,packed_mp_veh_mod_idx_14_v295
-1265090930,m_cl_clo_awm_decl_40_t100_v0
-1264986990,vem_cmod_neoncol_2_t21_v26
-1264938673,packed_mp_veh_mod_idx_s_19_v21
-1264856605,vem_aam_interior_4_t0_v0
-1264836892,packed_mp_veh_mod_idx_s_8_v159
-1264742107,m_cl_clo_h2m_f_3_13_t6_v1
-1264688718,vem_supermod_1_10_t42_v3
-1264683136,vem_smod_whlv21_t66_v0
-1264618721,packed_mp_veh_mod_idx_s_7_v279
-1264609078,packed_mp_veh_mod_idx_s_21_v364
-1264504915,vem_colour_1_mct_classic_white_t24_v0
-1264439951,m_cl_clo_x6m_f_4_6_t6_v1
-1264423320,pm_weapon_discount_bronze_medal
-1264396596,vem_horn_cnote_c0_t10_v35
-1264380822,vem_smod5_whlv109_t66_v3
-1264340048,m_cl_clo_trm_f_1_20_t6_v1
-1264339987,m_cl_clo_scm_d_23_1_t10_v1
-1264192976,packed_mp_veh_mod_idx_s_12_v290
-1264155026,packed_mp_veh_mod_var_0_v367
-1264071631,f_cl_u_fmf_13_12_t11_v0
-1263918609,m_cl_clo_scm_ey_0_17_t14_v1
-1263797133,m_cl_f_fmm_1_9_t6_v0
-1263701589,packed_mp_veh_mod_idx_s_12_v29
-1263699518,m_cl_clo_smm_f_0_6_t6_v1
-1263615208,packed_mp_veh_mod_idx_s_12_v391
-1263547337,vem_smod2_whl15_t19_v3
-1263466189,f_cl_clo_awf_decl_2_t100_v0
-1263416886,f_cl_l_fmf_8_3_t4_v0
-1263364524,vem_fender_l_5_t36_v28
-1263256988,vem_horn_luxe2_t10_v38
-1263242859,ve_molotok_t0_v33
-1263207462,m_cl_clo_busm_g0_5_t14_v1
-1263200553,packed_mp_veh_colour2_0_v293
-1263156499,vem_trans_2_t16_v31
-1263130727,packed_mp_veh_mod_idx_s_8_v397
-1263061378,vem_truck_slot_1_mod_0_t0_v0
-1263054738,packed_mp_veh_mod_idx_11_v14
-1263049715,vem_armour_0_t1_v33
-1263048426,vem_exhaust_10_t6_v38
-1263031084,vem_hood_4_t9_v35
-1263024554,packed_mp_veh_mod_idx_13_v132
-1262953775,m_cl_clo_fxm_ph_1_21_t14_v1
-1262869601,packed_mp_veh_mod_var_0_v144
-1262854299,vem_supermod_3_19_t44_v3
-1262849757,f_ha_cc_lipstick_4_t8_v1
-1262774217,packed_mp_veh_mod_idx_18_v312
-1262739505,f_cl_clo_sbf_ph_5_5_t14_v1
-1262720166,vem_cmod_pla_text_new_t23_v0
-1262703245,packed_mp_veh_mod_var_1_v104
-1262693347,wp_wct_tint_26_t2_v5_n2
-1262662896,f_cl_clo_sbf_lw_1_1_t14_v1
-1262557629,vem_colour_2_mct_classic_bright_purple_t25_v2
-1262375747,m_cl_clo_apm_u_17_0_t11_v1
-1262323234,packed_mp_veh_mod_idx_13_v222
-1262292748,packed_mp_veh_livery_0_v41
-1262224568,vem_colour_extra_1_mct_matte_lime_green_t24_v2
-1262171951,m_cl_clo_s1m_dec_3_t11_v1
-1262141157,m_cl_clo_busm_u_3_7_t8_v1
-1262074153,vem_colour_5_black_t38_v0
-1262059919,packed_mp_veh_mod_idx_23_v340
-1261935477,packed_mp_veh_livery2_0_v103
-1261933419,packed_mp_veh_mod_idx_s_3_v252
-1261899179,f_cl_u_fmf_0_11_t11_v0
-1261898606,packed_mp_veh_wheel_type_0_v319
-1261881322,packed_ng_vehicle_neon_kit_v232
-1261879230,vem_colour_5_umber_brown_t38_v0
-1261839099,f_cl_clo_suf_u_16_0_t11_v1
-1261838755,vem_colour_extra_1_mct_pearlescent_petrol_green_t24_v3
-1261799063,service_earn_island_heist_award_cat_burglar
-1261758859,wh_index_0_t0_v0
-1261722404,m_cl_clo_exm_el_0_8_t4_v1
-1261643245,vem_colour_extra_1_mct_pearlescent_sandy_brown_t24_v1
-1261640307,vem_colour_extra_1_mct_pearlescent_pink_t24_v0
-1261629332,packed_mp_veh_mod_idx_16_v202
-1261591824,packed_mp_veh_mod_idx_s_4_v169
-1261580960,m_cl_clo_stm_h_100_t14_v1
-1261573969,f_cl_clo_sbf_l_3_21_t4_v1
-1261557369,vem_fender_l_5_t36_v6
-1261520241,packed_mp_veh_mod_idx_s_1_v253
-1261486559,vem_smod_whlv117_t66_v3
-1261433489,m_cl_clo_bhm_decl_41_t11_v1
-1261424689,m_cl_clo_grm_f_0_20_t6_v1
-1261417871,packed_mp_veh_colour_extra1_0_v394
-1261370309,packed_mp_veh_mod_idx_1_v375
-1261322590,vem_supermod_15_11_t56_v28
-1261273459,packed_lr_vehicle_colour_5_v296
-1261255388,f_cl_clo_fxf_u_7_11_t11_v1
-1261016771,packed_mp_veh_mod_idx_s_22_v114
-1260996937,vem_cmod_hrn_mus1_t10_v32
-1260950526,m_cl_clo_hstm_l_4_0_t4_v1
-1260932815,packed_mp_veh_mod_idx_s_14_v55
-1260916314,packed_mp_veh_colour_extra2_0_v68
-1260750793,vem_colour_extra_1_mct_classic_creek_brown_t24_v4
-1260721474,packed_mp_veh_mod_idx_1_v48
-1260696068,m_cl_clo_indm_b_2_1_t1_v1
-1260660841,pm_weapon_discount_bronze_driveby
-1260557549,packed_mp_veh_wheel_type_0_v128
-1260424011,f_cl_clo_awf_decl_34_t100_v0
-1260370997,f_cl_clo_hp_f_u_1_0_t11_v1
-1260370266,f_cl_clo_fxf_u_7_12_t11_v1
-1260323809,m_cl_clo_exm_decl_5_t11_v1
-1260298963,m_cl_clo_stm_u_3_2_t11_v1
-1260232684,m_cl_clo_vwm_s_2_4_t8_v2
-1260196885,packed_mp_veh_mod_idx_0_v370
-1260146284,m_cl_clo_h3m_ph_1_2_t14_v1
-1259891382,m_cl_clo_scm_ey_0_0_t14_v1
-1259654980,f_cl_clo_ief_u_14_5_t11_v1
-1259654504,vem_supermod_9_3_t50_v3
-1259613268,packed_mp_veh_secondary_colour_group_v346
-1259462862,vem_colour_extra_1_mct_classic_sienna_brown_t24_v33
-1259411352,f_cl_clo_grf_b_5_4_t1_v1
-1259390792,packed_mp_veh_mod_idx_10_v165
-1259377612,packed_mp_veh_mod_idx_s_13_v97
-1259352419,wp_wct_c_tint_31_t2_v1_n2
-1259303147,m_ta_tat_ie_004_t0_v0
-1259278935,vem_colour_extra_1_mct_classic_sunset_red_t24_v0
-1259206004,vem_colour_extra_1_mct_pearlescent_dark_green_t24_v2
-1259101287,packed_mp_veh_colour_extra1_0_v78
-1259053067,m_cl_clo_smm_u_2_15_t11_v1
-1259023334,f_cl_clo_vwf_decl_33_t100_v0
-1259013813,f_cl_clo_suf_l_5_8_t4_v1
-1258984857,vem_rwd_suv_09_t19_v2
-1258786646,vem_colour_1_mct_metallic_racing_blue_t24_v1
-1258665200,packed_lr_vehicle_colour_6_v103
-1258658675,f_ha_cc_blush_22_t5_v0
-1258644335,packed_mp_veh_mod_idx_1_v186
-1258627811,packed_mp_veh_mod_idx_s_1_v134
-1258589259,vem_colour_mct_none_60
-1258558389,vem_supermod_6_6_t47_v28
-1258541202,f_cl_clo_grf_u_10_18_t11_v1
-1258519473,m_cl_clo_grm_u_9_18_t11_v1
-1258479518,m_cl_clo_h2m_f_3_0_t6_v1
-1258360798,f_cl_clo_h3f_b_14_12_t1_v1
-1258295200,packed_mp_veh_mod_idx_s_12_v278
-1258262074,packed_lr_vehicle_colour_5_v332
-1258245483,packed_mp_veh_mod_idx_10_v60
-1258200453,packed_mp_veh_mod_idx_s_5_v324
-1258128939,packed_mp_veh_window_tint_0_v46
-1258021986,packed_mp_veh_colour2_0_v67
-1257994906,packed_mp_veh_mod_idx_8_v244
-1257934401,packed_mp_veh_mod_idx_s_17_v186
-1257916177,vem_smod4_whlv204_t66_v1
-1257863841,packed_mp_veh_colour1_0_v227
-1257798843,vem_colour_extra_1_mct_metallic_dark_green_t24_v3
-1257796967,m_cl_clo_hilf_u_0_3_t11_v1
-1257606751,packed_mp_veh_mod_idx_s_12_v282
-1257561680,packed_mp_veh_mod_idx_18_v46
-1257553561,m_ha_cc_body_1_9_t3_v1
-1257503053,packed_mp_veh_mod_var_0_v96
-1257491582,packed_mp_veh_colour1_0_v351
-1257479286,vem_supermod_13_4_t54_v26
-1257459418,packed_mp_veh_mod_idx_s_8_v254
-1257452161,m_ta_tat_l2_018_t0_v0
-1257414906,packed_mp_veh_mod_var_0_v52
-1257384769,packed_mp_veh_colour2_0_v302
-1257314286,packed_mp_veh_mod_idx_1_v78
-1257257949,f_cl_clo_exf_ob_6_t3_v12
-1257239866,vem_supermod_5_21_t46_v3
-1257162027,factory_index_13_t0_v0
-1257074078,f_cl_clo_grf_b_4_12_t1_v1
-1257016967,packed_mp_veh_mod_idx_16_v246
-1257009907,packed_mp_veh_plate_id_v69
-1256958099,f_cl_clo_stf_u_4_4_t11_v1
-1256849617,packed_mp_veh_colour_extra2_0_v333
-1256752965,vem_smod_whlv49_t66_v0
-1256705674,f_cl_clo_h2f_b_11_5_t1_v1
-1256643546,ve_dilettan_t0_v0
-1256587042,packed_mp_veh_mod_idx_s_6_v374
-1256338358,m_cl_clo_sum_u_7_3_t11_v1
-1256337090,packed_mp_veh_mod_idx_3_v30
-1256327549,m_cl_clo_sum_u_14_5_t11_v1
-1256115230,packed_mp_veh_mod_idx_s_0_v219
-1256095572,wp_wct_knuck_pc_t1_v62
-1256040342,packed_mp_veh_mod_idx_s_20_v384
-1256007151,m_cl_clo_l2m_w_8_0_t14_v1
-1255990467,vem_supermod_11_0_t52_v39
-1255945817,wp_wm_tint2_t2_v49
-1255846618,packed_mp_veh_mod_idx_s_23_v300
-1255835243,packed_mp_veh_mod_idx_s_9_v216
-1255751730,packed_mp_veh_mod_idx_s_16_v324
-1255748488,ve_surfer_t0_v0
-1255735945,wp_ps_bag_14_t1_v33
-1255711708,packed_mp_veh_mod_idx_13_v16
-1255673466,packed_mp_veh_mod_idx_14_v273
-1255621501,packed_mp_veh_window_tint_0_v253
-1255594757,packed_mp_veh_mod_idx_s_4_v174
-1255578572,f_cl_clo_indf_d_7_t11_v1
-1255517661,packed_mp_veh_mod_idx_14_v152
-1255431917,packed_mp_veh_mod_idx_s_17_v303
-1255420650,vem_colour_2_mct_classic_red_t25_v1
-1255399880,f_cl_clo_sbf_l_3_24_t4_v1
-1255388697,packed_mp_veh_mod_idx_22_v179
-1255376991,vem_insurance_dune5
-1255335042,f_cl_clo_vwf_u_6_17_t11_v1
-1255271656,packed_mp_veh_mod_idx_s_3_v399
-1255105364,m_cl_l_fmm_12_7_t4_v0
-1255058832,packed_mp_veh_window_tint_0_v200
-1255004992,vem_horn_cnote_g0_t10_v30
-1254755462,packed_mp_veh_mod_idx_s_21_v316
-1254673045,f_cl_clo_x6f_ph_2_6_t14_v1
-1254639499,packed_mp_veh_mod_idx_s_4_v286
-1254558373,f_cl_clo_awf_b_2_12_t1_v1
-1254539953,m_cl_clo_awm_f_8_10_t6_v1
-1254534523,m_cl_clo_trm_ph_1_9_t14_v1
-1254435431,f_cl_clo_h2f_b_9_12_t1_v1
-1254434892,vem_loride_07_t19_v0
-1254409048,vem_insurance_huntley
-1254393822,packed_ng_vehicle_bpt_v399
-1254296876,m_cl_clo_awm_ph_1_11_t14_v1
-1254185641,m_cl_clo_awm_l_0_6_t4_v1
-1254091358,packed_mp_veh_mod_idx_9_v130
-1254066723,vem_colour_extra_1_mct_classic_dark_green_t24_v4
-1253958452,m_ha_clo_bim_h_0_0_t0_v2
-1253957296,f_ha_clo_grf_h_0_0_t0_v1
-1253894239,vem_supermod_54_1_t54_v7
-1253852253,packed_mp_veh_mod_idx_12_v76
-1253847677,packed_mp_veh_mod_idx_s_8_v181
-1253836466,packed_mp_veh_colour_extra2_0_v14
-1253777991,packed_mp_veh_mod_idx_s_1_v130
-1253767489,packed_mp_veh_mod_var_0_v337
-1253752344,packed_mp_veh_plate_id_v326
-1253747234,packed_lr_vehicle_colour_6_v170
-1253729499,f_cl_he_fmf_18_0_t14_v0
-1253687438,packed_mp_veh_mod_idx_s_15_v376
-1253677744,packed_mp_veh_wheel_type_0_v257
-1253650755,vem_colour_1_mct_classic_yellow_t24_v0
-1253574453,f_cl_clo_s1f_dec_21_t11_v1
-1253510215,packed_mp_veh_wheel_type_0_v273
-1253467512,vem_horn_xm15_1_t10_v2
-1253444518,packed_mp_veh_mod_idx_15_v203
-1253381189,vem_horn_lowrder1_t10_v34
-1253360277,f_cl_outfit_clo_hp_f_o_5_t12_v0
-1253354371,vem_cmod_neoncol_9_t21_v36
-1253227769,pm_weapon_discount_gold_driveby
-1253191536,vem_supermod_5_5_t46_v3
-1253176210,m_cl_clo_sbm_ph_6_11_t14_v1
-1253131239,m_ta_tat_gr_002_t0_v0
-1253081242,vem_smod4_whlv117_t66_v3
-1253014690,wp_wm_tint7_t2_v57
-1253002710,packed_mp_veh_mod_idx_15_v125
-1252980003,packed_mp_veh_mod_idx_16_v117
-1252909000,vem_supermod_15_1_t56_v28
-1252895388,packed_mp_veh_wheel_type_0_v49
-1252861640,packed_mp_veh_mod_idx_0_v206
-1252798278,m_cl_clo_ltsmb_1_1_t1_v1
-1252780506,vem_cmod_neonlay_6_t21_v5
-1252747966,packed_mp_veh_mod_idx_23_v175
-1252613283,vem_horn_luxe1_t10_v36
-1252594368,m_cl_clo_hstmb_22_3_t1_v1
-1252593626,packed_mp_veh_wheel_type_0_v303
-1252561197,vem_colour_2_mct_classic_lava_red_t25_v33
-1252525562,f_cl_clo_hstfb_17_9_t1_v1
-1252492713,packed_mp_veh_colour_extra2_0_v27
-1252480917,m_cl_clo_apm_f_1_0_t6_v1
-1252472432,f_cl_clo_hstf_o_19_t11_v12
-1252441051,m_cl_m_fmm_0_0_t1_v0
-1252434252,vem_supermod_22_13_t63_v28
-1252387514,packed_ng_vehicle_neon_v58
-1252385493,vem_supermod_52_0_t52_v7
-1252366839,m_ha_clo_sbm_h_0_0_t0_v0
-1252255874,packed_mp_veh_secondary_colour_group_v128
-1252061189,vem_colour_1_mct_classic_saddle_brown_t24_v1
-1251860810,vem_colour_1_mct_metallic_red_t24_v0
-1251838636,packed_mp_veh_livery_0_v411
-1251802026,packed_mp_veh_mod_idx_s_7_v294
-1251791634,packed_mp_veh_mod_idx_22_v32
-1251653070,m_cl_clo_vwm_pw_3_5_t14_v1
-1251628644,packed_mp_veh_mod_idx_s_6_v406
-1251556428,packed_mp_veh_mod_idx_22_v153
-1251390386,vem_suv_11_t19_v12
-1251365748,packed_mp_veh_mod_idx_15_v357
-1251364621,vem_colour_extra_1_mct_pearlescent_formula_red_t24_v4
-1251345756,packed_mp_veh_mod_idx_s_6_v146
-1251316223,packed_mp_veh_mod_idx_s_12_v79
-1251297134,f_cl_clo_hp_f_u_0_0_t11_v1
-1251234524,wp_wct_tint_24_t2_v13_n2
-1251217226,packed_mp_veh_mod_var_1_v65
-1251073782,vem_insurance_bf400
-1250883452,vem_cmod_tyr_12_t18_v38
-1250859206,f_cl_clo_arf_o_11_t3_v12
-1250754096,packed_mp_veh_primary_colour_group_v364
-1250703155,f_cl_clo_ief_o_11_t3_v12_cesp
-1250668805,m_cl_clo_sum_u_5_6_t11_v1
-1250613487,m_cl_u_fmm_14_9_t8_v2
-1250608920,f_cl_clo_h2f_f_3_18_t6_v1
-1250595005,packed_mp_veh_mod_idx_s_3_v283
-1250575041,mp_stat_mpsv_model_105
-1250469367,m_cl_clo_x6m_ph_2_6_t14_v1
-1250442194,vem_cmod_col3_c_t25_v1
-1250355399,ve_taxi_t1_v0
-1250338744,m_cl_clo_trm_f_1_1_t6_v1
-1250320910,vem_colour_1_mct_metallic_racing_green_t24_v0
-1250289332,packed_mp_veh_mod_idx_15_v197
-1250179569,vem_colour_2_mct_metallic_black_steel_t25_v3
-1250135017,wp_wm_tint1_t2_v2
-1250094047,vem_colour_1_mct_matte_dark_blue_t24_v33
-1250090507,packed_mp_veh_mod_idx_s_14_v185
-1250076811,vem_supermod_23_14_n1_t64_v3
-1250000791,m_cl_clo_h4m_o_s2_m4_t3_v12
-1249939618,f_cl_clo_scf_ey_4_8_t14_v1
-1249863920,m_cl_clo_sum_u_3_0_t11_v1
-1249863716,f_cl_clo_smf_u_2_19_t11_v1
-1249817756,packed_mp_veh_livery_0_v221
-1249708922,m_cl_clo_exm_oa_1_t100_v0
-1249694450,vem_cmod_neoncol_0_t21_v30
-1249584190,vem_supermod_5_0_t46_v11
-1249469527,packed_mp_veh_mod_idx_6_v207
-1249419080,vem_colour_5_lime_green_t38_v3
-1249268829,mba_floor1_9_t0_v1
-1249259314,vem_suspension_5_t15_v0
-1249208674,packed_mp_veh_mod_var_0_v398
-1249202872,m_cl_clo_iem_u_7_14_t11_v1
-1249177658,vem_supermod_7_7_t48_v28
-1249149447,packed_mp_veh_secondary_colour_group_v67
-1249131716,m_cl_clo_smm_u_4_6_t11_v1
-1249122755,packed_mp_veh_mod_idx_s_10_v237
-1249104779,m_cl_clo_stm_ht8_12_t14_v1
-1249103996,vem_smod4_whlv153_t66_v1
-1248993867,packed_mp_veh_mod_idx_16_v39
-1248978533,ve_ruiner_t0_v0
-1248953640,vem_rwd_spt_18_t19_v12
-1248926213,vem_colour_1_mct_matte_blue_t24_v1
-1248911896,vem_colour_1_mct_classic_dark_green_t24_v3
-1248831701,packed_mp_veh_mod_idx_8_v167
-1248764687,f_cl_clo_indf_b_0_0_t1_v1
-1248713278,f_cl_clo_hstf_o_12_t11_v12
-1248586646,vem_grill_4_t8_v6
-1248389378,m_cl_clo_hstm_o_19_t4_v12
-1248387467,m_ta_tat_s1_021_t0_v0
-1248360808,vem_rwd_suv_10_t19_v1
-1248340486,f_cl_clo_ief_b_6_0_t1_v1
-1248279572,packed_mp_veh_mod_idx_22_v243
-1248204678,f_cl_l_fmf_0_1_t4_v0
-1248128845,m_cl_clo_s1m_l_0_3_t4_v1
-1247839107,f_cl_clo_x6f_l_0_9_t4_v1
-1247831296,f_cl_clo_h4f_b_0_24_t1_v1
-1247793226,packed_mp_veh_mod_idx_24_v97
-1247581579,vem_bumper_r_14_t35_v1
-1247567911,m_cl_clo_sum_b_2_3_t1_v1
-1247499431,vem_colour_extra_1_mct_metallic_cream_t24_v3
-1247303655,m_cl_u_fmm_1_14_t8_v1
-1247282438,f_cl_clo_bbf_008_t4_v1
-1247067945,packed_mp_veh_mod_idx_s_16_v322
-1247054439,m_ha_cc_eyebrw_17_t2_v1
-1246973202,f_cl_outfit_clo_arf_o_28_t12_v0
-1246936736,packed_mp_veh_mod_idx_s_12_v195
-1246865305,m_cl_clo_hp_u_6_1_t11_v1
-1246851124,vem_colour_extra_1_mct_classic_ultra_blue_t24_v1
-1246840799,mt_snk_item7_t0_v1
-1246762082,vem_colour_2_mct_metallic_moss_brown_t25_v0
-1246747434,vem_smod_whlv75_t66_v3
-1246724034,mp_stat_mpsv_model_382
-1246667508,wp_wct_tint_13_t2_v9_n2
-1246591621,packed_mp_veh_colour1_0_v235
-1246590795,packed_mp_veh_mod_idx_13_v4
-1246527690,packed_mp_veh_mod_idx_s_6_v244
-1246468716,vem_mct_metallic_t0_v0
-1246386765,m_cl_clo_lxm_w_4_1_t14_v1
-1246370319,vem_chassis_0_t4_v4
-1246355184,packed_mp_veh_mod_idx_11_v88
-1246338503,packed_ng_vehicle_insurance_v395
-1246198642,packed_mp_veh_mod_idx_8_v223
-1246185485,f_cl_clo_bus_m_0_4_t1_v1
-1246091204,packed_mp_veh_mod_idx_s_23_v211
-1246052000,f_cl_outfit_clo_h3f_o_sl_21_t12_v0
-1246046236,vem_supermod_10_5_t51_v27
-1246030951,packed_mp_veh_livery2_0_v149
-1245977516,vem_supermod_0_21_t41_v7
-1245832101,packed_mp_veh_mod_idx_s_17_v266
-1245782127,m_cl_clo_x6m_lw_0_2_t14_v1
-1245755407,packed_mp_veh_mod_idx_s_11_v149
-1245753113,packed_mp_veh_mod_idx_24_v205
-1245718637,f_cl_clo_exf_al_12_3_t4_v1
-1245699470,packed_mp_veh_mod_idx_0_v356
-1245663244,dec_vw_aw_wh_11
-1245533833,vem_insurance_cognosc2
-1245448850,m_cl_clo_indm_d_19_t8_v1
-1245326697,packed_mp_veh_mod_idx_11_v41
-1245290840,packed_mp_veh_mod_idx_23_v70
-1245276432,packed_mp_veh_mod_idx_12_v158
-1245265438,m_cl_clo_l2m_e_22_1_t14_v1
-1245197647,packed_mp_veh_livery_0_v332
-1245195308,vem_horn_hips4_t10_v26
-1245166279,vem_colour_extra_1_mct_metallic_midnight_silver_t24_v0
-1245156648,m_cl_clo_indm_u_2_1_t11_v1
-1245042990,packed_ng_vehicle_insurance_v93
-1245025029,packed_mp_veh_mod_idx_5_v249
-1244981479,vem_cmod_neoncol_9_t21_v7
-1244951325,f_cl_clo_sbf_u_22_5_t11_v1
-1244934976,f_cl_clo_x6f_ey_3_4_t14_v1
-1244782447,vem_supermod_23_10_t64_v38
-1244773866,packed_mp_veh_livery2_0_v69
-1244718927,f_cl_clo_v2f_l_1_11_t4_v1
-1244684073,m_cl_clo_awm_u_9_3_t11_v1
-1244681231,packed_mp_veh_mod_idx_3_v338
-1244539599,f_cl_clo_smf_b_3_12_t1_v1
-1244480903,m_cl_outfit_clo_arm_o_6_t12_v0
-1244432417,f_cl_clo_ief_u_14_14_t11_v1
-1244391934,f_ta_tat_bi_015_t0_v0
-1244388480,f_ha_cc_f_hs_17_t0_v0
-1244351896,ve_longfin_t1_v0
-1244207094,m_cl_clo_h3m_u_5_3_t11_v1
-1244136382,f_cl_outfit_clo_awf_o_f_17_t12_v0
-1244108910,f_cl_clo_suf_b_1_2_t1_v1
-1244082986,packed_mp_veh_window_tint_0_v354
-1244042689,packed_mp_veh_mod_idx_s_3_v296
-1243971920,packed_mp_veh_colour_extra2_0_v315
-1243952340,f_cl_clo_lxf_dec_22_t100_v0
-1243937477,f_cl_clo_bhf_f_1_4_t6_v1
-1243850046,vem_musc_10_t19_v0
-1243734854,m_cl_clo_x5m_u_16_2_t11_v1
-1243725535,f_cl_clo_fxf_u_0_5_t11_v1
-1243591907,m_cl_u_fmm_7_8_t11_v0
-1243506203,f_cl_clo_arf_o_19_t7_v12
-1243481867,packed_mp_veh_mod_idx_13_v219
-1243459729,packed_mp_veh_mod_idx_s_4_v389
-1243369758,vem_supermod_9_0_t50_v10
-1243256830,f_cl_clo_h3f_b_16_3_t1_v1
-1243131596,packed_mp_veh_mod_idx_s_9_v381
-1242854257,packed_mp_veh_mod_idx_6_v223
-1242850655,packed_mp_veh_mod_idx_s_9_v59
-1242825175,packed_mp_veh_colour_extra1_0_v172
-1242743421,vem_chassis_5_t4_v35
-1242633935,vem_colour_extra_1_mct_pearlescent_anthr_black_t24_v0
-1242529685,m_cl_outfit_clo_x3m_u_0_2_t12_v0
-1242473992,vem_supermod_16_7_t57_v27
-1242468208,m_cl_clo_bim_decl_41_t11_v1
-1242460497,packed_mp_veh_colour2_0_v198
-1242459345,packed_mp_veh_mod_idx_1_v169
-1242412043,packed_mp_veh_mod_idx_2_v154
-1242371993,kosatk_col_0_t0_v1
-1242370703,f_cl_clo_grf_b_4_7_t1_v1
-1242100909,f_cl_rstar_dev_0_t100_v0
-1241961166,vem_fender_l_2_t36_v27
-1241952207,packed_mp_veh_mod_idx_s_13_v399
-1241903928,m_ha_cc_m_hs_1_t0_v1
-1241866831,vem_supermod_15_10_t56_v26
-1241864247,packed_mp_veh_colour_extra2_0_v181
-1241817526,packed_mp_veh_mod_idx_8_v375
-1241674388,m_cl_clo_bim_prw_1_0_t14_v1
-1241595636,f_cl_clo_h3f_u_11_2_t11_v1
-1241590153,f_cl_outfit_clo_x2f_o_5_t12_v0
-1241495190,fcclub_garg_3_t1_v0
-1241318892,packed_mp_veh_mod_idx_15_v244
-1241300864,f_cl_clo_stf_u_9_4_t11_v1
-1241273683,vem_spoiler_11_t14_v26
-1241261593,mp_stat_nightclub_mod_5_v0
-1241248076,f_cl_clo_awf_ph_1_12_t14_v1
-1241227316,vem_engine_4_t5_v0
-1241218812,m_cl_outfit_clo_trm_o_l3_t12_v0
-1241059706,vem_rwd_hiend_16_t19_v12
-1241037527,packed_mp_veh_mod_idx_s_11_v134
-1240732481,vem_supermod_2_11_t43_v3
-1240644961,vem_supermod_0_3_t41_v11
-1240636624,vem_roof_9_t12_v0
-1240570604,autoshop_crw_0_t0_v0
-1240561056,m_cl_clo_vwm_b_9_2_t1_v1
-1240525272,m_cl_clo_smm_ph_3_12_t14_v1
-1240505545,packed_mp_veh_mod_idx_s_5_v339
-1240497913,m_cl_clo_x3m_b_14_2_t1_v1
-1240351901,m_cl_clo_sbm_f_6_14_t6_v1
-1240283694,packed_mp_veh_mod_idx_s_20_v53
-1240242919,packed_mp_veh_mod_idx_s_15_v88
-1240233560,m_cl_clo_lxm_o_8_t100_v0
-1240221575,packed_mp_veh_livery2_0_v13
-1240142688,packed_mp_veh_plate_id_v79
-1239997882,vem_fender_l_0_t36_v6
-1239973993,m_cl_clo_vwm_pw_2_4_t14_v1
-1239886757,packed_mp_veh_livery_0_v212
-1239783451,packed_mp_veh_mod_idx_s_20_v273
-1239741308,packed_mp_veh_mod_idx_11_v376
-1239671317,vem_colour_extra_1_mct_classic_beechwood_brown_t24_v4
-1239670823,vem_supermod_23_3_t64_v34
-1239563083,packed_mp_veh_plate_id_v350
-1239417827,packed_mp_veh_mod_idx_5_v5
-1239241346,m_cl_u_fmm_3_8_t11_v0
-1239231066,m_cl_l_fmm_9_1_t4_v0
-1239213709,fcclub_garg_3_t0_v0
-1239187662,packed_mp_veh_mod_idx_7_v14
-1239043618,wp_wt_pist2_t1_v1
-1239008812,service_spend_bank_interest
-1238813487,packed_mp_veh_mod_idx_22_v407
-1238784225,m_cl_clo_sum_u_15_1_t11_v1
-1238759509,f_cl_clo_x6f_ph_2_14_t14_v1
-1238648739,m_cl_outfit_clo_h4m_o_sm_m3_t12_v0
-1238619396,vem_smod4_whlv83_t66_v3
-1238600470,m_cl_clo_trm_u_5_5_t11_v1
-1238554738,m_cl_clo_sbm_f_2_4_t6_v1
-1238518506,packed_mp_veh_mod_idx_s_6_v177
-1238491028,vem_colour_extra_1_mct_classic_graphite_t24_v1
-1238488842,m_ha_face_e_c_24_t4_v0
-1238458039,m_cl_clo_vwm_pey_0_3_t14_v1
-1238441921,packed_mp_veh_mod_idx_16_v21
-1238369636,vem_supermod_17_10_t58_v27
-1238327661,f_cl_clo_exf_eu_15_3_t11_v1
-1238247643,vem_colour_extra_1_mct_metallic_black_steel_t24_v2
-1238227205,f_cl_clo_x6f_l_0_22_t4_v1
-1238144394,vem_horn_indi_1_t10_v36
-1238080847,vem_supermod_3_0_t44_v7
-1238077282,m_cl_clo_bhm_u_5_20_t11_v1
-1237922476,ve_pbus2_n1_t1_v9
-1237910318,packed_mp_veh_mod_idx_23_v303
-1237908708,packed_mp_veh_primary_colour_group_v28
-1237870824,m_cl_clo_sum_b_3_2_t1_v1
-1237781499,packed_mp_veh_mod_idx_s_18_v39
-1237598178,packed_mp_veh_mod_idx_10_v365
-1237514592,packed_mp_veh_primary_colour_group_v355
-1237489158,m_cl_clo_grm_b_2_12_t1_v1
-1237457848,f_ta_tat_sb_012_t0_v0
-1237368983,packed_mp_veh_mod_idx_18_v248
-1237287125,packed_mp_veh_mod_idx_s_18_v145
-1237282098,f_cl_clo_x6f_ph_0_6_t14_v1
-1237262309,vem_livery2_2_t39_v3
-1237258416,packed_mp_veh_mod_idx_0_v252
-1237223101,m_cl_clo_awm_u_4_6_t11_v1
-1237211241,f_cl_clo_bbf_p1_3_t14_v1
-1237196388,m_cl_clo_lxm_dec_32_t11_v1
-1237170923,m_cl_clo_awm_o_b_4_t3_v12
-1237016119,f_cl_clo_s2f_u_3_13_t11_v1
-1237012703,dec_vw_aw_wh_7
-1236962573,vem_colour_2_mct_metallic_cast_iron_sil_t25_v2
-1236929969,f_cl_clo_fxf_u_9_18_t11_v1
-1236929900,packed_mp_veh_mod_idx_s_13_v104
-1236922242,vem_colour_2_mct_classic_cream_t25_v0
-1236914261,vem_colour_extra_1_mct_pearlescent_red_t24_v2
-1236889662,packed_mp_veh_mod_idx_s_13_v297
-1236870917,vem_supermod_21_2_t62_v38
-1236816836,f_cl_clo_grf_u_9_19_t11_v1
-1236721518,fcarcade_b_up3_c_18
-1236719477,vem_insurance_asbo
-1236712231,packed_mp_veh_mod_idx_13_v171
-1236707983,ve_sultanrs_t0_v6
-1236517401,packed_mp_veh_mod_idx_s_5_v194
-1236505150,packed_mp_veh_mod_idx_s_2_v44
-1236499814,f_cl_clo_vwf_u_8_2_t11_v1
-1236348598,vem_smod4_whlv118_t66_v1
-1236310961,f_cl_clo_x6f_f_10_25_t6_v1
-1236222284,vem_rwd_spt_21_t19_v3
-1236137639,f_cl_clo_awf_decl_57_t100_v0
-1235995687,vem_suspension_1_t15_v0
-1235839269,vem_smod_whlv50_t66_v0
-1235790552,service_earn_textfail
-1235719273,packed_mp_veh_window_tint_0_v120
-1235688822,vem_supermod_7_13_t48_v27
-1235606088,f_cl_clo_x2f_ht_0_0_t14_v1
-1235395621,vem_colour_extra_1_mct_metallic_black_t24_v33
-1235301449,m_cl_outfit_clo_awm_o_c_9_t12_v0
-1235235182,dec_vw_aw_2s_4b
-1235101554,packed_mp_veh_mod_idx_2_v81
-1235040362,mp_stat_prop_office_gar1_lighting_v0
-1234976190,packed_mp_veh_mod_idx_s_18_v178
-1234913259,f_cl_clo_hstf_b_7_0_t1_v1
-1234718191,packed_mp_veh_mod_idx_s_4_v207
-1234706451,packed_mp_veh_mod_idx_s_11_v284
-1234596646,vem_cmod_tyr_0_t31_v30
-1234549003,vem_colour_extra_1_mct_pearlescent_yellow_t24_v4
-1234154387,packed_mp_veh_window_tint_0_v324
-1234098167,packed_mp_veh_mod_var_0_v158
-1234058512,m_cl_outfit_clo_fxm_o_g_1_t12_v0
-1234017941,f_cl_clo_trf_f_1_5_t6_v1
-1233960216,m_cl_clo_s1m_u_9_1_t100_v0
-1233954392,m_cl_clo_sbm_s_1_0_t8_v1
-1233949157,packed_mp_veh_mod_idx_16_v323
-1233900567,packed_mp_veh_mod_idx_s_16_v364
-1233847352,m_cl_clo_x6m_f_12_0_t6_v1
-1233823132,packed_mp_veh_mod_idx_5_v354
-1233797064,f_cl_clo_h4f_decl_31_t100_v0
-1233752572,vem_smod_whlv137_t66_v0
-1233735121,vem_supermod_16_0_t57_v26
-1233714105,m_cl_clo_x4m_u_12_4_t11_v1
-1233713081,packed_ng_vehicle_smoke_v337
-1233709645,vem_supermod_10_13_t51_v3
-1233537045,packed_mp_veh_mod_idx_s_0_v200
-1233518488,m_cl_clo_x6m_f_5_15_t6_v1
-1233373664,f_cl_clo_vef_dec_45_t100_v0
-1233363348,packed_mp_veh_mod_idx_8_v366
-1233289806,packed_mp_veh_mod_idx_7_v39
-1233246580,m_cl_clo_fxm_pe_4_1_t14_v1
-1233127348,vem_colour_extra_1_mct_metallic_lava_red_t24_v4
-1233063633,m_cl_clo_smm_b_5_6_t1_v1
-1233033964,m_cl_clo_lxm_o_7_t3_v12
-1232949773,packed_mp_veh_mod_idx_s_4_v242
-1232934768,vem_supermod_17_13_t58_v3
-1232922178,m_cl_clo_awm_u_9_15_t11_v1
-1232811699,vem_exhaust_1_t6_v35
-1232776690,m_cl_clo_bus_m_2_5_t1_v1
-1232716169,f_cl_clo_sbf_lw_2_1_t14_v1
-1232699824,m_cl_clo_busm_f_0_2_t6_v1
-1232656362,packed_mp_veh_mod_idx_22_v321
-1232635098,vem_smod4_whlv190_t66_v0
-1232597176,packed_mp_veh_mod_idx_3_v159
-1232470770,packed_mp_veh_mod_idx_s_15_v41
-1232422049,packed_mp_veh_mod_idx_s_9_v17
-1232396278,m_ta_tat_x6_011_t0_v0
-1232178177,packed_mp_veh_window_tint_0_v152
-1232153186,vem_hood_9_t9_v6
-1231993289,f_cl_clo_bif_pw_3_0_t14_v1
-1231945002,f_cl_clo_h3f_u_19_0_t11_v1
-1231800065,f_cl_clo_h2f_b_3_19_t1_v1
-1231634658,f_cl_clo_hstf_s_6_6_t8_v1
-1231610326,packed_mp_veh_mod_idx_1_v277
-1231606191,vem_smod_whlv90_t66_v0
-1231555522,m_cl_clo_hstmb_18_2_t1_v1
-1231456721,packed_mp_veh_mod_idx_s_17_v172
-1231445823,vem_colour_1_mct_metallic_surf_blue_t24_v2
-1231411900,packed_mp_veh_mod_idx_6_v258
-1231377850,m_cl_clo_grm_u_2_18_t100_v0
-1231359865,m_ta_tat_s1_017_t0_v0
-1231293204,packed_mp_veh_mod_idx_s_15_v287
-1231276751,packed_mp_veh_mod_idx_15_v122
-1231270733,packed_mp_veh_mod_idx_s_14_v206
-1231243170,f_cl_clo_scf_l_0_8_t4_v1
-1231162725,packed_mp_veh_mod_idx_15_v35
-1231159174,packed_mp_veh_secondary_colour_group_v55
-1231060391,packed_mp_int_kosatka_avisa_v0
-1230974913,packed_mp_veh_mod_idx_s_20_v368
-1230940355,f_cl_clo_smf_ph_8_3_t14_v1
-1230810323,vem_supermod_21_10_t62_v3
-1230803110,m_cl_clo_grm_u_14_19_t11_v1
-1230764837,m_cl_clo_vwm_f_1_4_t6_v1
-1230687625,service_spend_request_out_of_sight
-1230537275,m_cl_clo_hstmb_22_19_t1_v1
-1230519205,vem_supermod_23_2_n1_t64_v14
-1230497911,m_cl_u_fmm_0_4_t8_v1
-1230473059,packed_mp_veh_mod_idx_9_v391
-1230451801,vem_supermod_11_0_t52_v7
-1230427066,f_cl_clo_bhf_decl_41_t11_v1
-1230419435,vem_smod_whlv13_t66_v3
-1230395908,packed_mp_veh_colour_extra2_0_v216
-1230346990,vem_smod_whlv127_t66_v3
-1230298316,packed_mp_veh_mod_idx_0_v302
-1230249166,m_cl_clo_vwm_pw_7_4_t14_v1
-1230221996,m_cl_clo_iem_u_18_1_t11_v1
-1230137543,packed_mp_veh_mod_idx_5_v403
-1230129481,vem_suspension_0_t15_v27
-1230119141,vem_spt_21_t19_v12
-1230114967,m_ha_cc_eyebrw_30_t2_v1
-1230102931,packed_mp_veh_mod_idx_s_19_v258
-1230095849,packed_mp_veh_mod_idx_7_v295
-1230038229,m_ha_hair_beard18_t1_v0
-1230033044,vem_skirt_0_t13_v6
-1229983675,packed_mp_veh_mod_idx_8_v264
-1229948663,packed_mp_veh_mod_idx_3_v112
-1229937372,vem_supermod_12_14_t53_v3
-1229913229,m_cl_clo_grm_g_1_16_t3_v1
-1229912490,f_cl_clo_sbf_u_22_14_t11_v1
-1229909509,packed_ng_vehicle_neon_kit_v114
-1229810763,packed_mp_veh_mod_idx_s_3_v376
-1229759825,f_cl_clo_grf_u_22_17_t11_v1
-1229677730,m_ta_tat_gr_011_t0_v0
-1229670030,packed_mp_veh_mod_var_0_v284
-1229662862,f_cl_clo_bhf_f_1_20_t6_v1
-1229661334,f_cl_clo_grf_ph_2_9_t14_v1
-1229501017,packed_mp_veh_mod_idx_s_21_v115
-1229476206,packed_mp_veh_mod_idx_s_9_v400
-1229359141,m_cl_clo_indm_s_0_10_t8_v2
-1229347541,packed_mp_veh_mod_idx_s_0_v358
-1229327272,wp_wct_scope_mac2_t1_v9_n2
-1229324095,packed_mp_veh_colour2_0_v1
-1229278198,vem_engine_4_t5_v29
-1229167517,vem_supermod_56_6_t56_v7
-1229099125,vem_supermod_62_12_t62_v7
-1229094842,m_cl_u_fmm_3_2_t11_v0
-1228717657,packed_mp_veh_mod_idx_s_16_v339
-1228715380,f_cl_clo_half_9_0_t1_v1
-1228676779,f_cl_f_fmf_13_2_t6_v0
-1228566481,packed_mp_veh_mod_idx_s_18_v245
-1228511490,wp_wct_clip_inc_t1_v56_n2
-1228402123,packed_ng_vehicle_neon_kit_v116
-1228315407,vem_supermod_23_5_t64_v38
-1228305421,m_cl_clo_hp_u_2_3_t11_v1
-1228231886,f_cl_clo_x6f_u_1_17_t11_v1
-1228211958,packed_mp_veh_mod_idx_1_v32
-1228206951,vem_cmod_tyr_0_t31_v26
-1228026446,vem_insurance_patriot
-1228001650,packed_mp_veh_plate_id_v370
-1227948501,f_cl_clo_h3f_ph_5_21_t14_v1
-1227858549,packed_mp_veh_plate_id_v216
-1227806174,packed_mp_veh_mod_idx_22_v338
-1227729176,ve_rentbus_t1_v0
-1227699727,f_cl_clo_fxf_ph_2_11_t14_v1
-1227696058,packed_mp_veh_mod_idx_s_20_v138
-1227654538,service_earn_job_bonus_first_time_bonus
-1227648737,m_cl_outfit_clo_h3m_o_dh_32_t12_v0
-1227567310,m_cl_clo_scm_ey_1_6_t14_v1
-1227532991,f_cl_clo_suf_decl_18_t11_v1
-1227440943,mp_stat_mpsv_model_113
-1227395498,f_cl_clo_smf_b_6_18_t1_v1
-1227352583,m_cl_clo_sbm_u_9_4_t11_v1
-1227316885,f_cl_clo_fxf_ph_2_22_t14_v1
-1227285483,packed_mp_veh_livery2_0_v406
-1227209584,packed_mp_veh_mod_idx_4_v356
-1227206856,wp_wm_tint2_t2_v68
-1227191554,vem_cmod_exp_0_t20_v32
-1227182517,f_cl_outfit_clo_h3f_o_dl_15_t12_v0
-1227075918,vem_bumper_r_10_t35_v6
-1226976051,packed_mp_veh_mod_idx_2_v284
-1226942027,vem_colour_extra_1_mct_matte_black_t24_v3
-1226932946,fcarcade_ne6_t0_v0
-1226920633,dec_vw_aw_mf_4h
-1226719072,packed_mp_veh_mod_idx_16_v337
-1226622683,packed_mp_veh_mod_idx_s_18_v303
-1226611476,f_cl_clo_vwf_pey_116_t14_v1
-1226571285,packed_mp_veh_mod_idx_s_22_v19
-1226517707,packed_mp_veh_mod_idx_6_v47
-1226496091,f_ha_cc_lipstick_7_t8_v0
-1226461379,packed_mp_veh_mod_idx_3_v320
-1226447665,f_cl_clo_x6f_f_3_24_t6_v1
-1226379211,m_cl_clo_vwm_u_10_5_t11_v1
-1226231571,vem_supermod_9_0_t50_v11
-1226210215,packed_mp_veh_secondary_colour_group_v88
-1226193241,ve_monster5_t0_v38
-1226175352,packed_lr_vehicle_colour_5_v215
-1226138591,f_cl_clo_suf_u_9_1_t11_v1
-1226113784,packed_mp_veh_mod_idx_s_18_v136
-1226060063,packed_mp_veh_mod_idx_10_v294
-1226022338,packed_lr_vehicle_colour_5_v319
-1225968323,packed_ng_vehicle_insurance_v153
-1225920095,f_cl_clo_bbf_u_3_4_t8_v1
-1225869150,vem_rwd_drft_21_t19_v3
-1225818872,vem_smod_whlv31_t66_v0
-1225816863,f_cl_clo_smf_b_7_12_t1_v1
-1225795983,vem_livery2_0_t39_v2
-1225755040,vem_chassis_13_t4_v39
-1225750396,f_cl_clo_x6f_ph_10_1_t14_v1
-1225725991,packed_mp_veh_mod_idx_s_21_v71
-1225722911,vem_colour_extra_1_mct_metallic_white_t24_v2
-1225465452,f_cl_outfit_clo_h4f_o_l1_f3_t12_v0
-1225464311,factory_index_0_t0_v0
-1225393289,m_cl_clo_bim_ht_8_5_t14_v1
-1225392683,packed_lr_vehicle_colour_5_v389
-1225282055,vem_rwd_bikew_16_t19_v3
-1225231422,vem_colour_2_mct_metallic_racing_green_t25_v33
-1225220555,vem_fender_r_11_n0_t37_v38
-1225117848,f_cl_clo_bif_u_12_1_t11_v1
-1225106757,m_cl_clo_exm_decl_0_t11_v1
-1225086989,f_cl_clo_suf_decl_30_t100_v0
-1225016892,vem_supermod_23_39_n1_t64_v33
-1224874601,m_ha_hair_beard12_t1_v0
-1224839717,packed_mp_veh_mod_idx_s_23_v404
-1224743835,packed_mp_veh_mod_idx_13_v287
-1224737486,packed_mp_veh_mod_idx_15_v231
-1224737049,vem_skirt_7_t13_v26
-1224703520,packed_mp_veh_mod_idx_s_6_v245
-1224582708,packed_mp_veh_mod_idx_s_14_v262
-1224479447,service_earn_casino_heist_finale
-1224436848,m_ta_tat_x2_013_t0_v0
-1224388291,vem_supermod_23_12_t64_v27
-1224343173,mp_stat_mpsv_model_15
-1224256417,m_cl_clo_hp_f_1_3_t6_v1
-1224198864,packed_mp_veh_mod_idx_10_v14
-1224157311,packed_mp_veh_colour2_0_v312
-1224149231,m_cl_clo_x6m_ph_8_3_t14_v1
-1224147112,vem_supermod_8_8_t49_v28
-1224117974,packed_mp_veh_mod_idx_3_v270
-1224078723,vem_loride_14_t19_v3
-1224008726,mp_stat_prop_office_name_id_v0
-1223987550,packed_mp_veh_mod_idx_24_v174
-1223826625,f_cl_clo_stf_h_9_7_t14_v1
-1223813220,packed_ng_vehicle_smoke_v269
-1223734580,ve_sentinel2_t0_v1
-1223690963,m_cl_clo_x6m_ph_0_25_t14_v1
-1223687387,m_cl_clo_l2m_w_10_1_t14_v1
-1223651118,f_cl_clo_h4f_b_0_21_t1_v1
-1223471469,packed_ng_vehicle_neon_kit_v320
-1223401526,packed_mp_veh_mod_idx_s_11_v279
-1223392597,m_cl_clo_iem_u_17_3_t11_v1
-1223253922,m_cl_clo_smm_ph_0_20_t14_v1
-1223188096,packed_mp_veh_mod_idx_14_v308
-1223185419,m_cl_clo_hstmb_21_2_t1_v1
-1223134635,packed_mp_veh_mod_idx_s_8_v16
-1223128702,vem_colour_1_mct_classic_garnet_red_t24_v33
-1223095024,vem_supermod_0_19_t41_v7
-1223077899,packed_mp_veh_mod_idx_s_12_v325
-1223034572,f_cl_clo_apf_u_1_3_t11_v1
-1223026103,packed_mp_veh_colour2_0_v287
-1222962680,m_cl_clo_sum_b_1_3_t1_v1
-1222953486,packed_mp_veh_mod_idx_s_16_v123
-1222953006,packed_ng_vehicle_neon_kit_v274
-1222948184,m_cl_outfit_clo_h3m_o_dl_13_t12_v0
-1222883958,f_cl_clo_smf_ph_8_10_t14_v1
-1222874893,packed_mp_veh_mod_idx_13_v413
-1222706838,packed_mp_veh_mod_idx_s_17_v194
-1222627133,packed_mp_veh_mod_idx_22_v191
-1222611831,vem_supermod_13_1_t54_v28
-1222570547,vem_colour_2_mct_metallic_ultra_blue_t25_v33
-1222561648,m_cl_clo_grm_u_2_17_t11_v1
-1222482362,m_cl_clo_indm_d_13_t100_v0
-1222446729,f_cl_clo_hp_f_d_3_t11_v1
-1222422582,packed_mp_veh_mod_idx_9_v6
-1222382941,m_ta_tat_gr_017_t0_v0
-1222362207,vem_colour_2_mct_metallic_black_graphite_t25_v3
-1222305610,m_cl_clo_hp_d_36_t11_v1
-1222278152,packed_mp_veh_mod_idx_s_3_v165
-1222259874,vem_colour_extra_1_mct_classic_woodbeech_brown_t24_v2
-1222181003,vem_hood_6_t9_v27
-1222092456,wp_wct_tint_14_t2_v21_n2
-1222072273,packed_mp_veh_mod_idx_11_v321
-1221910478,packed_mp_veh_mod_idx_1_v266
-1221884508,vem_chassis_23_t4_v35
-1221648099,m_ha_none_t6_v1
-1221581805,m_cl_clo_grm_b_1_6_t1_v1
-1221514513,m_cl_clo_vwm_ph_1_19_t14_v1
-1221415484,packed_mp_veh_mod_idx_22_v140
-1221377308,packed_mp_veh_mod_idx_10_v133
-1221359246,vem_hood_9_t9_v38
-1221321767,packed_mp_veh_colour_extra2_0_v234
-1221219975,packed_mp_veh_mod_idx_11_v313
-1221217835,packed_mp_veh_mod_idx_7_v308
-1221198271,packed_mp_veh_mod_idx_5_v1
-1221177437,packed_mp_veh_mod_idx_s_23_v58
-1221170567,m_cl_clo_x6m_u_0_13_t11_v1
-1221098667,wp_wm_tint6_t2_v6
-1220891995,f_cl_clo_h2f_ph_2_1_t14_v1
-1220829606,vem_horn_clas1_t10_v10
-1220796998,packed_mp_veh_colour1_0_v288
-1220785907,ve_ratbike_t0_v3
-1220743427,packed_ng_vehicle_smoke_v139
-1220726968,vem_insurance_shinobi
-1220709191,packed_mp_veh_mod_idx_16_v234
-1220659190,vem_colour_1_mct_metallic_spin_purple_t24_v33
-1220566658,vem_colour_1_mct_metallic_racing_green_t24_v1
-1220564609,packed_mp_veh_mod_idx_1_v108
-1220543695,f_cl_clo_grf_u_10_4_t11_v1
-1220504116,f_ha_clo_sbf_h_1_0_t0_v0
-1220318120,m_cl_clo_x6m_u_23_2_t11_v1
-1220308810,packed_mp_veh_mod_idx_10_v321
-1220219740,packed_mp_veh_mod_idx_s_14_v341
-1220199447,wp_wm_tint6_t2_v68
-1220143445,packed_mp_veh_mod_idx_6_v336
-1220081740,f_cl_clo_sbf_b_10_6_t1_v1
-1220071468,packed_mp_veh_mod_idx_7_v366
-1220047146,wp_ps_bag_1_t1_v33
-1220036176,packed_mp_veh_mod_var_0_v272
-1219907950,packed_mp_veh_mod_idx_s_14_v107
-1219777664,vem_drft_09_t19_v12
-1219770939,packed_mp_veh_colour1_0_v390
-1219749437,packed_mp_veh_mod_idx_s_17_v296
-1219749346,m_cl_clo_iem_u_7_20_t11_v1
-1219686051,vem_colour_extra_1_mct_matte_might_purple_t24_v2
-1219659263,m_cl_clo_busm_l_1_0_t4_v1
-1219593944,packed_mp_veh_colour_extra1_0_v339
-1219590972,f_cl_clo_grf_g_0_8_t3_v1
-1219522037,packed_mp_veh_mod_idx_3_v141
-1219494369,f_cl_clo_bhf_decl_46_t100_v0
-1219433225,packed_mp_veh_colour1_0_v76
-1219311586,f_ta_tat_st_047_t0_v0
-1219081512,m_cl_clo_lxm_e_1_2_t14_v1
-1219060996,autoshop_wal_9_t0_v0
-1218906058,vem_rwd_bikew_34_t19_v4
-1218841884,m_cl_u_fmm_0_11_t8_v0
-1218829470,packed_mp_veh_mod_idx_0_v330
-1218783633,packed_ng_vehicle_smoke_v56
-1218741714,f_ha_cc_eyebrw_21_t2_v1
-1218709744,f_cl_clo_smf_o_5_t8_v12
-1218636858,mp_stat_factoryslot2_v0
-1218578637,vem_supermod_15_19_t56_v3
-1218483883,packed_mp_veh_mod_idx_s_4_v58
-1218480250,f_cl_clo_vwf_decl_41_t100_v0
-1218311492,vem_spoiler_24_t14_v3
-1218298255,f_cl_outfit_clo_h2f_o_g_10_t12_v0
-1218234374,packed_mp_veh_mod_idx_s_7_v384
-1218218833,m_cl_clo_h4m_b_2_8_t1_v1
-1218212527,f_cl_clo_x2f_t_0_2_t7_v1
-1218192357,f_cl_clo_bif_s_17_4_t8_v1
-1218136692,f_cl_clo_ief_u_16_3_t11_v1
-1218064859,f_cl_clo_lxf_dec_28_t8_v1
-1218001305,packed_mp_veh_livery2_0_v78
-1217974223,packed_mp_veh_mod_idx_s_18_v374
-1217853437,vem_cmod_hrn_0_t10_v35
-1217850336,f_cl_clo_fxf_l_0_14_t4_v1
-1217810426,vem_horn_cnote_b0_t10_v4
-1217804656,f_cl_clo_vwf_decl_44_t100_v0
-1217721112,m_cl_clo_stm_l_3_12_t4_v1
-1217618328,dec_vw_aw_wv_52
-1217577724,f_cl_clo_awf_o_h_9_t3_v12
-1217574023,packed_mp_veh_mod_idx_s_1_v384
-1217537750,m_cl_clo_grm_g_0_9_t3_v1
-1217510245,f_cl_clo_smf_b_6_14_t1_v1
-1217484337,vem_colour_1_mct_classic_sunset_red_t24_v2
-1217422340,f_cl_clo_grf_l_4_2_t4_v1
-1217408403,packed_ng_vehicle_neon_v274
-1217362781,packed_mp_veh_primary_colour_group_v396
-1217325367,packed_mp_veh_mod_idx_6_v331
-1217251107,vem_insurance_panthere
-1217244401,packed_mp_veh_mod_idx_s_13_v397
-1217234528,f_cl_clo_exf_au_8_1_t11_v1
-1217221243,m_cl_clo_trm_u_7_11_t11_v1
-1217137962,packed_mp_veh_mod_idx_0_v244
-1217107492,wp_wct_tint_14_t2_v5_n2
-1217068665,m_cl_clo_sbm_ph_6_13_t14_v1
-1216990132,packed_mp_veh_mod_idx_13_v307
-1216962843,packed_ng_vehicle_smoke_v280
-1216950297,packed_mp_veh_mod_idx_1_v331
-1216898310,f_cl_clo_exf_au_8_2_t11_v1
-1216849468,f_ta_tat_s2_028_t0_v0
-1216830921,packed_mp_veh_mod_idx_9_v191
-1216830609,vem_supermod_20_0_t61_v3
-1216709672,f_cl_outfit_clo_s2f_o_8_t12_v0
-1216531020,vem_supermod_0_2_t41_v26
-1216489292,service_earn_property_sales
-1216488905,m_cl_clo_h2m_u_3_6_t11_v1
-1216462883,vem_horn_clas2_t10_v5
-1216435949,f_cl_clo_fxf_u_2_12_t11_v1
-1216261127,vem_smod2_whlv102_t66_v3
-1216193633,packed_mp_veh_mod_idx_s_4_v31
-1216116411,m_cl_clo_h3m_o_grp_2_t3_v12
-1216053466,packed_mp_veh_mod_idx_s_2_v14
-1216036113,vem_supermod_3_0_n1_t44_v27
-1216004953,packed_mp_veh_mod_idx_13_v391
-1215835754,packed_mp_veh_mod_idx_2_v28
-1215735140,packed_mp_veh_livery_0_v301
-1215719974,packed_mp_veh_mod_idx_6_v322
-1215672653,vem_supermod_3_43_t44_v7
-1215653625,packed_mp_veh_mod_idx_9_v128
-1215604335,f_cl_clo_grf_decl_7_t11_v1
-1215519485,packed_mp_veh_mod_idx_6_v102
-1215472535,packed_mp_veh_mod_idx_15_v284
-1215455880,f_cl_clo_hp_f_u_2_2_t8_v1
-1215447472,vem_fender_r_9_t37_v35
-1215444445,vem_supermod_7_18_t48_v3
-1215437754,f_cl_clo_grf_l_3_18_t4_v1
-1215373154,f_cl_clo_hp_f_f_1_15_t6_v1
-1215371365,f_cl_clo_fxf_u_4_4_t11_v1
-1215348169,packed_mp_veh_mod_idx_s_4_v118
-1215262380,m_cl_clo_bbm_l_2_9_t4_v1
-1215158100,packed_mp_veh_mod_idx_s_23_v261
-1215149703,packed_mp_veh_mod_idx_2_v109
-1215102597,vem_armour_2_t1_v37
-1215095024,packed_mp_veh_mod_idx_9_v166
-1215039037,m_ta_tat_l2_029_t0_v0
-1214945934,m_cl_clo_x6m_rw_210_t14_v1
-1214881178,packed_lr_vehicle_colour_5_v324
-1214874681,packed_mp_veh_mod_idx_s_15_v32
-1214863132,ve_jester_t0_v3
-1214854302,m_cl_clo_bhm_u_14_0_t11_v1
-1214708585,m_cl_outfit_clo_stm_o_16_t12_v0
-1214644204,m_ha_clo_vwm_h_0_0_t0_v0
-1214630683,packed_mp_veh_mod_idx_11_v174
-1214582213,f_cl_clo_exf_eu_5_5_t11_v1
-1214518718,m_ta_tat_fm_237_t0_v0
-1214474501,packed_mp_veh_mod_idx_9_v103
-1214395236,vem_smod4_whlv209_t66_v1
-1214221029,f_cl_clo_grf_g_1_1_t3_v1
-1214082842,f_cl_clo_x6f_t_8_3_t7_v1
-1214060392,f_cl_clo_bus_p_0_1_t14_v1
-1213987449,packed_mp_veh_mod_idx_s_6_v223
-1213956878,packed_lr_vehicle_colour_5_v367
-1213897830,vem_bikew_23_t19_v3
-1213895501,wp_wm_tint4_t3_v4
-1213882481,m_cl_clo_iem_l_0_0_t4_v1_cesp
-1213868894,ve_everon2_t1_v3
-1213845598,wp_wt_rifle_cbn2_t0_v0_n2
-1213825265,m_cl_clo_sbm_l_3_8_t4_v1
-1213743442,packed_mp_veh_mod_idx_s_6_v162
-1213741845,m_cl_clo_bhm_decl_48_t100_v0
-1213686239,m_cl_clo_x3m_b_3_1_t1_v1
-1213546118,f_cl_clo_h4f_b_0_1_t1_v1
-1213413372,packed_mp_veh_mod_idx_s_13_v330
-1213190734,packed_mp_veh_mod_idx_s_18_v400
-1213153732,vem_colour_extra_1_mct_metallic_candy_red_t24_v3
-1213044225,vem_supermod_3_3_t44_v6
-1213001526,dec_vw_aw_ls_18
-1212970078,f_cl_clo_bhf_l_4_10_t4_v1
-1212885118,vem_exhaust_18_t6_v35
-1212796304,f_cl_outfit_clo_v2f_o_11_t12_v0
-1212782467,wp_wct_clip_drm_t1_v68
-1212776624,dec_vw_aw_wv_1a
-1212739355,vem_smod4_whlv86_t66_v1
-1212716776,packed_mp_veh_mod_idx_13_v234
-1212688347,packed_mp_veh_mod_idx_s_15_v327
-1212565134,f_cl_outfit_clo_ief_o_9_t12_v0
-1212261647,packed_mp_veh_window_tint_0_v389
-1212165369,vem_insurance_btype2
-1212115864,vem_insurance_dukes3
-1212090433,f_cl_clo_h3f_u_11_3_t11_v1
-1212082899,f_cl_clo_vwf_b_9_3_t1_v1
-1212042323,vem_supermod_16_0_t57_v37
-1211857299,packed_mp_veh_window_tint_0_v26
-1211746949,packed_mp_int_truck_section_1_num_v0
-1211731923,packed_mp_veh_mod_idx_s_17_v121
-1211713390,f_cl_clo_h3f_ph_6_21_t14_v1
-1211527869,m_cl_clo_ltsml_0_4_t4_v1
-1211455401,packed_mp_veh_mod_idx_s_10_v1
-1211381296,vem_supermod_2_14_t43_v3
-1211371945,packed_mp_veh_mod_idx_s_21_v31
-1211329944,m_cl_clo_grm_ph_1_24_t14_v1
-1211283724,vem_rwd_offr_03_t19_v1
-1211216643,vem_supermod_0_0_t41_v39
-1211188166,f_cl_clo_jaf_o_0_t8_v12
-1211165882,f_cl_clo_x5f_u_16_13_t11_v1
-1211143669,f_cl_clo_exf_el_0_2_t4_v1
-1211090636,fcarcade_b_up3_c_23
-1211061810,ve_torero2_t0_v3
-1210925559,vem_cmod_neonlay_4_t21_v38
-1210915813,m_cl_clo_exm_au_3_2_t11_v1
-1210895135,f_ha_cc_eyebrw_14_t2_v0
-1210740366,wp_wt_smg2_t1_v5
-1210624135,vem_smod_whlv5_t66_v3
-1210622860,vem_hood_1_t9_v26
-1210508050,m_cl_clo_x2m_ht_0_3_t14_v0
-1210491382,vem_colour_extra_1_mct_metallic_salmon_pink_t24_v33
-1210458988,packed_mp_veh_mod_idx_s_20_v119
-1210443626,packed_mp_veh_mod_idx_9_v114
-1210235853,packed_mp_veh_mod_idx_s_20_v69
-1210178330,f_cl_clo_h3f_o_bs_6_t8_v12
-1209997006,wp_wct_tint_19_t2_v9_n2
-1209938398,m_cl_clo_iem_b_8_3_t1_v1
-1209921704,f_cl_o_fmf_s2_t8_v12
-1209894621,f_cl_clo_fxf_o_g_1_t8_v12
-1209861611,m_cl_outfit_clo_hstm_o_h_2_t12_v0
-1209833464,vem_drft_10_t19_v0
-1209542179,vem_horn_cnote_a0_t10_v32
-1209533798,vem_colour_mct_none_55
-1209499537,vem_supermod_7_10_t48_v27
-1209415833,m_cl_clo_x6m_ph_2_7_t14_v1
-1209405762,m_cl_he_fmm_16_3_t14_v0
-1209377219,f_cl_clo_ief_u_14_15_t11_v1
-1209373582,m_cl_f_fmm_9_1_t6_v0
-1209315154,f_cl_clo_apf_u_23_2_t11_v1
-1209221496,m_cl_clo_x6m_u_3_4_t11_v1
-1209193315,f_cl_clo_x6f_u_30_8_t11_v1
-1209159618,packed_ng_vehicle_smoke_v409
-1209117652,vem_yacht_flag_13_v0
-1209107477,vem_colour_mct_none_43
-1209018580,vem_cmod_pla_text_t23_v28
-1208923535,f_cl_f_fmf_1_0_t6_v0
-1208867803,vem_smod4_whlv34_t66_v1
-1208867515,pr_pm_modshop_19_t0_v0
-1208810507,vem_horn_indi_4_t10_v26
-1208788757,m_cl_clo_vwm_s_2_12_t8_v1
-1208788633,vem_supermod_5_0_t46_v38
-1208524744,vem_colour_extra_1_mct_metallic_dark_blue_t24_v3
-1208493199,vem_cmod_tyr_7_t18_v2
-1208463835,m_cl_clo_trm_u_6_6_t11_v1
-1208407696,vem_cmod_tyr_2_t30_v33
-1208379009,wp_wct_camo_3_t1_v5_n2
-1208339903,vem_cmod_hrn_mus4_t10_v30
-1208286822,m_cl_clo_grm_u_8_13_t11_v1
-1208199160,f_cl_clo_s2f_e_1_0_t14_v1
-1208193316,packed_mp_veh_mod_idx_23_v19
-1208168549,m_cl_clo_exm_decl_9_t11_v1
-1208060466,packed_mp_veh_mod_idx_s_22_v197
-1208036713,packed_mp_veh_livery_0_v246
-1208013739,wp_wct_c_tint_21_t2_v56_n2
-1207947902,f_cl_clo_hp_f_d_24_t8_v1
-1207887881,vem_colour_1_mct_chrome_chrome_t24_v2
-1207829066,m_cl_clo_grm_b_5_15_t1_v1
-1207755147,m_cl_clo_bim_s_11_23_t8_v1
-1207645127,f_cl_clo_sbf_u_11_3_t11_v1
-1207645061,vem_smod4_whlv177_t66_v0
-1207600845,vem_colour_1_mct_classic_galaxy_blue_t24_v33
-1207548948,m_cl_m_fmm_7_3_t1_v0
-1207508642,packed_mp_veh_mod_idx_s_13_v412
-1207432637,f_cl_clo_grf_u_3_19_t11_v1
-1207319155,packed_mp_veh_mod_idx_s_1_v210
-1207318291,f_cl_clo_hstfb_23_4_t1_v1
-1207280436,m_cl_clo_iem_u_5_17_t11_v1
-1207253251,vem_colour_2_mct_classic_graphite_t25_v3
-1207192801,packed_mp_veh_mod_idx_22_v20
-1207131996,m_ta_tat_vw_021_t0_v0
-1207036726,packed_mp_veh_colour1_0_v298
-1207008467,vem_cmod_tyr_lg_t30_v34
-1206980863,vem_colour_extra_1_mct_metallic_galaxy_blue_t24_v4
-1206919154,vem_chassis_19_t4_v39
-1206894572,packed_mp_veh_mod_idx_12_v407
-1206818716,f_cl_clo_bhf_decl_2_t100_v0
-1206738397,vem_supermod_7_14_t48_v26
-1206447734,packed_mp_veh_mod_idx_s_15_v186
-1206279672,packed_mp_veh_colour_extra2_0_v278
-1206208371,ve_mogul_t1_v33
-1206174245,vem_rwd_bikew_04_t19_v3
-1206148526,packed_mp_veh_mod_idx_s_17_v274
-1206136482,f_cl_l_fmf_14_0_t4_v0
-1206118025,m_cl_f_fmm_9_9_t6_v0
-1206103074,packed_mp_veh_livery_0_v374
-1206042994,m_cl_clo_arm_o_20_t11_v12
-1206009900,wp_wct_scope_max_t1_v21_n2
-1205995595,vem_cmod_pla_2_t23_v1
-1205987645,vem_hood_0_t9_v35
-1205959392,f_ta_tat_gr_028_t0_v0
-1205845787,packed_mp_veh_mod_idx_2_v334
-1205843015,f_ta_tat_x6_050_t0_v0
-1205785114,vem_colour_2_mct_metallic_olive_green_t25_v0
-1205756697,pr_pm_modshop_2_t89_v0
-1205635318,packed_mp_veh_mod_idx_s_10_v39
-1205629948,m_cl_clo_iem_l_2_3_t4_v1
-1205597774,m_cl_clo_exm_au_8_3_t11_v1
-1205566943,vem_supermod_22_5_t63_v3
-1205489771,wp_wct_camo_ind_t1_v9_n2
-1205448551,packed_mp_veh_mod_idx_24_v255
-1205417077,vem_colour_1_mct_metallic_woodbeech_brown_t24_v2
-1205332316,packed_mp_veh_mod_idx_1_v283
-1205317441,vem_supermod_16_11_t57_v3
-1205274496,f_cl_clo_bhf_l_2_6_t4_v1
-1205225551,vem_colour_1_mct_classic_bright_purple_t24_v3
-1205224857,vem_rwd_hiend_14_t19_v12
-1205222039,f_cl_clo_bhf_u_19_5_t11_v1
-1205028531,vem_supermod_23_38_n1_t64_v3
-1205022252,packed_mp_veh_mod_idx_s_22_v325
-1205020829,vem_colour_2_mct_metallic_blue_silver_t25_v4
-1205020601,packed_mp_veh_mod_idx_10_v275
-1204961286,m_cl_clo_sum_l_2_3_t4_v1
-1204959546,vem_smod_whlv216_t66_v3
-1204907656,m_cl_clo_ltsmb_0_0_t1_v1
-1204852132,vem_insurance_phantom3
-1204791106,f_cl_clo_smf_ph_6_14_t14_v1
-1204771729,m_cl_clo_trm_decl_15_t100_v0
-1204754629,f_ta_tat_sm_018_t0_v0
-1204599082,vem_hlight_1_t11_v2
-1204548948,vem_loride_15_t19_v3
-1204547065,m_cl_clo_hstm_t_2_6_t7_v1
-1204507219,m_cl_clo_sbm_f_0_5_t6_v1
-1204466921,vem_supermod_10_11_t51_v3
-1204411340,wp_wct_barr_t1_v8_n2
-1204369602,vem_horn_cnote_c1_t10_v0
-1204215275,m_cl_clo_iem_l_1_2_t4_v1
-1204088053,vem_drft_18_t19_v2
-1204001025,packed_mp_veh_mod_idx_s_9_v230
-1203999350,fa_upgrade_weapons_decor_0_t0_v1
-1203987051,vem_supermod_15_12_t56_v38
-1203968145,f_cl_clo_v2f_u_1_0_t11_v1
-1203920931,vem_horn_xm15_1_t10_v10
-1203906586,packed_mp_veh_mod_idx_s_12_v359
-1203884552,m_cl_clo_busm_u_1_6_t11_v1
-1203738851,packed_mp_veh_primary_colour_group_v142
-1203727357,packed_mp_veh_livery_0_v73
-1203619016,f_cl_clo_scf_u_55_1_t11_v1
-1203536364,f_cl_outfit_clo_h3f_o_und_1_t12_v0
-1203505780,f_ta_tat_h3_020_t0_v0
-1203484373,m_cl_clo_bim_pe_1_2_t14_v1
-1203440340,f_cl_clo_vwf_decl_14_t100_v0
-1203419643,m_ta_tat_s2_016_t0_v0
-1203314871,vem_cmod_tyr_9_t18_v33
-1203179859,vem_smod3_whlv108_t66_v3
-1203173708,f_cl_clo_stf_u_3_10_t11_v1
-1203139662,packed_mp_veh_mod_idx_s_22_v74
-1203126421,m_cl_clo_scm_u_0_17_t11_v1
-1203109305,vem_colour_1_mct_metallic_spin_purple_t24_v0
-1203078149,m_cl_clo_busm_s_0_7_t8_v2
-1203004533,vem_rwd_musc_16_t19_v3
-1202982620,m_cl_clo_iem_u_4_3_t11_v1
-1202971980,arc_index_2_t0_v0
-1202918591,f_cl_clo_fxf_ph_1_12_t14_v1
-1202885379,f_cl_clo_bhf_u_20_8_t11_v1
-1202785095,vem_smod4_whlv38_t66_v1
-1202765659,m_cl_clo_x6m_f_6_7_t6_v1
-1202597104,fcbase_sty2_t0_v0
-1202554980,packed_mp_veh_mod_idx_s_21_v402
-1202538502,f_cl_clo_suf_l_1_16_t4_v1
-1202468078,packed_mp_veh_mod_idx_s_11_v124
-1202446594,f_cl_clo_awf_u_1_6_t11_v1
-1202367312,mp_stat_mpsv_model_408
-1202282682,m_cl_clo_bhm_u_11_8_t11_v1
-1202249113,packed_mp_veh_mod_idx_s_1_v272
-1202188291,vem_trans_1_t16_v0
-1202175923,packed_mp_veh_mod_idx_s_8_v275
-1202058546,packed_mp_veh_mod_idx_0_v285
-1202042752,mp_stat_mpsv_model_197
-1202041461,f_cl_clo_x2f_ht_5_2_t14_v1
-1201958962,packed_mp_veh_mod_idx_16_v101
-1201919256,vem_rwd_offr_04_t19_v0
-1201859806,packed_mp_veh_colour2_0_v169
-1201854653,m_cl_clo_ltsm_o_13_t8_v12
-1201830726,f_ta_tat_sb_062_t0_v0
-1201797215,m_cl_clo_vwm_pe_3_3_t14_v1
-1201775129,packed_mp_veh_mod_idx_8_v151
-1201771899,packed_mp_veh_mod_idx_s_15_v246
-1201644721,f_cl_clo_fxf_b_0_2_t1_v1
-1201607779,f_cl_clo_grf_u_0_0_t11_v1
-1201328182,f_cl_clo_grf_u_8_11_t11_v1
-1201318237,vem_grill_15_t8_v38
-1201292760,packed_mp_veh_mod_idx_s_10_v323
-1201275948,m_cl_clo_grm_u_8_6_t11_v1
-1201186465,m_cl_clo_vwm_decl_43_t100_v0
-1201119467,packed_lr_vehicle_colour_6_v217
-1201111956,f_cl_clo_x17f_o_m_9_t3_v12
-1201009412,packed_mp_veh_mod_idx_11_v8
-1201006740,vem_smod5_whlv168_t66_v3
-1200924827,vem_supermod_2_4_t43_v28
-1200882211,packed_mp_veh_mod_idx_8_v97
-1200863884,vem_supermod_56_2_t56_v7
-1200853990,packed_mp_veh_colour_extra1_0_v143
-1200841024,f_cl_clo_s1f_ph_0_2_t14_v1
-1200783921,packed_mp_veh_colour2_0_v382
-1200741622,f_cl_clo_bbf_006_t4_v1
-1200724279,packed_ng_vehicle_insurance_v388
-1200519697,packed_mp_veh_mod_idx_11_v225
-1200455200,packed_mp_veh_mod_idx_s_10_v163
-1200451127,f_cl_clo_suf_u_20_1_t11_v1
-1200437852,pr_pm_font_6_t1_v0
-1200416389,vem_colour_1_mct_metallic_orange_t24_v2
-1200398768,vem_supermod_1_0_t42_v3
-1200358708,packed_mp_veh_secondary_colour_group_v219
-1200343076,packed_mp_veh_mod_idx_s_11_v384
-1200297885,packed_mp_veh_mod_idx_13_v252
-1200282313,vem_smod3_whlv92_t66_v3
-1200260836,vem_spoiler_29_t14_v1
-1200220779,m_cl_clo_jam_decl_4_t100_v0
-1200198626,f_cl_clo_awf_o_e_5_t8_v12
-1200181329,packed_mp_veh_mod_idx_7_v343
-1200025356,f_cl_clo_vwf_f_3_0_t6_v1
-1199926580,vem_fender_l_7_t36_v35
-1199784502,f_ta_tat_fm_201_t0_v0
-1199766823,packed_mp_veh_livery_0_v403
-1199627510,packed_mp_veh_mod_idx_11_v74
-1199611842,f_ta_tat_bi_048_t0_v0
-1199595809,f_cl_clo_ief_ph_0_5_t14_v1
-1199562223,packed_mp_veh_mod_idx_s_19_v257
-1199539593,dec_vw_aw_wh_41
-1199511396,m_cl_outfit_clo_x2m_o_0_t12_v0
-1199463541,packed_mp_veh_colour2_0_v133
-1199382578,vem_bumper_f_11_t34_v28
-1199249212,packed_mp_veh_mod_idx_s_9_v266
-1199234117,pr_mp_prop_86_t0_v0
-1199193861,mp_stat_mpsv_model_126
-1199120646,f_ha_cc_mkup_77_t5_v0
-1199103238,vem_supermod_3_32_t44_v11
-1199083229,pr_pm_bfcolour_2_t0_v0
-1199067116,packed_mp_veh_mod_idx_s_8_v387
-1198983185,vem_cmod_neoncol_5_t21_v38
-1198918380,packed_mp_veh_mod_idx_s_12_v44
-1198894808,vem_cmod_neoncol_13_t21_v27
-1198776912,m_cl_outfit_clo_awm_o_e_11_t12_v0
-1198755576,vem_horn_hips4_t10_v0
-1198745551,f_cl_clo_x6f_f_6_10_t6_v1
-1198681305,f_cl_clo_trf_ph_1_8_t14_v1
-1198570408,packed_mp_veh_mod_var_1_v407
-1198528061,packed_mp_veh_wheel_type_0_v288
-1198509132,packed_mp_veh_mod_idx_10_v56
-1198477531,packed_mp_veh_mod_idx_s_17_v369
-1198477390,m_cl_clo_s2m_d_18_t11_v1
-1198440992,vem_cmod_col5_20_t29_v1
-1198315704,f_cl_clo_hstf_u_12_0_t11_v1
-1198227984,packed_mp_veh_colour_extra1_0_v313
-1198222128,m_cl_clo_bim_l_4_3_t4_v1
-1198182098,f_cl_clo_x6f_ph_1_14_t14_v1
-1198157368,f_cl_clo_x6f_f_10_8_t6_v1
-1198129922,vem_colour_1_mct_classic_candy_red_t24_v1
-1198095098,f_cl_clo_awf_u_7_11_t11_v1
-1197822114,m_cl_clo_vwm_b_7_1_t1_v1
-1197623444,vem_supermod_23_0_t64_v39
-1197616028,packed_mp_veh_mod_idx_24_v227
-1197582707,vem_supermod_60_14_t60_v7
-1197534960,vem_horn_clas2_t10_v33
-1197534723,vem_hood_9_t9_v26
-1197479954,wp_pm_tint2_t2_v33
-1197393185,packed_mp_veh_mod_var_1_v96
-1197333768,vem_turbo_1_t17_v37
-1197328751,f_cl_clo_awf_f_4_1_t6_v1
-1197293784,packed_mp_veh_mod_idx_s_18_v88
-1197222631,f_cl_clo_hstfb_14_15_t1_v1
-1197193187,m_cl_clo_busm_s_0_6_t8_v2
-1197124117,packed_mp_veh_mod_idx_s_21_v152
-1197096908,hangar_mod_floor_decal_4_t0_v1
-1197035552,fixer_hq_contraband_mission_remove_v0
-1196999821,packed_mp_veh_plate_id_v199
-1196935115,vem_cmod_col5_36_t29_v4
-1196906702,m_cl_clo_scm_b_9_0_t1_v1
-1196893523,m_cl_clo_x6m_ph_1_24_t14_v1
-1196860974,f_cl_clo_lxf_u_3_8_t11_v1
-1196792536,m_cl_clo_exm_oa_0_t100_v0
-1196737830,vem_colour_extra_1_mct_classic_flur_yellow_t24_v4
-1196472948,f_cl_clo_awf_decl_48_t100_v0
-1196214873,f_cl_clo_grf_b_5_16_t1_v1
-1196198579,packed_mp_veh_mod_idx_9_v72
-1196197119,m_cl_clo_scm_o_2_t3_v12
-1196153561,vem_colour_1_mct_classic_bright_green_t24_v3
-1196086392,packed_ng_vehicle_insurance_v81
-1196056614,f_ta_tat_gr_004_t0_v0
-1196050117,multistorey_garage_index_1_v0
-1195984660,f_ta_tat_hp_044_t0_v0
-1195890080,m_cl_f_fmm_5_2_t6_v0
-1195846441,f_cl_clo_vwf_ph_0_2_t14_v1
-1195814636,m_cl_clo_vwm_pw_5_5_t14_v1
-1195797656,packed_mp_veh_mod_idx_4_v19
-1195794447,packed_ng_vehicle_insurance_v21
-1195766353,ve_savage_n1_t1_v0
-1195674948,packed_mp_veh_primary_colour_group_v226
-1195591668,f_cl_clo_arf_u_2_1_t11_v1
-1195574276,dec_vw_aw_wh_36
-1195557907,f_cl_clo_grf_b_3_25_t1_v1
-1195364267,m_cl_l_fmm_8_0_t4_v0
-1195343233,packed_mp_veh_primary_colour_group_v86
-1195337756,packed_mp_veh_mod_idx_s_1_v111
-1195303075,f_cl_outfit_clo_h4f_o_s1_f1_t12_v0
-1195198455,packed_mp_veh_mod_idx_22_v79
-1195171614,pr_pm_bemblem_10_t0_v0
-1195162519,vem_cmod_neonlay_1_t21_v7
-1195126810,vem_supermod_9_0_t50_v27
-1195082658,f_cl_m_fmf_2_3_t1_v0
-1195073171,vem_spoiler_9_t14_v6
-1194905971,m_cl_clo_exm_eu_7_0_t11_v1
-1194868266,m_cl_clo_x6m_f_3_21_t6_v1
-1194666075,packed_mp_veh_wheel_type_0_v86
-1194573436,packed_mp_veh_mod_idx_s_7_v14
-1194558912,packed_mp_veh_mod_idx_24_v118
-1194477485,vem_colour_1_mct_matte_matte_od_t24_v2
-1194448608,vem_smod4_whl_30_t19_v3
-1194253122,service_earn_ambient_job_hot_property
-1194239440,packed_mp_veh_mod_idx_2_v409
-1194145380,m_cl_g_fmm_8_5_t14_v0
-1194067217,m_cl_l_fmm_5_2_t4_v0
-1194036585,ve_stingertt_t0_v38
-1194036274,m_cl_clo_h4m_decl_1_t100_v0
-1193781860,f_ta_tat_fm_245_t0_v0
-1193713766,packed_mp_veh_mod_idx_23_v47
-1193668407,veu_issi5_t0_v0
-1193663139,vem_spoiler_5_t14_v29
-1193454047,packed_mp_veh_mod_idx_12_v226
-1193384741,vem_rwd_spt_22_t19_v1
-1193383744,packed_mp_veh_mod_idx_s_1_v165
-1193272041,vem_supermod_4_13_t45_v3
-1193211825,packed_mp_veh_mod_idx_s_3_v153
-1193208232,wp_ps_bag_4_t1_v33
-1193167198,m_cl_clo_fxm_l_5_12_t4_v1
-1193109700,wp_wct_clip2_t1_v1_n2
-1192901388,vem_fender_r_5_t37_v4
-1192900090,packed_mp_veh_mod_idx_s_21_v248
-1192680969,f_cl_clo_bus_m_0_6_t1_v1
-1192675327,m_cl_clo_fxm_l_4_7_t4_v1
-1192562494,vem_colour_2_mct_classic_silver_t25_v1
-1192556203,packed_mp_veh_mod_var_1_v369
-1192527735,vem_colour_2_mct_metallic_frost_white_t25_v2
-1192518203,vem_colour_2_mct_classic_racing_green_t25_v0
-1192472393,packed_mp_veh_mod_idx_s_1_v366
-1192461603,f_cl_clo_busf_l_0_6_t4_v1
-1192422988,vem_horn_clas2_t10_v37
-1192399287,vem_colour_mct_none_12
-1192391579,f_cl_outfit_clo_awf_o_b_13_t12_v0
-1192322812,packed_mp_veh_mod_idx_s_9_v132
-1192295491,f_cl_clo_s1f_t_1_1_t7_v1
-1192276559,f_cl_clo_smf_b_1_6_t1_v1
-1192180386,m_ta_tat_x6_049_t0_v0
-1192128641,f_cl_clo_awf_u_9_4_t11_v1
-1192050594,vem_cmod_hrn_mus2_t10_v2
-1192042861,packed_mp_veh_livery_0_v253
-1192035646,packed_mp_veh_mod_idx_s_3_v240
-1192000632,packed_mp_veh_mod_idx_8_v53
-1191994280,packed_mp_veh_colour_extra1_0_v414
-1191990322,f_cl_clo_bhf_decl_15_t100_v0
-1191961617,packed_mp_veh_mod_idx_6_v354
-1191878206,packed_mp_veh_mod_idx_s_10_v78
-1191732294,packed_mp_veh_mod_idx_s_1_v102
-1191662021,packed_ng_vehicle_insurance_v65
-1191614739,m_cl_clo_grm_u_10_18_t11_v1
-1191482671,fchub_mod7_1_t0_v0
-1191433855,f_cl_outfit_clo_h2f_o_c_15_t12_v0
-1191349187,packed_mp_veh_window_tint_0_v114
-1191345198,packed_mp_veh_mod_idx_s_6_v52
-1191288120,vem_colour_1_mct_metallic_beechwood_brown_t24_v0
-1191267201,m_cl_clo_exm_eu_11_9_t11_v1
-1191247634,wp_wct_c_tint_12_t2_v5_n2
-1191119497,packed_mp_veh_livery_0_v292
-1190962142,packed_lr_vehicle_colour_6_v183
-1190951395,f_cl_clo_hp_f_l_0_12_t4_v1
-1190946157,vem_smod4_whlv42_t66_v0
-1190936140,packed_mp_veh_mod_idx_s_4_v120
-1190932204,packed_mp_veh_mod_idx_4_v412
-1190925733,vem_supermod_11_8_t52_v28
-1190666700,wp_wm_tint5_t2_v89
-1190633381,packed_mp_veh_mod_idx_8_v183
-1190437891,f_cl_clo_x6f_u_4_0_t11_v1
-1190318204,f_cl_clo_grf_g_1_3_t3_v1
-1190244243,packed_mp_veh_mod_idx_24_v276
-1190168230,packed_mp_veh_mod_idx_s_10_v44
-1190132133,f_cl_clo_h3f_ph_10_0_t14_v1
-1190016149,m_cl_clo_s2m_d_29_t11_v1
-1189898358,f_cl_clo_x6f_ph_2_2_t14_v1
-1189808485,vem_colour_2_mct_classic_blue_silver_t25_v33
-1189784404,packed_mp_veh_colour_extra1_0_v1
-1189773731,packed_mp_veh_mod_idx_5_v265
-1189772514,packed_ng_vehicle_bpt_v53
-1189770677,vem_cmod_neoncol_2_t21_v6
-1189716310,f_cl_clo_h3f_u_11_19_t11_v1
-1189580677,m_cl_clo_trm_ph_2_0_t14_v1
-1189574117,packed_mp_veh_mod_idx_0_v265
-1189552033,packed_mp_veh_mod_idx_s_11_v240
-1189379220,vem_offr_17_t19_v0
-1189357149,packed_mp_veh_mod_idx_s_8_v67
-1189309275,m_cl_clo_awm_decl_30_t100_v0
-1189204625,vem_colour_2_mct_classic_light_blue_t25_v3
-1189192649,m_ta_tat_gr_013_t0_v0
-1189188336,packed_mp_veh_wheel_type_0_v250
-1189162243,wp_wm_tint2_t2_v53
-1189050104,mp_stat_mpsv_model_27
-1188942593,packed_mp_veh_mod_idx_s_18_v314
-1188879564,vem_colour_extra_1_mct_pearlescent_shadow_silver_t24_v1
-1188719817,f_cl_clo_x6f_ph_2_3_t14_v1
-1188703706,f_ta_tat_hp_036_t0_v0
-1188565084,packed_mp_veh_mod_idx_s_15_v236
-1188346716,packed_mp_veh_mod_idx_10_v155
-1188295239,packed_mp_veh_mod_idx_8_v246
-1188264836,packed_mp_veh_mod_idx_s_18_v54
-1188171285,vem_horn_clas3_t10_v28
-1188086747,packed_mp_veh_mod_idx_s_5_v149
-1188072438,packed_mp_veh_mod_idx_24_v186
-1187961352,fa_upgrade_weapons_staff_1_t0_v0
-1187945660,m_cl_clo_v2m_f_0_8_t6_v1
-1187939987,m_cl_clo_halm_7_1_t1_v1
-1187936698,m_cl_clo_sbm_b_10_1_t1_v1
-1187791303,f_cl_clo_trf_u_15_8_t11_v1
-1187790714,m_cl_clo_x6m_b_3_1_t1_v1
-1187731523,packed_mp_veh_mod_idx_s_8_v154
-1187724155,vem_spoiler_12_t14_v27
-1187589244,pr_pm_modshop_20_t90_v0
-1187564853,m_cl_u_fmm_13_2_t11_v0
-1187543872,packed_mp_veh_colour_extra1_0_v174
-1187480802,packed_mp_veh_mod_idx_6_v402
-1187364229,packed_mp_veh_mod_idx_10_v397
-1187334047,vem_smod2_whlv210_t66_v3
-1187266327,packed_mp_veh_mod_idx_12_v312
-1187218579,f_cl_clo_suf_l_1_6_t4_v1
-1187200846,wp_wct_tint_12_t2_v47_n2
-1187173828,wp_wct_tint_23_t2_v9_n2
-1187168645,vem_smod5_whlv153_t66_v3
-1187143469,packed_mp_veh_mod_idx_s_23_v201
-1187019210,vem_smod4_whlv60_t66_v2
-1187003598,vem_colour_2_mct_metallic_mariner_blue_t25_v3
-1186944446,wp_wct_c_tint_25_t2_v46_n2
-1186753493,packed_mp_veh_mod_idx_0_v402
-1186574229,vem_insurance_speedo4
-1186482985,vem_smod3_whlv48_t66_v3
-1186423862,packed_mp_veh_mod_idx_23_v151
-1186420182,f_cl_clo_sbf_ph_5_9_t14_v1
-1186381225,m_cl_clo_awm_b_4_6_t1_v1
-1186259633,m_cl_clo_hilf_s_2_2_t8_v2
-1186201603,m_ha_cc_mkup_11_t7_v1
-1186197631,packed_mp_veh_mod_idx_1_v396
-1186183546,vem_colour_1_mct_metallic_silver_t24_v3
-1186130182,packed_mp_veh_mod_idx_1_v225
-1186096518,dec_vw_aw_mt_1e
-1186079845,service_earn_armored_trucks
-1186041907,vem_colour_2_mct_classic_stone_silver_t25_v4
-1185947504,vem_cmod_tyr_5_t18_v11
-1185855587,f_cl_clo_vwf_l_2_25_t4_v1
-1185731591,wp_wm_tint5_t2_v0
-1185726567,m_cl_clo_grm_ph_3_15_t14_v1
-1185629101,packed_mp_veh_colour_extra1_0_v95
-1185508405,f_cl_clo_stf_o_e_0_t11_v12
-1185481608,vem_smod3_whlv58_t66_v3
-1185447150,packed_mp_veh_mod_idx_s_16_v405
-1185444641,ve_velum_t0_v0
-1185431158,vem_colour_extra_1_mct_metallic_candy_red_t24_v4
-1185383995,m_cl_clo_grm_u_13_22_t11_v1
-1185351494,vem_bumper_f_4_t34_v7
-1185316494,m_cl_clo_grm_f_0_6_t6_v1
-1185306974,m_cl_clo_sbm_pe_1_14_t14_v1
-1185215404,vem_rwd_spt_13_t19_v1
-1185089382,vem_supermod_41_17_t41_v7
-1185058841,f_cl_clo_sbf_u_11_5_t11_v1
-1185021804,packed_mp_veh_colour2_0_v390
-1184951481,m_cl_outfit_clo_awm_o_g_5_t12_v0
-1184946269,f_cl_clo_bhf_u_2_4_t11_v1
-1184884824,vem_supermod_23_16_t64_v38
-1184855212,packed_mp_veh_mod_idx_0_v164
-1184813636,packed_mp_veh_mod_idx_18_v57
-1184786867,packed_mp_veh_mod_idx_s_19_v168
-1184756488,vem_cmod_exp_1_t20_v29
-1184709800,vem_smod3_whlv95_t66_v3
-1184704028,ve_vetir_t1_v0
-1184700195,m_cl_clo_busm_s_0_3_t8_v2
-1184682031,packed_mp_veh_mod_idx_s_22_v227
-1184571907,packed_mp_veh_colour2_0_v331
-1184531248,vem_supermod_17_13_t58_v28
-1184512812,m_cl_clo_fxm_pe_4_10_t14_v1
-1184428340,packed_mp_veh_mod_var_1_v2
-1184399790,f_cl_clo_h4f_u_2_16_t11_v1
-1184295672,vem_supermod_57_16_t57_v7
-1184258027,f_cl_clo_s2f_u_0_2_t11_v1
-1184250792,packed_mp_veh_mod_idx_s_11_v40
-1184247661,f_cl_clo_vwf_u_15_3_t11_v1
-1184219683,f_cl_clo_awf_decl_91_t100_v0
-1184107820,multistorey_garage_tint_11_v0
-1184006738,m_cl_clo_lxm_t_15_0_t7_v1
-1183968147,packed_ng_vehicle_insurance_v313
-1183878296,packed_mp_veh_mod_idx_s_1_v4
-1183835786,packed_mp_veh_colour1_0_v202
-1183834538,packed_mp_veh_mod_idx_s_19_v18
-1183827126,packed_mp_veh_mod_idx_s_4_v234
-1183650441,f_cl_clo_bhf_u_2_0_t11_v1
-1183645268,vem_colour_extra_1_mct_classic_creek_brown_t24_v0
-1183583244,packed_mp_veh_mod_idx_1_v47
-1183579934,wp_ps_bag_10_t1_v33
-1183558617,packed_mp_veh_mod_idx_s_11_v102
-1183494342,packed_mp_veh_mod_var_0_v20
-1183427427,packed_mp_veh_mod_idx_s_20_v21
-1183384477,f_cl_clo_awf_l_1_4_t4_v1
-1183376860,m_cl_clo_smm_u_4_9_t11_v1
-1183374467,ve_dune3_t1_v30
-1183295579,f_cl_clo_h3f_b_9_18_t1_v1
-1183198341,vem_insurance_pounder2
-1183170846,packed_mp_veh_mod_idx_8_v129
-1183149264,vem_skirt_1_t13_v30
-1183057504,m_ha_cc_lipstick_1_t8_v1
-1183026193,f_cl_clo_grf_u_2_0_t11_v1
-1182968673,packed_ng_vehicle_neon_kit_v316
-1182950516,vem_horn_cnote_c1_t10_v32
-1182795086,packed_mp_veh_mod_idx_s_18_v194
-1182794170,packed_ng_vehicle_insurance_v221
-1182767848,packed_mp_veh_mod_idx_s_10_v90
-1182640704,f_cl_clo_stf_l_3_15_t4_v1
-1182622022,m_ha_cc_mkup_82_t5_v0
-1182533785,m_ta_tat_sb_054_t0_v0
-1182531040,f_ha_face_e_c_1_t4_v0
-1182460433,vem_suspension_3_t15_v32
-1182404937,vem_supermod_11_0_t52_v27
-1182394644,packed_mp_veh_mod_idx_s_7_v244
-1182386329,mp_stat_hangar_furniture_v0
-1182344205,f_cl_outfit_clo_x6f_o_o_15_t12_v0
-1182342824,packed_mp_veh_mod_idx_s_5_v95
-1182278739,packed_mp_veh_mod_idx_s_9_v395
-1182228390,f_cl_clo_exf_eu_11_4_t11_v1
-1182107060,packed_mp_veh_mod_idx_s_10_v42
-1182101739,vem_colour_extra_1_mct_pearlescent_harbor_blue_t24_v3
-1182091348,m_cl_clo_iem_u_17_2_t11_v1
-1182063191,packed_lr_vehicle_colour_5_v123
-1181895149,f_cl_clo_bif_s_16_23_t8_v1
-1181786393,vem_horn_hips4_t10_v39
-1181743357,packed_mp_veh_colour_extra2_0_v329
-1181734024,m_cl_clo_vwm_u_6_19_t11_v1
-1181692669,vem_insurance_rallytruck
-1181666756,m_cl_m_fmm_5_1_t1_v0
-1181643556,packed_mp_veh_mod_idx_1_v366
-1181600003,wp_wct_clip1_t1_v68
-1181554559,packed_mp_veh_mod_idx_4_v323
-1181554221,vem_colour_2_mct_metallic_bleeched_brown_t25_v4
-1181535307,f_cl_clo_bus_m_1_2_t1_v1
-1181362791,packed_ng_vehicle_neon_v288
-1181360203,packed_mp_veh_mod_idx_2_v294
-1181276159,m_cl_clo_grm_u_16_21_t11_v1
-1181274380,packed_mp_veh_mod_idx_s_9_v326
-1181233803,wp_wct_c_tint_28_t2_v13_n2
-1180954122,service_earn_gangops_award_first_time_xm_silo
-1180898423,vem_supermod_11_8_t52_v26
-1180884400,f_cl_clo_s2f_o_11_t3_v12
-1180838792,packed_mp_veh_mod_idx_s_21_v100
-1180806720,f_cl_clo_vwf_b_9_0_t1_v1
-1180803057,packed_mp_veh_mod_idx_s_21_v226
-1180749111,f_cl_clo_exf_g_19_9_t14_v1
-1180739272,wp_wct_camo_10_t1_v9_n2
-1180738052,f_cl_outfit_clo_h3f_o_dl_34_t12_v0
-1180716153,vem_rwd_suv_17_t19_v12
-1180608005,f_cl_clo_trf_u_11_4_t11_v1
-1180606267,vem_horn_cnote_c0_t10_v38
-1180567577,f_cl_clo_suf_u_13_4_t11_v1
-1180404940,packed_ng_vehicle_neon_kit_v93
-1180379969,f_ta_tat_x6_017_t0_v0
-1180255581,packed_mp_veh_colour1_0_v334
-1180248781,vem_insurance_slamvan6
-1180240137,packed_mp_veh_mod_idx_s_13_v80
-1180216914,f_cl_clo_awf_decl_62_t100_v0
-1180196376,packed_mp_veh_colour_extra2_0_v267
-1180141324,packed_mp_veh_mod_idx_s_10_v27
-1180075223,vem_horn_clas3_t10_v2
-1180050404,ve_brutus2_t1_v38
-1179993185,packed_mp_veh_colour1_0_v362
-1179985016,packed_mp_veh_mod_idx_s_11_v169
-1179962412,packed_mp_veh_mod_idx_s_14_v32
-1179825857,wp_wm_tint3_t2_v49
-1179821790,m_cl_clo_h3m_decl_23_t11_v1
-1179783173,packed_mp_veh_mod_idx_5_v125
-1179776297,f_cl_clo_hstf_b_15_7_t1_v1
-1179740033,m_cl_clo_s2m_d_17_t11_v1
-1179703753,vem_colour_1_mct_classic_black_steel_t24_v0
-1179687977,packed_mp_veh_mod_idx_s_17_v400
-1179681390,m_cl_f_fmm_9_5_t6_v0
-1179670872,f_cl_clo_h4f_b_4_17_t1_v1
-1179536396,packed_mp_veh_mod_idx_s_10_v282
-1179482815,vem_colour_extra_1_mct_matte_lime_green_t24_v0
-1179461132,vem_cmod_neoncol_9_t21_v27
-1179271532,f_cl_clo_assf_o_1_t3_v12
-1179120712,m_cl_clo_sum_u_0_2_t11_v1
-1179053499,f_cl_clo_x6f_f_10_16_t6_v1
-1179028489,vem_supermod_8_3_t49_v27
-1179000064,vem_cmod_tyr_6_t18_v32
-1178893000,vem_colour_1_mct_classic_frost_white_t24_v2
-1178732939,f_ta_tat_h27_013_t0_v0
-1178693728,vem_supermod_21_11_t62_v3
-1178666024,f_cl_clo_vwf_decl_22_t100_v0
-1178569245,vem_skirt_1_t13_v1
-1178441050,f_cl_clo_bhf_u_6_6_t11_v1
-1178371017,vem_supermod_10_9_t51_v10
-1178359741,vem_brake_3_t2_v38
-1178090683,vem_smod5_whl_12_t19_v3
-1178090539,packed_mp_veh_livery2_0_v266
-1177899056,packed_mp_veh_mod_idx_s_22_v250
-1177788115,f_cl_clo_grf_u_6_19_t11_v1
-1177770024,vem_fender_l_11_t36_v3
-1177719946,vem_smod4_whlv20_t66_v0
-1177698061,vem_grill_7_t8_v27
-1177661527,vem_smod4_whlv192_t66_v0
-1177491608,f_cl_clo_fxf_l_5_14_t4_v1
-1177426124,m_cl_clo_sbm_l_3_18_t4_v1
-1177227333,vem_spoiler_4_t14_v38
-1177211867,pr_pm_modshop_13_t89_v0
-1177175858,f_cl_clo_grf_b_0_24_t1_v1
-1177150886,vem_bumper_r_10_t35_v27
-1177121931,mp_stat_mpsv_model_283
-1177098116,m_cl_clo_x5m_u_16_7_t11_v1
-1177022894,packed_mp_veh_mod_idx_16_v252
-1176912542,vem_supermod_9_0_t50_v39
-1176860254,vem_smod_whlv214_t66_v3
-1176807653,m_cl_clo_awm_f_8_9_t6_v1
-1176785830,m_cl_clo_hstmb_22_12_t1_v1
-1176709447,packed_mp_veh_mod_idx_s_8_v180
-1176702270,f_cl_clo_h3f_decl_8_t11_v1
-1176676382,f_ha_cc_blush_16_t5_v0
-1176644670,packed_mp_veh_mod_idx_s_11_v111
-1176513335,f_cl_clo_grf_u_19_23_t11_v1
-1176362428,packed_mp_veh_mod_idx_1_v142
-1176276889,vem_spt_15_t19_v0
-1176240354,packed_ng_vehicle_insurance_v229
-1176233085,mp_stat_arcade_mac_4
-1176224478,packed_mp_veh_mod_idx_4_v131
-1176208864,vem_cmod_win_0_t33_v31
-1176151142,vem_smod4_whlv87_t66_v3
-1176126273,m_cl_clo_sum_u_16_11_t11_v1
-1176095043,packed_mp_veh_mod_idx_s_10_v385
-1176046684,vem_supermod_3_16_t44_v7
-1176043111,m_cl_clo_trm_f_1_2_t6_v1
-1176001876,f_cl_clo_ltsf_d_1_t8_v1
-1175890395,f_cl_clo_bhf_decl_14_t11_v1
-1175826258,f_cl_clo_smf_ph_3_13_t14_v1
-1175802813,packed_mp_veh_mod_idx_0_v84
-1175585625,packed_mp_veh_mod_idx_3_v289
-1175497350,m_cl_clo_fxm_l_0_14_t4_v1
-1175392864,packed_mp_veh_livery2_0_v113
-1175176545,m_cl_g_fmm_4_0_t14_v0
-1175051664,packed_mp_veh_mod_idx_23_v378
-1174824096,vem_insurance_casco
-1174795449,packed_mp_veh_mod_idx_s_6_v212
-1174651035,vem_colour_extra_1_mct_pearlescent_woodbeech_brown_t24_v1
-1174643082,f_cl_clo_lxf_dec_0_t11_v1
-1174560334,packed_mp_veh_mod_idx_s_14_v404
-1174441351,vem_horn_cnote_f0_t10_v35
-1174400971,vem_roof_11_t12_v38
-1174301617,m_cl_clo_x6m_f_15_1_t6_v1
-1174291427,vem_supermod_41_22_t41_v7
-1174272265,f_cl_clo_busf_u_4_2_t11_v1
-1174196591,vem_supermod_45_23_t45_v7
-1174066241,f_cl_m_fmf_2_2_t1_v0
-1173942742,vem_smod_whlv61_t66_v3
-1173926451,packed_mp_veh_mod_idx_s_14_v239
-1173903348,vem_supermod_60_11_t60_v7
-1173839039,f_ta_tat_hp_008_t0_v0
-1173837980,vem_supermod_0_6_t41_v27
-1173827861,packed_mp_veh_mod_idx_16_v89
-1173807100,packed_mp_veh_mod_var_1_v193
-1173795827,fcarcade_wall_6_t0_v0
-1173729523,packed_mp_veh_mod_idx_2_v398
-1173632552,vem_smod4_whlv76_t66_v2
-1173563919,f_cl_clo_busf_f_1_8_t6_v1
-1173519335,f_cl_clo_sbf_u_13_7_t11_v1
-1173490573,f_cl_clo_h2f_o_c_15_t3_v12
-1173445138,packed_mp_veh_mod_idx_s_19_v249
-1173445036,m_cl_clo_busm_t_2_11_t7_v1
-1173376651,vem_fender_l_3_t36_v27
-1173356611,packed_ng_vehicle_smoke_v392
-1173287302,packed_mp_veh_mod_idx_15_v140
-1173219049,packed_mp_veh_mod_idx_s_23_v108
-1173207274,vem_truck_tint_1_t0_v0
-1173192987,packed_mp_veh_colour_extra1_0_v308
-1173184698,vem_insurance_kalahari
-1173041775,packed_mp_veh_mod_idx_s_7_v321
-1173035788,packed_ng_vehicle_neon_v204
-1173019528,vem_colour_extra_1_mct_classic_bright_orange_t24_v1
-1172931330,vem_insurance_swinger
-1172900789,service_earn_doomsday_finale_bonus
-1172825764,f_cl_clo_fxf_u_14_3_t11_v1
-1172812545,packed_mp_veh_mod_idx_22_v159
-1172805461,f_ta_tat_st_008_t0_v0
-1172781481,m_cl_clo_busm_f_0_4_t6_v1
-1172748711,packed_mp_veh_mod_idx_7_v266
-1172592399,f_cl_clo_h3f_l_5_16_t4_v1
-1172584529,packed_mp_veh_mod_idx_s_0_v284
-1172530584,packed_mp_veh_mod_idx_s_9_v141
-1172518739,f_cl_clo_arf_o_22_n0_t14_v12
-1172395994,m_cl_ht_fmm_0_1_t14_v0
-1172369719,vem_supermod_55_22_t55_v7
-1172355127,f_cl_clo_x6f_l_8_11_t4_v1
-1172260165,m_cl_clo_exm_oa_2_t100_v0
-1172212129,vem_rwd_bikew_15_t19_v4
-1172087478,packed_mp_veh_mod_idx_7_v178
-1172082296,packed_mp_veh_colour1_0_v61
-1172074148,packed_mp_veh_mod_idx_4_v57
-1172043490,wp_wm_tint6_t2_v0
-1171872859,packed_mp_veh_mod_idx_1_v206
-1171833588,packed_mp_veh_mod_idx_12_v343
-1171795699,m_cl_outfit_clo_x5m_o_a_3_b_t12_v0
-1171781605,m_cl_clo_smm_u_2_25_t11_v1
-1171767022,m_cl_f_fmm_10_14_t6_v0
-1171693890,vem_colour_2_mct_classic_frost_white_t25_v1
-1171636180,packed_mp_veh_mod_idx_7_v168
-1171411315,m_cl_clo_awm_o_b_11_t3_v12
-1171344878,mp_stat_ie_wh_owned_vehicle_9_v0
-1171342092,vem_insurance_submers2
-1171335210,vem_smod5_whlv81_t66_v3
-1171321639,packed_mp_veh_mod_idx_s_6_v203
-1171188730,vem_suv_11_t19_v0
-1171063682,vem_cmod_pla_1_t23_v6
-1171055004,mp_stat_arcade_mac_11
-1170955803,ve_italirsx_t1_v3
-1170952535,vem_supermod_46_23_t46_v7
-1170819508,vem_skirt_12_t13_v27
-1170806395,m_cl_clo_iem_ph_0_2_t14_v1_cesp
-1170681705,packed_mp_veh_mod_idx_s_1_v234
-1170646651,f_cl_o_fmf_p2_t8_v12
-1170598998,m_cl_outfit_clo_smm_o_1_t12_v0
-1170517906,ve_vamos_t0_v3
-1170504336,f_cl_clo_smf_b_3_1_t1_v1
-1170417180,packed_mp_veh_window_tint_0_v192
-1170395709,packed_mp_veh_mod_idx_s_4_v167
-1170317126,packed_mp_veh_mod_idx_s_9_v369
-1170310987,m_cl_clo_h2m_f_5_14_t6_v1
-1170285976,packed_mp_veh_mod_idx_s_22_v364
-1170222923,vem_suspension_2_t15_v6
-1170167098,packed_mp_veh_mod_idx_s_4_v189
-1170164865,packed_mp_veh_mod_idx_s_19_v65
-1170090318,packed_mp_veh_mod_idx_s_23_v66
-1170013570,m_cl_outfit_clo_fxm_o_g_4_t12_v0
-1169892943,packed_mp_veh_wheel_type_0_v72
-1169807127,m_cl_ht_fmm_13_1_t14_v0
-1169790632,vem_smod4_whlv141_t66_v3
-1169726188,packed_mp_veh_mod_idx_24_v356
-1169701415,f_cl_clo_x6f_l_0_15_t4_v1
-1169685518,vem_colour_2_mct_classic_sandy_brown_t25_v2
-1169524247,packed_mp_veh_mod_idx_s_17_v162
-1169486661,f_cl_clo_x6f_ph_1_20_t14_v1
-1169458393,packed_mp_veh_mod_idx_s_15_v101
-1169362836,vem_colour_mct_none_33
-1169328524,f_cl_clo_v2f_l_0_2_t4_v1
-1169239488,packed_lr_vehicle_colour_6_v396
-1169181178,vem_supermod_6_0_t47_v34
-1169171179,f_cl_clo_h4f_u_2_6_t11_v1
-1168993677,m_cl_clo_hp_d_1_t8_v2
-1168964167,vem_colour_1_mct_classic_diamond_blue_t24_v0
-1168877230,vem_hlight_1_t11_v36
-1168394232,f_cl_clo_suf_u_10_1_t11_v1
-1168336311,f_cl_clo_suf_l_2_18_t4_v1
-1168267695,packed_mp_veh_colour_extra1_0_v20
-1168169129,vem_colour_1_mct_metallic_bison_brown_t24_v4
-1168085554,m_cl_outfit_clo_stm_o_e_2_t12_v0
-1168012885,packed_mp_veh_mod_idx_23_v344
-1167992505,vem_horn_cnote_f0_t10_v2
-1167992092,packed_mp_veh_mod_idx_s_22_v143
-1167763204,packed_mp_veh_mod_idx_s_20_v376
-1167755922,f_cl_clo_h3f_ph_0_1_t14_v1
-1167725223,vem_colour_extra_1_mct_pearlescent_wine_red_t24_v3
-1167610555,packed_mp_veh_plate_id_v309
-1167548647,m_cl_clo_h2m_o_s_0_t3_v12
-1167431310,packed_mp_veh_mod_idx_2_v242
-1167388263,pr_pm_modshop_2_t0_v0
-1167345466,packed_mp_veh_mod_idx_s_1_v307
-1167264881,m_cl_clo_hp_l_1_5_t4_v1
-1167194157,packed_mp_veh_mod_idx_s_6_v66
-1167187609,packed_mp_veh_mod_idx_s_14_v412
-1167091585,f_cl_clo_trf_decl_3_t100_v0
-1167070661,m_cl_clo_exm_eu_13_2_t11_v1
-1167053074,vem_supermod_42_13_t42_v7
-1167029165,packed_mp_veh_mod_idx_s_2_v375
-1167000045,packed_mp_veh_primary_colour_group_v253
-1166958917,vem_brake_1_t2_v30
-1166843457,vem_smod4_whlv115_t66_v0
-1166809685,m_cl_clo_bhm_decl_16_t11_v1
-1166779071,f_cl_clo_smf_ph_1_0_t14_v1
-1166632513,packed_mp_veh_mod_idx_18_v99
-1166555351,f_cl_clo_bif_prw_2_0_t14_v1
-1166550248,vem_colour_2_mct_metallic_petrol_green_t25_v3
-1166542615,vem_insurance_strikeforce
-1166496440,packed_ng_vehicle_bpt_v224
-1166424674,f_cl_clo_h3f_b_18_16_t1_v1
-1166408922,vem_hiend_06_t19_v3
-1166402727,packed_mp_veh_mod_idx_15_v414
-1166386846,f_cl_clo_trf_u_18_1_t11_v1
-1166131520,packed_mp_veh_mod_idx_10_v78
-1165891904,packed_ng_vehicle_neon_v393
-1165879265,vem_smod4_whlv53_t66_v1
-1165824967,f_cl_clo_vwf_u_17_8_t11_v1
-1165504227,packed_mp_veh_mod_idx_16_v73
-1165454370,m_cl_clo_x6m_f_3_6_t6_v1
-1165439797,vem_smod4_whlv205_t66_v0
-1165419056,packed_mp_veh_secondary_colour_group_v166
-1165383483,m_cl_clo_grm_u_8_0_t11_v1
-1165354049,f_cl_clo_fxf_pe_4_7_t14_v1
-1165309496,ve_velum2_t0_v0
-1165205367,vem_suv_13_t19_v2
-1165127277,m_cl_clo_iem_u_5_6_t11_v1
-1165103409,packed_mp_veh_mod_idx_s_6_v19
-1165044436,f_cl_outfit_clo_x6f_o_o_25_t12_v0
-1164942773,packed_mp_veh_mod_idx_8_v154
-1164860352,wp_wct_tint_21_t2_v70_n2
-1164728583,f_cl_clo_smf_b_9_18_t1_v1
-1164684029,f_cl_clo_apf_l_10_3_t4_v1
-1164631908,vem_cmod_neoncol_8_t21_v2
-1164617992,f_cl_he_fmf_18_3_t14_v1
-1164606508,f_cl_clo_suf_u_5_0_t11_v1
-1164588651,vem_supermod_8_11_t49_v11
-1164480718,packed_mp_veh_mod_idx_15_v96
-1164363837,vem_fender_r_11_t37_v3
-1164356373,vem_supermod_16_2_t57_v28
-1164345402,wp_wct_supp_t1_v5
-1164344286,f_cl_clo_xmasf_f_0_0_t6_v1
-1164326083,f_ha_cc_eyebrw_17_t2_v1
-1164290486,vem_cmod_neonlay_3_t21_v2
-1164216951,pm_carmod_tuner_owner_discount
-1164203760,f_cl_clo_ltsfu_1_3_t11_v1
-1164097650,mp_stat_mpsv_model_107
-1164093043,packed_mp_veh_secondary_colour_group_v31
-1164037444,f_cl_clo_grf_b_1_24_t1_v1
-1163980284,packed_mp_veh_primary_colour_group_v305
-1163954047,vem_supermod_22_17_t63_v3
-1163832861,f_cl_clo_bif_ph_10_1_t14_v1
-1163796158,f_cl_outfit_clo_stf_o_e_2_t12_v0
-1163738340,f_cl_clo_h2f_o_g_15_t8_v12
-1163728846,fcclub_stor_4_t0_v0
-1163690426,f_cl_clo_grf_b_5_5_t1_v1
-1163552003,vem_bumper_r_10_t35_v10
-1163548025,f_cl_clo_sbf_ph_6_1_t14_v1
-1163407805,packed_mp_veh_mod_idx_s_23_v317
-1163311730,packed_mp_veh_mod_idx_12_v65
-1163283638,dec_vw_aw_wv_80
-1163128673,m_cl_u_fmm_5_1_t8_v0
-1163010403,vem_supermod_2_3_t43_v3
-1162998147,packed_mp_veh_mod_idx_8_v225
-1162932285,wp_wct_camo_4_t1_v22_n2
-1162686594,f_cl_clo_bhf_decl_45_t100_v0
-1162581191,packed_mp_veh_mod_idx_s_20_v224
-1162581054,mp_stat_casinoapt_mod_interiora_v0
-1162568109,packed_mp_veh_mod_idx_9_v117
-1162558423,vem_insurance_jb7002
-1162555505,m_cl_f_fmm_9_2_t6_v0
-1162551521,mba_quarters_0_t0_v0
-1162550799,packed_mp_veh_mod_var_1_v274
-1162532145,vem_smod4_whlv109_t66_v0
-1162490038,m_cl_clo_h4m_s_1_4_t8_v1
-1162402498,packed_mp_veh_livery2_0_v399
-1162341719,packed_ng_vehicle_insurance_v359
-1162329558,vem_cmod_col5_20_t29_v4
-1162299297,vem_colour_extra_1_mct_classic_petrol_green_t24_v3
-1162233506,m_cl_clo_og_decl_0_t100_v0
-1162169802,packed_mp_veh_mod_idx_14_v381
-1162127929,packed_mp_veh_mod_idx_s_20_v35
-1162063082,vem_skirt_2_t13_v35
-1162050915,fa_upgrade_meth_setup_1_t0_v0
-1162000465,packed_mp_veh_colour_extra1_0_v233
-1161920117,vem_colour_mct_none_40
-1161795980,wp_wct_c_tint_9_t2_v22_n2
-1161737192,vem_colour_2_mct_metallic_blue_t25_v0
-1161735184,vem_colour_2_mct_metallic_bright_orange_t25_v2
-1161727348,m_cl_clo_s1m_u_2_6_t11_v1
-1161703655,vem_trans_2_t16_v37
-1161683164,packed_mp_veh_mod_idx_s_7_v236
-1161677414,packed_mp_veh_colour_extra1_0_v14
-1161614279,f_cl_ht_fmf_7_0_t14_v0
-1161590052,f_cl_clo_stf_ht11_0_t14_v1
-1161578178,vem_supermod_23_1_t64_v16
-1161536890,vem_smod4_whlv197_t66_v3
-1161362257,vem_armour_2_t1_v26
-1161346638,f_cl_clo_bhf_u_7_10_t11_v1
-1161295743,packed_mp_veh_mod_idx_s_20_v317
-1161126569,vem_bumper_r_10_t35_v31
-1161085453,packed_mp_veh_mod_idx_s_8_v200
-1161024930,vem_cmod_hrn_cop_t10_v37
-1161019235,packed_mp_veh_mod_idx_15_v116
-1160966988,packed_ng_vehicle_insurance_v288
-1160947283,packed_mp_veh_mod_idx_s_12_v381
-1160935366,pr_pm_bemblem_3_t0_v0
-1160809897,vem_smod4_whlv165_t66_v3
-1160784014,f_cl_clo_h4f_b_2_7_t1_v1
-1160605021,f_cl_clo_grf_ph_1_1_t14_v1
-1160595434,packed_mp_veh_mod_idx_13_v331
-1160590089,packed_mp_veh_plate_id_v320
-1160582230,packed_mp_veh_mod_idx_s_2_v173
-1160564660,packed_mp_veh_mod_idx_s_9_v334
-1160489326,packed_mp_veh_mod_idx_8_v18
-1160458885,vem_supermod_4_21_t45_v3
-1160425616,packed_mp_veh_mod_idx_5_v16
-1160414385,f_cl_clo_smf_b_8_23_t1_v1
-1160296338,vem_hlight_0_t11_v30
-1160251238,f_cl_clo_l2f_dec_18_t11_v1
-1160154039,m_cl_u_fmm_7_0_t11_v0
-1160098000,packed_mp_veh_mod_idx_s_7_v96
-1160042054,f_cl_clo_h4f_b_0_11_t1_v1
-1160036883,packed_mp_veh_mod_idx_13_v152
-1159936031,vem_colour_extra_1_mct_classic_straw_brown_t24_v1
-1159879289,packed_ng_vehicle_smoke_v282
-1159841767,packed_mp_veh_mod_idx_s_13_v2
-1159800032,f_cl_clo_bhf_decl_51_t100_v0
-1159359575,vem_roof_16_t12_v1
-1159271922,m_cl_clo_sum_u_15_3_t11_v1
-1159261425,vem_cmod_tyr_7_t18_v36
-1158985726,vem_supermod_7_2_t48_v6
-1158972390,packed_ng_vehicle_neon_kit_v30
-1158942628,vem_armour_1_t1_v30
-1158860954,f_cl_clo_x4f_u_11_1_t11_v1
-1158801897,m_cl_u_fmm_9_15_t11_v0
-1158712583,vem_cmod_tyr_12_t18_v1
-1158584430,packed_mp_veh_mod_idx_6_v30
-1158496214,fcclub_garg_4_t1_v0
-1158494930,vem_colour_extra_1_mct_classic_moss_brown_t24_v1
-1158476603,packed_mp_veh_mod_idx_0_v148
-1158460548,packed_mp_veh_mod_idx_s_1_v217
-1158459101,f_ta_tat_fx_019_t0_v0
-1158365996,vem_rwd_loride_09_t19_v12
-1158290445,f_cl_clo_grf_ph_4_0_t14_v1
-1158256594,f_ta_tat_st_004_t0_v0
-1158161436,vem_colour_1_mct_classic_black_graphite_t24_v1
-1158104422,vem_cmod_hrn_mus4_t10_v11
-1157865200,vem_loride_01_t19_v12
-1157862640,packed_mp_veh_mod_idx_s_1_v159
-1157838091,packed_mp_veh_mod_idx_s_7_v55
-1157725415,packed_mp_veh_mod_idx_s_7_v203
-1157667615,m_cl_clo_awm_f_0_0_t6_v1
-1157614662,packed_mp_veh_mod_idx_7_v335
-1157558971,packed_mp_veh_colour_extra2_0_v354
-1157549014,m_cl_clo_grm_u_17_3_t11_v1
-1157523404,packed_mp_veh_mod_idx_s_11_v238
-1157521068,f_cl_clo_l2f_o_8_t3_v12
-1157506669,packed_mp_veh_mod_idx_s_7_v60
-1157495585,vem_hood_19_t9_v35
-1157417524,f_ha_cc_mkup_0_t7_v1
-1157385419,packed_mp_veh_colour_extra1_0_v84
-1157278946,f_cl_clo_awf_l_0_1_t4_v1
-1157193354,m_cl_clo_busm_t_1_12_t7_v1
-1157025812,packed_mp_veh_mod_idx_18_v68
-1156974859,m_cl_clo_hp_d_18_t8_v1
-1156930868,vem_insurance_stryder
-1156863558,wp_wct_tint_10_t2_v46_n2
-1156831095,vem_cmod_neoncol_10_t21_v6
-1156682293,vem_hiend_08_t19_v2
-1156680945,m_cl_outfit_clo_sum_o_1_t12_v0
-1156598103,f_cl_clo_bhf_decl_59_t11_v1
-1156594816,packed_mp_veh_colour_extra1_0_v276
-1156567479,m_cl_o_fmm_s4_t3_v12
-1156538529,packed_mp_veh_mod_idx_s_19_v33
-1156513588,f_cl_clo_vwf_d_1_9_t10_v1
-1156485794,f_cl_clo_x2f_o_1_t8_v12
-1156429551,m_cl_clo_h2m_o_s_7_t3_v12
-1156421900,m_cl_clo_lxm_u_7_8_t11_v1
-1156418658,vem_supermod_15_0_t56_v3
-1156371128,packed_mp_veh_mod_idx_11_v351
-1156231168,m_cl_clo_bhm_decl_43_t11_v1
-1156139031,packed_mp_veh_colour_extra2_0_v196
-1156046481,vem_cmod_col5_28_t29_v1
-1155939265,f_cl_clo_bif_ph_5_0_t14_v1
-1155916525,packed_mp_veh_livery2_0_v411
-1155910061,vem_offr_24_t19_v2
-1155864400,packed_lr_vehicle_colour_6_v336
-1155860394,packed_mp_veh_mod_idx_s_17_v114
-1155802219,m_cl_clo_awm_u_7_2_t11_v1
-1155800093,f_cl_clo_h4f_decl_38_t100_v0
-1155738153,packed_mp_veh_mod_idx_s_3_v89
-1155727568,packed_mp_veh_window_tint_0_v130
-1155691866,packed_mp_veh_mod_idx_0_v120
-1155552302,vem_drft_24_t19_v2
-1155491454,m_cl_clo_x6m_f_6_8_t6_v1
-1155488298,pm_clothing_bin
-1155443103,vem_rwd_suv_04_t19_v0
-1155436521,m_cl_clo_trm_d_12_0_t10_v1
-1155351689,packed_mp_veh_livery2_0_v209
-1155229145,vem_exhaust_4_t6_v26
-1155164212,packed_mp_veh_mod_idx_14_v1
-1155159063,f_cl_m_fmf_5_2_t1_v0
-1155110824,vem_smod5_whlv7_t66_v3
-1155101584,packed_mp_veh_colour_extra2_0_v346
-1155065141,m_cl_clo_h4m_b_3_3_t1_v1
-1155059777,packed_mp_veh_mod_idx_s_1_v288
-1154979766,m_cl_clo_h3m_l_4_3_t4_v1
-1154871605,packed_mp_veh_mod_idx_s_6_v205
-1154829135,vem_loride_10_t19_v0
-1154619950,packed_ng_vehicle_insurance_v115
-1154571097,packed_mp_veh_colour2_0_v36
-1154457287,f_cl_u_fmf_2_2_t11_v0
-1154425676,f_cl_clo_lxf_e_7_0_t14_v1
-1154318208,packed_mp_veh_mod_idx_s_9_v195
-1154211714,vem_supermod_1_8_t42_v27
-1154192415,m_cl_clo_grm_u_3_9_t11_v1
-1154186433,f_cl_clo_grf_u_13_13_t11_v1
-1154171150,f_cl_clo_fxf_ph_1_3_t14_v1
-1154127288,packed_mp_veh_mod_idx_16_v27
-1154123750,packed_mp_veh_mod_idx_s_6_v78
-1154081526,f_cl_clo_ief_ph_0_5_t14_v1_cesp
-1153889628,m_cl_clo_scm_d_22_10_t10_v1
-1153888050,m_cl_clo_lxm_u_7_4_t11_v1
-1153709817,vem_fender_l_12_t36_v35
-1153634518,fcclub_name_4_t0_v0
-1153547031,f_cl_clo_h2f_o_g_22_t3_v12
-1153514011,packed_mp_veh_mod_idx_s_16_v198
-1153480402,m_cl_outfit_clo_iem_o_5_t12_v0_cesp
-1153359986,f_cl_clo_scf_u_4_19_t11_v1
-1153214260,packed_ng_vehicle_bpt_v143
-1153175939,packed_mp_veh_mod_idx_2_v233
-1153077927,vem_colour_1_mct_matte_blue_t24_v33
-1152983489,packed_mp_veh_mod_idx_s_15_v312
-1152964610,m_cl_clo_smm_b_4_10_t1_v1
-1152901214,packed_lr_vehicle_colour_6_v272
-1152868360,vem_cmod_neonlay_0_t21_v31
-1152770162,m_cl_clo_busm_w0_3_t14_v1
-1152750106,ve_manchez3_t0_v4
-1152750069,f_cl_clo_h3f_b_9_3_t1_v1
-1152639975,m_cl_clo_vwm_u_21_15_t11_v1
-1152617486,packed_mp_veh_mod_idx_s_5_v215
-1152567738,packed_mp_veh_mod_idx_s_17_v384
-1152535548,m_cl_clo_trm_u_6_4_t11_v1
-1152527023,packed_ng_vehicle_bpt_v157
-1152488224,m_cl_clo_h4m_pey_0_0_t14_v1
-1152477870,f_cl_clo_sbf_b_9_0_t1_v1
-1152457079,vem_horn_indi_2_t10_v6
-1152230599,packed_mp_veh_window_tint_0_v363
-1152210219,packed_mp_veh_mod_idx_1_v123
-1152180079,m_cl_clo_bbm_l_2_0_t4_v1
-1152153401,wp_pm_tint15_t4_v33
-1152120789,vem_roof_15_t12_v3
-1152077685,packed_mp_veh_mod_idx_6_v167
-1151973069,packed_mp_veh_mod_idx_10_v376
-1151951278,packed_mp_veh_mod_idx_s_11_v208
-1151773926,vem_cmod_hrn_sad_t10_v4
-1151752756,packed_mp_veh_mod_idx_23_v135
-1151663537,m_cl_clo_iem_u_6_3_t11_v1
-1151656103,packed_mp_veh_mod_idx_14_v94
-1151645156,packed_mp_veh_mod_idx_10_v123
-1151619733,packed_mp_veh_mod_idx_s_8_v108
-1151600239,packed_mp_veh_colour_extra1_0_v201
-1151555666,vem_armour_5_t1_v5
-1151538120,vem_colour_1_mct_classic_olive_green_t24_v1
-1151464275,f_cl_clo_sbf_u_11_6_t11_v1
-1151399963,packed_mp_veh_mod_idx_22_v380
-1151299150,packed_mp_veh_mod_var_0_v341
-1151282001,m_cl_clo_fxm_u_6_23_t11_v1
-1151212203,f_ta_tat_hp_046_t0_v0
-1151192427,packed_mp_veh_mod_idx_s_8_v370
-1151167768,packed_mp_veh_mod_idx_0_v199
-1151068325,m_cl_clo_apm_l_10_5_t4_v1
-1151041961,vem_colour_mct_none_82
-1151037011,vem_supermod_10_2_t51_v28
-1151031927,packed_mp_veh_mod_idx_18_v311
-1150914094,m_cl_clo_hp_l_1_2_t4_v1
-1150901644,m_cl_clo_hp_l_1_6_t4_v1
-1150898267,dec_vw_aw_wh_10a
-1150868856,m_ta_tat_bi_024_t0_v0_cesp
-1150813619,f_cl_outfit_clo_arf_o_1_t12_v0
-1150792928,packed_mp_veh_mod_idx_s_0_v273
-1150722724,f_ha_cc_mkup_91_t5_v0
-1150701309,packed_mp_veh_mod_idx_22_v313
-1150655677,packed_mp_veh_mod_idx_s_0_v9
-1150654162,f_cl_clo_scf_u_55_22_t11_v1
-1150596590,packed_mp_veh_mod_idx_22_v45
-1150559556,packed_mp_veh_mod_idx_s_22_v129
-1150531921,packed_mp_veh_mod_idx_s_17_v16
-1150526808,packed_mp_veh_wheel_type_0_v60
-1150502089,packed_mp_veh_mod_idx_10_v114
-1150487563,packed_mp_veh_mod_idx_15_v48
-1150422955,f_cl_clo_h2f_u_7_5_t11_v1
-1150419684,packed_mp_veh_mod_idx_s_12_v60
-1150366429,f_ha_cc_eyebrw_19_t2_v1
-1150358431,vem_supermod_8_1_t49_v11
-1150315973,m_cl_clo_bhm_decl_39_t11_v1
-1150290275,packed_mp_veh_mod_idx_s_5_v277
-1150282525,packed_mp_veh_mod_idx_s_5_v170
-1150169534,packed_mp_veh_mod_idx_s_17_v43
-1150165844,f_cl_clo_h3f_o_dl_14_t8_v12
-1150163605,vem_cmod_col5_3_t29_v2
-1150161262,packed_mp_veh_mod_idx_s_15_v91
-1150091586,packed_mp_veh_mod_idx_s_3_v219
-1149980807,packed_mp_veh_mod_idx_6_v253
-1149928836,f_cl_l_fmf_1_2_t4_v0
-1149891709,vem_supermod_4_2_t45_v28
-1149802640,packed_mp_veh_mod_idx_s_11_v260
-1149701061,vem_rwd_musc_17_t19_v0
-1149685845,m_cl_clo_exm_oa_3_t3_v12
-1149622047,vem_colour_2_mct_metallic_formula_red_t25_v3
-1149318155,vem_smod4_whlv72_t66_v3
-1149264837,vem_suv_16_t19_v3
-1149256959,ve_dominato_t1_v1
-1149228021,packed_mp_veh_mod_idx_s_18_v346
-1149221578,packed_mp_veh_mod_idx_s_14_v75
-1149101549,f_cl_clo_fxf_u_5_1_t11_v1
-1149024158,packed_mp_veh_mod_idx_s_16_v175
-1148684455,f_cl_clo_bbf_u_1_2_t11_v1
-1148567799,vem_engine_4_t5_v38
-1148549131,mp_stat_mpsv_model_224
-1148478685,vem_offr_19_t19_v1
-1148461165,vem_cmod_tyr_10_t18_v5
-1148447809,vem_colour_extra_1_mct_matte_white_t24_v3
-1148366868,vem_supermod_23_34_n1_t64_v3
-1148344644,vem_colour_extra_1_mct_pearlescent_blaze_red_t24_v2
-1148341077,vem_drft_12_t19_v1
-1148293530,m_cl_outfit_clo_x2m_o_3_t12_v0
-1148229071,vem_supermod_23_19_t64_v3
-1148223157,m_cl_clo_x6m_ey_2_2_t14_v1
-1148198277,fcncl_light_4_t0_v0
-1148140904,vem_colour_2_mct_metallic_candy_red_t25_v1
-1148033224,packed_mp_veh_wheel_type_0_v94
-1148011971,pr_pm_modshop_4_t90_v0
-1147968638,packed_lr_vehicle_colour_6_v164
-1147946425,f_cl_clo_bif_u_33_3_t11_v1
-1147826818,packed_mp_veh_mod_idx_3_v248
-1147823699,m_cl_outfit_clo_x2m_o_5_t12_v0
-1147807521,packed_mp_veh_secondary_colour_group_v372
-1147791333,m_cl_clo_h3m_u_11_1_t11_v1
-1147772193,packed_mp_veh_mod_idx_s_21_v233
-1147706977,vem_cmod_win_2_t33_v30
-1147705390,vem_roof_2_t12_v0
-1147624064,vem_roof_3_n2_t12_v3
-1147532880,packed_mp_veh_window_tint_0_v67
-1147524844,f_cl_clo_s1f_u_5_2_t11_v1
-1147454924,packed_mp_veh_plate_id_v392
-1147326760,packed_mp_veh_mod_idx_0_v66
-1147214411,vem_supermod_12_20_t53_v3
-1147195161,vem_supermod_16_3_t57_v26
-1147180033,packed_mp_veh_primary_colour_group_v111
-1147157592,m_ta_tat_h3_002_t0_v0
-1147068408,packed_mp_veh_mod_idx_s_7_v412
-1147032577,vem_colour_extra_1_mct_pearlescent_straw_brown_t24_v2
-1146975670,vem_smod5_whlv187_t66_v3
-1146893660,mp_stat_mpsv_model_304
-1146723447,wp_wct_scope_med2_t1_v9_n2
-1146702309,vem_colour_extra_1_mct_matte_midnight_blue_t24_v33
-1146664084,vem_colour_extra_1_mct_pearlescent_salmon_pink_t24_v4
-1146562418,f_cl_clo_scf_f_0_11_t6_v1
-1146472256,f_cl_clo_h4f_t_0_0_t7_v1
-1146457212,m_cl_clo_grm_u_0_8_t11_v1
-1146325526,packed_mp_veh_mod_idx_s_10_v206
-1146219525,m_cl_clo_l2m_t_5_0_t7_v1
-1146208344,f_cl_clo_ltsfu_0_1_t11_v1
-1146192547,vem_colour_2_mct_metallic_nautical_blue_t25_v2
-1146156349,f_cl_clo_awf_decl_112_t100_v0
-1146140152,f_cl_clo_hstfb_18_0_t1_v1
-1146114209,packed_mp_veh_mod_idx_11_v66
-1146044628,m_cl_clo_grm_g_1_7_t3_v1
-1145938205,m_cl_clo_bim_decl_26_t100_v0
-1145937866,packed_ng_vehicle_smoke_v40
-1145894443,vem_supermod_23_12_n1_t64_v33
-1145885740,m_cl_clo_grm_b_2_16_t1_v1
-1145822066,f_cl_clo_smf_o_2_t3_v12
-1145748650,create_slot_marker
-1145701523,ve_blimp3_n1_t1_v0
-1145607816,m_ha_face_e_c_18_t4_v0
-1145601560,vem_cmod_col5_30_t29_v0
-1145541057,m_ta_tat_h4_011_t0_v0
-1145474575,f_cl_clo_vwf_u_13_21_t11_v1
-1145394485,packed_mp_veh_plate_id_v249
-1145261521,vem_colour_extra_1_mct_metallic_14_t24_v0
-1145255540,vem_rwd_spt_21_t19_v1
-1145159538,f_cl_clo_ief_l_2_7_t4_v1_cesp
-1145072247,packed_mp_veh_mod_idx_11_v392
-1145010092,wp_wct_tint_18_t2_v48_n2
-1144996296,m_cl_clo_sum_u_0_10_t11_v1
-1144759750,mp_stat_mpsv_model_410
-1144717966,f_ta_tat_vw_013_t0_v0
-1144704891,f_cl_clo_smf_f_0_5_t6_v1
-1144654884,f_cl_clo_bhf_l_4_7_t4_v1
-1144651181,m_cl_u_fmm_14_4_t11_v0
-1144646891,packed_mp_veh_mod_idx_1_v385
-1144558501,vem_colour_2_mct_metals_gold_s_t25_v3
-1144446177,vem_colour_extra_1_mct_classic_bright_purple_t24_v1
-1144292447,packed_mp_veh_primary_colour_group_v0
-1144283042,m_cl_clo_grm_b_2_14_t1_v1
-1144151395,vem_colour_extra_1_mct_matte_midnight_blue_t24_v2
-1144139002,m_cl_clo_awm_decl_0_t100_v0
-1144131071,vem_rwd_loride_14_t19_v3
-1143900553,packed_mp_veh_mod_idx_1_v65
-1143856774,packed_mp_veh_mod_idx_5_v408
-1143614168,m_cl_clo_bhm_u_5_4_t11_v1
-1143582717,packed_mp_veh_mod_idx_13_v179
-1143523253,packed_mp_veh_mod_idx_s_10_v280
-1143510182,service_spend_nightclub_bar_drink
-1143459519,f_cl_clo_s1f_ph_0_13_t14_v1_cesp
-1143412531,f_cl_clo_h2f_f_3_15_t6_v1
-1143369358,packed_mp_veh_mod_var_1_v345
-1143345087,packed_mp_veh_mod_idx_24_v329
-1143339065,packed_mp_veh_mod_idx_22_v351
-1143309507,m_cl_clo_stm_ht6_0_t14_v1
-1143263599,packed_mp_veh_mod_idx_6_v300
-1143226011,packed_mp_veh_mod_idx_8_v143
-1143197508,packed_mp_veh_mod_idx_s_6_v107
-1143188382,m_cl_rew_lsb_t8_v0
-1143173813,packed_mp_veh_primary_colour_group_v74
-1143143903,m_cl_clo_h4m_u_3_6_t11_v1
-1143143347,packed_mp_veh_mod_idx_s_22_v26
-1143136052,packed_lr_vehicle_colour_6_v273
-1143121289,m_cl_clo_smm_u_0_2_t11_v1
-1143060049,m_cl_clo_grm_f_1_7_t6_v1
-1143053431,vem_supermod_42_16_t42_v7
-1142982786,packed_mp_veh_mod_idx_s_21_v29
-1142893688,packed_mp_veh_mod_idx_13_v121
-1142891754,vem_supermod_22_5_t63_v27
-1142855523,f_cl_clo_scf_f_0_7_t6_v1
-1142722055,vem_bikew_22_t19_v3
-1142704633,packed_mp_veh_mod_idx_s_23_v221
-1142687124,f_cl_clo_x6f_u_30_24_t11_v1
-1142657230,vem_colour_extra_1_mct_metallic_wine_red_t24_v33
-1142509366,vem_supermod_2_0_t43_v37
-1142464302,packed_mp_veh_mod_idx_7_v177
-1142385855,m_cl_outfit_o_fmm_s1_t12_v0
-1142356252,packed_mp_veh_primary_colour_group_v376
-1142316909,packed_mp_veh_mod_var_0_v246
-1142132044,vem_colour_1_mct_matte_matte_dirt_t24_v3
-1142109065,vem_colour_extra_1_mct_classic_race_yellow_t24_v1
-1142102399,f_cl_clo_vwf_pey_0_0_t14_v1
-1142102273,vem_colour_1_mct_metallic_cabernet_red_t24_v0
-1142083374,m_cl_clo_bbm_u_2_1_t8_v1
-1141948127,f_cl_clo_bhf_u_9_13_t11_v1
-1141925569,f_cl_clo_vwf_pw_0_0_t14_v1
-1141914696,f_cl_clo_bhf_u_16_4_t11_v1
-1141884609,vem_rwd_suv_06_t19_v2
-1141840181,packed_mp_veh_livery_0_v319
-1141814625,fcarcade_c_up3_c_5
-1141747757,f_cl_clo_hstf_h_6_t14_v1
-1141694993,f_cl_clo_h4f_decl_21_t11_v1
-1141604176,packed_mp_veh_mod_idx_3_v281
-1141565463,packed_mp_veh_mod_idx_10_v308
-1141444031,f_cl_clo_exf_au_4_0_t11_v1
-1141441603,packed_mp_veh_mod_idx_24_v167
-1141047954,packed_mp_veh_mod_idx_s_3_v235
-1141012579,m_cl_clo_scm_d_23_0_t10_v1
-1140924779,packed_mp_veh_livery2_0_v6
-1140901608,f_cl_clo_awf_l_5_4_t4_v1
-1140832857,f_cl_clo_grf_u_10_7_t11_v1
-1140778844,vem_smod4_whlv29_t66_v2
-1140738040,f_cl_clo_exf_decl_11_t100_v0
-1140710571,vem_loride_07_t19_v12
-1140646676,vem_horn_cnote_b0_t10_v32
-1140569339,packed_mp_veh_mod_idx_s_11_v59
-1140523284,vem_colour_2_mct_classic_ultra_blue_t25_v1
-1140478636,f_cl_clo_x6f_b_2_15_t1_v1
-1140460191,vem_hood_0_t9_v6
-1140322164,fcncl_style_2_t0_v0
-1140147215,vem_bikew_34_t19_v3
-1140001128,vem_cmod_neoncol_10_t21_v27
-1139943316,packed_mp_veh_mod_idx_2_v365
-1139724447,f_cl_clo_h3f_o_clb_3_t8_v12
-1139723624,m_cl_clo_h3m_b_14_22_t1_v1
-1139715492,packed_ng_vehicle_bpt_v112
-1139668221,m_ha_cc_mkup_48_t5_v0
-1139627853,m_ta_tat_vw_027_t0_v0
-1139564284,vem_spoiler_5_t14_v38
-1139552648,vem_musc_20_t19_v3
-1139534870,packed_mp_veh_mod_idx_16_v262
-1139520681,f_cl_clo_x6f_f_12_23_t6_v1
-1139478055,packed_mp_veh_mod_var_1_v289
-1139445572,packed_mp_veh_mod_idx_13_v268
-1139441885,ve_feltzer3_t0_v3
-1139403674,packed_mp_veh_primary_colour_group_v14
-1139372537,packed_mp_veh_mod_idx_24_v17
-1139178458,packed_mp_veh_mod_idx_2_v225
-1139050144,m_cl_ht_fmm_0_6_t14_v0
-1138961946,vem_colour_extra_1_mct_metallic_midnight_silver_t24_v3
-1138958452,vem_colour_2_mct_metals_gold_p_t25_v1
-1138957946,f_cl_l_fmf_8_8_t4_v0
-1138885110,packed_mp_veh_window_tint_0_v145
-1138825014,f_cl_clo_fxf_pe_5_0_t14_v1
-1138804576,packed_mp_veh_mod_idx_3_v333
-1138784571,vem_colour_extra_1_mct_classic_creek_brown_t24_v1
-1138744122,vem_skirt_0_t13_v39
-1138738519,vem_roof_4_t12_v6
-1138728004,packed_lr_vehicle_colour_6_v174
-1138715769,packed_mp_veh_mod_idx_5_v411
-1138630679,packed_mp_veh_mod_idx_s_15_v318
-1138625119,m_cl_clo_smm_b_5_0_t1_v1
-1138616241,m_cl_outfit_clo_exm_ob_1_t12_v0
-1138606811,f_cl_clo_scf_l_0_6_t4_v1
-1138502818,packed_mp_veh_mod_idx_s_17_v74
-1138444496,f_cl_clo_h2f_b_1118_t1_v1
-1138435428,packed_mp_veh_secondary_colour_group_v24
-1138394196,vem_supermod_5_6_t46_v28
-1138393134,packed_mp_veh_mod_idx_24_v103
-1138247914,f_cl_clo_awf_u_9_3_t11_v1
-1138216091,vem_smod_whlv168_t66_v0
-1138170140,packed_mp_veh_mod_idx_0_v205
-1138132598,packed_mp_veh_mod_idx_s_18_v41
-1138104758,vem_skirt_15_t13_v3
-1137986495,vem_smod_whlv189_t66_v3
-1137931020,packed_mp_veh_mod_idx_0_v127
-1137884887,packed_lr_vehicle_colour_6_v407
-1137806588,packed_mp_veh_mod_idx_5_v107
-1137757648,f_cl_clo_x6f_u_26_24_t11_v1
-1137742272,m_cl_clo_sbm_b_9_1_t1_v1
-1137674888,vem_hlight_10_t11_v3
-1137674340,packed_mp_veh_mod_idx_s_2_v220
-1137560485,f_cl_clo_bif_decl_28_t11_v1
-1137532285,m_cl_clo_x6m_ph_1_1_t14_v1
-1137527738,packed_mp_veh_mod_idx_14_v378
-1137469303,m_cl_clo_bim_s_10_7_t8_v1
-1137426992,packed_mp_veh_mod_idx_s_8_v352
-1137345570,packed_mp_veh_mod_idx_s_18_v60
-1137251833,packed_mp_veh_mod_idx_s_11_v276
-1137209274,vem_truck_tint_12_t0_v0
-1137187696,vem_supermod_53_0_t53_v7
-1137153873,f_cl_clo_fxf_l_3_19_t4_v1
-1137142336,f_cl_clo_exf_at_1_0_t7_v1
-1137055078,packed_mp_veh_plate_id_v238
-1137044837,m_cl_clo_halm_9_2_t1_v1
-1137026197,fcbase_sec1_t0_v0
-1136918651,vem_supermod_23_14_t64_v26
-1136905875,m_cl_clo_bim_decl_1_t100_v0
-1136869415,packed_mp_veh_mod_idx_s_0_v233
-1136846022,f_cl_clo_suf_decl_32_t11_v1
-1136795293,vem_supermod_3_8_t44_v38
-1136733277,pr_pm_bhanging_1_t0_v0
-1136690598,f_cl_clo_awf_u_7_6_t11_v1
-1136690081,m_ta_tat_bi_054_t0_v0
-1136564740,packed_mp_veh_mod_idx_5_v353
-1136538535,f_cl_clo_h3f_u_12_4_t11_v1
-1136504763,packed_mp_veh_mod_idx_s_16_v343
-1136499339,vem_supermod_11_4_t52_v10
-1136458138,vem_roof_0_t12_v29
-1136428353,m_cl_clo_iem_b_5_0_t1_v1
-1136405631,m_cl_clo_val_decl_n_t100_v0
-1136387727,m_cl_clo_trm_b_0_0_t1_v1
-1136337774,wp_ps_bag_43_t1_v33
-1136297055,wp_wct_tint_22_t2_v70_n2
-1136296122,m_cl_clo_h2m_u_6_24_t11_v1
-1136286559,vem_supermod_18_11_t59_v28
-1136154901,packed_mp_veh_mod_var_0_v215
-1136111420,packed_mp_veh_mod_idx_s_7_v353
-1136087571,m_cl_clo_sum_u_9_6_t11_v1
-1136085573,packed_mp_veh_colour_extra1_0_v86
-1136072800,f_cl_outfit_clo_awf_o_d_3_t12_v0
-1135999736,packed_mp_veh_mod_idx_s_15_v157
-1135925212,packed_mp_veh_mod_var_1_v166
-1135891442,packed_mp_veh_mod_idx_s_16_v19
-1135861332,packed_mp_veh_mod_idx_s_11_v367
-1135854707,packed_mp_veh_mod_idx_s_20_v184
-1135852665,m_cl_clo_vwm_ph_0_20_t14_v1
-1135839124,f_cl_clo_x6f_u_30_13_t11_v1
-1135740515,f_cl_clo_grf_u_0_5_t11_v1
-1135728993,packed_mp_veh_mod_var_1_v320
-1135601927,mp_stat_factoryupgrades4_1_v0
-1135573688,mp_stat_mpsv_model_71
-1135568506,packed_mp_veh_mod_idx_s_3_v107
-1135544534,vem_colour_1_mct_metallic_candy_red_t24_v2
-1135435795,packed_mp_veh_mod_var_0_v230
-1135374890,vem_horn_indi_4_t10_v35
-1135346159,m_cl_clo_sum_u_16_19_t11_v1
-1135335657,m_cl_sp_fmm_6_6_t8_v1
-1135315175,vem_bumper_r_6_t35_v0
-1135131704,f_cl_clo_sbf_f_0_5_t6_v1
-1135082220,packed_mp_veh_wheel_type_0_v326
-1135077966,packed_mp_veh_livery_0_v14
-1135031176,f_cl_clo_bhf_l_2_7_t4_v1
-1134967451,f_cl_clo_sbf_b_10_16_t1_v1
-1134914843,m_cl_clo_exm_au_16_2_t11_v1
-1134759286,f_cl_clo_sbf_l_4_6_t4_v1
-1134662153,f_cl_clo_sbf_ph_0_0_t14_v1
-1134647033,fchub_mod4_1_t0_v0
-1134492907,packed_mp_veh_mod_idx_s_16_v412
-1134486803,packed_mp_veh_mod_idx_10_v327
-1134413594,packed_mp_veh_livery2_0_v247
-1134292211,vem_hiend_20_t19_v2
-1134263814,packed_mp_veh_primary_colour_group_v259
-1134253298,m_cl_clo_s2m_u_6_12_t11_v1
-1134150624,f_cl_clo_bif_ht_8_2_t14_v1
-1134110655,f_ta_tat_x6_034_t0_v0
-1134008731,vem_smod4_whlv143_t66_v1
-1133848470,packed_mp_veh_mod_idx_s_20_v80
-1133838417,m_ha_clo_sbm_h_1_0_t0_v1
-1133811543,vem_cmod_neoncol_255_t21_v29
-1133809284,packed_ng_vehicle_bpt_v186
-1133716673,f_cl_clo_exf_au_4_1_t11_v1
-1133397320,f_cl_clo_grf_decl_21_t10_v1
-1133350659,m_cl_clo_vwm_u_10_21_t11_v1
-1133332873,f_cl_clo_ief_ph_0_6_t14_v1
-1133330384,pr_mp_prop_65_t0_v0
-1133303683,dec_vw_aw_wv_57
-1133239001,packed_mp_veh_mod_idx_s_9_v102
-1133230072,packed_mp_veh_mod_idx_s_16_v194
-1133090191,packed_mp_veh_mod_idx_s_2_v132
-1132946723,packed_mp_veh_colour2_0_v187
-1132879299,vem_cmod_neoncol_8_t21_v7
-1132877603,packed_mp_veh_plate_id_v251
-1132876638,vem_colour_1_mct_matte_light_grey_t24_v3
-1132848715,packed_mp_veh_colour2_0_v221
-1132723137,f_cl_clo_fxf_ph_6_8_t14_v1
-1132720922,f_cl_clo_h3f_o_dl_11_t8_v12
-1132713496,packed_mp_veh_mod_idx_23_v394
-1132636600,vem_colour_1_mct_metallic_saddle_brown_t24_v33
-1132595187,packed_mp_veh_mod_idx_s_13_v43
-1132584084,f_cl_clo_sbf_l_3_15_t4_v1
-1132522954,mp_stat_mpsv_model_273
-1132519430,m_ta_tat_h3_013_t0_v0
-1132470084,packed_mp_veh_mod_idx_s_8_v220
-1132450326,f_cl_clo_x6f_ph_8_15_t14_v1
-1132351641,packed_mp_veh_mod_idx_s_2_v148
-1132259051,mba_floor0_2_t0_v0
-1132238396,m_cl_u_fmm_3_3_t11_v0
-1132178557,packed_mp_veh_mod_idx_12_v256
-1132157650,m_cl_clo_smm_b_9_4_t1_v1
-1132050544,packed_ng_vehicle_neon_kit_v233
-1131907685,m_cl_clo_h2m_ph_2_9_t14_v1
-1131842634,packed_mp_veh_mod_idx_5_v105
-1131821744,packed_mp_veh_mod_idx_s_11_v72
-1131820524,packed_mp_veh_mod_idx_s_20_v194
-1131786413,f_cl_outfit_clo_awf_o_f_9_t12_v0
-1131736284,f_ha_cc_mkup_35_t7_v1
-1131558426,m_cl_clo_exm_g_18_8_t14_v1
-1131449502,packed_mp_veh_mod_idx_s_1_v92
-1131438201,packed_mp_veh_mod_idx_s_7_v229
-1131367109,m_cl_clo_busm_u_5_0_t11_v1
-1131332897,m_cl_clo_trm_u_11_9_t11_v1
-1131236897,packed_mp_veh_mod_idx_18_v39
-1131184235,packed_mp_veh_mod_idx_4_v222
-1131181936,packed_mp_veh_mod_idx_8_v75
-1131173184,m_cl_clo_indm_s_0_9_t8_v1
-1131100167,vem_colour_extra_1_mct_classic_olive_green_t24_v2
-1131024729,wp_wt_railgunxm3_t0_v0
-1130903843,m_cl_clo_bhm_u_4_7_t11_v1
-1130898288,packed_mp_veh_mod_idx_s_21_v127
-1130859874,f_cl_clo_grf_u_19_5_t11_v1
-1130806653,m_cl_clo_halm_d_6_t100_v0
-1130784041,vem_fender_l_2_t36_v6
-1130776546,m_cl_clo_fxm_b_2_0_t1_v1
-1130646859,m_cl_clo_x6m_l_7_14_t4_v1
-1130597554,f_cl_clo_x6f_ph_2_10_t14_v1
-1130593462,f_cl_clo_awf_decl_55_t100_v0
-1130566282,packed_mp_veh_mod_idx_s_2_v199
-1130479461,f_cl_clo_x6f_l_7_17_t4_v1
-1130338162,packed_mp_veh_mod_idx_s_11_v251
-1130298247,vem_colour_extra_1_mct_classic_silver_t24_v3
-1130259044,f_cl_clo_smf_u_1_8_t11_v1
-1130257703,m_ha_cc_mkup_59_t5_v0
-1130214046,packed_ng_vehicle_neon_v247
-1130211370,vem_cmod_pla_4_t23_v11
-1130121338,packed_mp_veh_mod_idx_s_1_v353
-1130096272,f_cl_l_fmf_1_9_t4_v0
-1130080213,m_cl_clo_grm_u_15_3_t11_v1
-1130053860,packed_mp_veh_mod_idx_18_v208
-1130027245,f_cl_clo_fxf_ph_2_23_t14_v1
-1129980465,m_cl_clo_vwm_u_9_0_t11_v1
-1129952539,vem_supermod_23_1_t64_v8
-1129923258,packed_mp_veh_mod_idx_15_v336
-1129913944,vem_colour_extra_1_mct_metallic_frost_white_t24_v0
-1129791085,packed_mp_veh_window_tint_0_v240
-1129751900,packed_mp_veh_mod_idx_s_12_v139
-1129712611,packed_mp_veh_mod_idx_13_v243
-1129590823,vem_supermod_63_11_t63_v7
-1129579864,f_cl_clo_x6f_u_26_21_t11_v1
-1129559406,m_cl_clo_smm_b_2_6_t1_v1
-1129451169,packed_mp_veh_mod_idx_8_v388
-1129327039,ve_eudora_t0_v3
-1129269264,m_cl_clo_h2m_f_5_16_t6_v1
-1129233646,f_cl_clo_h3f_l_4_17_t4_v1
-1129212071,vem_colour_1_mct_classic_torino_red_t24_v0
-1129008787,vem_yacht_flag_45_v0
-1129002101,packed_mp_veh_mod_idx_s_1_v221
-1128971771,packed_ng_vehicle_insurance_v127
-1128930135,packed_mp_veh_mod_idx_5_v334
-1128846439,m_cl_clo_grm_f_0_4_t6_v1
-1128817202,f_cl_clo_l2f_rw_5_0_t14_v1
-1128805117,packed_mp_veh_mod_idx_s_7_v40
-1128793262,f_cl_clo_scf_l_13_18_t4_v1
-1128666273,packed_mp_veh_mod_var_1_v213
-1128563306,packed_mp_veh_mod_idx_s_6_v93
-1128485909,packed_mp_veh_mod_idx_0_v311
-1128155614,f_cl_clo_h2f_b_5_6_t1_v1
-1128072765,f_cl_clo_trf_decl_10_t100_v0
-1128046901,m_cl_clo_x6m_f_3_11_t6_v1
-1127983947,f_cl_clo_indf_d_23_t8_v1
-1127926618,packed_mp_veh_mod_idx_s_11_v17
-1127865135,packed_mp_veh_mod_idx_s_19_v229
-1127781661,f_cl_clo_hstf_b_15_6_t1_v1
-1127750117,vem_trans_3_t16_v4
-1127748765,vem_rwd_suv_03_t19_v0
-1127632785,packed_mp_veh_mod_idx_s_6_v120
-1127626685,f_cl_clo_ief_u_1_5_t11_v1
-1127594899,packed_mp_veh_mod_idx_s_11_v67
-1127502862,f_cl_clo_l2f_o_5_t8_v12
-1127468808,packed_mp_veh_mod_idx_s_2_v168
-1127459069,m_cl_clo_indm_s_0_3_t8_v1
-1127417520,vem_colour_1_mct_classic_shadow_silver_t24_v0
-1127286460,f_cl_clo_awf_f_4_2_t6_v1
-1127224992,f_cl_clo_fxf_ph_2_19_t14_v1
-1127179117,packed_mp_veh_secondary_colour_group_v199
-1127149226,m_cl_clo_h2m_o_s_14_t3_v12
-1127145135,packed_ng_vehicle_neon_v96
-1127109501,packed_mp_veh_mod_idx_s_2_v125
-1127021384,service_earn_not_badsport
-1126979792,f_cl_clo_v2f_u_0_4_t11_v1
-1126973505,vem_smod_whlv34_t66_v0
-1126930193,m_ta_tat_fm_019_t0_v0
-1126776655,packed_mp_veh_colour_extra2_0_v406
-1126762030,vem_supermod_3_38_t44_v6
-1126660867,vem_colour_extra_1_mct_metallic_lava_red_t24_v2
-1126658686,f_cl_outfit_clo_smf_o_2_t12_v0
-1126627641,m_cl_g_fmm_12_0_t14_v0
-1126615639,m_cl_clo_bhm_b_0_1_t1_v1
-1126493354,f_cl_clo_hstf_h_3_t14_v1
-1126457997,packed_mp_veh_mod_idx_23_v354
-1126369939,packed_mp_veh_mod_idx_s_2_v235
-1126291284,f_cl_clo_h3f_decl_8_t100_v0
-1126259850,packed_mp_veh_mod_idx_23_v183
-1126165219,f_cl_clo_smf_o_4_t3_v12
-1126038469,mp_stat_mpsv_model_90
-1125999616,vem_cmod_neoncol_255_t21_v5
-1125957594,vem_supermod_8_13_t49_v7
-1125914514,packed_mp_veh_mod_idx_s_4_v16
-1125887027,m_cl_outfit_clo_awm_o_e_8_t12_v0
-1125882883,vem_cmod_col5_5_t29_v1
-1125845442,packed_mp_veh_mod_idx_s_15_v224
-1125818515,packed_ng_vehicle_bpt_v413
-1125816011,packed_mp_veh_mod_idx_8_v178
-1125779567,packed_mp_veh_mod_idx_s_7_v100
-1125685898,packed_mp_veh_mod_var_1_v267
-1125569771,packed_mp_veh_primary_colour_group_v403
-1125531197,m_cl_clo_apm_u_1_3_t11_v1
-1125498980,wp_wct_c_tint_16_t2_v13_n2
-1125470847,packed_mp_veh_livery2_0_v336
-1125262835,packed_mp_veh_mod_idx_s_12_v149
-1125243872,packed_mp_veh_mod_idx_s_11_v317
-1125213357,packed_mp_veh_mod_idx_18_v82
-1125145176,packed_mp_veh_mod_idx_8_v3
-1125142905,wp_wct_clip_tr_t0_v56_n2
-1124997217,packed_lr_vehicle_colour_6_v157
-1124961164,packed_mp_veh_mod_var_1_v297
-1124729418,m_cl_clo_fxm_l_1_7_t4_v1
-1124632149,m_cl_clo_trm_u_9_4_t11_v1
-1124555990,packed_mp_veh_mod_idx_23_v150
-1124530427,vem_colour_extra_1_mct_pearlescent_cabernet_red_t24_v0
-1124516489,f_cl_outfit_clo_h3f_o_clb_3_t12_v0
-1124466517,m_cl_clo_hstmb_23_5_t1_v1
-1124448253,vem_smod4_whlv12_t66_v1
-1124416739,packed_mp_veh_mod_idx_s_11_v329
-1124385684,vem_supermod_15_9_t56_v28
-1124355630,wp_wct_shell_t1_v22_n2
-1124326983,vem_cmod_win_1_t33_v29
-1124272549,packed_mp_veh_mod_idx_s_10_v223
-1124106265,m_cl_clo_grm_f_0_5_t6_v1
-1124061069,m_cl_clo_grm_ph_1_0_t14_v1
-1124055322,packed_mp_veh_livery2_0_v295
-1124031681,packed_mp_veh_mod_idx_s_19_v34
-1123984687,packed_mp_veh_mod_idx_s_12_v336
-1123839035,m_cl_clo_smm_u_7_7_t11_v1
-1123773224,packed_mp_veh_mod_idx_s_5_v161
-1123704934,packed_mp_veh_wheel_type_0_v401
-1123645182,packed_mp_veh_mod_idx_23_v106
-1123623166,f_cl_clo_awf_u_7_7_t11_v1
-1123606291,packed_mp_veh_livery2_0_v412
-1123591266,packed_mp_veh_mod_idx_9_v0
-1123567648,f_cl_clo_grf_u_0_16_t11_v1
-1123472775,f_cl_clo_suf_u_14_6_t11_v1
-1123405286,packed_mp_veh_mod_idx_6_v120
-1123183389,service_earn_agency_story_finale
-1123113788,ve_menacer_t0_v3
-1123067654,m_cl_clo_sum_u_7_6_t11_v1
-1123061289,vem_supermod_6_10_t47_v26
-1122958714,wp_wm_tint4_t2_v7
-1122849709,f_cl_clo_trf_f_1_6_t6_v1
-1122840920,packed_mp_veh_mod_idx_7_v207
-1122792717,vem_roof_23_n2_t12_v3
-1122705588,vem_colour_extra_1_mct_metallic_anthr_black_t24_v33
-1122695213,packed_lr_vehicle_colour_5_v369
-1122606710,m_cl_clo_iem_f_0_0_t6_v1_cesp
-1122602007,packed_mp_veh_mod_idx_11_v109
-1122581721,f_cl_outfit_clo_h3f_o_dh_35_t12_v0
-1122576949,vem_colour_5_olive_green_t38_v0
-1122553286,packed_mp_veh_mod_idx_s_6_v112
-1122469677,f_cl_clo_grf_b_1_8_t1_v1
-1122469076,f_cl_clo_apf_u_19_5_t11_v1
-1122447729,packed_mp_veh_mod_idx_16_v411
-1122372583,wp_wct_bat_xm3_t1_v37
-1122074610,packed_mp_veh_mod_idx_s_22_v190
-1122035390,f_cl_clo_s2f_d_5_t100_v0
-1121999851,vem_insurance_tornado
-1121925322,vem_supermod_16_8_t57_v26
-1121911401,vem_horn_lowrder1_t10_v10
-1121906958,f_cl_clo_val_decl_o_t11_v1
-1121871688,packed_mp_veh_mod_var_0_v355
-1121867917,m_cl_clo_lxm_e_8_2_t14_v1
-1121853200,f_ta_tat_sb_009_t0_v0
-1121842918,wp_wt_cmprifle_t0_v2_cesp
-1121790555,mp_stat_mpsv_model_184
-1121770799,mp_stat_arenagarage_mod_interiora_v0
-1121748151,m_cl_clo_stm_o_e_5_t11_v12
-1121642889,packed_ng_vehicle_neon_v164
-1121615002,mp_stat_mattotalforfactory5_v0
-1121610358,packed_mp_veh_mod_idx_0_v180
-1121580279,packed_mp_veh_mod_idx_8_v81
-1121522579,f_cl_clo_fxf_l_3_20_t4_v1
-1121520519,vem_horn_xm15_2_t10_v31
-1121392416,vem_supermod_3_31_t44_v3
-1121374918,vem_hood_26_t9_v38
-1121373649,packed_mp_veh_mod_idx_s_19_v273
-1121332487,f_cl_clo_h4f_ph_2_7_t14_v1
-1121179559,packed_mp_veh_mod_idx_s_22_v3
-1121160607,packed_mp_veh_mod_idx_11_v115
-1121146616,ve_raiju_t0_v34
-1121049650,packed_ng_vehicle_neon_v48
-1121023959,vem_supermod_21_1_t62_v28
-1120901997,m_cl_clo_smm_decl_9_t100_v0
-1120872160,f_cl_l_fmf_4_1_t4_v0
-1120842882,vem_colour_2_mct_classic_formula_red_t25_v3
-1120805597,vem_fender_l_4_t36_v28
-1120736313,packed_mp_veh_mod_idx_s_5_v1
-1120687987,f_cl_clo_smf_ph_4_16_t14_v1
-1120667647,f_cl_clo_exf_al_5_2_t4_v1
-1120666249,packed_mp_veh_mod_idx_3_v277
-1120626501,m_cl_outfit_clo_x5m_o_a_1_t12_v0
-1120440943,vem_supermod_20_0_t61_v31
-1120436586,f_cl_clo_s1f_dec_21_t100_v0
-1120409004,f_cl_clo_vwf_u_4_18_t11_v1
-1120377995,m_cl_clo_vwm_s_2_12_t8_v2
-1120284874,packed_mp_veh_mod_idx_13_v185
-1120250408,f_cl_clo_ief_u_2_9_t11_v1
-1120219602,f_ta_tat_st_046_t0_v0
-1119947547,packed_mp_veh_mod_idx_14_v34
-1119925648,packed_mp_veh_mod_idx_10_v172
-1119890998,f_cl_clo_exm_decl_2_t100_v0
-1119837145,packed_mp_veh_mod_idx_s_19_v181
-1119778604,f_cl_clo_l2f_o_4_t8_v12
-1119732423,vem_colour_extra_1_mct_pearlescent_umber_brown_t24_v3
-1119634694,packed_mp_veh_mod_idx_22_v134
-1119629450,m_cl_clo_arm_o_14_t7_v12
-1119585853,packed_mp_veh_mod_idx_23_v280
-1119527686,mp_stat_mpsv_model_166
-1119475030,f_cl_clo_fxf_u_9_19_t11_v1
-1119434135,vem_colour_extra_1_mct_metallic_rolled_steel_t24_v1
-1119326416,packed_ng_vehicle_bpt_v333
-1119273810,m_cl_outfit_clo_hstm_o_f_3_t12_v0
-1119222121,f_cl_clo_val_decl_e_t8_v1
-1119147418,m_cl_clo_trm_u_8_3_t11_v1
-1119134080,packed_ng_vehicle_neon_v262
-1119100129,f_cl_clo_hstf_o_21_t11_v12
-1119010169,vem_supermod_49_8_t49_v7
-1119006259,pr_pm_bwall_0_t0_v0
-1118964517,f_cl_clo_h3f_b_2_0_t1_v1
-1118937182,vem_smod4_whlv197_t66_v0
-1118900549,vem_cmod_col4_0_t27_v1
-1118878642,vem_roof_19_t12_v1
-1118851937,packed_mp_veh_mod_idx_s_3_v311
-1118802274,vem_smod4_whlv93_t66_v2
-1118798465,vem_supermod_4_1_t45_v27
-1118788383,packed_mp_veh_mod_var_0_v256
-1118756174,m_cl_clo_h3m_ph_9_9_t14_v1
-1118647605,m_cl_clo_grm_u_2_5_t11_v1
-1118604176,packed_mp_veh_mod_idx_13_v233
-1118596259,vem_colour_2_mct_metallic_garnet_red_t25_v0
-1118578722,vem_colour_1_mct_classic_petrol_green_t24_v4
-1118577370,m_cl_clo_grm_u_8_15_t11_v1
-1118572015,packed_mp_veh_mod_idx_13_v259
-1118496838,m_cl_clo_busm_t_2_8_t7_v1
-1118479257,packed_ng_vehicle_neon_kit_v315
-1118479121,packed_ng_vehicle_neon_kit_v307
-1118397863,mp_stat_arcade_owned_v0
-1118246517,f_cl_clo_bhf_u_5_5_t11_v1
-1118235380,f_cl_he_fmf_18_6_t14_v0
-1118189135,packed_mp_veh_livery_0_v133
-1118066641,packed_mp_veh_mod_var_0_v203
-1118036999,f_cl_clo_h2f_f_7_3_t6_v1
-1117983148,packed_lr_vehicle_colour_6_v344
-1117770943,f_cl_clo_exf_au_3_2_t11_v1
-1117734820,packed_mp_veh_mod_idx_18_v27
-1117722263,f_cl_clo_awf_l_0_0_t4_v1
-1117708467,m_cl_clo_x6m_u_26_3_t11_v1
-1117553082,f_cl_clo_s2f_t_3_0_t7_v1
-1117505526,packed_mp_veh_mod_idx_6_v155
-1117326613,m_cl_clo_awm_f_0_12_t6_v1
-1117319512,packed_mp_veh_colour1_0_v100
-1117285166,vem_colour_1_mct_classic_silver_t24_v1
-1117280675,m_cl_clo_awm_l_3_8_t4_v1
-1117258567,vem_rwd_bikew_06_t19_v3
-1117243524,packed_mp_veh_window_tint_0_v94
-1117192543,vem_supermod_20_12_t61_v28
-1117030960,f_cl_clo_awf_u_1_13_t11_v1
-1116999280,packed_lr_vehicle_colour_5_v75
-1116936588,f_cl_clo_grf_ph_0_5_t14_v1
-1116840205,packed_mp_veh_mod_idx_s_5_v69
-1116754815,vem_smod5_whlv39_t66_v3
-1116629977,vem_fender_r_5_t37_v26
-1116592615,vem_smod2_whlv127_t66_v3
-1116571649,m_cl_clo_h3m_ph_8_3_t14_v1
-1116555445,f_ta_tat_lx_006_t0_v0
-1116516592,packed_mp_veh_livery2_0_v83
-1116461918,f_cl_clo_x6f_ey_0_5_t14_v1
-1116449609,packed_mp_veh_mod_idx_s_17_v81
-1116403842,f_cl_clo_fxf_u_9_11_t11_v1
-1116395084,packed_mp_veh_mod_idx_s_19_v41
-1116380942,f_cl_clo_sbf_f_3_6_t6_v1
-1116236827,packed_mp_veh_colour1_0_v241
-1116235914,f_cl_clo_h4f_o_s1_f3_t8_v12
-1116227698,vem_exhaust_3_t6_v6
-1116063848,packed_mp_veh_window_tint_0_v98
-1116058964,vem_rwd_hiend_18_t19_v3
-1116013043,f_cl_clo_vwf_u_7_14_t11_v1
-1115989292,vem_supermod_15_11_t56_v3
-1115973239,vem_colour_extra_1_mct_metals_br_steel_t24_v3
-1115910548,mp_stat_mpsv_model_13
-1115860339,packed_mp_veh_mod_idx_22_v278
-1115784137,packed_mp_veh_window_tint_0_v100
-1115623838,m_cl_clo_bim_decl_13_t100_v0
-1115609813,wp_wct_clip1_t1_v46_n2
-1115578794,f_cl_clo_hstf_s_6_0_t8_v2
-1115511296,f_cl_outfit_clo_exf_ob_14_t12_v0
-1115490140,hangar_mod_lighting_16_t0_v1
-1115347418,f_cl_clo_grf_ph_0_19_t14_v1
-1115343447,packed_mp_veh_mod_idx_s_18_v317
-1115309643,ve_stockade_t0_v3
-1115303029,f_cl_clo_hstf_o_18_t4_v12
-1115289957,packed_mp_veh_mod_idx_22_v395
-1115200528,f_cl_clo_awf_f_0_19_t6_v1
-1115040589,f_cl_clo_fxf_ph_1_17_t14_v1
-1115040540,m_cl_clo_smm_ph_1_9_t14_v1
-1114909662,packed_mp_veh_mod_idx_s_9_v413
-1114891056,vem_supermod_3_27_t44_v10
-1114829874,packed_mp_veh_mod_idx_s_7_v211
-1114791198,wp_wct_tint_19_t2_v56_n2
-1114758731,vem_supermod_51_20_t51_v7
-1114720030,packed_mp_veh_mod_idx_s_16_v371
-1114665800,f_cl_clo_x6f_t_10_3_t7_v1
-1114567196,packed_mp_veh_mod_idx_4_v258
-1114447377,f_cl_clo_smf_b_6_20_t1_v1
-1114218652,f_cl_g_fmf_10_6_t14_v0
-1114128126,vem_smod2_whl10_t19_v12
-1114096081,packed_ng_vehicle_smoke_v107
-1114074210,vem_colour_extra_1_mct_classic_orange_t24_v1
-1114071981,f_cl_clo_bhf_u_10_15_t11_v1
-1114037439,vem_colour_extra_1_mct_classic_might_purple_t24_v2
-1114021731,vem_colour_2_mct_metallic_ultra_blue_t25_v0
-1114014937,m_cl_clo_indm_o_2_t3_v12
-1114011993,packed_mp_veh_mod_idx_1_v34
-1113967170,packed_mp_veh_mod_idx_7_v387
-1113950010,vem_colour_2_mct_classic_saxon_blue_t25_v33
-1113943976,packed_mp_veh_mod_idx_5_v188
-1113813107,pr_pm_modshop_16_t88_v0
-1113805791,vem_supermod_16_13_t57_v26
-1113753882,packed_mp_veh_mod_idx_14_v83
-1113722747,vem_colour_2_mct_metallic_gold_t25_v3
-1113677364,m_cl_clo_lxm_u_5_1_t11_v1
-1113586910,vem_colour_mct_none_103
-1113583152,f_cl_clo_scf_l_0_9_t4_v1
-1113535925,wp_wct_tint_24_t2_v56_n2
-1113534712,m_cl_sp_fmm_6_12_t8_v1
-1113429703,f_cl_clo_trf_u_14_5_t11_v1
-1113354767,packed_mp_veh_mod_idx_s_18_v149
-1113324427,packed_mp_veh_mod_idx_13_v61
-1113226541,packed_mp_veh_mod_idx_s_17_v184
-1113203454,packed_lr_vehicle_colour_6_v365
-1113163844,packed_mp_veh_mod_idx_s_21_v52
-1113160159,packed_mp_veh_mod_idx_9_v288
-1113101277,vem_cmod_tyr_6_t18_v29
-1113007418,packed_mp_veh_mod_idx_2_v353
-1112960365,vem_cmod_hrn_mus2_t10_v35
-1112906771,m_cl_clo_val_decl_r_t11_v1
-1112849219,m_cl_clo_indm_d_21_t8_v2
-1112675730,packed_mp_veh_mod_idx_s_21_v205
-1112664780,m_cl_clo_scm_f_0_14_t6_v1
-1112622763,dec_cpm_claw_1
-1112580932,vem_colour_extra_1_mct_metallic_olive_green_t24_v33
-1112542158,packed_mp_veh_mod_idx_23_v226
-1112466388,packed_mp_veh_plate_id_v47
-1112393554,packed_mp_veh_mod_idx_6_v151
-1112374799,vem_supermod_3_36_t44_v6
-1112341676,f_cl_clo_x6f_f_1_5_t6_v1
-1112293827,f_cl_clo_v2f_l_0_6_t4_v1
-1112291028,vem_supermod_23_0_t64_v20
-1112272262,vem_insurance_savestra
-1112259560,wp_wct_camo_5_t1_v8_n2
-1112248540,f_cl_clo_smf_u_3_7_t11_v1
-1112239171,packed_mp_veh_mod_idx_11_v235
-1112228718,f_cl_clo_suf_b_1_0_t1_v1
-1112225179,fcarcade_flr_7_t0_v0
-1112188198,vem_supermod_17_3_t58_v6
-1112141332,vem_supermod_59_10_t59_v7
-1112120461,fcbase_lng2_t0_v0
-1112110768,f_cl_clo_sbf_pe_1_8_t14_v1
-1112005285,m_cl_f_fmm_8_6_t6_v0
-1111991140,f_ta_tat_bi_006_t0_v0
-1111973693,m_cl_clo_vwm_pey_116_t14_v1
-1111902774,vem_colour_extra_1_mct_matte_yellow_t24_v0
-1111879957,vem_cmod_neonlay_6_t21_v27
-1111741397,packed_mp_veh_mod_idx_s_21_v356
-1111735890,packed_mp_veh_colour1_0_v343
-1111666324,packed_mp_veh_mod_idx_5_v369
-1111627377,pr_pm_modshop_10_t0_v0
-1111626782,pr_mp_prop_16_t0_v0
-1111545013,vem_cmod_win_1_t33_v11
-1111540175,packed_mp_veh_mod_idx_s_1_v317
-1111522750,packed_mp_veh_mod_idx_s_10_v33
-1111468926,f_cl_clo_h2f_o_c_4_t3_v12
-1111433481,f_cl_clo_suf_l_2_5_t4_v1
-1111391064,f_cl_outfit_clo_h2f_o_g_15_t12_v0
-1111354604,f_cl_clo_exf_eu_12_0_t11_v1
-1111134682,packed_mp_veh_mod_idx_7_v45
-1111127940,packed_ng_vehicle_smoke_v389
-1111125874,packed_mp_veh_colour_extra2_0_v337
-1111076354,f_cl_clo_vwf_b_9_1_t1_v1
-1111038532,vem_hood_23_t9_v1
-1110938594,vem_supermod_12_6_t53_v28
-1110930859,mp_stat_mpsv_model_207
-1110781200,m_cl_clo_val_decl_h_t100_v0
-1110768822,f_ta_tat_x6_020_t0_v0
-1110739357,m_cl_clo_smm_ph_1_0_t14_v1
-1110688974,packed_mp_veh_plate_id_v363
-1110661393,packed_mp_veh_mod_idx_s_9_v42
-1110597745,f_cl_clo_bhf_u_7_8_t11_v1
-1110591508,f_cl_clo_s1f_u_1_1_t11_v1
-1110589087,packed_mp_veh_mod_idx_7_v320
-1110573560,m_cl_clo_sbm_f_6_5_t6_v1
-1110556188,packed_mp_veh_mod_idx_s_8_v366
-1110359333,packed_ng_vehicle_smoke_v207
-1110260521,f_cl_clo_x6f_u_24_14_t11_v1
-1110090638,f_cl_clo_suf_b_3_7_t1_v1
-1110046543,f_cl_clo_x6f_u_24_16_t11_v1
-1110009891,f_cl_clo_grf_u_7_18_t11_v1
-1110005794,f_cl_clo_indf_d_8_t100_v0
-1109993781,f_cl_clo_awf_o_i_0_t3_v12
-1109815399,f_cl_clo_valf_l_1_1_t4_v1
-1109795166,vem_supermod_21_14_t62_v26
-1109771312,vem_colour_2_mct_classic_flur_yellow_t25_v2
-1109752824,f_cl_clo_l2f_lw_3_0_t14_v1
-1109670646,m_ha_face_e_c_15_t4_v0
-1109636551,m_cl_clo_bhm_u_4_8_t11_v1
-1109546347,packed_mp_veh_mod_idx_9_v150
-1109541834,packed_mp_veh_mod_idx_s_1_v330
-1109497797,f_cl_clo_trf_ph_2_7_t14_v1
-1109475323,packed_mp_veh_mod_idx_13_v315
-1109412471,vem_colour_extra_1_mct_pearlescent_dark_silver_t24_v0
-1109323907,packed_lr_vehicle_colour_5_v153
-1109303889,vem_insurance_baller6
-1109281191,f_cl_clo_busf_u_3_3_t8_v1
-1109268399,vem_colour_2_mct_classic_red_t25_v33
-1109221881,vem_smod4_whlv10_t66_v1
-1109219422,service_spend_orbital_auto
-1109155474,packed_mp_veh_mod_idx_6_v310
-1109128776,m_cl_clo_x6m_b_3_3_t1_v1
-1109097997,vem_colour_mct_none_136
-1109086280,f_cl_clo_scf_d_27_5_t10_v1
-1109038680,m_cl_clo_stm_o_0_t11_v12_cesp
-1108902736,m_cl_clo_hp_d_33_t8_v2
-1108702353,vem_smod4_whlv64_t66_v0
-1108694761,packed_mp_veh_mod_idx_3_v300
-1108664798,packed_mp_veh_colour2_0_v160
-1108624650,m_cl_clo_sum_decl_5_t100_v0
-1108567949,packed_mp_veh_mod_idx_24_v31
-1108558139,vem_cmod_neonlay_4_t21_v10
-1108534631,wp_wct_clip2_t1_v10
-1108525348,packed_mp_veh_mod_idx_s_4_v225
-1108464202,packed_mp_veh_mod_idx_0_v52
-1108446065,vem_fender_r_8_t37_v34
-1108367028,vem_supermod_4_10_t45_v26
-1108290129,packed_mp_veh_mod_idx_16_v90
-1108275940,packed_mp_veh_mod_idx_23_v295
-1108260407,vem_rwd_bikew_11_t19_v4
-1108251540,vem_supermod_12_6_t53_v26
-1108135338,ve_marshall_t1_v9
-1108119799,packed_mp_veh_mod_idx_23_v236
-1108023146,f_cl_outfit_clo_awf_o_g_1_t12_v0
-1107938373,m_cl_clo_awm_u_9_17_t11_v1
-1107802088,m_cl_clo_trm_f_1_18_t6_v1
-1107747850,f_ta_tat_vw_005_t0_v0
-1107622207,f_cl_clo_ief_u_7_10_t11_v1
-1107583685,packed_mp_veh_mod_idx_s_18_v238
-1107582991,packed_mp_veh_mod_idx_24_v410
-1107505786,packed_mp_veh_mod_idx_2_v323
-1107503954,wp_wm_tint3_t2_v66
-1107473117,f_cl_clo_exf_decl_1_t100_v0
-1107463254,m_cl_clo_hp_u_5_2_t11_v1
-1107435402,vem_musc_11_t19_v2
-1107435319,m_cl_clo_awm_f_0_13_t6_v1
-1107418441,m_cl_rstar_dev_2_t11_v1
-1107361214,packed_mp_veh_mod_idx_s_12_v69
-1107325261,packed_mp_veh_colour2_0_v353
-1107308983,m_cl_clo_hp_w_0_2_t14_v1
-1107237889,m_ha_cc_m_hs_20_t0_v0
-1107202674,wp_wm_tint6_t2_v27
-1107186585,packed_mp_veh_mod_idx_s_8_v123
-1107133578,vem_colour_extra_1_mct_pearlescent_bronze_t24_v1
-1106954430,f_cl_clo_x6f_u_2_5_t11_v1
-1106946283,m_cl_clo_h2m_b_1121_t1_v1
-1106945235,packed_lr_vehicle_colour_6_v410
-1106901377,vem_fender_l_4_t36_v4
-1106896442,packed_mp_veh_plate_id_v17
-1106884865,f_cl_clo_x6f_f_14_4_t6_v1
-1106785010,f_cl_clo_awf_o_b_9_t8_v12
-1106738432,m_cl_clo_stm_u_3_3_t11_v1
-1106567821,m_cl_l_fmm_7_11_t4_v0
-1106525764,f_cl_clo_x6f_f_1_6_t6_v1
-1106506371,vem_horn_luxe3_t10_v2
-1106473190,packed_mp_veh_mod_idx_s_6_v6
-1106333753,f_cl_clo_awf_decl_87_t100_v0
-1106328424,packed_mp_veh_mod_idx_s_21_v377
-1106326452,vem_chassis_5_t4_v0
-1106241534,m_cl_clo_scm_u_0_4_t11_v1
-1106241175,packed_mp_veh_colour2_0_v277
-1106185757,m_cl_clo_fxm_b_0_3_t1_v1
-1106173035,f_cl_clo_bif_prw_7_1_t14_v1
-1106157666,ve_youga2_t0_v3
-1106033851,vem_horn_luxe2_t10_v29
-1106021123,packed_mp_veh_mod_idx_s_9_v255
-1106010058,vem_supermod_20_10_t61_v28
-1105970854,autoshop_wal_2_t0_v0
-1105897315,vem_cmod_col5_23_t29_v3
-1105779918,f_cl_clo_smf_ph_4_17_t14_v1
-1105758002,vem_supermod_11_0_t52_v11
-1105743801,f_ha_cc_lipstick_2_t8_v0
-1105708629,f_cl_clo_h2f_o_s_1_t3_v12
-1105677720,packed_mp_veh_mod_idx_s_14_v153
-1105469825,f_cl_clo_scf_u_0_12_t11_v1
-1105448646,f_cl_clo_ief_l_0_2_t4_v1
-1105444250,m_cl_clo_grm_ph_3_25_t14_v1
-1105430741,packed_mp_veh_mod_idx_s_9_v280
-1105425848,packed_mp_veh_colour_extra1_0_v329
-1105330173,vem_colour_extra_1_mct_classic_sunset_red_t24_v1
-1105328562,packed_mp_veh_mod_idx_s_21_v309
-1105313185,f_cl_f_fmf_13_11_t6_v0
-1105232126,packed_mp_veh_mod_idx_s_8_v309
-1104914692,m_cl_clo_sum_l_1_12_t4_v1
-1104859380,vem_colour_1_mct_matte_purple_t24_v2
-1104855260,vem_colour_2_mct_metallic_dark_blue_t25_v2
-1104846227,packed_mp_veh_mod_idx_2_v56
-1104699659,fcarcade_b_up2
-1104622774,vem_cmod_neoncol_12_t21_v30
-1104604352,packed_mp_veh_primary_colour_group_v362
-1104600903,f_cl_outfit_clo_arf_o_23_t12_v0
-1104596360,f_cl_clo_awf_decl_66_t100_v0
-1104583391,f_cl_clo_sbf_pe_1_15_t14_v1
-1104576896,m_cl_clo_awm_f_2_0_t6_v1
-1104518714,vem_racecar_whl3_t19_v3
-1104484562,f_ha_cc_mkup_11_t7_v1
-1104443257,wp_wct_camo_1_t1_v9_n2
-1104427183,m_cl_clo_vwm_u_4_5_t11_v1
-1104389752,packed_mp_veh_mod_idx_s_23_v31
-1104239792,f_cl_clo_x6f_rw_211_t14_v1
-1104220790,f_cl_clo_s1f_u_8_1_t11_v1
-1104153975,packed_mp_veh_mod_idx_s_5_v403
-1104113773,packed_mp_veh_plate_id_v88
-1103789331,packed_mp_veh_mod_idx_4_v196
-1103771449,packed_mp_veh_mod_idx_s_7_v20
-1103763982,dec_vw_aw_ss_27
-1103693348,packed_mp_veh_colour1_0_v142
-1103578798,vem_colour_extra_1_mct_metallic_blue_silver_t24_v1
-1103545328,f_cl_clo_l2f_l_1_0_t4_v1
-1103434900,packed_mp_veh_wheel_type_0_v9
-1103370608,m_cl_clo_h2m_ph_2_2_t14_v1
-1103336411,m_cl_clo_h2m_b_5_3_t1_v1
-1103328451,f_cl_clo_grf_u_19_11_t11_v1
-1103278772,packed_mp_veh_livery2_0_v56
-1103272741,packed_mp_veh_mod_idx_s_22_v161
-1103253834,vem_colour_extra_1_mct_pearlescent_racing_green_t24_v3
-1103175900,packed_mp_veh_mod_idx_s_23_v159
-1103167619,vem_supermod_10_0_t51_v35
-1103133054,wp_wct_tint_5_t2_v70_n2
-1103075203,vem_cmod_col5_38_t29_v3
-1103030330,f_cl_clo_indf_d_19_t11_v1
-1102940728,packed_mp_veh_mod_idx_5_v117
-1102924132,f_cl_clo_v2f_l_1_7_t4_v1
-1102894358,packed_mp_veh_mod_idx_s_3_v308
-1102875599,vem_cmod_tyr_255_t18_v2
-1102846168,packed_mp_veh_mod_idx_s_20_v137
-1102825115,f_cl_clo_suf_l_5_7_t4_v1
-1102731523,packed_mp_veh_secondary_colour_group_v101
-1102723608,packed_mp_veh_mod_idx_s_10_v322
-1102710116,vem_colour_2_mct_chrome_chrome_t25_v2
-1102578819,packed_mp_veh_mod_idx_s_7_v114
-1102572405,f_ta_tat_bi_036_t0_v0
-1102505504,m_cl_clo_bim_decl_11_t11_v1
-1102347059,dec_vw_aw_wh_57
-1102277829,m_cl_clo_l2m_dec_13_t100_v0
-1102220919,packed_mp_veh_mod_idx_s_12_v129
-1102183517,vem_colour_5_race_yellow_t38_v0
-1102134427,m_cl_o_fmm_s9_t3_v12
-1102055472,packed_mp_veh_mod_idx_s_15_v251
-1101971824,m_cl_outfit_clo_h3m_o_bs_3_t12_v0
-1101941763,service_earn_ambient_job_clubhouse_contract
-1101925932,f_cl_clo_grf_f_0_0_t6_v1
-1101882212,m_cl_clo_x6m_l_7_10_t4_v1
-1101684066,packed_mp_veh_mod_idx_14_v116
-1101648830,f_cl_clo_grf_u_21_7_t11_v1
-1101590536,packed_mp_veh_mod_idx_s_6_v327
-1101542089,m_cl_u_fmm_9_1_t11_v0
-1101516641,ve_hellion_t0_v3
-1101497020,packed_mp_veh_mod_idx_24_v170
-1101489742,vem_smod4_whlv40_t66_v1
-1101471523,vem_smod4_whlv59_t66_v1
-1101448801,packed_lr_vehicle_colour_6_v257
-1101403253,f_cl_clo_vwf_decl_10_t100_v0
-1101390918,packed_mp_veh_mod_idx_16_v294
-1101313011,vem_exhaust_0_t6_v28
-1101206802,packed_mp_veh_wheel_type_0_v336
-1101206466,vem_colour_2_mct_classic_straw_brown_t25_v2
-1101031381,wp_wct_c_tint_29_t2_v13_n2
-1100999144,m_cl_clo_lxm_u_7_5_t11_v1
-1100973254,packed_mp_veh_mod_idx_s_5_v223
-1100963799,service_earn_refund_arena_spec_box_entry
-1100949804,m_cl_l_fmm_15_10_t4_v0
-1100915036,packed_mp_veh_mod_idx_s_20_v357
-1100755510,packed_mp_veh_mod_idx_7_v250
-1100750447,vem_trans_1_t16_v11
-1100728182,f_cl_clo_ief_u_6_10_t11_v1
-1100712352,m_cl_outfit_clo_x6m_o_o_15_t12_v0
-1100650839,packed_mp_veh_mod_idx_s_22_v375
-1100642603,vem_trans_3_t16_v31
-1100609961,vem_insurance_gauntlet3
-1100538762,f_cl_clo_fxf_l_0_24_t4_v1
-1100488113,wp_ps_bag_7_t1_v33
-1100471028,f_cl_clo_h3f_ph_6_10_t14_v1
-1100398093,fcarcade_flr_3_t0_v0
-1100331230,wp_wm_tint4_t2_v94
-1100255364,packed_mp_veh_mod_idx_16_v32
-1100250795,vem_colour_1_mct_metallic_stone_silver_t24_v33
-1100228229,packed_mp_veh_mod_idx_8_v329
-1100090310,packed_mp_veh_mod_idx_9_v31
-1100047653,packed_mp_veh_primary_colour_group_v313
-1100042638,m_cl_clo_vwm_ph_1_14_t14_v1
-1100013752,wp_wm_tint1_t2_v85
-1099813236,packed_mp_veh_colour2_0_v124
-1099799202,packed_mp_veh_mod_idx_2_v401
-1099776227,packed_mp_veh_mod_idx_22_v39
-1099662466,packed_mp_veh_colour_extra1_0_v197
-1099658880,m_cl_clo_x6m_ey_010_t14_v1
-1099647738,vem_bumper_f_1_t34_v33
-1099601647,vem_musc_06_t19_v0
-1099553576,m_cl_clo_h4m_b_2_14_t1_v1
-1099538432,packed_mp_veh_secondary_colour_group_v384
-1099361125,vem_rwd_hiend_16_t19_v1
-1099334772,packed_mp_veh_colour_extra1_0_v199
-1099299615,vem_colour_extra_1_mct_matte_grey_t24_v4
-1099267877,f_cl_clo_x17f_u_4_8_t11_v1
-1099247724,packed_mp_veh_mod_idx_s_21_v297
-1099226319,f_cl_ht_fmf_10_7_t14_v0
-1099210783,packed_mp_veh_mod_idx_s_12_v317
-1099071324,packed_mp_veh_mod_idx_s_13_v83
-1098867558,fcclub_dnc_3_t0_v0
-1098825127,m_cl_clo_bhm_u_3_10_t11_v1
-1098781902,packed_ng_vehicle_insurance_v100
-1098754450,packed_mp_veh_mod_idx_12_v136
-1098752037,fa_upgrade_cash_sec_1_t0_v0
-1098736828,vem_cmod_tyr_0_t31_v10
-1098702626,packed_mp_veh_mod_idx_6_v230
-1098696585,m_cl_clo_grm_u_19_1_t11_v1
-1098681956,f_cl_clo_x6f_f_5_4_t6_v1
-1098608001,packed_mp_veh_mod_idx_s_6_v389
-1098582663,packed_mp_veh_mod_idx_s_2_v202
-1098566522,m_cl_clo_s1m_ph_0_18_t14_v1
-1098315650,vem_smod2_whlv147_t66_v3
-1098288087,f_cl_f_fmf_15_1_t6_v0
-1098261548,f_cl_clo_bhf_f_1_0_t6_v1
-1098149066,packed_mp_veh_mod_idx_s_6_v228
-1098145007,m_cl_clo_x3m_b_0_1_t1_v1
-1098139586,vem_supermod_7_11_t48_v28
-1098134533,vem_spoiler_0_t14_v10
-1098103445,packed_mp_veh_mod_idx_s_17_v220
-1097981417,ve_pbus2_t1_v8
-1097930822,m_cl_clo_trm_u_16_4_t11_v1
-1097916656,vem_horn_hween2_t10_v0
-1097903924,vem_bikew_24_t19_v4
-1097779606,vem_supermod_49_17_t49_v7
-1097670040,m_cl_clo_sum_b_3_8_t1_v1
-1097667971,wp_wct_flash_t1_v6
-1097606168,m_cl_clo_smm_b_3_6_t1_v1
-1097590172,m_cl_clo_indm_d_14_t8_v2
-1097580128,f_cl_clo_sbf_u_17_3_t11_v1
-1097553104,packed_mp_veh_mod_var_1_v326
-1097552245,ve_postlude_t1_v3
-1097524224,packed_mp_veh_mod_idx_7_v4
-1097439869,f_cl_clo_x6f_ph_2_0_t14_v1
-1097431131,m_cl_clo_h3m_b_9_19_t1_v1
-1097404960,vem_supermod_58_4_t58_v7
-1097178148,f_cl_clo_bif_ph_0_4_t14_v1
-1097167832,packed_mp_veh_mod_idx_22_v369
-1097123530,packed_mp_veh_mod_idx_s_23_v243
-1096948841,ve_patriot2_t0_v3
-1096939757,vem_spoiler_5_t14_v0
-1096851419,vem_smod_whlv175_t66_v0
-1096841974,vem_grill_5_t8_v11
-1096772992,packed_ng_vehicle_bpt_v91
-1096653498,packed_mp_veh_livery_0_v117
-1096617325,vem_colour_2_mct_metallic_gold_t25_v1
-1096578883,m_cl_clo_val_decl_f_t11_v1
-1096524761,packed_mp_veh_mod_idx_13_v118
-1096459180,vem_cmod_neoncol_5_t21_v0
-1096397426,packed_mp_veh_livery2_0_v260
-1096221356,f_cl_clo_bif_decl_39_t100_v0
-1096103569,packed_mp_veh_mod_idx_12_v374
-1096063905,packed_mp_veh_mod_idx_s_22_v136
-1095991245,packed_ng_vehicle_neon_kit_v3
-1095977827,packed_mp_veh_mod_idx_s_2_v156
-1095718131,packed_mp_veh_mod_idx_18_v303
-1095618737,m_ta_tat_sm_023_t0_v0
-1095553922,m_ta_tat_fm_230_t0_v0
-1095454567,f_cl_clo_bhf_decl_39_t100_v0
-1095344383,vem_colour_2_mct_classic_torino_red_t25_v1
-1095271858,packed_mp_veh_wheel_type_0_v240
-1095236350,vem_smod5_whlv72_t66_v3
-1095235131,packed_mp_veh_mod_idx_13_v97
-1095194557,packed_mp_veh_colour2_0_v42
-1095163551,packed_mp_veh_mod_idx_s_9_v126
-1095100391,f_cl_outfit_o_fmf_s6_t12_v0
-1095048754,vem_smod4_whlv22_t66_v0
-1094983615,m_cl_g_fmm_7_7_t14_v0
-1094857392,vem_suspension_4_t15_v1
-1094829590,f_cl_clo_vwf_d_1_18_t10_v1
-1094767920,vem_chassis_17_t4_v3
-1094767043,packed_mp_veh_mod_idx_s_21_v358
-1094711973,packed_mp_veh_mod_idx_s_16_v254
-1094652138,vem_supermod_3_0_t44_v38
-1094603920,packed_mp_veh_mod_idx_s_19_v201
-1094495072,m_cl_clo_fxm_ph_0_16_t14_v1
-1094445182,m_cl_clo_trm_decl_11_t100_v0
-1094376536,m_cl_sp_fmm_6_5_t8_v0
-1094361221,f_cl_clo_x6f_rw_2_9_t14_v1
-1094243861,packed_mp_veh_colour_extra2_0_v288
-1094232990,mp_stat_mpsv_model_147
-1094206289,f_cl_clo_awf_l_1_5_t4_v1
-1094091733,packed_mp_veh_mod_idx_s_17_v105
-1093977665,m_cl_outfit_clo_bim_o_9_t12_v0
-1093956206,packed_mp_veh_mod_idx_s_22_v59
-1093955434,packed_mp_veh_colour_extra2_0_v318
-1093870025,vem_supermod_11_1_t52_v10
-1093824194,vem_supermod_5_0_t46_v5
-1093801320,packed_mp_veh_primary_colour_group_v172
-1093677032,hangar_mod_lighting_7_t0_v0
-1093632590,packed_mp_veh_mod_idx_s_13_v79
-1093582489,packed_mp_veh_mod_idx_s_10_v376
-1093582307,f_cl_clo_exf_eu_14_4_t8_v1
-1093508136,vem_fender_l_14_t36_v3
-1093495394,f_cl_clo_h2f_s_5_0_t8_v1
-1093485962,packed_mp_veh_mod_idx_s_5_v269
-1093425458,vem_horn_hips2_t10_v0
-1093425300,m_cl_clo_vwm_u_2_20_t11_v1
-1093366709,packed_ng_vehicle_insurance_v218
-1093247284,packed_lr_vehicle_colour_6_v109
-1093206972,packed_mp_veh_colour1_0_v153
-1093192870,packed_mp_veh_mod_idx_s_8_v158
-1093096993,f_cl_clo_x2f_o_6_t8_v12
-1093082788,packed_mp_veh_mod_idx_2_v19
-1093053957,f_cl_clo_h4f_b_0_4_t1_v1
-1092964254,vem_supermod_23_3_t64_v27
-1092962265,vem_hood_10_t9_v1
-1092949861,packed_mp_veh_mod_idx_18_v129
-1092945165,vem_hood_0_t9_v1
-1092929023,m_cl_clo_bim_pw_6_0_t14_v1
-1092921033,vem_armour_1_t1_v27
-1092917047,packed_mp_veh_mod_idx_s_5_v83
-1092848775,f_cl_clo_x6f_o_3_t3_v12
-1092785564,f_cl_clo_scf_b_3_1_t1_v1
-1092580635,f_cl_clo_s2f_d_25_t100_v0
-1092541111,m_cl_clo_iem_b_9_4_t1_v1
-1092447552,wp_wct_none_t1_v47_n2
-1092389801,vem_colour_1_mct_metallic_black_graphite_t24_v33
-1092362548,vem_colour_extra_1_mct_pearlescent_purple_t24_v3
-1092323708,packed_ng_vehicle_neon_kit_v82
-1092292083,f_cl_clo_grf_ph_2_22_t14_v1
-1092236637,m_cl_clo_l2m_dec_27_t11_v1
-1092214571,f_cl_clo_hst_f_a_7_t100_v0
-1092063834,m_cl_clo_arm_o_0_t3_v12
-1092057171,packed_mp_veh_mod_idx_s_12_v224
-1092036583,mp_stat_mpsv_model_173
-1092027371,m_cl_clo_bim_decl_16_t11_v1
-1091929335,f_cl_clo_exf_eu_2_0_t11_v1
-1091730278,f_cl_clo_valf_u_0_0_t11_v1
-1091694623,m_cl_clo_bus_m_0_0_t1_v1
-1091624065,f_cl_clo_grf_ph_6_2_t14_v1
-1091612497,packed_mp_veh_mod_idx_2_v312
-1091547687,packed_mp_veh_mod_idx_s_4_v125
-1091545572,packed_mp_veh_mod_idx_4_v341
-1091520304,m_ta_tat_x6_037_t0_v0
-1091358709,m_cl_clo_trm_u_8_1_t11_v1
-1091328237,m_cl_outfit_clo_awm_o_e_5_t12_v0
-1091213778,f_cl_clo_suf_l_1_7_t4_v1
-1091104734,f_cl_clo_exf_eu_9_3_t8_v2
-1091081538,vem_grill_14_t8_v38
-1091047572,packed_mp_veh_primary_colour_group_v132
-1091014868,packed_mp_veh_mod_idx_23_v57
-1091000728,mp_stat_bunker_decor_v0
-1090959278,vem_rwd_drft_16_t19_v12
-1090936172,vem_supermod_10_13_t51_v26
-1090882759,f_cl_clo_hstf_s_1_1_t8_v1
-1090779574,packed_mp_veh_mod_idx_14_v285
-1090770672,f_cl_clo_grf_ph_1_22_t14_v1
-1090718288,ve_gb200_t0_v3
-1090588747,packed_ng_vehicle_bpt_v329
-1090558192,packed_mp_veh_mod_idx_10_v265
-1090277283,vem_smod_whlv94_t66_v3
-1090269274,dec_vw_aw_ss_6
-1090265934,f_cl_clo_busf_t_0_5_t7_v1
-1090229203,packed_mp_veh_secondary_colour_group_v338
-1090184921,m_cl_clo_scm_b_4_2_t1_v1
-1090164573,f_cl_clo_ief_u_5_17_t11_v1
-1090152514,packed_mp_veh_mod_idx_0_v178
-1090142634,packed_mp_veh_mod_idx_1_v409
-1090122652,m_cl_clo_exm_ef_0_6_t6_v1
-1090101341,packed_mp_veh_mod_idx_s_4_v2
-1090086329,m_cl_clo_fxm_u_2_5_t11_v1
-1089976642,packed_mp_veh_colour_extra1_0_v67
-1089935055,f_cl_clo_ief_f_0_0_t6_v1
-1089849044,packed_mp_veh_mod_idx_s_8_v141
-1089830712,packed_mp_veh_mod_idx_24_v151
-1089703760,packed_ng_vehicle_bpt_v318
-1089698116,packed_mp_veh_colour_extra2_0_v383
-1089585889,vem_smod2_whlv58_t66_v3
-1089334922,m_cl_clo_vwm_u_9_10_t11_v1
-1089319362,packed_mp_veh_livery_0_v140
-1089308095,packed_mp_veh_mod_idx_s_13_v113
-1089288992,f_cl_clo_suf_u_21_1_t11_v1
-1089275636,vem_colour_extra_1_mct_classic_white_t24_v4
-1089191446,packed_mp_veh_mod_idx_18_v191
-1089082446,vem_horn_cnote_c0_t10_v36
-1089078552,vem_smod4_whlv165_t66_v1
-1088991734,packed_mp_veh_mod_idx_7_v121
-1088922045,vem_roof_10_t12_v4
-1088861880,f_cl_clo_h2f_o_g_12_t8_v12
-1088850438,f_cl_clo_bhf_u_1_0_t11_v1
-1088799830,m_cl_outfit_clo_stm_o_12_t12_v0_cesp
-1088730402,vem_supermod_0_13_t41_v7
-1088726056,packed_ng_vehicle_bpt_v107
-1088458270,f_cl_clo_bhf_decl_54_t11_v1
-1088340340,m_cl_clo_h4m_s_2_18_t8_v1
-1088315899,vem_supermod_3_28_t44_v3
-1088257737,packed_mp_veh_mod_idx_9_v66
-1088124114,f_cl_clo_h4f_ph_0_23_t14_v1
-1088114666,packed_mp_veh_colour_extra2_0_v274
-1088082938,m_cl_clo_h3m_ph_6_17_t14_v1
-1088035433,m_cl_clo_h4m_b_2_7_t1_v1
-1088029663,packed_mp_veh_mod_idx_s_7_v109
-1087992229,f_ha_cc_mkup_38_t7_v0
-1087946425,vem_smod2_whlv71_t66_v3
-1087937214,m_cl_clo_stm_ht13_2_t14_v1_cesp
-1087929426,packed_mp_veh_mod_idx_15_v32
-1087784528,vem_colour_5_blue_silver_t38_v3
-1087784167,vem_cmod_tyr_2_t30_v28
-1087775785,packed_mp_veh_mod_idx_s_10_v155
-1087664264,m_cl_clo_lxm_w_13_1_t14_v1
-1087515477,f_cl_clo_bhf_u_5_10_t11_v1
-1087381963,packed_mp_veh_mod_idx_1_v324
-1087319670,packed_mp_veh_colour_extra1_0_v282
-1087296879,vem_insurance_sm722
-1087274756,packed_mp_veh_mod_idx_s_2_v69
-1087271055,f_cl_clo_indf_b_3_1_t1_v1
-1087218331,m_cl_clo_l2m_u_4_1_t11_v1
-1087188901,f_cl_clo_half_d_6_t11_v1
-1087186963,vem_insurance_monster
-1087134292,vem_colour_1_mct_classic_umber_brown_t24_v2
-1087078929,packed_mp_veh_mod_idx_s_6_v346
-1086899091,vem_cmod_tyr_lg_t30_v2
-1086884264,packed_mp_veh_mod_idx_s_10_v262
-1086793936,m_cl_clo_apm_u_1_5_t11_v1
-1086783066,packed_mp_veh_secondary_colour_group_v237
-1086771884,wp_wct_clip_hp_t1_v5_n2
-1086744752,packed_mp_veh_mod_idx_s_3_v175
-1086671377,vem_hood_12_t9_v26
-1086669565,m_cl_clo_sbm_l_3_16_t4_v1
-1086642994,packed_lr_vehicle_colour_5_v262
-1086639971,f_cl_clo_h3f_o_dh_13_t8_v12
-1086471649,f_cl_clo_s1f_ph_0_21_t14_v1_cesp
-1086470925,vem_supermod_46_22_t46_v7
-1086279619,vem_supermod_15_10_t56_v27
-1086279134,vem_rwd_hiend_05_t19_v0
-1086203927,packed_mp_veh_mod_idx_16_v409
-1086127451,packed_mp_veh_mod_idx_s_6_v97
-1086115783,vem_colour_extra_1_mct_classic_beechwood_brown_t24_v3
-1086087086,m_cl_clo_h4m_ph_0_17_t14_v1
-1086032109,vem_fender_r_8_t37_v38
-1086022463,vem_cmod_tyr_9_t18_v6
-1085959799,packed_mp_veh_secondary_colour_group_v64
-1085935774,f_cl_clo_smf_decl_16_t100_v0
-1085893569,m_cl_clo_hstm_o_i_1_t3_v12
-1085889934,f_cl_clo_hp_f_u_4_1_t11_v1
-1085779453,m_cl_clo_x6m_l_1_1_t4_v1
-1085765767,packed_mp_veh_mod_idx_s_15_v296
-1085687048,packed_ng_vehicle_neon_kit_v159
-1085631822,packed_mp_veh_mod_idx_s_20_v328
-1085525625,m_cl_clo_grm_u_2_9_t11_v1
-1085481042,packed_mp_veh_mod_idx_s_21_v107
-1085461389,vem_smod_whlv164_t66_v3
-1085314347,fixer_hq_qtr_0_t0_v0
-1085276764,m_cl_clo_h4m_s_2_15_t8_v1
-1085247296,packed_lr_vehicle_colour_6_v112
-1085211980,m_cl_clo_sbm_f_2_1_t6_v1
-1084997822,vem_colour_2_mct_classic_petrol_green_t25_v33
-1084880074,packed_mp_veh_mod_idx_16_v215
-1084832565,vem_cmod_hrn_mus1_t10_v10
-1084806549,f_cl_outfit_clo_h3f_o_jan_3_t12_v0
-1084803985,vem_supermod_5_6_t46_v3
-1084759043,packed_mp_veh_mod_idx_s_15_v334
-1084673943,f_cl_clo_s2f_u_4_1_t11_v1
-1084641386,packed_lr_vehicle_colour_5_v137
-1084551862,f_cl_clo_h3f_l_5_15_t4_v1
-1084499805,f_cl_clo_h3f_ph_8_3_t14_v1
-1084499339,packed_mp_veh_mod_idx_12_v113
-1084399739,f_cl_clo_exf_eu_107_t11_v1
-1084332287,packed_mp_veh_mod_idx_s_20_v159
-1084203948,dec_vw_aw_mt_7a
-1084103467,m_cl_clo_scm_d_12_1_t10_v1
-1084040667,vem_cmod_neoncol_6_t21_v10
-1083996713,packed_mp_veh_mod_idx_s_5_v353
-1083927305,f_cl_g_fmf_9_4_t14_v0
-1083782594,f_cl_clo_bif_ph_1_4_t14_v1
-1083726385,f_cl_outfit_clo_stf_o_2_t12_v0
-1083686833,vem_supermod_17_11_t58_v27
-1083639170,f_ta_tat_bus_f_012_t0_v0
-1083560507,vem_supermod_47_13_t47_v7
-1083557906,m_cl_clo_h2m_u_3_25_t11_v1
-1083473725,m_ha_cc_m_hs_14_t0_v0
-1083439170,vem_cmod_neonlay_0_t21_v7
-1083374475,m_cl_clo_grm_decl_8_t11_v1
-1083281060,f_cl_clo_h4f_b_2_24_t1_v1
-1083239320,packed_mp_veh_mod_idx_s_6_v383
-1083180215,packed_mp_veh_mod_idx_s_10_v228
-1083137214,packed_mp_veh_colour2_0_v210
-1083132711,f_cl_clo_smf_ph_3_20_t14_v1
-1083076097,m_cl_clo_exm_al_2_0_t4_v1
-1083061085,packed_mp_veh_mod_idx_22_v13
-1083027710,packed_mp_veh_window_tint_0_v276
-1082921103,f_cl_t_fmf_2_3_t7_v0
-1082894755,packed_mp_veh_mod_idx_16_v376
-1082852448,vem_insurance_limo2
-1082758214,f_cl_clo_exf_g_19_2_t14_v1
-1082536392,packed_mp_veh_mod_idx_s_11_v29
-1082489463,packed_mp_veh_mod_idx_s_15_v109
-1082462853,m_ha_cc_eyebrw_1_t2_v1
-1082462165,vem_supermod_2_9_t43_v27
-1082447271,m_cl_clo_h4m_o_h1_m3_t3_v12
-1082397814,f_cl_clo_sbf_u_13_14_t11_v1
-1082284270,packed_mp_veh_mod_idx_s_2_v267
-1082231745,packed_mp_veh_mod_idx_23_v251
-1082221745,m_cl_clo_halm_6_0_t1_v1
-1082206497,m_cl_clo_trm_ph_1_7_t14_v1
-1082181847,vem_rwd_spt_16_t19_v3
-1082117044,m_cl_outfit_clo_scm_o_6_t12_v0
-1082096292,vem_cmod_win_0_t33_v38
-1082071188,dec_vw_aw_ss_3d
-1082007813,m_cl_clo_x6m_rw_2_5_t14_v1
-1081988720,vem_supermod_8_0_t49_v37
-1081964023,packed_mp_veh_wheel_type_0_v315
-1081927734,vem_insurance_ruiner
-1081920117,vem_supermod_4_6_t45_v28
-1081919662,packed_mp_veh_mod_idx_s_21_v13
-1081832197,packed_mp_veh_mod_idx_15_v242
-1081742957,f_cl_clo_vwf_pw_5_2_t14_v1
-1081733600,packed_mp_veh_colour2_0_v362
-1081666890,f_cl_clo_sbf_u_22_20_t11_v1
-1081629992,vem_supermod_12_6_t53_v3
-1081568248,vem_smod5_whlv157_t66_v3
-1081420254,f_ta_tat_bus_f_013_t0_v0
-1081409612,vem_drft_08_t19_v1
-1081353340,f_cl_clo_bhf_decl_34_t11_v1
-1081273543,packed_mp_veh_mod_var_1_v399
-1081167443,packed_mp_veh_colour2_0_v137
-1081151411,m_cl_outfit_clo_h3m_o_bs_5_t12_v0
-1080845903,m_cl_clo_bus_p_0_0_t14_v1
-1080755100,packed_mp_veh_mod_idx_9_v203
-1080739048,f_cl_clo_smf_b_7_7_t1_v1
-1080613742,m_cl_clo_grm_l_2_11_t4_v1
-1080567902,packed_mp_veh_mod_idx_s_4_v365
-1080500385,packed_mp_veh_mod_idx_s_12_v147
-1080443612,m_cl_clo_vwm_f_2_4_t6_v1
-1080336368,m_ha_cc_mkup_27_t5_v0
-1080233703,m_cl_clo_x6m_f_4_25_t6_v1
-1080225164,m_cl_clo_h3m_b_9_14_t1_v1
-1080166534,f_cl_clo_half_d_6_t100_v0
-1079987494,f_cl_clo_bbf_t_1_0_t7_v1
-1079831789,f_cl_clo_h4f_b_1_6_t1_v1
-1079815610,m_cl_outfit_clo_h2m_o_g_1_t12_v0
-1079788822,packed_mp_veh_mod_idx_s_5_v100
-1079703147,packed_mp_veh_mod_idx_14_v193
-1079586233,m_cl_clo_vwm_pey_011_t14_v1
-1079568209,f_cl_clo_bhf_f_1_21_t6_v1
-1079539306,f_cl_clo_h4f_ph_1_7_t14_v1
-1079464229,vem_cmod_hrn_mus1_t10_v5
-1079405503,wp_wct_tint_29_t2_v48_n2
-1079329530,f_cl_clo_bbf_p4_4_t14_v1
-1079282784,f_cl_clo_awf_decl_83_t100_v0
-1079144849,vem_cmod_tyr_11_t18_v38
-1079125398,pr_pm_font_1_t0_v0
-1079123440,m_cl_clo_fxm_ph_0_20_t14_v1
-1079093253,packed_mp_veh_mod_idx_s_14_v229
-1078982483,m_cl_clo_x6m_f_4_8_t6_v1
-1078944700,m_cl_clo_vwm_ph_0_21_t14_v1
-1078843595,vem_turbo_0_t17_v26
-1078543307,m_cl_clo_fxm_ph_4_4_t14_v1
-1078530864,m_cl_clo_bim_decl_39_t100_v0
-1078525743,vem_supermod_22_3_t63_v38
-1078382783,packed_mp_veh_mod_idx_s_17_v258
-1078321362,packed_mp_veh_colour1_0_v263
-1078263039,f_cl_clo_h2f_o_c_2_t3_v12
-1078242401,f_cl_clo_x6f_f_5_24_t6_v1
-1078147141,packed_mp_veh_mod_idx_18_v152
-1078091894,f_cl_clo_grf_u_24_9_t11_v1
-1078071288,f_cl_clo_smf_b_4_16_t1_v1
-1078059021,f_cl_f_fmf_1_3_t6_v0
-1078038591,packed_mp_veh_wheel_type_0_v399
-1077942165,packed_mp_veh_mod_idx_6_v82
-1077929992,f_cl_clo_busf_u_2_3_t8_v1
-1077803292,m_cl_clo_bhm_u_7_10_t11_v1
-1077753782,packed_mp_veh_plate_id_v123
-1077752768,packed_mp_veh_mod_idx_7_v294
-1077629453,vem_hiend_16_t19_v12
-1077574132,packed_mp_veh_mod_idx_s_7_v186
-1077535402,m_ta_tat_gr_030_t0_v0
-1077395652,packed_mp_veh_wheel_type_0_v193
-1077346537,vem_suv_18_t19_v2
-1077338771,vem_colour_extra_1_mct_classic_dark_silver_t24_v4
-1077305591,f_cl_clo_ltsfh_0_4_t14_v1
-1077250044,f_cl_tat_vw_023_t100_v0
-1077233296,m_cl_clo_grm_u_9_10_t11_v1
-1077156170,service_earn_daily_objectives
-1077131348,packed_mp_veh_mod_idx_s_16_v107
-1077040962,packed_mp_veh_mod_idx_12_v178
-1076905120,packed_mp_veh_mod_idx_15_v329
-1076565313,f_cl_clo_stf_o_3_t11_v12
-1076554548,vem_colour_extra_1_mct_pearlescent_nautical_blue_t24_v4
-1076533722,packed_mp_veh_mod_idx_8_v396
-1076361335,packed_mp_veh_mod_idx_s_7_v199
-1076270556,packed_mp_veh_mod_idx_2_v278
-1076186064,f_cl_clo_grf_u_10_11_t11_v1
-1075997922,packed_mp_veh_mod_idx_s_8_v413
-1075936866,vem_cmod_pla_text_new_t23_v1
-1075927964,packed_mp_veh_mod_idx_14_v184
-1075860368,vem_offr_12_t19_v2
-1075803175,f_cl_clo_trf_u_9_8_t11_v1
-1075796669,vem_smod2_whlv184_t66_v3
-1075705284,vem_colour_6_bright_green_t65_v3
-1075691394,ve_maverick_t1_v0
-1075690993,packed_mp_veh_mod_idx_18_v234
-1075618315,vem_cmod_win_2_t33_v0
-1075566010,m_cl_clo_sum_decl_18_t11_v1
-1075555983,vem_chassis_5_t4_v38
-1075539639,packed_lr_vehicle_colour_5_v289
-1075524738,f_cl_clo_apf_l_10_1_t4_v1
-1075498248,fcclub_dnc_2_t0_v0
-1075462799,f_cl_outfit_clo_hstf_o_e_3_t12_v0
-1075447008,vem_horn_cnote_d0_t10_v31
-1075393992,vem_supermod_14_1_t55_v10
-1075370237,m_cl_clo_h4m_ph_0_9_t14_v1
-1075340075,m_cl_clo_vwm_u_8_21_t11_v1
-1075156260,f_cl_outfit_clo_arf_o_17_t12_v0
-1075110999,vem_supermod_8_10_t49_v6
-1075096199,packed_mp_veh_mod_idx_7_v217
-1075088018,wp_wct_grip_t1_v56
-1075072700,f_ta_tat_sb_024_t0_v0
-1075047496,vem_supermod_21_6_t62_v3
-1075038908,packed_mp_veh_mod_idx_1_v135
-1075008905,vem_smod4_whlv112_t66_v0
-1074936005,packed_mp_veh_mod_idx_s_8_v330
-1074871914,packed_mp_veh_mod_idx_15_v358
-1074790873,packed_mp_veh_mod_idx_10_v4
-1074729179,packed_lr_vehicle_colour_6_v131
-1074728050,m_cl_clo_fxm_pe_3_9_t14_v1
-1074699080,packed_mp_veh_mod_idx_s_12_v189
-1074686835,packed_mp_veh_primary_colour_group_v380
-1074679860,f_cl_clo_h4f_s_2_7_t8_v1
-1074613337,packed_mp_veh_mod_idx_11_v365
-1074609629,vem_supermod_1_0_t42_v39
-1074523811,vem_smod4_whlv70_t66_v2
-1074451210,packed_mp_veh_mod_idx_s_0_v338
-1074361136,f_cl_m_fmf_4_3_t1_v0
-1074301153,packed_mp_veh_mod_idx_s_20_v239
-1074294489,f_cl_clo_h4f_ph_1_0_t14_v1
-1074250112,f_cl_clo_trf_u_9_0_t11_v1
-1074172663,f_cl_clo_scf_l_13_23_t4_v1
-1074131648,vem_insurance_dune3
-1073900487,vem_supermod_16_9_t57_v3
-1073877261,packed_mp_veh_mod_idx_s_10_v65
-1073871867,ve_blimp3_n1_t1_v3
-1073865425,f_ta_tat_bi_041_t0_v0
-1073857475,vem_hiend_01_t19_v0
-1073735955,vem_cmod_hrn_0_t10_v11
-1073729366,m_cl_clo_iem_b_6_3_t1_v1
-1073611052,m_cl_clo_grm_b_0_24_t1_v1
-1073431100,vem_horn_hips1_t10_v27
-1073423832,m_ta_tat_bi_042_t0_v0
-1073357444,packed_mp_veh_mod_idx_24_v285
-1073137276,vem_cmod_tyr_2_t30_v39
-1073066882,m_cl_clo_bhm_decl_0_t100_v0
-1073043987,f_cl_clo_vwf_pey_0_2_t14_v1
-1073037203,f_cl_clo_hp_f_u_2_6_t11_v1
-1072972027,packed_mp_veh_mod_idx_6_v183
-1072913132,f_cl_clo_hstf_o_h_0_t8_v12
-1072852334,packed_mp_veh_mod_idx_15_v77
-1072824745,f_cl_clo_grf_b_2_6_t1_v1
-1072766294,packed_mp_veh_mod_idx_24_v232
-1072409638,m_ta_tat_gr_003_t0_v0
-1072400763,pr_pm_font_11_t0_v0
-1072124791,packed_mp_veh_plate_id_v110
-1072066824,packed_ng_vehicle_smoke_v367
-1072025512,packed_mp_veh_mod_idx_s_19_v406
-1072015038,m_cl_clo_grm_u_8_17_t11_v1
-1072011199,f_cl_ht_fmf_15_6_t14_v0
-1072009190,m_cl_clo_smm_u_6_0_t100_v0
-1071974451,vem_cmod_pla_3_t23_v1
-1071932054,f_cl_clo_trf_ph_1_6_t14_v1
-1071924524,vem_supermod_18_0_t59_v6
-1071816999,vem_smod5_whlv110_t66_v3
-1071754766,m_cl_u_fmm_12_3_t11_v0
-1071751734,m_cl_clo_arm_o_10_t3_v12
-1071750122,f_cl_clo_h4f_b_0_20_t1_v1
-1071718078,vem_colour_extra_1_mct_pearlescent_purple_t24_v4
-1071621346,f_cl_clo_stf_u_9_5_t11_v1
-1071615968,packed_lr_vehicle_colour_6_v137
-1071568101,m_ta_tat_fx_012_t0_v0
-1071497147,vem_skirt_11_t13_v38
-1071486809,packed_mp_veh_mod_idx_2_v73
-1071473230,f_cl_clo_bhf_b_0_3_t1_v1
-1071462520,m_cl_clo_iem_u_5_5_t11_v1
-1071196766,mba_floor0_1_t0_v0
-1071098673,f_cl_clo_h3f_u_4_6_t11_v1
-1070935197,vem_supermod_3_3_t44_v27
-1070835734,packed_mp_veh_livery2_0_v71
-1070787332,vem_supermod_3_41_t44_v11
-1070700723,f_ta_tat_s1_013_t0_v0
-1070699960,m_cl_clo_x2m_ht_2_2_t14_v0
-1070695560,f_cl_clo_h2f_b_4_2_t1_v1
-1070673590,mp_stat_nightclub_djchoice_v0
-1070570502,vem_trans_1_t16_v27
-1070444435,f_cl_clo_smf_u_0_9_t11_v1
-1070401523,vem_supermod_8_16_t49_v6
-1070400274,f_cl_clo_fxf_u_7_9_t11_v1
-1070367388,packed_mp_veh_mod_idx_8_v297
-1070319669,packed_mp_veh_mod_idx_s_22_v217
-1070194367,packed_mp_veh_mod_idx_s_11_v220
-1070191351,packed_mp_veh_mod_idx_s_19_v218
-1070128153,ve_retinue2_t0_v3
-1070000243,packed_mp_veh_mod_idx_s_22_v88
-1069936507,ve_cognosc_t0_v3
-1069907781,packed_mp_veh_mod_idx_23_v270
-1069774847,packed_mp_veh_mod_idx_s_15_v285
-1069700125,m_cl_clo_sbm_l_3_20_t4_v1
-1069671091,f_cl_clo_vwf_l_2_12_t4_v1
-1069611760,packed_mp_veh_mod_idx_16_v225
-1069609372,wp_wm_tint4_t2_v26
-1069391352,packed_mp_veh_mod_idx_9_v7
-1069310115,packed_mp_veh_mod_idx_14_v249
-1069245554,packed_mp_veh_mod_idx_s_3_v119
-1068871457,vem_exhaust_0_t6_v35
-1068840755,f_cl_clo_grf_decl_30_t11_v1
-1068755902,f_cl_clo_bif_u_13_1_t11_v1
-1068710156,packed_ng_vehicle_insurance_v149
-1068657786,packed_mp_veh_mod_idx_7_v15
-1068654350,packed_mp_veh_mod_idx_s_23_v146
-1068517189,vem_engine_0_t5_v4
-1068514539,vem_supermod_15_9_t56_v26
-1068480055,m_cl_clo_iem_b_5_3_t1_v1
-1068443591,m_ta_tat_bi_018_t0_v0_cesp
-1068376162,packed_mp_veh_mod_idx_12_v219
-1068374102,packed_mp_veh_mod_idx_3_v32
-1068335501,m_ta_tat_bi_040_t0_v0_cesp
-1068330945,vem_engine_0_t5_v32
-1068317832,m_cl_clo_smm_ph_3_3_t14_v1
-1068283282,f_cl_clo_x6f_f_3_9_t6_v1
-1068202985,m_ha_hair_beard13_t1_v1
-1068202264,vem_supermod_49_14_t49_v7
-1068195844,m_cl_outfit_clo_awm_o_j_0_t12_v0
-1068178524,m_cl_clo_grm_u_4_16_t11_v1
-1068143542,vem_smod_whlv62_t66_v0
-1068143307,f_cl_clo_indf_d_2_t100_v0
-1068137389,f_cl_clo_awf_o_c_1_t8_v12
-1068104687,vem_insurance_f620
-1068088198,f_cl_clo_grf_u_13_15_t11_v1
-1068082113,packed_lr_vehicle_colour_6_v31
-1068038304,vem_colour_2_mct_metallic_frost_white_t25_v4
-1067922243,m_ha_face_e_c_23_t4_v0
-1067910691,packed_mp_veh_mod_idx_15_v84
-1067838856,vem_offr_16_t19_v1
-1067669054,vem_yacht_flag_27_v0
-1067545081,vem_roof_0_t12_v6
-1067514236,packed_mp_veh_colour_extra2_0_v83
-1067504019,packed_ng_vehicle_bpt_v281
-1067378786,vem_colour_5_cast_iron_sil_t38_v3
-1067368475,vem_supermod_23_3_t64_v7
-1067359400,m_cl_f_fmm_15_5_t6_v0
-1067251935,f_cl_clo_vwf_ph_1_20_t14_v1
-1067146913,vem_insurance_duster
-1067127914,packed_mp_veh_secondary_colour_group_v354
-1067099099,packed_mp_veh_mod_idx_s_11_v158
-1067063041,vem_cmod_col5_14_t29_v3
-1066939283,packed_mp_veh_window_tint_0_v239
-1066893386,packed_mp_veh_mod_idx_s_7_v111
-1066880722,mp_stat_prop_nightclub_name_id_v0
-1066794567,vem_supermod_15_15_t56_v38
-1066702714,wp_wm_tint6_t2_v11
-1066642720,vem_supermod_11_10_t52_v26
-1066639482,wp_wm_tint3_t2_v1
-1066515194,vem_supermod_16_0_t57_v34
-1066457092,wp_wct_tint_21_t2_v21_n2
-1066421037,packed_mp_veh_mod_idx_1_v192
-1066381846,vem_cmod_hrn_mus1_t10_v30
-1066294579,packed_mp_veh_plate_id_v52
-1066255196,vem_brake_0_t2_v30
-1066186487,packed_mp_veh_mod_idx_s_17_v228
-1066073610,f_cl_clo_stf_h_9_2_t14_v1
-1066035581,f_cl_clo_scf_f_0_3_t6_v1
-1066020138,vem_supermod_23_6_t64_v33
-1066005969,f_ta_tat_fm_226_t0_v0
-1065969473,packed_mp_veh_primary_colour_group_v54
-1065908437,vem_bumper_f_4_t34_v1
-1065893858,m_ta_tat_fm_224_t0_v0
-1065858696,m_cl_clo_iem_u_4_25_t11_v1
-1065852683,vem_grill_0_t8_v0
-1065780863,packed_mp_veh_colour1_0_v171
-1065742864,vem_colour_2_mct_metallic_white_t25_v2
-1065695372,m_cl_clo_bbm_l_0_2_t4_v1
-1065342668,packed_mp_veh_mod_idx_s_11_v377
-1065285444,pr_none_t0_v0
-1065240778,packed_mp_veh_mod_idx_s_14_v159
-1065231501,packed_mp_veh_mod_idx_s_23_v97
-1065204266,packed_mp_veh_mod_idx_3_v378
-1065099886,packed_mp_veh_mod_idx_12_v279
-1065086837,packed_mp_veh_mod_idx_s_6_v31
-1064900097,packed_mp_veh_mod_idx_10_v260
-1064890449,f_cl_clo_smf_ph_3_15_t14_v1
-1064813235,m_cl_clo_smm_b_9_20_t1_v1
-1064621337,vem_horn_lowrder2_t10_v10
-1064617846,vem_horn_luxe1_t10_v27
-1064509490,packed_mp_veh_secondary_colour_group_v297
-1064496155,vem_rwd_drft_19_t19_v2
-1064469981,packed_ng_vehicle_insurance_v371
-1064407791,packed_mp_veh_mod_idx_s_15_v6
-1064382998,vem_suv_06_t19_v0
-1064286789,f_cl_clo_h2f_f_5_3_t6_v1
-1064171994,f_cl_outfit_clo_arf_o_8_t12_v0
-1064150715,service_earn_arena_career_tier_progression_1
-1064124584,f_cl_clo_grf_l_2_18_t4_v1
-1064095323,ve_tempesta_t1_v3
-1064016497,f_cl_clo_x17f_o_m_2_t3_v12
-1064004212,m_cl_clo_vem_dec_39_t11_v1
-1063977134,packed_mp_veh_mod_idx_s_15_v201
-1063965554,vem_bumper_r_27_t35_v3
-1063925567,packed_mp_veh_mod_idx_s_14_v325
-1063870570,vem_hlight_1_t11_v27
-1063845896,m_cl_clo_bim_decl_66_t10_v1
-1063820622,wp_wm_tint2_t2_v67
-1063663637,vem_colour_1_mct_matte_matte_od_t24_v1
-1063644798,m_cl_clo_h4m_decl_18_t100_v0
-1063616278,f_cl_clo_hstf_u_6_0_t11_v1
-1063554847,f_cl_clo_h2f_f_5_6_t6_v1
-1063545433,f_cl_clo_grf_b_1_2_t1_v1
-1063536022,m_cl_clo_x6m_l_6_3_t4_v1
-1063382029,packed_mp_veh_mod_idx_s_6_v259
-1063381995,m_cl_clo_bhm_decl_20_t11_v1
-1063283081,vem_insurance_zombieb
-1063279429,packed_mp_veh_mod_idx_1_v235
-1063232646,vem_colour_2_mct_classic_bright_orange_t25_v4
-1063177977,packed_mp_veh_mod_idx_s_19_v265
-1063172041,packed_mp_veh_plate_id_v187
-1063057254,vem_supermod_55_14_t55_v7
-1062929635,f_cl_clo_h3f_o_jan_1_t11_v12
-1062864707,f_cl_clo_x3f_b_1_2_t1_v1
-1062782656,f_cl_clo_bbf_004_t4_v1
-1062644311,vem_supermod_14_1_t55_v26
-1062642018,vem_insurance_nemesis
-1062624079,f_cl_clo_ief_u_5_0_t11_v1
-1062494376,m_cl_clo_exm_eu_10_6_t11_v1
-1062469994,packed_mp_veh_mod_idx_9_v201
-1062340560,f_cl_clo_sbf_u_13_20_t11_v1
-1062319817,m_cl_clo_hp_u_5_1_t11_v1
-1062305684,vem_colour_extra_1_mct_metallic_cast_iron_sil_t24_v2
-1062284004,packed_mp_veh_mod_idx_s_21_v283
-1062093549,f_cl_clo_x6f_ey_0_4_t14_v1
-1062022310,m_cl_outfit_clo_bus_m_o_1_t12_v0
-1062004138,m_cl_clo_s1m_l_0_7_t4_v1
-1061948553,m_cl_clo_scm_ey_1_5_t14_v1
-1061915812,m_cl_clo_fxm_l_3_25_t4_v1
-1061792779,vem_smod_whlv149_t66_v0
-1061759798,m_cl_clo_stm_h_108_t14_v1
-1061697341,vem_supermod_3_8_t44_v11
-1061691719,vem_colour_2_mct_metallic_orange_t25_v0
-1061605186,f_cl_clo_stf_o_18_t3_v12
-1061507205,autoshop_wal_8_t0_v0
-1061466693,mp_stat_mpsv_model_321
-1061461936,packed_mp_veh_mod_idx_8_v40
-1061392109,packed_mp_veh_mod_idx_9_v48
-1061243000,f_ha_cc_f_hs_18_t0_v1
-1061204064,m_cl_clo_busm_s_1_4_t8_v2
-1061201223,f_cl_clo_x6f_ph_11_2_t14_v1
-1061128977,m_cl_clo_x17m_u_4_4_t11_v1
-1061011838,vem_smod2_whlv44_t66_v3
-1060965083,packed_mp_veh_mod_idx_7_v55
-1060907767,m_cl_clo_bhm_u_0_1_t11_v1
-1060836353,vem_horn_cnote_e0_t10_v26
-1060788072,f_cl_clo_grf_ph_5_21_t14_v1
-1060757466,packed_mp_veh_mod_idx_s_14_v393
-1060718335,vem_colour_extra_1_mct_classic_sunrise_orange_t24_v4
-1060670575,packed_mp_veh_mod_idx_23_v246
-1060639823,m_cl_g_fmm_13_6_t14_v0
-1060606984,f_cl_clo_hp_f_u_5_2_t8_v1
-1060567217,packed_mp_veh_mod_idx_s_7_v134
-1060565854,m_cl_clo_bhm_u_7_13_t11_v1
-1060544349,ve_dubsta_t0_v2
-1060541895,packed_mp_veh_window_tint_0_v183
-1060491050,packed_mp_veh_colour1_0_v287
-1060481784,f_cl_clo_grf_b_3_6_t1_v1
-1060333877,packed_mp_veh_mod_idx_s_2_v394
-1060295826,f_cl_clo_bhf_u_5_0_t11_v1
-1060268406,vem_supermod_17_0_t58_v34
-1060259767,f_cl_clo_hst_f_a_5_t100_v0
-1060217464,vem_horn_hips1_t10_v39
-1060215606,packed_mp_veh_mod_idx_4_v125
-1060063431,packed_ng_vehicle_smoke_v235
-1060052541,f_cl_he_fmf_16_3_t14_v0
-1060050949,packed_mp_veh_mod_idx_s_3_v68
-1059990673,f_cl_f_fmf_15_11_t6_v0
-1059985920,vem_smod4_whlv22_t66_v2
-1059973033,packed_mp_veh_mod_idx_s_1_v47
-1059935618,m_ta_tat_sb_001_t0_v0
-1059934116,packed_mp_veh_mod_idx_s_17_v243
-1059864917,wp_wct_c_tint_10_t2_v21_n2
-1059824477,packed_mp_veh_mod_idx_s_13_v319
-1059802096,f_cl_clo_hp_f_d_36_t11_v1
-1059694448,wp_pm_tint6_t3_v33
-1059679046,m_cl_clo_x6m_u_1_21_t11_v1
-1059512087,vem_skirt_1_t13_v27
-1059491047,f_cl_clo_trf_u_14_4_t11_v1
-1059486998,packed_mp_veh_mod_idx_s_18_v44
-1059385239,m_cl_clo_x6m_f_5_2_t6_v1
-1059378405,packed_mp_veh_mod_var_0_v375
-1059347900,f_cl_clo_x6f_u_26_2_t11_v1
-1059157026,f_cl_clo_bhf_u_7_9_t11_v1
-1059001007,packed_mp_veh_mod_idx_s_23_v385
-1058941255,vem_rwd_hiend_20_t19_v2
-1058840203,vem_supermod_21_5_t62_v3
-1058786760,m_cl_clo_bus_m_o_0_t3_v12
-1058778061,vem_supermod_20_1_n1_t58_v3
-1058763881,packed_mp_veh_mod_idx_15_v205
-1058684453,packed_mp_veh_colour_extra2_0_v158
-1058646149,m_cl_g_fmm_5_2_t14_v0_cesp
-1058539792,packed_lr_vehicle_colour_5_v55
-1058502925,packed_lr_vehicle_colour_5_v413
-1058480393,m_cl_clo_hstmb_16_7_t1_v1
-1058466947,vem_chassis_1_t4_v27
-1058220388,packed_mp_veh_mod_idx_s_21_v275
-1058211362,packed_mp_veh_mod_idx_11_v113
-1058122116,m_cl_clo_grm_u_4_14_t11_v1
-1057999949,packed_mp_veh_mod_idx_s_21_v346
-1057955150,f_cl_clo_suf_u_7_18_t11_v1
-1057924961,f_cl_clo_bif_o_0_t4_v12
-1057921542,f_ta_tat_sb_034_t0_v0
-1057904824,f_cl_clo_grf_u_6_4_t11_v1
-1057889731,packed_mp_veh_livery_0_v225
-1057874546,packed_mp_veh_mod_idx_s_0_v166
-1057871527,wp_wct_tint_14_t2_v48_n2
-1057719913,vem_cmod_tyr_255_t18_v4
-1057695264,vem_colour_2_mct_metallic_sea_green_t25_v4
-1057441792,m_cl_clo_bhm_u_5_18_t11_v1
-1057383501,f_cl_outfit_o_fmf_s8_t12_v0
-1057345959,m_cl_clo_h4m_b_3_2_t1_v1
-1057185511,vem_yacht_flag_48_v0
-1057039916,vem_smod3_whlv132_t66_v3
-1056940701,packed_lr_vehicle_colour_6_v374
-1056924098,f_cl_clo_awf_decl_75_t100_v0
-1056901207,f_ta_tat_x2_021_t0_v0
-1056863786,m_cl_clo_hp_f_0_3_t6_v1
-1056840534,packed_mp_veh_mod_idx_s_23_v158
-1056742159,packed_mp_veh_mod_idx_s_12_v318
-1056708263,m_cl_clo_s1m_dec_19_t100_v0
-1056675816,packed_mp_veh_wheel_type_0_v83
-1056666495,vem_suspension_2_t15_v31
-1056593948,packed_mp_veh_mod_idx_s_3_v8
-1056443280,vem_armour_4_t1_v1
-1056423838,packed_mp_veh_mod_idx_s_18_v403
-1056358795,f_cl_clo_h3f_o_pr_3_t3_v12
-1056352691,packed_mp_veh_mod_idx_22_v280
-1056291662,packed_mp_veh_livery2_0_v223
-1056257937,packed_mp_veh_mod_idx_s_14_v48
-1056247906,mp_stat_mpsv_model_296
-1056066783,packed_mp_veh_mod_idx_9_v176
-1056060904,packed_mp_veh_mod_idx_11_v194
-1055987148,m_cl_outfit_clo_lxm_o_7_t12_v0
-1055956111,packed_mp_veh_mod_idx_12_v239
-1055852265,vem_horn_hips2_t10_v26
-1055846547,f_cl_clo_grf_u_19_15_t11_v1
-1055822507,packed_mp_veh_mod_idx_0_v215
-1055793292,m_cl_clo_sum_u_14_10_t11_v1
-1055708983,m_cl_clo_vwm_u_4_0_t11_v1
-1055627007,f_cl_outfit_clo_exf_ob_7_t12_v0
-1055605617,f_cl_clo_exf_g_0_8_t14_v0
-1055486417,f_cl_clo_trf_u_18_10_t11_v1
-1055313642,packed_mp_veh_colour2_0_v154
-1055296378,packed_mp_veh_mod_idx_8_v376
-1055132520,packed_mp_veh_primary_colour_group_v181
-1055101364,packed_mp_veh_colour2_0_v323
-1055070396,packed_mp_veh_mod_idx_s_12_v376
-1055036314,m_cl_clo_hstm_t_1_1_t7_v1
-1055030708,packed_mp_veh_mod_idx_s_13_v70
-1055019681,wp_wct_clip1_t1_v93
-1054959275,packed_mp_veh_mod_idx_15_v130
-1054777278,wp_wct_clip1_t1_v70_n2
-1054651323,wp_wm_tint6_t2_v98
-1054625091,packed_mp_veh_mod_var_1_v154
-1054566111,f_cl_clo_grf_b_4_19_t1_v1
-1054560526,m_cl_clo_s2m_u_5_9_t11_v1
-1054370864,m_cl_clo_fxm_ph_3_0_t14_v1
-1054319870,wp_wct_c_tint_20_t2_v9_n2
-1054308104,f_cl_clo_bus_m_0_12_t1_v1
-1054202313,packed_mp_veh_mod_idx_s_9_v128
-1054138981,f_cl_clo_fxf_pe_4_2_t14_v1
-1054065026,m_cl_clo_x6m_ph_2_8_t14_v1
-1054000281,m_cl_clo_bhm_u_0_11_t11_v1
-1053952959,packed_mp_veh_mod_idx_24_v380
-1053904454,vem_suspension_3_t15_v29
-1053875817,vem_supermod_17_9_t58_v27
-1053864251,packed_mp_veh_mod_idx_22_v203
-1053844896,f_cl_clo_arf_b_0_9_t1_v1
-1053793171,f_cl_clo_s2f_d_8_t100_v0
-1053772059,packed_mp_veh_livery2_0_v346
-1053737609,vem_supermod_16_10_t57_v28
-1053729616,f_cl_g_fmf_11_6_t14_v0
-1053577132,vem_supermod_0_9_t41_v3
-1053256900,packed_mp_veh_mod_idx_s_9_v176
-1053119599,m_ta_tat_l2_012_t0_v0
-1052958407,wp_wct_clip2_t1_v11
-1052800950,m_cl_clo_stm_ht11_1_t14_v1
-1052775340,packed_mp_veh_secondary_colour_group_v349
-1052753607,m_cl_clo_exm_g_20_10_t14_v1
-1052614333,packed_lr_vehicle_colour_6_v81
-1052460540,m_cl_clo_busm_f_1_5_t6_v1
-1052409066,packed_mp_veh_mod_idx_24_v175
-1052296767,m_cl_clo_trm_u_5_6_t11_v1
-1052198049,m_cl_clo_fxm_u_6_15_t11_v1
-1052136740,vem_supermod_13_14_t54_v27
-1052128500,f_cl_clo_half_d_0_t100_v0
-1052061594,m_cl_clo_sum_u_16_3_t11_v1
-1052046710,packed_mp_veh_mod_idx_s_15_v118
-1051997350,packed_lr_vehicle_colour_6_v409
-1051996867,m_cl_clo_x6m_u_3_10_t11_v1
-1051982398,packed_mp_veh_colour1_0_v118
-1051981740,vem_supermod_51_10_t51_v7
-1051959413,f_cl_clo_vwf_u_8_17_t11_v1
-1051938580,m_cl_clo_hp_d_2_t100_v0
-1051831902,packed_mp_veh_livery_0_v138
-1051830672,vem_insurance_molotok
-1051817721,vem_colour_mct_none_96
-1051799739,packed_mp_veh_mod_idx_s_7_v372
-1051657951,packed_mp_veh_mod_idx_s_1_v127
-1051579640,packed_mp_veh_plate_id_v157
-1051510153,packed_mp_veh_mod_idx_0_v341
-1051507605,m_cl_clo_bim_decl_16_t100_v0
-1051458146,m_cl_clo_vwm_s_2_1_t8_v1
-1051421356,m_cl_clo_h3m_b_9_7_t1_v1
-1051418122,vem_trans_1_t16_v1
-1051359111,packed_mp_veh_window_tint_0_v148
-1051261234,packed_mp_veh_mod_idx_s_12_v40
-1051230919,vem_hiend_02_t19_v1
-1051222084,vem_colour_1_mct_classic_blue_t24_v0
-1051203658,packed_mp_veh_mod_idx_s_12_v378
-1051186125,m_cl_clo_vwm_u_18_10_t11_v1
-1051174907,vem_smod4_whlv31_t66_v3
-1051142988,packed_mp_veh_mod_idx_s_23_v181
-1050993113,vem_rwd_spt_24_t19_v12
-1050894944,packed_mp_veh_mod_idx_s_22_v79
-1050880776,packed_ng_vehicle_insurance_v186
-1050827339,vem_exhaust_8_t6_v26
-1050789717,f_cl_clo_scf_ey_0_9_t14_v1
-1050578359,m_cl_clo_bim_f_0_3_t6_v1
-1050531579,m_cl_clo_x6m_u_10_2_t11_v1
-1050510393,vem_supermod_20_9_t61_v27
-1050488335,mp_stat_mpsv_model_116
-1050450794,m_cl_clo_fxm_b_2_3_t1_v1
-1050390948,vem_cmod_hrn_clo_t10_v36
-1050258164,f_cl_clo_h3f_ph_3_2_t14_v1
-1050214774,ve_stalion2_t0_v0
-1050088868,vem_supermod_14_3_t55_v27
-1050080883,packed_mp_veh_mod_idx_s_16_v265
-1049991963,vem_smod2_whlv89_t66_v3
-1049926765,packed_mp_veh_mod_idx_s_22_v150
-1049894426,packed_ng_vehicle_neon_v102
-1049834806,packed_mp_veh_mod_idx_11_v192
-1049779670,packed_mp_veh_mod_idx_s_5_v121
-1049724362,packed_mp_veh_mod_idx_s_22_v180
-1049652233,packed_mp_veh_window_tint_0_v54
-1049620605,mp_stat_mpsv_model_77
-1049556162,f_cl_clo_sbf_b_10_12_t1_v1
-1049463117,packed_mp_veh_mod_idx_s_12_v119
-1049438370,f_cl_clo_exf_et_0_0_t7_v1
-1049372149,m_cl_clo_indm_ht_0_0_t14_v1
-1049277248,packed_mp_veh_mod_idx_12_v352
-1049269585,packed_mp_veh_mod_idx_s_21_v168
-1049239833,packed_mp_veh_mod_idx_s_12_v300
-1049196717,packed_mp_veh_mod_idx_5_v296
-1049138039,packed_mp_veh_mod_idx_2_v65
-1049087149,packed_mp_veh_mod_idx_s_14_v167
-1049060698,wp_wm_tint7_t2_v22
-1049028186,m_cl_clo_s1m_o_4_t3_v12
-1049026073,f_cl_clo_s1f_t_0_0_t7_v1
-1049024089,m_cl_clo_exm_decl_13_t100_v0
-1048926335,packed_mp_veh_colour2_0_v143
-1048882559,vem_cmod_pla_2_t23_v28
-1048829307,f_cl_clo_exf_eu_15_7_t11_v1
-1048663141,packed_mp_veh_mod_var_1_v189
-1048602544,m_cl_clo_h3m_b_18_0_t1_v1
-1048597903,packed_mp_veh_secondary_colour_group_v151
-1048595871,vem_horn_xm15_1_t10_v11
-1048577240,packed_mp_veh_mod_idx_s_20_v241
-1048492142,vem_colour_1_mct_classic_purple_t24_v4
-1048485103,m_cl_clo_bus_p_0_5_t14_v1
-1048372457,vem_supermod_49_15_t49_v7
-1048362991,packed_mp_veh_mod_idx_s_22_v224
-1048343478,m_ta_tat_sb_026_t0_v0
-1048321292,f_cl_clo_smf_decl_4_t100_v0
-1048313507,packed_mp_veh_colour1_0_v75
-1048241660,vem_hood_15_t9_v38
-1048236377,vem_colour_1_mct_classic_bronze_t24_v3
-1048231616,f_cl_clo_fxf_u_7_22_t11_v1
-1048217774,packed_mp_veh_mod_idx_4_v330
-1048211051,vem_engine_0_t5_v29
-1048167938,packed_mp_veh_mod_idx_6_v117
-1048121698,packed_mp_veh_primary_colour_group_v169
-1048094041,packed_mp_veh_colour_extra1_0_v242
-1047982407,packed_mp_veh_colour_extra1_0_v341
-1047965867,vem_hood_11_t9_v3
-1047958330,vem_colour_2_mct_metallic_bright_green_t25_v4
-1047948409,packed_mp_veh_colour2_0_v377
-1047810395,packed_ng_vehicle_neon_v28
-1047789245,packed_mp_veh_wheel_type_0_v210
-1047786841,packed_mp_veh_mod_idx_s_18_v34
-1047710798,f_cl_l_fmf_0_11_t4_v0
-1047686282,packed_mp_veh_mod_idx_3_v231
-1047518203,m_cl_o_fmm_b2_t3_v12
-1047502572,m_cl_clo_grm_f_3_2_t6_v1
-1047416862,f_cl_clo_hstf_u_0_3_t11_v1
-1047325467,f_cl_clo_awf_b_8_1_t1_v1
-1047320968,m_cl_clo_h3m_u_9_14_t11_v1
-1047199142,vem_rwd_loride_01_t19_v0
-1047185594,packed_mp_veh_wheel_type_0_v137
-1047145323,f_ha_cc_f_hs_12_t0_v0
-1047115302,packed_mp_veh_colour_extra1_0_v39
-1046984009,packed_mp_veh_mod_var_0_v187
-1046949553,m_cl_clo_exm_al_8_3_t4_v1
-1046945522,ve_previon_t0_v3
-1046939894,m_cl_clo_grm_b_4_7_t1_v1
-1046925970,packed_mp_veh_mod_idx_s_3_v341
-1046922807,vem_colour_extra_1_mct_pearlescent_saxon_blue_t24_v0
-1046903522,f_cl_g_fmf_14_0_t14_v0
-1046864398,vem_rwd_spt_17_t19_v3
-1046845451,packed_mp_veh_mod_idx_s_13_v240
-1046806129,packed_mp_veh_colour1_0_v73
-1046803891,packed_mp_veh_wheel_type_0_v291
-1046778454,packed_mp_veh_mod_idx_s_2_v7
-1046746118,packed_mp_veh_mod_idx_s_11_v198
-1046723849,f_cl_clo_h2f_o_g_20_t8_v12
-1046584486,vem_supermod_21_0_t62_v36
-1046522061,f_cl_clo_v2f_u_0_11_t11_v1
-1046383875,f_cl_clo_h2f_o_c_11_t3_v12
-1046261997,vem_supermod_23_39_n1_t64_v34
-1046252733,vem_cmod_tyr_6_t18_v39
-1046216811,f_cl_clo_sbf_l_4_20_t4_v1
-1046191647,wp_wct_c_tint_18_t2_v5_n2
-1046123685,m_cl_clo_sbm_u_17_0_t11_v1
-1046058732,vem_smod2_whlv74_t66_v3
-1046052994,vem_supermod_22_14_t63_v3
-1046034786,packed_mp_veh_mod_idx_13_v340
-1046022561,packed_mp_veh_mod_idx_5_v380
-1045925275,m_cl_clo_trm_d_22_0_t10_v1
-1045837749,packed_mp_veh_mod_idx_s_0_v300
-1045831000,packed_mp_veh_mod_idx_24_v267
-1045721905,f_cl_clo_h4f_ph_0_18_t14_v1
-1045648582,wp_gsa_type_r_t0_v85
-1045593509,vem_colour_1_mct_metallic_formula_red_t24_v4
-1045552049,vem_yacht_mod_4_v0
-1045479204,vem_supermod_59_13_t59_v7
-1045469172,f_cl_clo_x6f_f_1_1_t6_v1
-1045403580,vem_supermod_12_2_t53_v26
-1045192125,vem_livery_2_t26_v1
-1045115005,f_cl_t_fmf_6_5_t7_v0
-1045105688,vem_cmod_col5_25_t29_v3
-1045047495,vem_rwd_drft_20_t19_v2
-1044985512,vem_colour_2_mct_classic_galaxy_blue_t25_v4
-1044969708,vem_colour_mct_none_155
-1044911494,f_cl_clo_l2f_lw_4_0_t14_v1
-1044799248,packed_mp_veh_mod_idx_s_3_v135
-1044780994,packed_mp_veh_mod_idx_s_4_v397
-1044659142,f_cl_outfit_clo_hstf_o_j_3_t12_v0
-1044658002,vem_skirt_2_t13_v6
-1044656423,f_cl_clo_bif_decl_61_t10_v1
-1044644268,vem_colour_extra_1_mct_metallic_dark_silver_t24_v4
-1044627341,m_ha_cc_eyebrw_5_t2_v0
-1044590204,f_cl_f_fmf_14_6_t6_v0
-1044583482,m_cl_clo_vwm_u_19_8_t11_v1
-1044557771,m_cl_outfit_clo_hilf_o_29_t12_v0
-1044425901,vem_smod4_whlv159_t66_v2
-1044261324,vem_colour_1_mct_classic_dark_blue_t24_v2
-1044196441,f_cl_clo_bhf_u_0_0_t11_v1
-1044182207,packed_mp_veh_colour_extra2_0_v375
-1044140646,packed_mp_veh_mod_idx_s_17_v282
-1044093594,packed_mp_veh_mod_idx_s_20_v352
-1043759504,packed_mp_veh_colour1_0_v81
-1043744718,packed_mp_veh_mod_idx_s_22_v207
-1043556776,f_cl_clo_trf_decl_14_t100_v0
-1043464350,vem_cmod_tyr_stt_t30_v26
-1043371811,packed_mp_veh_mod_idx_11_v400
-1043138198,packed_mp_veh_mod_idx_2_v197
-1043108946,vem_colour_1_mct_classic_bright_orange_t24_v1
-1043094431,m_cl_clo_halm_d_7_t100_v0
-1042993418,vem_smod_whlv131_t66_v3
-1042858906,wp_wct_clip_tr_t1_v48_n2
-1042817914,packed_mp_veh_mod_idx_s_17_v90
-1042782091,m_cl_f_fmm_7_15_t6_v0
-1042764512,packed_mp_veh_livery2_0_v135
-1042725277,m_cl_clo_iem_u_4_1_t11_v1
-1042721477,packed_mp_veh_mod_idx_2_v329
-1042688624,f_cl_clo_fxf_pe_1_5_t14_v1
-1042661571,packed_mp_veh_mod_idx_s_4_v142
-1042595005,m_ta_tat_bi_000_t0_v0_cesp
-1042586125,m_cl_clo_bim_s_10_1_t8_v1
-1042581289,f_cl_clo_bbf_u_3_2_t8_v1
-1042547226,f_cl_clo_sbf_u_14_15_t11_v1
-1042522751,f_cl_clo_h3f_decl_21_t100_v0
-1042512302,ve_stryder_t1_v3
-1042497219,packed_mp_veh_window_tint_0_v88
-1042487471,vem_supermod_62_2_t62_v7
-1042473355,f_cl_clo_grf_u_6_3_t11_v1
-1042334705,f_cl_outfit_clo_hstf_o_h_3_t12_v0
-1042300620,m_cl_clo_trm_u_11_1_t11_v1
-1042270496,m_cl_clo_hp_d_26_t8_v2
-1042183333,m_cl_clo_x6m_t_10_0_t7_v1
-1042173512,vem_supermod_0_9_t41_v7
-1042159787,packed_ng_vehicle_neon_v276
-1042140000,packed_mp_veh_mod_idx_15_v176
-1042023980,packed_mp_veh_mod_idx_s_2_v177
-1041919263,packed_mp_veh_primary_colour_group_v375
-1041915231,packed_mp_veh_mod_idx_14_v248
-1041890057,vem_exhaust_19_t6_v3
-1041841242,vem_colour_extra_1_mct_classic_stone_silver_t24_v2
-1041825240,m_cl_clo_bbm_u_2_4_t8_v1
-1041770537,vem_colour_1_mct_metallic_blue_silver_t24_v3
-1041513787,packed_mp_veh_mod_idx_6_v184
-1041420860,fa_upgrade_weed_setup_0_t0_v0
-1041344105,m_cl_clo_busm_s_1_6_t8_v1
-1041255843,packed_ng_vehicle_insurance_v22
-1041105415,packed_mp_veh_colour_extra1_0_v150
-1041003453,packed_mp_veh_mod_idx_s_11_v6
-1040916039,f_cl_clo_trf_f_1_21_t6_v1
-1040875863,vem_supermod_10_17_t51_v3
-1040761442,vem_colour_extra_1_mct_pearlescent_beechwood_brown_t24_v2
-1040667728,dec_vw_aw_mt_11
-1040658666,packed_mp_veh_mod_var_0_v277
-1040536220,m_cl_clo_grm_ph_3_3_t14_v1
-1040475283,vem_supermod_22_4_t63_v28
-1040472058,f_cl_clo_vwf_u_13_12_t11_v1
-1040452707,packed_mp_veh_mod_idx_5_v374
-1040342811,f_cl_clo_bus_f_o_13_t3_v12
-1040287636,packed_mp_veh_mod_idx_11_v260
-1040279927,vem_colour_2_mct_matte_might_purple_t25_v3
-1039986613,packed_lr_vehicle_colour_5_v371
-1039975966,wp_wm_tint3_t2_v97
-1039885694,m_cl_clo_hstm_o_m_0_t3_v12
-1039838214,packed_mp_veh_mod_idx_12_v403
-1039733304,f_ta_tat_s2_008_t0_v0
-1039716524,f_cl_outfit_clo_bus_f_o_8_t12_v0
-1039706069,packed_mp_veh_colour_extra1_0_v258
-1039564665,packed_mp_veh_mod_idx_s_15_v229
-1039544526,wp_wm_tint6_t2_v89
-1039504141,f_cl_clo_s1f_dec_14_t11_v1
-1039503541,vem_cmod_exp_0_t20_v3
-1039332098,packed_mp_veh_mod_idx_s_17_v177
-1039316557,f_cl_clo_half_d_1_t100_v0
-1039187253,m_cl_clo_grm_l_0_6_t4_v1
-1039122653,m_cl_clo_grm_u_16_0_t11_v1
-1039115297,vem_bumper_r_11_t35_v27
-1039082060,vem_colour_extra_1_mct_metallic_cabernet_red_t24_v2
-1038978455,packed_lr_vehicle_colour_6_v216
-1038564523,ig_sell_4_t0_v0
-1038546278,packed_mp_veh_mod_idx_s_17_v153
-1038479925,f_cl_clo_x6f_rw_1_4_t14_v1
-1038473643,packed_mp_veh_colour2_0_v231
-1038429405,f_cl_f_fmf_1_8_t6_v0
-1038399739,f_cl_clo_bif_s_16_16_t8_v1
-1038320987,m_cl_u_fmm_3_10_t11_v0
-1038291449,f_cl_clo_bif_o_4_t8_v12
-1038211414,packed_mp_veh_mod_idx_s_19_v131
-1038170529,packed_mp_veh_mod_idx_24_v72
-1038155561,vem_drft_09_t19_v1
-1038117021,packed_mp_veh_colour_extra1_0_v359
-1038066688,m_ha_cc_mkup_29_t5_v0
-1038023959,vem_horn_clas4_t10_v31
-1038000358,m_cl_clo_h2m_f_3_9_t6_v1
-1037925477,f_cl_clo_h2f_ph_4_1_t14_v1
-1037918411,packed_lr_vehicle_colour_5_v205
-1037844681,packed_mp_veh_mod_idx_s_0_v373
-1037772681,packed_mp_veh_window_tint_0_v296
-1037751984,m_cl_clo_h2m_u_3_24_t11_v1
-1037742630,m_cl_clo_h3m_b_18_9_t1_v1
-1037716150,m_cl_clo_bim_u_8_6_t11_v1
-1037693395,m_cl_clo_indm_d_1_t11_v1
-1037493159,packed_lr_vehicle_colour_6_v7
-1037354272,m_cl_rew_rs_t8_v1
-1037279096,m_cl_clo_bbm_u_1_2_t11_v1
-1037259665,vem_spoiler_10_t14_v1
-1037248945,vem_smod4_whlv15_t66_v1
-1037126833,wp_wm_tint1_t2_v56
-1037099147,m_cl_clo_hp_d_29_t8_v2
-1037073757,f_cl_clo_x6f_b_2_5_t1_v1
-1037044857,packed_mp_veh_mod_idx_s_23_v358
-1037008952,packed_ng_vehicle_neon_kit_v57
-1036968899,m_cl_clo_x6m_u_2_1_t11_v1
-1036960656,packed_mp_veh_mod_idx_0_v327
-1036917310,m_cl_g_fmm_9_3_t14_v0
-1036902322,vem_colour_2_mct_metallic_bright_purple_t25_v2
-1036857404,packed_mp_veh_mod_idx_s_18_v300
-1036844194,vem_horn_cnote_d0_t10_v27
-1036745690,packed_mp_veh_mod_idx_15_v370
-1036703006,vem_colour_extra_1_mct_metallic_beechwood_brown_t24_v33
-1036699709,vem_colour_extra_1_mct_pearlescent_garnet_red_t24_v1
-1036626248,packed_mp_veh_mod_idx_12_v46
-1036558757,vem_spoiler_8_t14_v3
-1036517143,m_cl_outfit_clo_h3m_o_dh_35_t12_v0
-1036499447,packed_mp_veh_mod_idx_s_20_v179
-1036410407,f_cl_w_fmf_0_4_t14_v0
-1036362603,m_cl_clo_x6m_u_22_25_t11_v1
-1036282229,f_cl_clo_h4f_o_s2_f3_t3_v12
-1036276886,vem_engine_2_t5_v36
-1036270807,pr_pm_bfcolour_5_t0_v0
-1036269673,packed_mp_veh_mod_idx_13_v326
-1036248592,packed_mp_veh_colour_extra1_0_v375
-1036239044,packed_mp_veh_mod_idx_6_v270
-1036231733,vem_bumper_r_19_t35_v27
-1036192963,f_ha_clo_bif_h_0_0_t0_v2
-1036117379,f_cl_clo_h2f_b_8_11_t1_v1
-1036081731,m_cl_clo_exm_decl_4_t100_v0
-1036043866,vem_colour_2_mct_metallic_frost_white_t25_v33
-1036032857,vem_drft_11_t19_v2
-1036011703,f_cl_clo_hstf_f_4_2_t6_v1
-1035935052,vem_insurance_surano
-1035849225,packed_ng_vehicle_bpt_v289
-1035792135,f_cl_clo_exf_decl_4_t100_v0
-1035771611,packed_mp_veh_mod_idx_s_1_v383
-1035703037,packed_mp_veh_mod_idx_2_v77
-1035684499,m_cl_clo_bim_ph_6_5_t14_v1
-1035661142,mp_stat_cclub_mem_v0
-1035653265,vem_supermod_3_17_t44_v11
-1035550844,f_cl_clo_grf_u_15_8_t11_v1
-1035386371,m_cl_ht_fmm_2_4_t14_v0
-1035344673,f_cl_clo_ief_b_4_2_t1_v1
-1035285230,packed_mp_veh_mod_idx_s_10_v332
-1035064617,vem_colour_2_mct_classic_garnet_red_t25_v2
-1034858132,packed_mp_veh_colour1_0_v322
-1034821694,vem_colour_extra_1_mct_classic_gold_t24_v4
-1034805658,dec_vw_aw_mt_15a
-1034646221,vem_colour_mct_none_72
-1034437190,packed_mp_veh_mod_var_0_v135
-1034413189,vem_supermod_41_15_t41_v7
-1034392054,f_cl_clo_awf_ph_2_13_t14_v1
-1034322483,f_cl_clo_hstf_o_0_t7_v12
-1034308757,packed_mp_veh_mod_idx_1_v216
-1034166849,packed_mp_veh_mod_idx_s_8_v401
-1034132253,f_cl_clo_fxf_l_0_17_t4_v1
-1034117901,packed_ng_vehicle_insurance_v297
-1034093583,m_cl_clo_s1m_u_8_3_t11_v1
-1033992841,packed_mp_veh_mod_idx_s_6_v336
-1033977165,m_cl_clo_l2m_w_10_0_t14_v1
-1033970347,vem_hood_15_t9_v3
-1033889004,service_spend_tony_limo
-1033886547,packed_mp_veh_mod_idx_s_11_v213
-1033864219,packed_mp_veh_mod_idx_11_v124
-1033838043,vem_exhaust_1_t6_v27
-1033801480,f_cl_outfit_clo_h3f_o_dh_33_t12_v0
-1033737499,vem_spoiler_7_t14_v1
-1033711637,packed_mp_veh_window_tint_0_v215
-1033560250,m_cl_clo_stm_u_6_15_t11_v1
-1033481225,m_cl_clo_smm_ph_8_18_t14_v1
-1033286935,f_ha_cc_blush_21_t5_v0
-1033100370,packed_mp_veh_mod_idx_7_v5
-1033089592,vem_horn_clas6_t10_v37
-1033042213,m_cl_clo_x6m_l_6_8_t4_v1
-1032957750,packed_mp_veh_mod_idx_8_v124
-1032867298,vem_colour_extra_1_mct_metallic_flur_yellow_t24_v1
-1032643692,m_cl_rew_redsk_t8_v1
-1032620450,packed_mp_veh_mod_idx_s_14_v297
-1032605100,packed_mp_veh_colour2_0_v294
-1032585302,m_cl_clo_iem_u_7_10_t11_v1
-1032480755,f_cl_clo_h4f_b_1_1_t1_v1
-1032288510,vem_roof_0_n1_t12_v38
-1032284082,f_cl_clo_smf_b_7_16_t1_v1
-1032175381,f_ta_tat_ie_001_t0_v0
-1031891416,mp_stat_mpsv_model_39
-1031795208,packed_mp_veh_mod_idx_9_v368
-1031779736,packed_mp_veh_mod_idx_s_8_v358
-1031770377,packed_mp_veh_mod_idx_s_11_v182
-1031576531,mba_floor1_0_t0_v1
-1031547375,packed_mp_veh_livery_0_v159
-1031546174,f_ha_cc_f_hs_20_t0_v1
-1031378305,m_cl_clo_grm_u_16_20_t11_v1
-1031359031,vem_chassis_1_t4_v1
-1031308971,m_cl_clo_fxm_pe_4_7_t14_v1
-1031261010,packed_ng_vehicle_insurance_v34
-1031244997,f_cl_clo_bif_pe_0_1_t14_v1
-1031100229,packed_mp_veh_mod_idx_11_v389
-1031072298,f_cl_g_fmf_2_5_t14_v0
-1030967872,f_cl_clo_trf_u_8_15_t11_v1
-1030778467,f_ta_tat_x2_016_t0_v0
-1030739084,packed_mp_veh_mod_idx_1_v282
-1030723567,m_cl_clo_bhm_u_11_11_t11_v1
-1030685067,packed_mp_veh_mod_idx_s_1_v187
-1030647447,m_cl_clo_trm_ph_1_13_t14_v1
-1030431572,wp_wct_camo_8_t1_v13_n2
-1030417124,f_ha_cc_mkup_38_t7_v1
-1030390513,m_ta_tat_h4_025_t0_v0
-1030311296,f_cl_clo_h3f_s_1_8_t8_v1
-1030303753,m_ta_tat_sb_031_t0_v0
-1030267382,f_ha_clo_bif_h_2_0_t0_v2
-1030187775,f_cl_clo_awf_o_d_0_t8_v12
-1030166303,m_ha_cc_mkup_2_t7_v0
-1030155114,packed_mp_veh_mod_idx_23_v310
-1030047076,f_ha_cc_mkup_52_t5_v0
-1030028321,f_cl_clo_h4f_decl_33_t100_v0
-1030020519,wp_wct_supp_t1_v68
-1030012064,f_cl_clo_suf_u_22_2_t11_v1
-1029996827,vem_spoiler_16_t14_v38
-1029896764,packed_mp_veh_mod_idx_3_v8
-1029869531,m_cl_clo_grm_ph_0_1_t14_v1
-1029868860,m_cl_clo_awm_decl_97_t100_v0
-1029866912,packed_mp_veh_mod_idx_24_v317
-1029844488,mp_stat_mpsv_model_328
-1029799869,m_cl_clo_trm_f_1_9_t6_v1
-1029789950,packed_mp_veh_mod_idx_s_11_v232
-1029672338,service_earn_island_heist_dj_mission
-1029614548,packed_mp_veh_window_tint_0_v262
-1029613670,packed_mp_veh_mod_idx_12_v41
-1029559545,fcarcade_ds_t0_v0
-1029530481,f_cl_clo_fxf_l_1_16_t4_v1
-1029493250,f_cl_clo_s1f_ph_0_20_t14_v1
-1029493037,vem_smod4_whlv84_t66_v0
-1029449118,casweb_style_6_t0_v0
-1029380156,f_ha_clo_s2f_h_1_0_t0_v1
-1029248547,packed_mp_veh_mod_idx_s_23_v44
-1029155411,packed_ng_vehicle_neon_kit_v401
-1029090391,f_cl_f_fmf_11_1_t6_v0
-1028971431,vem_cmod_tyr_0_t31_v29
-1028890804,f_cl_clo_h2f_s_9_4_t8_v1
-1028685416,packed_mp_veh_mod_idx_s_5_v242
-1028656627,packed_mp_veh_livery_0_v256
-1028565105,f_cl_clo_fxf_u_2_2_t11_v1
-1028506652,ve_marshall_t1_v0
-1028502028,f_cl_clo_x4f_u_10_13_t11_v1
-1028382565,dec_vw_aw_mt_29
-1028334678,f_cl_clo_h2f_o_s_20_t3_v12
-1028311055,packed_mp_veh_mod_idx_s_18_v326
-1028306510,m_cl_clo_iem_o_6_t3_v12
-1028258736,packed_mp_veh_mod_idx_16_v308
-1028250976,vem_engine_1_t5_v36
-1028167617,f_cl_clo_trf_ph_1_13_t14_v1
-1028047891,packed_mp_veh_mod_idx_s_22_v246
-1028046023,f_cl_clo_awf_u_7_12_t11_v1
-1027989291,packed_mp_veh_mod_idx_8_v245
-1027908796,m_cl_clo_stm_u_5_10_t11_v1
-1027812004,vem_horn_clas1_t10_v6
-1027624505,m_cl_u_fmm_5_7_t8_v0
-1027516319,packed_mp_veh_mod_idx_s_21_v298
-1027470790,packed_mp_veh_mod_idx_s_14_v369
-1027466440,f_cl_clo_trf_u_7_13_t11_v1
-1027386133,vem_smod2_whl11_t19_v3
-1027268466,vem_yacht_col_5_v0
-1027236943,f_cl_clo_hstf_o_m_1_t3_v12
-1027218631,service_earn_jobs
-1027159921,packed_mp_veh_mod_idx_s_4_v220
-1027157732,vem_supermod_23_15_t64_v27
-1027047266,f_cl_clo_ief_o_1_t3_v12
-1027042197,vem_horn_hips3_t10_v4
-1027041322,vem_colour_2_mct_matte_matte_for_t25_v1
-1026989987,vem_chassis_6_t4_v38
-1026880268,packed_mp_veh_mod_idx_15_v228
-1026847343,packed_mp_veh_colour_extra2_0_v60
-1026811997,packed_ng_vehicle_neon_v2
-1026768480,packed_mp_veh_mod_idx_s_22_v255
-1026636005,f_cl_outfit_clo_fxf_o_g_2_t12_v0
-1026574648,f_cl_clo_smf_ph_1_11_t14_v1
-1026541508,packed_mp_veh_mod_idx_1_v185
-1026458418,vem_supermod_20_2_t61_v3
-1026428787,packed_mp_veh_mod_idx_18_v126
-1026305170,f_cl_clo_hstfb_22_5_t1_v1
-1026278344,m_cl_clo_bim_s_11_4_t8_v1
-1026265157,mp_stat_missionforfactory5_v0
-1026257705,f_cl_l_fmf_11_7_t4_v0
-1026236860,packed_mp_veh_mod_idx_s_14_v227
-1026230967,vem_cmod_neonlay_7_t21_v30
-1026165589,packed_lr_vehicle_colour_6_v145
-1026114122,wp_wct_muzz4_t1_v56_n2
-1026112530,vem_supermod_63_22_t63_v7
-1026088568,packed_mp_veh_mod_idx_16_v266
-1026054326,f_cl_clo_x6f_l_1_20_t4_v1
-1025964236,packed_mp_veh_mod_idx_0_v225
-1025915311,packed_mp_veh_mod_var_1_v132
-1025890592,packed_mp_veh_mod_idx_3_v121
-1025868774,packed_mp_veh_mod_idx_24_v345
-1025798784,f_cl_clo_sbf_l_4_11_t4_v1
-1025603324,f_cl_clo_s1f_ph_0_5_t14_v1
-1025560370,wp_wct_camo_6_t1_v46_n2
-1025533261,ve_dominator8_t0_v3
-1025463260,packed_mp_veh_mod_idx_s_1_v112
-1025391426,m_cl_clo_bim_b_0_6_t1_v1
-1025352227,m_cl_he_fmm_18_2_t14_v0
-1025339142,vem_rwd_hiend_13_t19_v0
-1025310864,vem_fender_r_8_t37_v27
-1025310089,packed_mp_veh_primary_colour_group_v269
-1025302701,vem_smod5_whlv186_t66_v3
-1025275498,packed_mp_veh_mod_idx_24_v164
-1025270481,f_cl_clo_scf_u_0_1_t11_v1
-1025185737,packed_ng_vehicle_neon_v289
-1025118492,vem_horn_indi_4_t10_v0
-1025053100,packed_mp_veh_mod_idx_s_13_v351
-1024992948,m_cl_clo_trm_d_18_0_t10_v1
-1024949330,m_cl_clo_hp_u_1_0_t11_v1
-1024901352,packed_mp_veh_mod_idx_7_v378
-1024846681,vem_grill_5_t8_v35
-1024787999,vem_cmod_col5_8_t29_v4
-1024692020,packed_ng_vehicle_neon_kit_v262
-1024652367,f_cl_clo_x6f_f_10_15_t6_v1
-1024585878,packed_mp_veh_plate_id_v3
-1024528866,packed_mp_veh_mod_idx_s_20_v153
-1024523164,packed_mp_veh_mod_idx_s_9_v241
-1024495783,m_cl_clo_sbm_rw_0_2_t14_v1
-1024432027,vem_colour_extra_1_mct_metallic_bleeched_brown_t24_v4
-1024411592,m_cl_clo_sbm_f_2_8_t6_v1
-1024385050,f_cl_clo_ief_u_4_9_t11_v1
-1024359985,f_cl_clo_half_3_2_t1_v1
-1024292053,vem_supermod_0_9_t41_v27
-1024277026,vem_colour_1_mct_metals_gold_s_t24_v1
-1024167796,packed_mp_veh_colour2_0_v303
-1024099482,f_cl_clo_bif_decl_1_t11_v1
-1024053470,packed_mp_veh_mod_idx_s_19_v30
-1023881552,packed_mp_veh_mod_idx_s_5_v118
-1023876147,wp_wt_gnade_t2_v0
-1023836220,f_cl_clo_awf_decl_19_t100_v0
-1023793913,ve_tula_t0_v33
-1023778548,vem_colour_2_mct_metallic_black_steel_t25_v4
-1023742012,f_cl_clo_h4f_decl_20_t11_v1
-1023684805,vem_smod2_whlv104_t66_v3
-1023649818,packed_mp_veh_mod_var_1_v413
-1023464885,m_cl_clo_awm_ph_2_17_t14_v1
-1023419015,m_cl_clo_x6m_u_3_11_t11_v1
-1023371508,packed_mp_veh_mod_idx_16_v143
-1023259684,vem_cmod_hrn_trk_t10_v33
-1023141441,f_cl_clo_ief_l_5_1_t4_v1_cesp
-1023109948,packed_mp_veh_mod_idx_s_10_v183
-1023030325,packed_mp_veh_mod_idx_22_v84
-1022943345,wp_wm_tint7_t2_v89
-1022858961,packed_mp_veh_mod_idx_3_v75
-1022820387,packed_mp_veh_mod_idx_s_21_v76
-1022797549,wp_wm_tint5_t2_v67
-1022786470,vem_rwd_spt_20_t19_v2
-1022747821,packed_mp_veh_mod_var_1_v387
-1022732528,vem_horn_luxe2_t10_v39
-1022723362,vem_colour_extra_1_mct_pearlescent_petrol_green_t24_v4
-1022713822,f_cl_outfit_clo_l2f_o_6_t12_v0
-1022595304,vem_insurance_buffalo02
-1022513456,f_cl_clo_sbf_u_18_0_t11_v1
-1022435604,packed_mp_veh_mod_idx_s_18_v189
-1022376352,packed_mp_veh_mod_idx_15_v366
-1022354627,vem_colour_2_mct_metallic_cream_t25_v2
-1022284202,f_cl_clo_exf_as_1_0_t8_v1
-1022279282,m_ha_cc_mkup_20_t5_v0
-1022269696,f_cl_clo_awf_decl_35_t100_v0
-1022267964,vem_rwd_musc_10_t19_v1
-1022236866,m_cl_clo_bus_p_0_6_t14_v1
-1022191035,packed_mp_veh_colour_extra1_0_v384
-1022093332,vem_colour_extra_1_mct_matte_lime_green_t24_v3
-1022040846,vem_fender_l_19_t36_v3
-1021927610,packed_ng_vehicle_smoke_v355
-1021912213,m_cl_clo_h3m_b_9_9_t1_v1
-1021850685,packed_ng_vehicle_neon_kit_v399
-1021819679,vem_colour_1_mct_matte_orange_t24_v3
-1021782174,packed_mp_veh_mod_idx_13_v388
-1021669511,vem_exhaust_5_t6_v6
-1021660908,f_cl_clo_fxf_l_3_7_t4_v1
-1021630235,packed_mp_veh_mod_idx_s_17_v213
-1021592201,f_ha_clo_trf_h_0_0_t0_v0
-1021529909,packed_ng_vehicle_neon_v57
-1021522172,f_cl_clo_bhf_f_1_15_t6_v1
-1021517956,packed_mp_veh_mod_idx_s_0_v35
-1021426786,f_cl_clo_vwf_d_1_16_t10_v1
-1021383876,vem_colour_5_mariner_blue_t38_v0
-1021366239,dec_vw_aw_mt_31
-1021342154,m_ta_tat_hp_011_t0_v0
-1021330582,m_ta_tat_s1_002_t0_v0
-1021267460,packed_mp_veh_livery2_0_v159
-1021243285,ve_marshall_t1_v17
-1021049806,veu_monster5_t0_v0
-1021013251,packed_mp_veh_mod_idx_3_v107
-1020987962,vem_horn_hween1_t10_v3
-1020906693,vem_fender_l_5_t36_v27
-1020829238,packed_mp_veh_mod_idx_8_v337
-1020756924,vem_supermod_46_17_t46_v7
-1020748624,f_cl_outfit_clo_s2f_o_5_t12_v0
-1020689114,f_cl_clo_suf_u_11_3_t11_v1
-1020663426,packed_mp_veh_mod_idx_s_5_v35
-1020635774,packed_mp_veh_livery2_0_v278
-1020572348,vem_colour_extra_1_mct_classic_black_graphite_t24_v1
-1020489258,f_cl_clo_vwf_u_8_18_t11_v1
-1020299259,packed_mp_veh_mod_idx_8_v191
-1020297932,m_ta_tat_st_018_t0_v0
-1020229275,vem_supermod_3_2_t44_v38
-1020116072,m_cl_clo_grm_u_0_0_t11_v1
-1020103314,vem_musc_10_t19_v1
-1020073456,packed_mp_veh_mod_idx_s_4_v388
-1020062215,packed_mp_veh_mod_idx_7_v20
-1019978262,vem_cmod_tyr_2_t30_v2
-1019954134,m_ta_tat_sm_001_t0_v0
-1019947173,packed_mp_veh_mod_idx_s_1_v254
-1019900097,packed_mp_veh_mod_idx_s_15_v126
-1019847091,vem_supermod_8_11_t49_v7
-1019756751,packed_mp_veh_mod_idx_11_v337
-1019684572,m_cl_clo_h3m_b_9_21_t1_v1
-1019684236,m_cl_clo_smm_ph_0_3_t14_v1
-1019680367,packed_mp_veh_mod_idx_6_v70
-1019661848,packed_mp_veh_mod_idx_s_19_v17
-1019526596,packed_mp_veh_mod_idx_s_9_v321
-1019454479,f_cl_clo_scf_u_0_18_t11_v1
-1019270249,f_cl_clo_sbf_lw_1_2_t14_v1
-1019236211,f_cl_u_fmf_9_7_t11_v0
-1019023925,packed_mp_veh_livery_0_v289
-1018936254,packed_mp_veh_mod_idx_7_v337
-1018917316,vem_supermod_5_9_t46_v27
-1018888509,vem_cmod_neoncol_11_t21_v29
-1018831997,vem_colour_2_mct_metals_br_steel_t25_v0
-1018794241,packed_mp_veh_mod_idx_3_v65
-1018681945,packed_mp_veh_mod_idx_16_v100
-1018565037,vem_supermod_3_8_t44_v27
-1018531443,m_cl_outfit_clo_arm_o_11_t12_v0
-1018484592,f_cl_f_fmf_8_2_t6_v0
-1018413198,f_cl_clo_val_decl_i_t100_v0
-1018324435,packed_mp_veh_primary_colour_group_v332
-1018222241,vem_rwd_loride_07_t19_v3
-1017997261,packed_mp_veh_mod_idx_15_v298
-1017948173,wp_wct_tint_9_t2_v48_n2
-1017941742,vem_colour_2_mct_classic_frost_white_t25_v2
-1017936859,vem_colour_extra_1_mct_pearlescent_chocolate_brown_t24_v4
-1017892303,packed_mp_veh_mod_var_0_v397
-1017705168,m_cl_clo_exm_au_9_4_t11_v1
-1017613359,packed_mp_veh_secondary_colour_group_v322
-1017585793,m_cl_clo_smm_ph_4_1_t14_v1
-1017578072,vem_rwd_suv_10_t19_v12
-1017522349,wp_wct_camo_2_t1_v48_n2
-1017386776,m_cl_m_fmm_7_2_t1_v0
-1017285408,packed_mp_veh_mod_idx_s_20_v385
-1017261073,f_cl_clo_exf_g_19_10_t14_v1
-1017212536,f_cl_clo_bif_decl_38_t11_v1
-1017208490,packed_mp_veh_mod_idx_1_v376
-1017171158,m_cl_clo_vwm_ph_1_4_t14_v1
-1017116263,packed_mp_veh_colour_extra1_0_v203
-1016945708,vem_colour_extra_1_mct_pearlescent_sea_green_t24_v0
-1016921943,packed_ng_vehicle_neon_kit_v78
-1016918052,vem_supermod_15_10_t56_v38
-1016917538,f_cl_clo_x6f_u_12_12_t11_v1
-1016911974,f_cl_clo_lxf_dec_36_t11_v1
-1016842121,m_ha_cc_m_hs_19_t0_v2
-1016802726,f_cl_clo_grf_l_2_15_t4_v1
-1016740184,m_cl_clo_vwm_pw_6_2_t14_v1
-1016710113,f_cl_clo_suf_u_20_2_t11_v1
-1016697209,f_cl_outfit_clo_h3f_o_sh_36_t12_v0
-1016670159,vem_smod4_whlv128_t66_v0
-1016585582,m_ha_clo_s1m_h_2_0_t0_v2
-1016505284,vem_trans_0_t16_v3
-1016476475,f_cl_clo_grf_b_2_14_t1_v1
-1016447435,packed_mp_veh_mod_idx_s_3_v408
-1016409341,vem_colour_6_lava_red_t65_v3
-1016400847,m_cl_clo_sbm_pe_1_7_t14_v1
-1016378071,vem_insurance_brutus
-1016301955,packed_lr_vehicle_colour_5_v21
-1016296439,m_cl_clo_exm_au_15_0_t11_v1
-1016200041,m_cl_clo_halm_8_0_t1_v1
-1016174181,vem_colour_2_mct_classic_red_t25_v0
-1016146717,packed_mp_veh_mod_idx_s_4_v285
-1015948195,packed_mp_veh_mod_idx_10_v185
-1015858600,f_cl_clo_smf_ph_4_18_t14_v1
-1015794733,packed_mp_veh_mod_idx_s_7_v312
-1015793490,packed_mp_veh_mod_idx_5_v309
-1015788634,m_cl_clo_h2m_b_3_9_t1_v1
-1015776119,vem_exhaust_2_t6_v38
-1015656441,m_cl_clo_grm_ph_4_24_t14_v1
-1015492908,vem_insurance_warrener
-1015415477,f_cl_outfit_clo_h2f_o_c_13_t12_v0
-1015370086,m_cl_outfit_clo_arm_o_5_t12_v0
-1015310567,vem_cmod_win_3_t33_v31
-1015162984,packed_mp_veh_mod_idx_16_v393
-1015087559,f_ta_tat_hp_003_t0_v0
-1015084700,packed_mp_veh_mod_var_1_v35
-1015052274,f_cl_clo_awf_decl_33_t100_v0
-1014980357,vem_insurance_speedo
-1014930455,packed_mp_veh_mod_idx_13_v131
-1014814006,ve_raiden_t0_v3
-1014800106,vem_supermod_60_6_t60_v7
-1014752235,f_cl_clo_bus_m_2_0_t1_v1
-1014664327,vem_supermod_10_5_t51_v28
-1014594971,vem_horn_cnote_d0_t10_v37
-1014466690,m_cl_clo_grm_ph_0_2_t14_v1
-1014410973,vem_smod_whl5_t19_v12
-1014275537,m_ta_tat_st_015_t0_v0
-1014035604,packed_mp_veh_mod_idx_4_v176
-1014029203,m_cl_clo_s2m_u_0_0_t11_v1
-1013965185,fcbase_gra9_t0_v0
-1013875689,packed_mp_headblend_overlay_eyebrw_v0
-1013871809,packed_mp_veh_secondary_colour_group_v228
-1013865850,f_cl_outfit_clo_h3f_o_jan_6_t12_v0
-1013858971,f_cl_clo_scf_u_4_7_t11_v1
-1013643863,packed_mp_veh_mod_idx_24_v194
-1013606705,dec_cpm_bjack_3
-1013587686,f_cl_clo_h3f_ph_5_15_t14_v1
-1013509714,f_cl_outfit_clo_trf_o_r5_t12_v0
-1013482922,packed_mp_veh_mod_idx_s_1_v133
-1013407317,packed_ng_vehicle_insurance_v279
-1013377000,packed_mp_veh_primary_colour_group_v82
-1013328443,m_cl_clo_hilf_s_2_5_t8_v1
-1013328177,m_cl_sp_fmm_10_2_t8_v0
-1013289407,vem_colour_1_mct_metallic_petrol_green_t24_v1
-1013264156,vem_supermod_9_0_t50_v38
-1013230054,vem_colour_1_mct_metallic_white_t24_v2
-1013098012,f_cl_clo_stf_u_5_15_t11_v1
-1013093072,packed_mp_veh_mod_idx_s_12_v179
-1013019743,f_cl_clo_vwf_u_17_4_t11_v1
-1012953774,m_cl_clo_vwm_u_21_5_t11_v1
-1012930527,f_cl_clo_grf_b_3_15_t1_v1
-1012791342,f_cl_clo_x6f_ph_1_18_t14_v1
-1012780579,packed_mp_veh_mod_idx_23_v174
-1012674582,vem_colour_extra_1_mct_matte_dark_red_t24_v33
-1012616668,vem_colour_2_mct_classic_dark_silver_t25_v4
-1012561445,vem_smod5_whlv33_t66_v3
-1012498326,m_cl_clo_x6m_u_20_14_t11_v1
-1012315801,f_cl_clo_x6f_b_2_17_t1_v1
-1012245385,vem_supermod_13_8_t54_v3
-1012234509,vem_colour_5_red_t38_v3
-1012190238,packed_mp_veh_mod_idx_6_v290
-1012154686,vem_cmod_neonlay_2_t21_v35
-1012139963,m_cl_outfit_clo_hp_o_4_t12_v0
-1012015584,vem_cmod_tyr_4_t18_v39
-1011999888,vem_colour_extra_1_mct_metallic_anthr_black_t24_v3
-1011999815,m_cl_clo_grm_u_14_7_t11_v1
-1011745485,vem_colour_extra_1_mct_classic_saddle_brown_t24_v0
-1011729359,vem_supermod_55_5_t55_v7
-1011679586,m_cl_clo_awm_o_b_0_t3_v12
-1011646629,vem_supermod_5_10_t46_v26
-1011606385,packed_mp_veh_mod_idx_5_v182
-1011548971,f_cl_clo_awf_u_7_10_t11_v1
-1011518151,m_ta_tat_bi_044_t0_v0_cesp
-1011447271,packed_mp_veh_mod_idx_3_v198
-1011390899,packed_mp_veh_mod_idx_13_v115
-1011365280,packed_mp_veh_mod_idx_s_10_v387
-1011320039,packed_ng_vehicle_neon_v372
-1011313593,packed_mp_veh_mod_idx_15_v258
-1011255091,m_cl_clo_hp_d_21_t8_v2
-1011165160,m_ta_tat_gr_014_t0_v0
-1011158114,packed_ng_vehicle_neon_v329
-1011134254,vem_suspension_0_t15_v26
-1011119135,packed_mp_veh_mod_idx_5_v290
-1011032990,f_cl_clo_h4f_t_13_12_t7_v1
-1010983171,vem_trans_2_t16_v2
-1010967319,packed_mp_veh_mod_idx_s_10_v407
-1010850891,f_cl_clo_h2f_ph_2_0_t14_v1
-1010835598,vem_colour_2_mct_metallic_sea_green_t25_v2
-1010773110,packed_mp_veh_mod_var_0_v281
-1010636756,f_cl_clo_x6f_f_3_4_t6_v1
-1010590450,packed_mp_veh_mod_idx_0_v136
-1010543155,f_cl_clo_busf_g0_7_t14_v0
-1010389079,m_cl_clo_smm_u_7_18_t100_v0
-1010365029,ve_valkyrie_t0_v0
-1010280290,packed_mp_veh_mod_idx_5_v90
-1010274475,m_cl_clo_grm_u_4_1_t11_v1
-1010259867,m_ha_cc_m_hs_1_t0_v0
-1010257906,vem_colour_2_mct_classic_woodbeech_brown_t25_v2
-1010216046,f_cl_clo_h2f_u_3_7_t11_v1
-1009835099,vem_spt_24_t19_v0
-1009749036,m_cl_clo_hp_d_1_t11_v1
-1009690848,packed_mp_veh_mod_idx_12_v321
-1009515269,vem_colour_extra_1_mct_pearlescent_anthr_black_t24_v3
-1009475230,packed_mp_veh_mod_idx_1_v365
-1009378613,vem_horn_indi_4_t10_v10
-1009281862,m_cl_clo_x6m_f_10_6_t6_v1
-1009178650,m_cl_clo_x6m_ey_0_2_t14_v1
-1009102966,m_ta_tat_sb_004_t0_v0
-1009034158,f_cl_l_fmf_2_1_t4_v0
-1008915797,packed_ng_vehicle_insurance_v321
-1008853124,m_cl_clo_s2m_u_0_2_t11_v1
-1008848548,packed_mp_veh_mod_idx_s_7_v233
-1008786988,packed_mp_veh_colour1_0_v236
-1008770250,m_cl_clo_hp_l_1_9_t4_v1
-1008759237,packed_mp_veh_mod_idx_s_12_v274
-1008602728,m_cl_clo_sbm_e_0_7_t14_v1
-1008462482,packed_mp_veh_mod_idx_5_v221
-1008343983,packed_ng_vehicle_bpt_v136
-1008334815,f_cl_clo_h2f_ph_2_3_t14_v1
-1008090563,f_cl_clo_trf_u_8_5_t11_v1
-1008027570,m_cl_clo_vwm_t_0_6_t7_v1
-1008021420,packed_mp_veh_mod_idx_22_v408
-1007988616,vem_supermod_0_1_t41_v3
-1007943337,vem_rwd_drft_07_t19_v0
-1007920695,f_cl_clo_hstf_s_6_6_t8_v2
-1007870675,m_cl_outfit_o_fmm_b6_t12_v0
-1007692931,vem_spt_05_t19_v3
-1007663206,packed_mp_veh_mod_idx_7_v406
-1007527722,m_cl_clo_vwm_decl_2_t100_v0
-1007485218,pr_pm_bfont_12_t0_v0
-1007437626,packed_mp_veh_mod_idx_s_17_v265
-1007406139,packed_ng_vehicle_neon_v184
-1007395598,f_cl_clo_stf_h_9_6_t14_v1
-1007305009,f_cl_clo_sbf_e_0_6_t14_v1
-1007303182,ve_lurcher_t0_v3
-1007219993,f_cl_clo_scf_b_1_2_t1_v1
-1007175790,m_cl_clo_jam_decl_3_t100_v0
-1007142733,f_cl_clo_h3f_decl_3_t11_v1
-1007111400,f_cl_clo_grf_u_2_9_t11_v1
-1007087125,m_ta_tat_x6_015_t0_v0
-1006963903,m_cl_clo_valm_u_0_1_t11_v1
-1006942545,m_cl_clo_smm_ph_0_15_t14_v1
-1006936572,packed_mp_veh_mod_idx_12_v105
-1006896222,vem_smod5_whlv136_t66_v3
-1006889416,vem_supermod_17_10_t58_v26
-1006805432,packed_ng_vehicle_neon_v221
-1006695363,packed_mp_veh_mod_idx_15_v22
-1006597485,f_cl_clo_h4f_t_13_0_t7_v1
-1006530675,vem_colour_mct_none_86
-1006503309,m_cl_clo_x4m_u_11_1_t11_v1
-1006486980,vem_smod4_whlv145_t66_v2
-1006275219,f_cl_clo_hp_f_u_5_4_t8_v1
-1006271089,packed_mp_veh_mod_idx_16_v318
-1006246099,packed_mp_veh_livery_0_v333
-1006128063,m_cl_clo_lxm_e_25_1_t14_v1
-1006091936,m_cl_clo_x6m_f_4_18_t6_v1
-1006078204,packed_mp_veh_mod_var_1_v250
-1006059938,vem_bumper_r_20_t35_v1
-1005936472,packed_mp_veh_mod_idx_0_v165
-1005890673,f_cl_clo_l2f_rw_1_0_t14_v1
-1005869213,f_cl_clo_h4f_ph_0_9_t14_v1
-1005848723,f_cl_outfit_clo_hstf_o_c_1_t12_v0
-1005834745,m_cl_outfit_clo_h3m_o_clb_1_t12_v0
-1005769905,packed_mp_veh_mod_idx_s_13_v296
-1005736681,wp_wct_tint_1_t2_v8_n2
-1005590396,f_cl_outfit_clo_h4f_o_h2_f2_t12_v0
-1005563682,packed_mp_veh_mod_idx_12_v344
-1005472858,vem_cmod_neoncol_9_t21_v6
-1005415085,vem_colour_2_mct_matte_dark_blue_t25_v4
-1005262828,packed_ng_vehicle_bpt_v407
-1005256216,packed_mp_veh_mod_idx_s_6_v310
-1005220295,vem_supermod_1_19_t42_v3
-1005161213,wp_wct_camo_1_t1_v22_n2
-1005137467,fcarcade_b_up3_c_20
-1005111279,packed_mp_veh_mod_idx_12_v198
-1005081736,vem_drft_22_t19_v0
-1005021720,dec_vw_aw_wv_3a
-1004882153,vem_supermod_15_0_t56_v37
-1004857370,f_cl_clo_h4f_o_l2_f4_t8_v12
-1004821923,packed_mp_veh_primary_colour_group_v354
-1004810971,m_ha_cc_m_hs_18_t0_v0
-1004783404,packed_mp_veh_mod_idx_6_v206
-1004752918,wp_wct_clip_fmj_t0_v8_n2
-1004721099,f_ha_cc_mkup_46_t5_v0
-1004672144,f_cl_clo_hstfb_21_8_t1_v1
-1004645537,packed_mp_veh_mod_idx_s_18_v308
-1004624967,wp_ps_can_8_t2_v33
-1004427563,vem_colour_extra_1_mct_metals_br_steel_t24_v4
-1004363919,f_cl_clo_h2f_ph_414_t14_v1
-1004306702,packed_mp_veh_mod_idx_11_v283
-1004097456,packed_mp_veh_mod_idx_12_v184
-1004038913,vem_colour_1_mct_classic_moss_brown_t24_v33
-1003959611,packed_ng_vehicle_neon_kit_v389
-1003956293,packed_mp_veh_colour1_0_v16
-1003771139,vem_rwd_suv_02_t19_v12
-1003694577,ve_slamvan2_t0_v3
-1003644442,cf_attacked
-1003632894,f_cl_clo_vwf_u_4_22_t11_v1
-1003601920,f_cl_clo_exf_au_10_1_t11_v1
-1003589658,packed_mp_veh_mod_idx_s_3_v75
-1003505609,packed_mp_veh_mod_idx_s_11_v341
-1003365470,packed_mp_veh_mod_idx_6_v384
-1003308959,packed_mp_veh_mod_idx_15_v183
-1003289791,vem_colour_1_mct_matte_matte_dirt_t24_v2
-1003272703,packed_mp_veh_mod_idx_18_v29
-1003237809,f_cl_clo_hstf_o_17_t4_v12
-1003129433,packed_mp_veh_secondary_colour_group_v320
-1002944920,dec_cpm_claw_3
-1002935460,packed_mp_veh_wheel_type_0_v51
-1002898844,f_cl_clo_hstfb_21_0_t1_v1
-1002859366,f_cl_clo_x6f_ph_1017_t14_v1
-1002820482,f_cl_clo_vef_dec_42_t100_v0
-1002800108,packed_mp_veh_mod_idx_6_v19
-1002793920,m_cl_outfit_clo_h3m_o_sh_36_t12_v0
-1002702259,packed_mp_veh_mod_idx_13_v19
-1002559089,mp_stat_mpsv_model_57
-1002543133,packed_mp_veh_mod_idx_s_14_v201
-1002540812,vem_insurance_diablous
-1002508588,f_cl_clo_s1f_u_8_9_t11_v1
-1002445253,packed_mp_veh_mod_idx_8_v316
-1002377776,f_cl_clo_stf_ht6_10_t14_v1
-1002319792,vem_smod4_whlv107_t66_v2
-1002312943,packed_mp_veh_livery_0_v389
-1002302651,f_cl_clo_sbf_u_15_0_t11_v1
-1002241068,vem_colour_mct_none_23
-1001945746,packed_mp_veh_wheel_type_0_v243
-1001904175,packed_ng_vehicle_insurance_v339
-1001894058,packed_mp_veh_colour_extra1_0_v35
-1001648945,vem_smod2_whlv90_t66_v3
-1001612127,packed_mp_veh_colour_extra1_0_v380
-1001457910,vem_smod2_whlv174_t66_v3
-1001454824,vem_rwd_drft_09_t19_v2
-1001342401,packed_mp_veh_mod_idx_s_9_v92
-1001299656,mp_stat_multstorey_gar_sty_f3_v0
-1001140458,packed_mp_veh_mod_idx_s_5_v137
-1001071320,packed_ng_vehicle_insurance_v165
-1000957256,packed_ng_vehicle_bpt_v44
-1000956336,m_cl_sp_fmm_10_9_t8_v1
-1000903682,mp_stat_mpsv_model_157
-1000807428,vem_colour_2_mct_matte_lime_green_t25_v0
-1000797183,wp_wt_cmprifle_t0_v1
-1000508345,packed_mp_veh_mod_idx_s_20_v296
-1000502382,fa_upgrade_cash_staff_0_t0_v0
-1000486397,m_cl_clo_vwm_decl_7_t100_v0
-1000484002,m_cl_clo_smm_ph_3_19_t14_v1
-1000339399,m_cl_clo_grm_decl_34_t11_v1
-1000313781,f_cl_clo_grf_u_9_1_t11_v1
-1000292427,vem_rwd_spt_24_t19_v2
-1000272283,packed_mp_veh_mod_idx_s_10_v22
-1000252719,packed_mp_veh_mod_idx_6_v392
-1000241930,vem_supermod_0_6_t41_v3
-1000149669,packed_ng_vehicle_bpt_v169
-1000092050,m_cl_clo_trm_u_15_7_t11_v1
-1000029307,vem_horn_cnote_g0_t10_v38
-1000003498,m_cl_clo_s1m_ph_0_6_t14_v1
-999939337,f_cl_outfit_clo_ief_o_4_t12_v0_cesp
-999864410,packed_mp_veh_colour_extra2_0_v147
-999756012,packed_mp_veh_mod_idx_s_12_v368
-999647637,f_cl_clo_ief_l_7_15_t4_v1
-999594097,f_cl_clo_h2f_o_g_0_t8_v12
-999563997,m_ta_tat_h4_021_t0_v0
-999488259,packed_mp_veh_wheel_type_0_v267
-999444683,packed_mp_veh_mod_idx_s_19_v172
-999372337,packed_mp_veh_plate_id_v373
-999371756,f_cl_clo_trf_ph_2_2_t14_v1
-999324918,vem_horn_xm15_2_t10_v34
-999287464,packed_mp_veh_mod_idx_s_15_v159
-999249248,f_cl_clo_grf_f_0_23_t6_v1
-999236273,f_cl_clo_smf_b_2_0_t1_v1
-999184945,f_cl_g_fmf_14_4_t14_v0
-999172048,packed_mp_veh_mod_idx_2_v342
-999156647,m_cl_clo_bus_m_0_5_t1_v1
-999043411,m_cl_clo_h4m_ph_2_6_t14_v1
-999025209,f_cl_clo_h4f_o_h1_f1_t3_v12
-998973740,packed_mp_veh_mod_idx_s_21_v267
-998972064,packed_mp_veh_mod_idx_s_11_v144
-998962608,packed_mp_veh_mod_idx_5_v246
-998852998,vem_cmod_win_1_t33_v36
-998790009,vem_supermod_9_8_t50_v26
-998728555,vem_fender_r_5_t37_v34
-998575938,packed_mp_veh_mod_idx_s_21_v166
-998425456,wp_gsa_type_r_t0_v1
-998380247,packed_ng_vehicle_smoke_v84
-998362610,packed_mp_veh_mod_idx_s_9_v67
-998326568,m_cl_clo_x6m_l_7_16_t4_v1
-998206965,vem_colour_mct_none_114
-998131788,packed_mp_veh_mod_idx_14_v333
-998079576,m_cl_clo_iem_b_4_4_t1_v1
-998063788,f_cl_clo_x2f_ht_5_0_t14_v1
-997986866,packed_mp_veh_mod_idx_3_v13
-997954915,packed_mp_veh_mod_idx_16_v369
-997864351,vem_cmod_tyr_pat_t18_v31
-997832177,m_ta_tat_vw_016_t0_v0
-997814512,packed_mp_veh_mod_idx_24_v145
-997780480,f_ta_tat_x2_014_t0_v0
-997774686,f_cl_clo_smf_ph_0_18_t14_v1
-997735910,packed_mp_veh_mod_var_0_v134
-997608207,packed_mp_veh_mod_idx_s_0_v145
-997591742,packed_mp_veh_mod_idx_15_v271
-997374918,f_cl_clo_vwf_l_2_9_t4_v1
-997355537,m_ta_tat_bi_003_t0_v0_cesp
-997286178,f_cl_clo_x4f_u_10_4_t11_v1
-997241679,packed_mp_veh_mod_idx_18_v229
-997241492,m_cl_clo_smm_u_2_14_t11_v1
-997194441,vem_supermod_9_10_t50_v27
-997192656,f_cl_clo_vwf_b_10_2_t1_v1
-997176060,f_cl_clo_hstf_t_3_11_t7_v1
-997131617,packed_mp_veh_mod_idx_16_v45
-997066089,packed_mp_veh_mod_idx_8_v365
-996963543,mp_stat_fixer_hq_art_v0
-996945058,vem_aam_interior_6_t0_v0
-996865507,wp_wct_muzz7_t1_v56_n2
-996837493,packed_mp_veh_mod_idx_s_13_v162
-996805001,f_cl_clo_grf_l_3_6_t4_v1
-996798812,packed_mp_veh_wheel_type_0_v308
-996747574,mp_stat_mpsv_model_318
-996742658,packed_mp_veh_colour_extra1_0_v395
-996721288,m_cl_clo_h4m_b_4_0_t1_v1
-996642750,packed_mp_veh_mod_idx_2_v283
-996562651,vem_colour_extra_1_mct_metallic_diamond_blue_t24_v1
-996499639,packed_mp_veh_mod_idx_11_v211
-996433521,vem_rwd_hiend_06_t19_v12
-996206937,f_cl_clo_vwf_u_20_10_t11_v1
-996179864,vem_truck_slot_9_mod_2_t0_v0
-996157516,m_cl_clo_x4m_ph_4_0_t14_v1
-996116650,vem_supermod_16_7_t57_v28
-996062631,f_cl_clo_vwf_u_13_20_t11_v1
-995979387,vem_cmod_exp_0_t20_v11
-995924591,m_cl_clo_smm_b_4_21_t1_v1
-995811317,vem_cmod_win_1_t33_v6
-995774935,packed_mp_veh_mod_idx_3_v398
-995761339,m_cl_clo_indm_d_5_t8_v1
-995753561,m_cl_clo_lxm_e_12_2_t14_v1
-995541849,f_ha_cc_blush_30_t5_v0
-995508793,packed_mp_veh_mod_idx_s_8_v166
-995467073,f_cl_clo_hp_f_h_0_3_t14_v1
-995447135,packed_mp_veh_mod_idx_4_v6
-995414251,packed_mp_veh_mod_idx_10_v316
-995389859,f_cl_clo_sbf_u_14_14_t11_v1
-995354267,packed_mp_veh_mod_idx_16_v175
-995279869,f_cl_clo_bhf_u_11_10_t11_v1
-995265997,m_cl_clo_assm_o_3_t3_v12
-995264941,f_cl_clo_sbf_u_14_7_t11_v1
-995263014,packed_mp_veh_mod_idx_4_v319
-995217921,f_cl_clo_lxf_e_9_2_t14_v1
-995201662,vem_supermod_4_12_t45_v3
-995096165,m_cl_clo_hp_d_30_t11_v1
-994970194,wp_wct_grip_t1_v9
-994941530,packed_mp_veh_mod_idx_12_v121
-994883268,m_cl_clo_h4m_b_3_5_t1_v1
-994878177,f_cl_clo_h3f_ph_5_18_t14_v1
-994873233,f_cl_clo_fxf_ph_4_15_t14_v1
-994848057,packed_mp_veh_livery2_0_v300
-994846136,vem_horn_clas2_t10_v6
-994754946,packed_mp_veh_mod_idx_18_v378
-994746150,vem_supermod_11_11_t52_v28
-994681685,ve_barracks_t1_v0
-994579863,vem_bumper_r_10_t35_v7
-994570150,packed_mp_veh_mod_var_1_v72
-994552063,vem_colour_2_mct_classic_yellow_t25_v3
-994532923,f_cl_clo_awf_o_f_16_t8_v12
-994459909,m_cl_clo_h3m_decl_20_t11_v1
-994368289,f_cl_clo_awf_o_i_2_t8_v12
-994364514,f_cl_clo_bhf_u_9_4_t11_v1
-994341425,f_cl_clo_sbf_u_22_23_t11_v1
-994318093,vem_insurance_sc1
-994284747,packed_mp_veh_mod_idx_s_13_v213
-994231246,packed_mp_veh_mod_idx_12_v18
-994137311,packed_mp_veh_mod_idx_0_v407
-994102950,wp_wct_clip_fmj_t0_v9_n2
-994041913,m_cl_clo_hstmb_21_5_t1_v1
-994040044,f_cl_clo_h2f_ph_416_t14_v1
-994032153,m_cl_clo_arm_b_0_5_t1_v1
-993995629,m_cl_clo_jam_decl_4_t11_v1
-993950232,packed_mp_veh_colour_extra1_0_v133
-993838390,m_cl_clo_sbm_f_5_5_t6_v1
-993715342,m_cl_clo_smm_b_0_1_t1_v1
-993698875,packed_mp_veh_mod_idx_18_v255
-993674617,packed_mp_veh_mod_idx_1_v276
-993654216,m_cl_clo_bhm_u_11_2_t11_v1
-993618195,packed_mp_veh_mod_idx_s_3_v204
-993605748,vem_cmod_tyr_lg_t30_v0
-993581353,packed_mp_veh_colour2_0_v276
-993576464,vem_roof_8_n2_t12_v3
-993432777,packed_ng_vehicle_neon_kit_v317
-993400911,f_cl_clo_stf_o_18_t8_v12
-993387188,f_cl_clo_bhf_decl_47_t100_v0
-993291072,m_cl_outfit_clo_h3m_o_bs_1_t12_v0
-993268902,packed_mp_veh_mod_idx_s_12_v324
-993130058,m_cl_clo_busm_u_3_9_t8_v1
-993090834,f_cl_clo_suf_decl_3_t100_v0
-993010605,vem_colour_2_mct_metallic_sunset_red_t25_v33
-992982525,ve_insurgent_t1_v0
-992953864,m_cl_clo_vwm_t_0_12_t7_v1
-992922352,vem_cmod_neonlay_6_t21_v3
-992916101,wp_wct_clip1_t1_v67
-992789285,ve_niteshad_t0_v3
-992741332,m_cl_clo_hstm_o_d_3_t3_v12
-992677558,vem_hiend_17_t19_v0
-992490957,m_cl_clo_x6m_lw_1_1_t14_v1
-992382839,f_ta_tat_x6_028_t0_v0
-992365842,wp_wct_tint_3_t2_v48_n2
-992290369,m_cl_clo_sbm_b_6_2_t1_v1
-992284922,pr_pm_font_4_t0_v0
-992267372,packed_mp_veh_mod_idx_5_v404
-992242155,packed_mp_veh_colour_extra2_0_v32
-992158420,f_cl_clo_grf_b_3_14_t1_v1
-992140423,wp_wct_clip_inc_t1_v8_n2
-992095967,vem_spoiler_19_t14_v1
-991979588,m_cl_clo_grm_ph_6_3_t14_v1
-991964311,packed_mp_veh_colour_extra1_0_v94
-991870744,packed_mp_veh_mod_idx_11_v356
-991831695,f_cl_clo_grf_ph_2_4_t14_v1
-991772857,m_cl_clo_grm_decl_33_t100_v0
-991653213,m_cl_clo_grm_u_10_6_t11_v1
-991651253,packed_mp_veh_mod_idx_4_v274
-991640332,vem_smod4_whlv25_t66_v1
-991613211,vem_insurance_dukes2
-991556399,packed_mp_veh_mod_idx_0_v363
-991550155,vem_rwd_suv_10_t19_v0
-991530180,packed_mp_veh_colour2_0_v313
-991513594,m_cl_u_fmm_0_4_t8_v0
-991483041,packed_ng_vehicle_insurance_v310
-991423376,ve_vigero_t0_v1
-991400315,vem_smod5_whlv40_t66_v3
-991337908,packed_mp_veh_plate_id_v353
-991328589,f_cl_clo_bbf_t_2_0_t7_v1
-991328286,vem_horn_indi_1_t10_v35
-991228882,packed_mp_veh_mod_idx_3_v192
-991161520,vem_trans_4_t16_v6
-991135336,f_cl_clo_hstf_s_6_5_t8_v1
-991060108,m_cl_clo_sbm_u_12_10_t11_v1
-990933338,m_cl_clo_bim_decl_6_t100_v0
-990809059,f_cl_clo_assf_o_2_t3_v12
-990802903,f_cl_clo_hstf_t_2_1_t7_v1
-990770263,mt_snk_item3_t0_v0
-990755180,f_cl_clo_bif_o_3_t8_v12
-990747421,packed_lr_vehicle_colour_6_v387
-990685014,wp_wct_tint_2_t2_v22_n2
-990628370,ve_glendale_t1_v3
-990588520,f_cl_clo_stf_h_108_t14_v1
-990519321,mp_stat_mpsv_model_139
-990393994,m_cl_outfit_clo_awm_o_b_6_t12_v0
-990380928,packed_mp_veh_wheel_type_0_v372
-990286235,service_earn_bounty_collected
-990248433,packed_mp_veh_mod_idx_s_1_v170
-990248269,packed_mp_veh_mod_idx_s_1_v146
-990232148,packed_mp_veh_mod_idx_s_0_v357
-990177516,m_cl_clo_bus_m_o_1_t3_v12
-990153724,vem_horn_cnote_a0_t10_v39
-989982708,vem_skirt_21_t13_v3
-989824200,packed_mp_veh_mod_idx_s_10_v89
-989792569,wp_wct_tint_19_t2_v1_n2
-989754989,m_cl_outfit_clo_exm_ob_5_t12_v0
-989627706,f_cl_clo_hstf_t_3_1_t7_v1
-989464951,f_cl_clo_hstf_s_6_1_t8_v2
-989455662,ve_guardian_t1_v0
-989408740,vem_colour_2_mct_metallic_salmon_pink_t25_v3
-989314348,vem_supermod_45_14_t45_v7
-989287081,m_ta_tat_h3_023_t0_v0
-989181055,f_cl_clo_bif_ph_10_0_t14_v1
-989166370,packed_mp_veh_mod_idx_13_v248
-989162490,m_cl_clo_vwm_s_2_6_t8_v1
-989111944,m_cl_clo_awm_b_4_10_t1_v1
-989100520,vem_rwd_musc_15_t19_v12
-989085925,vem_smod4_whlv61_t66_v3
-988993870,m_cl_clo_sbm_pe_1_6_t14_v1
-988951926,vem_supermod_7_4_t48_v7
-988833310,f_cl_clo_h3f_b_18_0_t1_v1
-988795197,m_cl_clo_hp_d_5_t11_v1
-988733083,packed_mp_veh_colour_extra2_0_v357
-988678350,packed_mp_veh_mod_idx_s_19_v0
-988658012,packed_mp_veh_mod_idx_22_v335
-988652471,packed_mp_veh_mod_idx_s_4_v100
-988643642,vem_colour_2_mct_classic_racing_blue_t25_v4
-988575311,m_cl_clo_grm_ph_5_15_t14_v1
-988491948,pr_mp_prop_31_t0_v1
-988444506,m_cl_clo_scm_u_48_5_t11_v1
-988435816,vem_cmod_win_3_t33_v7
-988427407,packed_mp_veh_mod_idx_7_v367
-988367955,packed_ng_vehicle_smoke_v266
-988346415,packed_mp_veh_mod_idx_s_21_v42
-988257954,packed_mp_veh_colour1_0_v391
-988246107,packed_mp_veh_mod_idx_s_3_v230
-988218451,m_cl_clo_x6m_l_0_7_t4_v1
-988209568,f_cl_clo_bif_u_8_5_t11_v1
-988161882,packed_lr_vehicle_colour_5_v192
-988090112,packed_lr_vehicle_colour_6_v13
-988066947,m_cl_clo_halm_1_0_t1_v1
-988038456,fcarcade_hs1_t0_v0
-988032049,m_cl_clo_h4m_ph_1_2_t14_v1
-987970537,packed_mp_veh_mod_idx_11_v324
-987857164,wp_wct_grip_t1_v64
-987840917,packed_mp_veh_mod_idx_0_v71
-987837318,f_cl_clo_vwf_pey_0_4_t14_v1
-987770465,packed_mp_veh_mod_idx_s_0_v232
-987745579,vem_colour_1_mct_metallic_orange_t24_v1
-987744928,packed_mp_veh_mod_idx_s_19_v394
-987659665,packed_mp_veh_mod_idx_s_20_v249
-987638825,fcarcade_b_up3_c_22
-987504499,f_ha_cc_eyebrw_19_t2_v0
-987347143,packed_lr_vehicle_colour_6_v256
-987326160,dec_vw_aw_wv_24
-987180168,fa_upgrade_meth_sec_1_t0_v0
-986934151,packed_mp_veh_mod_idx_9_v382
-986802951,mp_stat_auto_shop_emblem_v0
-986762634,vem_brake_1_t2_v11
-986744286,f_ha_cc_f_hs_14_t0_v2
-986704800,packed_mp_veh_mod_idx_s_7_v271
-986677794,f_ha_cc_eyebrw_28_t2_v0
-986662244,m_cl_g_fmm_4_4_t14_v0
-986631477,packed_mp_veh_mod_var_0_v389
-986427139,vem_engine_4_t5_v28
-986412815,vem_supermod_43_15_t43_v7
-986364097,packed_mp_veh_colour_extra2_0_v250
-986345806,vem_colour_2_mct_metallic_purple_t25_v1
-986335603,packed_mp_veh_mod_idx_3_v310
-986325231,m_ha_cc_mkup_13_t7_v0
-986292327,m_cl_clo_h4m_s_2_6_t8_v1
-986280004,packed_ng_vehicle_neon_kit_v41
-986273313,f_cl_clo_stf_l_3_2_t4_v1
-986261825,packed_mp_veh_livery2_0_v16
-986256884,vem_supermod_3_43_t44_v6
-986126919,vem_smod2_whlv163_t66_v3
-986109153,packed_ng_vehicle_insurance_v340
-986062904,vem_cmod_col5_37_t29_v2
-985939176,f_cl_clo_stf_o_8_t11_v12
-985932253,packed_mp_veh_mod_idx_12_v56
-985849370,m_cl_clo_vwm_u_4_6_t11_v1
-985821163,packed_mp_veh_mod_idx_24_v8
-985808356,m_ha_face_e_c_20_t4_v0
-985699127,packed_mp_veh_mod_idx_12_v201
-985633926,packed_mp_veh_mod_idx_1_v332
-985560291,vem_rwd_loride_11_t19_v0
-985443717,f_cl_clo_scf_ey_0_3_t14_v1
-985355261,m_cl_clo_x2m_ht_0_4_t14_v1
-985340602,m_cl_clo_x6m_ph_0_13_t14_v1
-985285512,m_ta_tat_fm_246_t0_v0
-985282185,packed_mp_veh_window_tint_0_v72
-985188954,packed_mp_veh_mod_idx_s_3_v330
-985145283,m_cl_outfit_clo_ltsm_o_13_t12_v0
-985058907,f_cl_clo_x6f_ph_8_19_t14_v1
-985054129,packed_mp_veh_colour_extra2_0_v248
-984987247,wp_wt_heavypstl_t0_v0
-984952395,packed_mp_veh_mod_idx_10_v15
-984709384,vem_livery_0_t26_v4
-984617173,packed_mp_veh_mod_idx_s_23_v42
-984586239,vem_smod4_whlv209_t66_v0
-984580231,f_cl_clo_h3f_ph_5_7_t14_v1
-984551432,m_cl_clo_h3m_ph_1_0_t14_v1
-984515269,f_cl_clo_trf_decl_3_t11_v1
-984447499,packed_mp_veh_mod_idx_s_20_v270
-984344822,packed_ng_vehicle_insurance_v230
-984309221,packed_mp_veh_mod_idx_s_2_v378
-984282265,m_cl_clo_x6m_u_26_1_t11_v1
-984178057,packed_mp_veh_mod_idx_s_6_v369
-984133710,m_cl_clo_exm_decl_17_t11_v1
-984102509,packed_mp_veh_window_tint_0_v76
-984058431,f_cl_clo_grf_u_22_21_t11_v1
-984051791,wp_wt_mkrifle_t0_v2_cesp
-984042779,packed_ng_vehicle_smoke_v277
-983935312,f_cl_clo_hstf_t_3_4_t7_v1
-983869961,vem_suspension_1_t15_v6
-983738857,vem_smod2_whlv195_t66_v3
-983723506,m_cl_clo_trm_u_7_2_t11_v1
-983701347,f_cl_l_fmf_4_10_t4_v0
-983696386,f_cl_clo_sbf_u_14_12_t11_v1
-983590411,packed_mp_veh_mod_idx_15_v232
-983456195,vem_supermod_0_11_t41_v28
-983453896,m_ta_tat_hp_018_t0_v0
-983361793,f_cl_clo_bhf_u_7_2_t11_v1
-983353944,m_cl_clo_fxm_ph_1_13_t14_v1
-983298539,f_cl_clo_l2f_l_1_1_t4_v1
-983262721,packed_mp_veh_mod_idx_s_18_v137
-983229507,f_ha_cc_blush_19_t5_v0
-983203748,packed_mp_veh_colour_extra1_0_v111
-983135967,vem_spoiler_17_t14_v27
-983107490,vem_smod_whlv24_t66_v0
-983008742,wp_wct_c_tint_4_t2_v22_n2
-982997267,m_cl_clo_h3m_b_9_20_t1_v1
-982976719,m_cl_clo_h4m_s_1_2_t8_v1
-982883830,f_cl_l_fmf_1_10_t4_v0
-982837069,packed_ng_vehicle_smoke_v373
-982787615,m_cl_clo_scm_ey_4_6_t14_v1
-982773971,m_cl_clo_scm_ey_0_11_t14_v1
-982765112,m_cl_clo_s2m_u_6_13_t11_v1
-982736358,wp_vu_trktyr_t0_v0
-982724381,m_cl_outfit_clo_indm_o_3_t12_v0
-982640882,vem_supermod_3_19_t44_v10
-982570945,vem_colour_2_mct_matte_red_t25_v3
-982458349,packed_ng_vehicle_neon_v236
-982444665,vem_colour_extra_1_mct_classic_rolled_steel_t24_v1
-982420055,packed_mp_veh_mod_idx_2_v92
-982410337,m_cl_clo_iem_u_4_2_t11_v1
-982394051,service_spend_cinema
-982321315,m_cl_clo_h3m_b_9_5_t1_v1
-982295326,mp_stat_warhouseslot1_v0
-982260472,vem_colour_extra_1_mct_pearlescent_yellow_t24_v3
-982178193,packed_mp_veh_mod_idx_1_v389
-982126302,m_cl_clo_grm_ph_1_15_t14_v1
-981968364,mp_stat_mpsv_model_112
-981920681,m_cl_clo_trm_o_front_t3_v12
-981913295,f_cl_clo_vwf_u_13_13_t11_v1
-981756115,packed_mp_veh_mod_idx_5_v260
-981667591,f_cl_clo_grf_u_9_17_t11_v1
-981575307,packed_mp_veh_mod_idx_s_11_v91
-981541548,m_cl_clo_bhm_decl_19_t100_v0
-981523818,f_cl_clo_s2f_u_3_9_t11_v1
-981347256,f_cl_clo_x4f_u_11_3_t11_v1
-981317021,packed_mp_veh_mod_idx_s_1_v327
-981210314,f_cl_clo_x6f_ph_1022_t14_v1
-981132276,m_cl_clo_grm_b_5_0_t1_v1
-981055314,m_cl_f_fmm_4_1_t6_v0
-980918848,f_cl_clo_hp_f_d_1_t11_v1
-980892372,m_cl_clo_stm_h_9_15_t14_v1
-980806508,mp_stat_mpsv_model_210
-980795312,vem_fender_l_1_t36_v6
-980777976,fchub_mod7_0_t0_v0
-980763466,f_cl_clo_vwf_u_20_2_t11_v1
-980590738,ve_stretch_t1_v0
-980488993,f_cl_clo_fxf_u_9_22_t11_v1
-980428306,packed_mp_veh_mod_idx_7_v233
-980416870,m_cl_clo_sum_b_4_2_t1_v1
-980267362,wp_wct_scope_mac2_t1_v46_n2
-980216766,vem_spoiler_26_t14_v1
-980179157,vem_insurance_premier
-980172036,m_cl_clo_hp_f_0_5_t6_v1
-980127006,packed_ng_vehicle_smoke_v57
-980123699,f_cl_clo_bbf_t_2_2_t7_v1
-980085132,f_cl_clo_h3f_u_9_13_t11_v1
-980028270,f_cl_clo_trf_u_12_5_t11_v1
-980010633,m_cl_clo_x2m_ht_4_0_t14_v1
-979988248,packed_mp_veh_mod_idx_s_10_v103
-979984510,vem_smod_whlv101_t66_v0
-979953615,vem_supermod_13_0_t54_v39
-979889854,packed_mp_veh_mod_idx_14_v269
-979887491,f_cl_clo_scf_f_0_19_t6_v1
-979866727,wp_wct_c_tint_1_t2_v22_n2
-979723160,packed_mp_veh_mod_idx_22_v382
-979636863,f_cl_clo_scf_l_13_0_t4_v1
-979622334,packed_ng_vehicle_insurance_v249
-979605033,f_cl_clo_hp_f_f_1_0_t6_v1
-979585984,vem_colour_1_mct_classic_blue_silver_t24_v33
-979578755,m_cl_u_fmm_14_15_t8_v2
-979519575,packed_lr_vehicle_colour_6_v283
-979499691,packed_mp_veh_colour_extra1_0_v157
-979479254,vem_suv_03_t19_v1
-979447908,f_cl_clo_sbf_b_10_1_t1_v1
-979394929,f_cl_clo_h3f_decl_2_t100_v0
-979308473,packed_ng_vehicle_neon_v256
-979302245,packed_mp_veh_mod_idx_s_5_v217
-979116471,mp_stat_prodtotalforfactory3_v0
-979115115,f_cl_clo_smf_b_5_9_t1_v1
-979083994,vem_supermod_3_3_t44_v10
-979075428,m_cl_clo_x6m_f_1_13_t6_v1
-979008486,vem_horn_xm15_2_t10_v28
-978868819,vem_smod4_whlv62_t66_v0
-978723556,wp_wm_tint5_t2_v50
-978628428,f_cl_clo_grf_u_15_16_t11_v1
-978624797,m_cl_clo_stm_u_3_11_t11_v1
-978601081,packed_mp_veh_mod_idx_s_19_v408
-978577037,m_cl_clo_smm_b_1_9_t1_v1
-978552738,packed_mp_veh_mod_idx_5_v395
-978548862,packed_mp_veh_colour_extra1_0_v221
-978533851,f_ha_clo_grf_h_0_0_t0_v0
-978510195,packed_mp_veh_mod_idx_5_v165
-978485996,f_cl_clo_s2f_d_19_t100_v0
-978455718,vem_cmod_neoncol_2_t21_v38
-978402323,packed_mp_veh_mod_idx_6_v254
-978328666,packed_mp_veh_mod_idx_13_v172
-978326777,f_cl_clo_ief_l_7_0_t4_v1_cesp
-978284419,packed_mp_veh_mod_idx_s_13_v199
-978278784,packed_mp_veh_mod_idx_s_22_v75
-978054070,vem_cmod_neonlay_0_t21_v5
-977924497,vem_smod4_whlv188_t66_v0
-977892206,vem_horn_lowrder1_t10_v31
-977890670,m_ha_cc_body_1_18_t3_v0
-977868735,f_cl_clo_smf_b_0_16_t1_v1
-977850215,f_cl_clo_fxf_ph_1_18_t14_v1
-977824662,packed_mp_veh_mod_idx_s_16_v283
-977821546,f_cl_l_fmf_4_3_t4_v0
-977769323,packed_mp_veh_window_tint_0_v357
-977747563,m_cl_clo_stm_l_3_13_t4_v1
-977686821,vem_colour_2_mct_metallic_sienna_brown_t25_v4
-977659534,f_cl_clo_v2f_l_1_0_t4_v1
-977647238,vem_colour_2_mct_classic_chocolate_brown_t25_v33
-977633267,packed_mp_veh_mod_idx_s_13_v401
-977630041,m_cl_clo_h2m_ph_2_8_t14_v1
-977623753,packed_mp_veh_mod_idx_s_18_v412
-977594717,ve_xls2_t0_v3
-977593489,f_cl_clo_smf_b_1_5_t1_v1
-977329660,packed_mp_veh_secondary_colour_group_v87
-977259992,vem_supermod_12_8_t53_v26
-977247745,vem_yacht_flag_20_v0
-977222637,f_cl_clo_x4f_u_12_3_t11_v1
-977125880,m_ta_tat_bi_001_t0_v0
-977011771,vem_colour_1_mct_metallic_frost_white_t24_v1
-976994339,vem_colour_6_bronze_t65_v3
-976921660,m_cl_clo_awm_u_1_5_t11_v1
-976841107,packed_mp_veh_mod_idx_s_12_v237
-976797136,m_cl_clo_sum_u_14_1_t11_v1
-976695950,m_cl_clo_grm_f_1_5_t6_v1
-976644279,packed_mp_veh_mod_idx_15_v267
-976574115,f_ha_cc_mkup_72_t5_v0
-976571876,vem_hood_0_t9_v38
-976485496,pr_pm_bfont_10_t0_v0
-976402232,packed_mp_veh_colour_extra1_0_v82
-976343838,vem_yacht_flag_7_v0
-976343139,m_cl_outfit_clo_v2m_o_10_t12_v0
-976300270,packed_mp_veh_mod_idx_11_v146
-976292247,packed_mp_veh_mod_idx_7_v193
-976190836,m_cl_clo_smm_u_4_1_t11_v1
-976140317,vem_supermod_0_8_t41_v3
-976103370,packed_mp_veh_mod_idx_s_14_v190
-975862984,m_cl_clo_h4m_b_2_5_t1_v1
-975823839,vem_cmod_neonlay_2_t21_v7
-975821547,f_cl_clo_s1f_f_1_2_t6_v1
-975786984,packed_mp_veh_mod_idx_s_5_v152
-975631272,vem_fender_r_2_n1_t37_v27
-975619680,f_cl_clo_x6f_f_4_1_t6_v1
-975575040,f_cl_clo_fxf_pe_3_7_t14_v1
-975544545,vem_rwd_offr_01_t19_v0
-975542553,m_cl_u_fmm_10_2_t11_v0
-975503770,m_cl_clo_grm_u_15_4_t11_v1
-975475564,wp_wct_clip_fmj_t1_v70_n2
-975475270,f_cl_clo_ief_u_2_3_t11_v1
-975457429,packed_mp_veh_mod_idx_1_v162
-975379701,packed_mp_veh_plate_id_v321
-975344984,vem_supermod_9_11_t50_v10
-975316875,m_cl_clo_iem_u_17_6_t11_v1
-975295587,packed_mp_veh_mod_idx_8_v200
-975248276,vem_cmod_tyr_1_t32_v2
-975199891,m_ha_brd_hp_3_t1_v1
-975196357,packed_mp_veh_mod_idx_s_18_v202
-975192013,m_cl_outfit_clo_h4m_o_h2_m4_t12_v0
-975021839,f_cl_clo_busf_u_1_4_t11_v1
-974968812,f_cl_clo_busf_l_1_4_t4_v1
-974963487,ve_hydra_n1_t1_v0
-974950670,packed_mp_veh_mod_idx_6_v66
-974909655,vem_supermod_5_6_t46_v27
-974877767,m_cl_clo_bhm_f_1_17_t6_v1
-974876132,f_cl_clo_stf_ht6_8_t14_v1_cesp
-974825070,vem_supermod_58_19_t58_v7
-974816218,m_cl_clo_h3m_ph_6_8_t14_v1
-974767330,packed_mp_veh_colour2_0_v89
-974736627,packed_mp_veh_plate_id_v142
-974632770,f_cl_clo_awf_l_5_1_t4_v1
-974624747,vem_cmod_neoncol_6_t21_v35
-974572846,m_cl_clo_h3m_ph_5_13_t14_v1
-974555322,f_cl_clo_smf_b_5_15_t1_v1
-974515908,f_cl_clo_hstf_b_13_2_t1_v1
-974407279,packed_mp_veh_mod_idx_9_v141
-974324850,m_cl_clo_fxm_l_4_13_t4_v1
-974288740,service_earn_gangops_award_first_time_xm_base
-974158179,m_cl_clo_x6m_f_12_1_t6_v1
-974054613,f_cl_clo_awf_o_f_17_t8_v12
-973968589,vem_smod4_whlv186_t66_v0
-973963674,m_cl_clo_bim_f_3_0_t6_v1
-973802929,f_cl_clo_x6f_f_3_6_t6_v1
-973783474,packed_mp_veh_wheel_type_0_v159
-973783233,m_cl_clo_arm_b_0_8_t1_v1
-973777985,packed_mp_veh_plate_id_v175
-973673157,packed_mp_veh_mod_idx_s_12_v138
-973656568,m_cl_clo_s1m_ph_0_15_t14_v1
-973619239,vem_colour_1_mct_metallic_red_t24_v3
-973579483,vem_fender_r_9_t37_v34
-973511507,packed_mp_veh_mod_idx_22_v240
-973491941,vem_cmod_col5_4_t29_v3
-973467377,m_cl_clo_vwm_ph_0_17_t14_v1
-973402255,packed_mp_veh_mod_idx_s_10_v122
-973381263,packed_mp_veh_mod_idx_s_18_v179
-973334734,packed_mp_veh_mod_idx_9_v413
-973247015,m_cl_clo_exm_eu_5_0_t11_v1
-973246704,packed_ng_vehicle_smoke_v94
-973179381,packed_mp_veh_mod_idx_14_v170
-973168954,f_cl_clo_bhf_u_4_3_t11_v1
-973123866,m_cl_clo_bim_decl_2_t11_v1
-973119931,packed_mp_veh_mod_idx_10_v371
-973114106,packed_mp_veh_mod_idx_7_v179
-973071575,vem_smod_whlv31_t66_v3
-972998153,packed_mp_veh_mod_idx_s_19_v206
-972911725,f_cl_clo_grf_u_19_1_t11_v1
-972907888,packed_mp_veh_mod_idx_s_9_v152
-972906920,packed_mp_veh_mod_idx_22_v377
-972801980,m_cl_clo_hp_d_27_t100_v0
-972793402,f_cl_clo_sbf_u_20_0_t11_v1
-972780580,packed_mp_veh_mod_idx_s_2_v270
-972759427,m_cl_outfit_clo_iem_o_8_t12_v0
-972732770,m_ta_tat_sb_056_t0_v0
-972720255,packed_mp_veh_mod_idx_s_4_v48
-972692670,packed_mp_veh_mod_idx_13_v169
-972519268,packed_mp_veh_mod_idx_s_2_v246
-972459440,f_cl_clo_x6f_ph_1_0_t14_v1
-972451525,f_cl_clo_grf_u_13_9_t11_v1
-972279394,packed_mp_veh_mod_idx_s_0_v176
-972278734,packed_mp_veh_mod_idx_s_19_v22
-972234626,m_ha_clo_scm_h_0_0_t0_v2
-972221573,veu_slamvan4_t0_v0
-972179607,packed_lr_vehicle_colour_6_v296
-972123971,packed_mp_veh_mod_idx_s_5_v379
-972084892,m_cl_clo_x6m_f_4_10_t6_v1
-972071831,vem_colour_extra_1_mct_pearlescent_cream_t24_v3
-972000981,ve_corsita_t0_v3
-971926007,packed_mp_veh_mod_idx_11_v414
-971908830,packed_mp_veh_mod_idx_s_18_v95
-971832427,f_cl_clo_x6f_f_4_13_t6_v1
-971727194,vem_smod4_whlv26_t66_v2
-971589000,f_cl_clo_grf_u_2_10_t11_v1
-971440132,f_cl_clo_l2f_u_7_6_t11_v1
-971359293,dec_vw_aw_wv_53
-971347810,m_cl_outfit_clo_awm_o_g_7_t12_v0
-971314228,vem_cmod_neoncol_4_t21_v38
-971302685,vem_supermod_52_11_t52_v7
-971297429,f_cl_clo_grf_l_3_21_t4_v1
-971238641,f_cl_clo_vwf_u_18_2_t11_v1
-971233710,packed_mp_veh_mod_idx_0_v284
-971211491,m_cl_clo_bim_f_3_4_t6_v1
-971181605,vem_engine_3_t5_v11
-971100725,mp_stat_mpsv_model_53
-971037474,vem_cmod_hrn_mus3_t10_v6
-970945744,vem_suspension_3_t15_v1
-970938162,m_ta_tat_fm_010_t0_v0
-970820566,vem_engine_3_t5_v38
-970805746,f_cl_clo_val_decl_t_t8_v1
-970736974,packed_mp_veh_livery2_0_v401
-970677604,packed_mp_veh_mod_idx_3_v249
-970608190,m_cl_clo_grm_b_1_9_t1_v1
-970591575,m_cl_clo_trm_u_16_7_t11_v1
-970577686,packed_mp_veh_mod_idx_14_v228
-970549462,f_cl_clo_ief_l_7_8_t4_v1
-970435095,vem_smod_whlv29_t66_v0
-970282936,kosatk_fla_32_t0_v0
-970269777,vem_supermod_52_20_t52_v7
-970086715,wp_ps_bag_22_t1_v33
-969840938,packed_mp_veh_mod_idx_s_7_v330
-969802577,m_cl_clo_smm_decl_18_t100_v0
-969781639,m_cl_g_fmm_5_0_t14_v0
-969728397,packed_mp_veh_mod_idx_s_3_v193
-969688362,dec_vw_aw_wv_62
-969672418,m_cl_clo_sum_decl_14_t100_v0
-969488468,m_cl_clo_x6m_f_14_5_t6_v1
-969415730,packed_mp_veh_mod_idx_s_17_v42
-969242753,f_cl_clo_grf_g_0_15_t3_v1
-969198979,m_cl_clo_exm_ef_0_8_t6_v1
-969159998,f_cl_clo_awf_decl_86_t100_v0
-969131339,m_cl_clo_scm_rw_0_0_t14_v1
-969028115,packed_mp_veh_mod_idx_3_v323
-969006003,m_cl_clo_sbm_l_3_6_t4_v1
-968933477,m_ha_cc_m_hs_22_t0_v0
-968874796,packed_mp_veh_mod_idx_s_7_v266
-968842447,m_cl_clo_h4m_b_0_15_t1_v1
-968765224,vem_smod2_whlv73_t66_v3
-968707564,packed_mp_veh_wheel_type_0_v400
-968509866,packed_mp_veh_mod_idx_s_1_v101
-968356111,vem_cmod_neoncol_12_t21_v29
-968352205,packed_mp_veh_livery_0_v402
-968317685,f_cl_clo_grf_ph_6_8_t14_v1
-968297970,f_cl_clo_bif_u_13_3_t11_v1
-968266421,vem_cmod_col5_9_t29_v2
-968188310,m_cl_clo_smm_b_1_22_t1_v1
-968160848,vem_cmod_tyr_12_t18_v3
-968143302,m_cl_clo_x3m_b_12_2_t1_v1
-968061976,f_cl_clo_grf_u_8_4_t11_v1
-967900014,packed_mp_veh_mod_idx_s_15_v266
-967824305,f_cl_clo_assf_o_0_t8_v12
-967674208,vem_supermod_5_13_t46_v28
-967657679,vem_colour_1_mct_metallic_gold_t24_v4
-967602606,packed_mp_veh_mod_idx_24_v187
-967468398,packed_mp_veh_colour_extra1_0_v322
-967423384,f_cl_clo_hstfb_22_17_t1_v1
-967388151,packed_mp_veh_mod_idx_s_0_v230
-967384599,m_cl_outfit_clo_h3m_o_dh_26_t12_v0
-967343889,packed_mp_veh_mod_idx_s_2_v195
-967330590,packed_mp_veh_mod_idx_14_v130
-967257069,vem_spoiler_19_t14_v3
-967251369,m_cl_clo_sum_u_14_3_t11_v1
-967249927,mp_stat_mpsv_model_154
-967018814,m_cl_clo_iem_f_0_8_t6_v1_cesp
-966926312,mp_stat_mpsv_model_305
-966876840,packed_mp_veh_mod_idx_0_v126
-966863723,m_cl_clo_x6m_ey_3_20_t14_v1
-966818451,packed_mp_veh_mod_idx_s_4_v335
-966785757,packed_mp_veh_mod_idx_s_1_v174
-966732098,f_cl_clo_awf_u_1_7_t11_v1
-966724159,vem_supermod_23_1_t64_v24
-966600508,vem_hood_6_t9_v7
-966589995,vem_supermod_3_15_t44_v11
-966585817,vem_colour_1_mct_classic_light_blue_t24_v0
-966578709,vem_supermod_45_6_t45_v7
-966564398,wp_wct_c_tint_19_t2_v8_n2
-966561080,mba_colour_4_t0_v0
-966503687,vem_supermod_23_0_t64_v38
-966501867,wp_wm_tint5_t2_v13
-966462812,m_cl_clo_x6m_f_12_11_t6_v1
-966312216,packed_mp_veh_mod_idx_9_v188
-966224649,f_cl_clo_smf_b_2_19_t1_v1
-966077214,vem_supermod_23_0_t64_v18
-966072113,vem_colour_extra_1_mct_metals_gold_p_t24_v33
-965917381,f_cl_clo_h3f_b_14_23_t1_v1
-965889961,m_cl_clo_s2m_u_5_11_t11_v1
-965842370,packed_mp_veh_mod_idx_10_v252
-965791884,packed_mp_veh_mod_idx_18_v70
-965659822,wp_wct_camo_2_t1_v9_n2
-965534610,f_cl_clo_bbf_p4_3_t14_v1
-965525791,f_ta_tat_x2_001_t0_v0
-965313866,packed_mp_veh_livery_0_v320
-965292719,vem_supermod_18_19_t59_v3
-965288130,wp_wm_tint7_t2_v5
-965028488,f_cl_clo_stf_u_5_9_t11_v1
-964981809,packed_mp_veh_mod_idx_1_v68
-964694526,packed_mp_veh_mod_idx_s_23_v53
-964636719,f_cl_clo_suf_b_3_4_t1_v1
-964627185,packed_mp_veh_window_tint_0_v201
-964534316,f_cl_clo_sbf_rw_0_0_t14_v1
-964463333,vem_yacht_flag_1_v0
-964395365,vem_bumper_f_5_t34_v1
-964207212,f_cl_clo_exf_eu_4_1_t11_v1
-964200469,wp_wm_tint5_t2_v70
-964072247,packed_mp_veh_mod_idx_s_12_v345
-964063994,packed_ng_vehicle_neon_kit_v90
-964042356,packed_mp_veh_mod_idx_s_20_v68
-963987045,packed_mp_veh_mod_idx_s_9_v70
-963871788,vem_cmod_tyr_9_t18_v32
-963828649,m_cl_clo_halm_d_3_t11_v1
-963804596,packed_mp_veh_mod_idx_4_v90
-963800436,m_cl_clo_fxm_l_5_18_t4_v1
-963701716,m_cl_clo_sbm_l_3_15_t4_v1
-963649090,vem_colour_1_mct_metallic_harbor_blue_t24_v1
-963639150,m_cl_clo_ltsmt_1_0_t3_v1
-963561854,vem_cmod_tyr_13_t18_v10
-963431066,vem_smod4_whlv161_t66_v3
-963381195,m_cl_f_fmm_12_14_t6_v0
-963377302,f_cl_clo_lxf_u_5_0_t11_v1
-963364734,vem_colour_1_mct_classic_sea_green_t24_v0
-963343450,f_cl_clo_half_d_3_t11_v1
-963321838,f_cl_clo_lxf_t_10_0_t7_v1
-963305609,f_cl_clo_stf_o_4_t11_v12
-963217006,m_cl_clo_s1m_ph_0_21_t14_v1_cesp
-963184942,m_cl_clo_grm_ph_3_13_t14_v1
-963119632,ve_deviant_t0_v3
-963118313,packed_mp_veh_mod_idx_23_v48
-963067094,vem_cmod_tyr_8_t18_v1
-962998553,vem_smod4_whlv45_t66_v2
-962943886,ve_tenf2_t0_v3
-962831637,packed_mp_veh_mod_idx_18_v290
-962801024,f_cl_clo_bhf_u_1_4_t11_v1
-962775592,vem_horn_xm15_1_t10_v35
-962729003,vem_colour_2_mct_classic_sienna_brown_t25_v2
-962694433,packed_ng_vehicle_bpt_v412
-962655561,vem_supermod_15_0_t56_v5
-962584914,f_cl_clo_h2f_b_9_3_t1_v1
-962565361,f_cl_clo_scf_l_13_2_t4_v1
-962436596,m_cl_clo_hilf_u_0_2_t11_v1
-962291458,packed_mp_veh_mod_idx_13_v88
-962208393,f_cl_clo_awf_l_1_9_t4_v1
-962195851,packed_mp_veh_mod_idx_s_2_v41
-962171676,vem_smod4_whlv144_t66_v0
-962065458,vem_cmod_neoncol_10_t21_v26
-962026868,vem_supermod_4_2_t45_v38
-961946579,packed_mp_veh_mod_idx_10_v166
-961807586,ve_gauntlet2_t0_v0
-961789870,packed_mp_veh_mod_idx_0_v20
-961782137,packed_mp_veh_mod_idx_10_v384
-961742205,packed_mp_veh_mod_idx_18_v104
-961726151,packed_lr_vehicle_colour_5_v106
-961697651,packed_mp_veh_primary_colour_group_v320
-961670727,vem_colour_2_mct_metallic_red_t25_v2
-961556994,m_cl_clo_x6m_ph_8_13_t14_v1
-961553872,m_cl_clo_fxm_u_2_8_t11_v1
-961468461,packed_ng_vehicle_smoke_v341
-961405167,mp_stat_mpsv_model_355
-961398001,packed_mp_veh_mod_idx_s_14_v402
-961349722,vem_insurance_cheburek
-961239981,packed_mp_veh_primary_colour_group_v365
-961236015,packed_mp_veh_mod_idx_s_7_v224
-961183232,vem_colour_2_mct_classic_racing_blue_t25_v3
-961157832,f_cl_clo_vwf_f_3_4_t6_v1
-961077483,vem_smod4_whl_16_t19_v3
-961034881,service_earn_from_club_management_participation
-960951882,f_cl_u_fmf_10_11_t11_v0
-960928556,m_cl_clo_hst_a_3_t100_v0
-960876489,vem_colour_extra_1_mct_matte_might_purple_t24_v1
-960874810,vem_colour_1_mct_metallic_black_t24_v0
-960865786,wp_wct_c_tint_30_t2_v13_n2
-960864165,f_cl_clo_grf_u_11_11_t11_v1
-960782366,packed_mp_veh_mod_idx_15_v71
-960760600,f_cl_clo_smf_b_0_17_t1_v1
-960713183,vem_colour_extra_1_mct_pearlescent_dark_green_t24_v1
-960588218,ve_marshall_t1_v20
-960498949,m_cl_clo_x6m_f_6_22_t6_v1
-960454688,f_cl_clo_h3f_l_4_2_t4_v1
-960383830,packed_mp_veh_mod_idx_s_9_v133
-960381265,f_cl_clo_suf_u_10_2_t11_v1
-960309289,packed_mp_veh_livery_0_v178
-960301947,packed_mp_veh_mod_idx_11_v13
-960266366,f_cl_clo_h2f_u_7_15_t11_v1
-960227534,m_cl_clo_lxm_u_0_8_t11_v1
-960157362,vem_colour_2_mct_metallic_umber_brown_t25_v1
-960119007,packed_mp_veh_colour2_0_v66
-960094880,packed_mp_veh_window_tint_0_v45
-960054420,vem_offr_22_t19_v0
-959935702,vem_cmod_pla_text_t23_v3
-959868916,vem_smod4_whlv98_t66_v0
-959865547,packed_mp_veh_mod_idx_s_2_v345
-959806539,pr_pm_bhanging_0_t0_v0
-959675601,packed_mp_veh_mod_idx_s_15_v76
-959447465,f_cl_clo_bif_decl_4_t11_v1
-959386108,packed_mp_veh_mod_idx_3_v53
-959374360,packed_mp_veh_mod_idx_4_v290
-959242214,f_cl_outfit_clo_hstf_o_f_1_t12_v0
-959197129,f_cl_clo_hp_f_l_0_0_t4_v1
-959147960,m_cl_clo_s1m_u_8_8_t11_v1
-959044772,m_cl_clo_bhm_u_10_2_t11_v1
-959002886,ve_dinghy_t1_v1
-958979371,packed_mp_veh_mod_idx_5_v185
-958978735,packed_mp_veh_mod_idx_s_1_v79
-958942079,packed_mp_veh_mod_idx_16_v203
-958927712,vem_colour_2_mct_classic_olive_green_t25_v33
-958912027,packed_mp_veh_mod_var_0_v338
-958879022,packed_mp_veh_mod_var_0_v368
-958823611,packed_mp_veh_mod_idx_s_15_v70
-958817097,m_cl_clo_bhm_decl_3_t11_v1
-958798705,packed_mp_veh_mod_idx_4_v357
-958695017,vem_supermod_1_9_t42_v3
-958646491,m_cl_clo_h3m_b_18_12_t1_v1
-958545538,packed_mp_veh_mod_idx_s_14_v171
-958481294,m_cl_clo_s1m_u_0_1_t100_v0
-958397839,m_cl_outfit_clo_hstm_o_i_0_t12_v0
-958275822,packed_mp_veh_mod_idx_s_5_v193
-958213512,vem_smod2_whlv14_t66_v3
-958172115,m_cl_clo_sum_u_2_10_t11_v1
-958149792,m_cl_clo_h3m_u_10_19_t11_v1
-958064910,m_cl_clo_exm_g_8_9_t14_v0
-957942548,packed_mp_veh_mod_idx_s_22_v351
-957926305,vem_colour_extra_1_mct_classic_racing_green_t24_v0
-957882728,packed_mp_veh_secondary_colour_group_v254
-957690148,packed_mp_veh_mod_idx_s_14_v132
-957588971,m_ta_tat_bi_021_t0_v0
-957539669,mp_stat_factoryupgrades1_1_v0
-957494852,packed_mp_veh_mod_idx_14_v373
-957389529,f_cl_clo_vwf_u_7_24_t11_v1
-957323021,wp_wct_c_tint_18_t2_v46_n2
-957168900,vem_colour_extra_1_mct_classic_racing_blue_t24_v4
-957159699,packed_mp_veh_mod_idx_s_8_v404
-957038885,packed_mp_veh_colour2_0_v90
-957018813,vem_supermod_4_1_t45_v3
-956930101,packed_mp_veh_mod_idx_s_13_v329
-956924957,vem_horn_hween1_t10_v39
-956920624,vem_colour_extra_1_mct_metallic_galaxy_blue_t24_v1
-956865955,m_cl_clo_bbm_h_0_3_t14_v1
-956865144,packed_mp_veh_livery2_0_v75
-956810486,packed_mp_veh_mod_var_1_v146
-956683864,vem_cmod_exp_1_t20_v36
-956556920,vem_insurance_postlude
-956478466,packed_mp_veh_mod_idx_s_17_v368
-956447527,f_cl_clo_trf_u_9_1_t11_v1
-956359348,packed_mp_veh_mod_idx_s_9_v213
-956357048,wp_wct_c_tint_29_t2_v46_n2
-956270206,vem_cmod_tyr_7_t18_v7
-956153435,vem_rwd_hiend_05_t19_v1
-956102921,packed_mp_veh_colour_extra1_0_v166
-956038358,vem_spt_14_t19_v3
-956028275,vem_smod_whlv72_t66_v0
-956014812,packed_mp_veh_mod_idx_12_v75
-956001124,packed_mp_veh_colour_extra2_0_v363
-955936382,vem_bumper_f_0_t34_v30
-955894029,m_cl_clo_bim_decl_54_t100_v0
-955877056,packed_mp_veh_colour2_0_v332
-955772179,packed_mp_veh_mod_idx_8_v289
-955751624,m_cl_clo_apm_u_23_7_t11_v1
-955705863,packed_mp_veh_mod_idx_15_v2
-955678286,packed_mp_veh_mod_idx_7_v54
-955589827,f_cl_clo_suf_l_1_11_t4_v1
-955548065,packed_mp_veh_secondary_colour_group_v317
-955544157,packed_mp_veh_mod_idx_s_20_v127
-955489094,m_cl_clo_s1m_u_3_4_t11_v1
-955464428,packed_mp_veh_mod_idx_s_14_v182
-955245434,vem_supermod_43_3_t43_v7
-955087020,service_earn_ambient_job_xmas_mugger
-955065537,f_cl_clo_bbf_111_t4_v1
-955022096,packed_mp_veh_mod_idx_2_v268
-954945622,packed_mp_veh_mod_idx_14_v8
-954890865,f_cl_clo_vwf_b_11_0_t1_v1
-954816585,m_cl_clo_grm_u_16_7_t11_v1
-954806194,packed_ng_vehicle_neon_kit_v168
-954774273,packed_mp_veh_mod_idx_s_6_v409
-954749718,wp_wct_clip2_t1_v13
-954694657,packed_lr_vehicle_colour_6_v328
-954595551,packed_mp_veh_colour_extra1_0_v160
-954525247,packed_ng_vehicle_bpt_v60
-954518112,f_cl_clo_l2f_dec_17_t11_v1
-954508676,packed_mp_veh_window_tint_0_v222
-954490976,packed_mp_veh_colour_extra1_0_v182
-954472429,m_cl_clo_scm_l_10_10_t4_v1
-954397768,m_cl_clo_h3m_u_9_21_t11_v1
-954370654,m_cl_clo_busm_l_1_2_t4_v1
-954126445,vem_colour_extra_1_mct_metallic_black_graphite_t24_v0
-954053273,dec_vw_aw_wv_70
-954035280,packed_ng_vehicle_bpt_v342
-953980000,vem_colour_2_mct_metallic_orange_t25_v3
-953884054,packed_mp_veh_mod_idx_s_16_v338
-953844049,m_cl_clo_bbm_l_0_7_t4_v1
-953826369,packed_mp_veh_wheel_type_0_v141
-953810244,f_cl_clo_grf_f_0_14_t6_v1
-953743918,m_cl_clo_h2m_b_4_11_t1_v1
-953661795,packed_mp_veh_mod_idx_s_16_v301
-953658357,packed_mp_veh_mod_idx_18_v202
-953617520,m_cl_outfit_clo_bim_o_13_t12_v0
-953542789,packed_mp_veh_wheel_type_0_v279
-953514299,f_cl_clo_s2f_u_0_0_t8_v1
-953449044,packed_mp_veh_mod_idx_s_22_v183
-953436716,f_cl_f_fmf_8_11_t6_v0
-953358669,m_cl_clo_bhm_decl_18_t100_v0
-953322566,packed_mp_veh_mod_idx_6_v56
-953297887,f_cl_clo_hstf_o_17_t8_v12
-953249614,packed_mp_veh_mod_idx_s_13_v96
-953247670,packed_mp_veh_mod_idx_8_v69
-953195384,f_cl_clo_h2f_b_11_8_t1_v1
-953155267,packed_mp_veh_mod_idx_4_v78
-953054912,packed_mp_veh_colour1_0_v86
-953023119,vem_cmod_neoncol_11_t21_v35
-952989218,vem_rwd_drft_12_t19_v3
-952972168,m_cl_clo_valm_s_0_2_t8_v1
-952883027,vem_hiend_20_t19_v3
-952861431,packed_ng_vehicle_neon_v308
-952842285,vem_bumper_f_8_t34_v38
-952822166,packed_mp_veh_mod_idx_9_v272
-952802721,f_cl_clo_suf_decl_23_t100_v0
-952766656,packed_mp_veh_colour_extra1_0_v397
-952712391,m_cl_clo_l2m_e_21_0_t14_v1
-952682708,packed_mp_veh_secondary_colour_group_v165
-952653433,ve_molotok_t1_v33
-952621644,f_cl_clo_apf_u_17_4_t11_v1
-952594531,m_cl_clo_sum_u_4_8_t11_v1
-952592837,f_cl_clo_awf_u_9_23_t11_v1
-952583718,vem_musc_02_t19_v1
-952569971,packed_lr_vehicle_colour_6_v104
-952555608,vem_colour_extra_1_mct_metallic_dark_green_t24_v2
-952520184,m_cl_clo_x6m_u_1_12_t11_v1
-952501332,f_cl_clo_h2f_o_g_22_t8_v12
-952492148,m_cl_clo_bbm_w_1_2_t14_v1
-952489828,f_cl_clo_vwf_u_7_0_t11_v1
-952477748,f_cl_clo_ief_l_4_2_t4_v1
-952329646,f_cl_clo_bhf_u_0_10_t11_v1
-952281906,packed_mp_veh_mod_idx_10_v88
-952202616,vem_rwd_loride_06_t19_v2
-952194017,vem_cmod_tyr_12_t18_v37
-952072686,vem_colour_extra_1_mct_metallic_black_t24_v0
-952027292,packed_mp_veh_mod_idx_9_v115
-951980528,packed_mp_veh_window_tint_0_v323
-951955692,mba_floor1_9_t0_v0
-951904201,packed_mp_veh_mod_idx_16_v195
-951759461,packed_mp_veh_mod_idx_s_5_v283
-951750585,packed_ng_vehicle_neon_kit_v312
-951701577,packed_mp_veh_mod_idx_16_v169
-951663669,packed_mp_veh_mod_idx_0_v40
-951507877,wp_wm_tint1_t2_v11
-951485665,m_cl_clo_arm_ph_0_12_t14_v1
-951473284,packed_mp_veh_mod_idx_1_v395
-951468380,m_cl_clo_s1m_u_4_3_t11_v1
-951445644,packed_mp_veh_mod_idx_9_v261
-951435900,packed_mp_veh_livery2_0_v383
-951364522,f_cl_clo_vwf_b_4_0_t1_v1
-951350862,f_cl_clo_x2f_o_2_t8_v12
-951331665,m_cl_clo_scm_ey_0_22_t14_v1
-951302183,f_cl_clo_trf_u_18_0_t11_v1
-951190550,packed_mp_veh_mod_idx_15_v281
-951134544,f_cl_clo_awf_b_10_0_t1_v1
-951064973,m_cl_clo_sum_u_8_0_t11_v1
-951060365,vem_colour_2_mct_metallic_blaze_red_t25_v0
-950981285,m_cl_clo_iem_u_6_9_t11_v1
-950943150,packed_lr_vehicle_colour_5_v110
-950911327,wp_gsa_type_r_t0_v13
-950855625,f_cl_clo_vwf_u_4_20_t11_v1
-950761963,m_cl_clo_smm_u_7_1_t11_v1
-950732175,packed_mp_veh_mod_idx_s_14_v261
-950646188,vem_horn_cnote_g0_t10_v29
-950631322,vem_grill_8_t8_v1
-950616809,m_cl_u_fmm_8_0_t11_v0
-950571392,packed_ng_vehicle_bpt_v120
-950395131,m_cl_clo_indm_d_24_t8_v1
-950376145,packed_mp_veh_mod_idx_12_v259
-950374302,packed_ng_vehicle_neon_v280
-950374108,mp_stat_mpsv_model_167
-950301113,f_cl_clo_indf_d_2_t11_v1
-950272941,f_cl_clo_h3f_b_9_4_t1_v1
-950264405,m_cl_clo_lxm_e_0_0_t14_v1
-950161511,packed_mp_veh_colour1_0_v255
-950109157,packed_mp_veh_mod_idx_0_v236
-950087612,vem_supermod_3_34_t44_v3
-950007566,m_cl_clo_bbm_e_0_5_t14_v1
-949968255,m_cl_clo_vem_dec_41_t100_v0
-949817642,packed_mp_veh_mod_idx_2_v153
-949808539,packed_mp_veh_mod_idx_s_18_v69
-949807569,f_cl_clo_v2f_o_9_t6_v12
-949608452,vem_supermod_47_0_t47_v7
-949568988,f_cl_outfit_clo_h3f_o_jan_4_t12_v0
-949543256,packed_mp_veh_primary_colour_group_v96
-949541614,f_cl_clo_vwf_pey_118_t14_v1
-949539454,packed_lr_vehicle_colour_5_v214
-949531632,m_cl_outfit_clo_h4m_o_l1_m3_t12_v0
-949141824,packed_mp_veh_mod_idx_s_0_v100
-949027632,packed_mp_veh_mod_idx_s_21_v219
-948966810,wp_wct_tint_22_t2_v56_n2
-948961077,packed_mp_veh_mod_var_1_v214
-948741808,f_cl_clo_trf_u_5_4_t11_v1
-948733727,m_cl_clo_stm_o_16_t3_v12_cesp
-948615289,f_cl_clo_grf_u_8_2_t11_v1
-948570642,vem_colour_1_mct_metallic_lava_red_t24_v1
-948511523,packed_mp_veh_mod_idx_7_v105
-948463845,f_ha_cc_eyebrw_3_t2_v0
-948439362,packed_mp_veh_mod_idx_14_v151
-948419557,vem_bumper_r_16_t35_v0
-948351230,vem_colour_extra_1_mct_metallic_cream_t24_v4
-948283461,f_cl_clo_fxf_pe_3_6_t14_v1
-948230901,m_cl_clo_fxm_l_4_19_t4_v1
-948195939,wp_wct_c_tint_20_t2_v13_n2
-948123650,m_cl_clo_bhm_u_4_1_t11_v1
-948056660,wp_wct_clip1_t1_v1_n2
-948036528,packed_mp_veh_mod_idx_s_15_v165
-947979775,packed_mp_veh_colour2_0_v339
-947941090,packed_mp_veh_mod_idx_3_v268
-947857078,vem_colour_extra_1_mct_metallic_white_t24_v33
-947822037,vem_fender_r_5_t37_v1
-947810878,packed_mp_veh_mod_idx_s_21_v30
-947803901,f_cl_ht_fmf_9_7_t14_v0
-947785896,packed_mp_veh_mod_idx_s_13_v201
-947650892,vem_smod_whlv38_t66_v0
-947632200,vem_horn_luxe1_t10_v37
-947590559,packed_mp_veh_mod_idx_s_10_v130
-947549582,packed_ng_vehicle_neon_kit_v53
-947502657,m_cl_o_fmm_s3_t8_v12
-947336805,packed_mp_veh_mod_idx_7_v381
-947304834,m_cl_clo_fxm_pe_3_2_t14_v1
-947111670,packed_mp_veh_mod_idx_9_v129
-946996460,f_cl_clo_sbf_ph_6_8_t14_v1
-946953460,m_cl_clo_og_decl_1_t100_v0
-946923426,packed_mp_veh_mod_idx_9_v373
-946812192,packed_ng_vehicle_bpt_v259
-946794494,vem_cmod_tyr_4_t18_v5
-946775664,f_cl_clo_lxf_u_6_18_t11_v1
-946693959,vem_smod4_whlv132_t66_v3
-946654421,f_cl_clo_x6f_u_26_25_t11_v1
-946649814,m_cl_clo_sum_u_9_0_t11_v1
-946622622,packed_mp_veh_mod_idx_16_v118
-946545295,wp_wct_c_tint_25_t2_v48_n2
-946523639,vem_supermod_5_8_t46_v27
-946432737,packed_lr_vehicle_colour_5_v403
-946399405,f_ha_cc_f_hs_1_t0_v0
-946392194,f_cl_clo_h2f_b_8_7_t1_v1
-946325947,f_cl_clo_l2f_dec_11_t11_v1
-946239894,ve_diablous_t0_v0
-946235861,vem_drft_16_t19_v1
-946080866,packed_mp_veh_mod_idx_12_v227
-946054738,f_cl_clo_hstf_o_c_1_t3_v12
-946018162,vem_smod3_whlv91_t66_v3
-945924899,f_cl_clo_sbf_b_10_15_t1_v1
-945900368,vem_smod2_whl8_t19_v3
-945895659,f_ha_cc_f_hs_17_t0_v1
-945885061,f_cl_clo_suf_u_15_2_t11_v1
-945766553,m_cl_clo_hp_h_2_1_t14_v1
-945731606,packed_mp_veh_mod_idx_s_23_v255
-945576434,m_cl_clo_bhm_u_5_7_t11_v1
-945547117,vem_colour_2_mct_metallic_lime_green_t25_v1
-945458230,packed_mp_veh_mod_idx_4_v390
-945451437,packed_mp_veh_mod_idx_s_15_v210
-945194590,packed_mp_veh_colour2_0_v301
-945084919,packed_mp_veh_mod_idx_s_1_v46
-944843215,f_cl_clo_s1f_u_3_3_t11_v1
-944837742,pr_pm_gnumber_8_t0_v0
-944836049,f_cl_g_fmf_1_7_t14_v0
-944795994,vem_supermod_54_4_t54_v7
-944776751,vem_supermod_23_4_t64_v7
-944690406,vem_cmod_exp_1_t20_v38
-944613220,packed_ng_vehicle_neon_kit_v244
-944532627,packed_mp_veh_livery_0_v39
-944403759,wp_wt_cmpgl_t0_v0
-944161030,packed_mp_veh_mod_idx_18_v324
-944141570,f_cl_clo_arf_u_2_6_t11_v1
-944074708,vem_supermod_1_23_t42_v3
-944021339,packed_mp_veh_mod_idx_10_v381
-943967125,packed_mp_veh_mod_idx_s_23_v109
-943874826,vem_supermod_49_2_t49_v7
-943831750,vem_rwd_spt_13_t19_v12
-943743346,vem_rwd_drft_17_t19_v2
-943735337,packed_mp_veh_mod_idx_15_v196
-943728851,veu_insurgent3_t0_v0
-943699789,f_cl_clo_smf_decl_0_t100_v0
-943657066,vem_colour_extra_1_mct_pearlescent_ultra_blue_t24_v2
-943595214,vem_colour_extra_1_mct_pearlescent_grace_red_t24_v4
-943571587,vem_supermod_3_10_t44_v27
-943514433,vem_horn_lowrder1_t10_v2
-943474701,packed_mp_veh_mod_idx_s_19_v412
-943472819,vem_supermod_7_8_t48_v28
-943462693,m_cl_clo_hilf_u_0_1_t11_v1
-943378250,f_cl_clo_s2f_d_20_t100_v0
-943359130,m_cl_clo_iem_u_7_6_t11_v1
-943148356,f_cl_clo_scf_b_1_1_t1_v1
-943121096,packed_ng_vehicle_insurance_v204
-943094811,packed_mp_veh_mod_idx_s_9_v295
-943031548,vem_colour_1_mct_classic_midnight_blue_t24_v2
-942898044,packed_mp_veh_mod_var_0_v53
-942894832,wp_wct_camo_ind_t1_v21_n2
-942694190,packed_mp_veh_mod_idx_22_v387
-942555498,vem_horn_clas1_t10_v27
-942544542,m_cl_clo_sum_u_10_5_t11_v1
-942537587,vem_colour_2_mct_classic_mariner_blue_t25_v3
-942497481,vem_colour_1_mct_classic_cabernet_red_t24_v4
-942478726,f_cl_clo_lxf_dec_5_t100_v0
-942470896,vem_colour_extra_1_mct_pearlescent_bright_purple_t24_v3
-942366852,packed_mp_veh_mod_idx_5_v150
-942299098,packed_mp_veh_mod_idx_s_6_v204
-942272541,packed_mp_veh_mod_idx_0_v102
-942246220,packed_mp_veh_mod_idx_11_v40
-942174813,f_cl_clo_bif_u_16_0_t11_v1
-942174763,m_cl_clo_hstm_o_17_t8_v12
-942049565,vem_cmod_tyr_5_t18_v32
-941987556,packed_mp_veh_mod_idx_s_7_v322
-941903478,vem_rwd_spt_23_t19_v12
-941808260,packed_mp_veh_primary_colour_group_v395
-941628291,vem_supermod_0_10_t41_v7
-941586308,packed_ng_vehicle_neon_kit_v89
-941561322,packed_mp_veh_mod_idx_2_v108
-941539681,m_cl_clo_vwm_u_6_15_t11_v1
-941431637,packed_mp_veh_mod_idx_s_15_v374
-941387709,vem_rwd_suv_09_t19_v1
-941386356,m_cl_u_fmm_12_5_t11_v0
-941244946,f_cl_clo_grf_u_10_5_t11_v1
-941235747,vem_insurance_xls
-941222057,f_cl_clo_trf_u_7_3_t11_v1
-941174099,packed_mp_veh_mod_idx_s_16_v165
-940933249,m_cl_clo_scm_u_0_16_t11_v1
-940860840,vem_supermod_23_13_t64_v3
-940826018,m_cl_clo_h4m_b_0_9_t1_v1
-940800964,vem_cmod_tyr_9_t18_v29
-940767395,f_cl_clo_grf_u_19_22_t11_v1
-940713608,packed_mp_veh_mod_var_1_v95
-940603851,vem_supermod_5_16_t46_v3
-940556707,f_cl_clo_grf_u_13_3_t11_v1
-940538090,f_cl_outfit_clo_ltsf_o_13_t12_v0
-940483720,f_cl_clo_trf_f_1_2_t6_v1
-940456235,packed_mp_veh_mod_idx_0_v357
-940437724,f_cl_outfit_clo_lxf_o_5_t12_v0
-940157097,f_cl_clo_fxf_ph_6_2_t14_v1
-940146312,wp_wm_tint6_t2_v26
-940127946,packed_mp_veh_mod_idx_s_4_v168
-940113567,packed_mp_veh_mod_idx_8_v364
-940070389,vem_smod_whlv61_t66_v0
-940050850,m_cl_clo_grm_f_1_6_t6_v1
-940045315,f_cl_clo_sbf_l_2_19_t4_v1
-940020662,wh_index_18_t0_v0
-940002154,m_cl_clo_h4m_t_8_2_t7_v1
-939983536,vem_supermod_54_11_t54_v7
-939944635,vem_trans_0_t16_v32
-939852459,vem_cmod_win_0_t33_v5
-939820901,packed_ng_vehicle_neon_v313
-939738997,vem_horn_xm15_1_t10_v33
-939700679,f_ta_tat_bi_036_t0_v0_cesp
-939528649,m_cl_clo_val_decl_d_t8_v1
-939526678,packed_mp_veh_mod_idx_s_22_v365
-939492374,f_cl_clo_h2f_b_5_4_t1_v1
-939440976,f_cl_clo_x6f_lw_0_0_t14_v1
-939424498,packed_mp_veh_mod_idx_11_v278
-939400409,f_cl_clo_bif_pw_7_0_t14_v1
-939349726,packed_mp_veh_mod_idx_8_v224
-939224057,vem_supermod_4_1_t45_v11
-939219747,f_cl_outfit_clo_v2f_o_0_t12_v0
-939141887,f_cl_clo_x6f_lw_0_2_t14_v1
-939114576,packed_mp_veh_mod_var_0_v229
-939100843,m_cl_u_fmm_11_0_t11_v0
-939057434,packed_mp_veh_window_tint_0_v30
-939026525,vem_smod4_whlv82_t66_v3
-938966804,vem_supermod_12_2_t53_v10
-938964724,vem_smod2_whlv45_t66_v3
-938963763,vem_smod4_whlv165_t66_v0
-938882905,mlr_rewards_awarded0_v0
-938731427,vem_supermod_2_9_t43_v3
-938663068,packed_mp_veh_mod_idx_s_6_v326
-938576582,f_cl_clo_vwf_pe_3_2_t14_v1
-938528878,m_cl_clo_smm_b_1_16_t1_v1
-938431061,f_cl_clo_trf_u_16_0_t11_v1
-938419487,packed_mp_veh_livery2_0_v315
-938370195,packed_mp_veh_mod_idx_1_v8
-938322599,vem_bumper_r_16_t35_v38
-938307837,f_cl_clo_trf_u_6_7_t11_v1
-938182634,packed_mp_veh_mod_idx_10_v272
-938136320,f_cl_clo_awf_o_c_6_t8_v12
-938083757,f_cl_clo_ief_u_7_6_t11_v1
-937935886,vem_supermod_50_1_t50_v7
-937895914,m_cl_u_fmm_9_13_t11_v0
-937879077,packed_mp_veh_mod_idx_16_v191
-937836906,packed_mp_veh_livery2_0_v405
-937833613,vem_grill_17_t8_v3
-937748047,f_cl_outfit_clo_awf_o_b_3_t12_v0
-937718995,m_cl_clo_bhm_u_10_17_t11_v1
-937669714,f_cl_clo_hst_f_a_8_t100_v0
-937631953,m_cl_clo_vwm_ph_1_17_t14_v1
-937627473,m_cl_clo_vwm_u_6_25_t11_v1
-937446818,f_cl_outfit_clo_l2f_o_5_t12_v0
-937432010,f_cl_clo_trf_decl_13_t100_v0
-937378964,packed_mp_veh_mod_idx_s_17_v299
-937301143,mp_stat_missionforwhouse0_v0
-937260730,ve_lguard_t0_v3
-937235660,packed_mp_veh_mod_idx_s_13_v312
-937206190,vem_cmod_neonlay_4_t21_v31
-937133037,packed_mp_veh_mod_idx_2_v82
-937130726,packed_mp_veh_mod_idx_16_v13
-937084688,packed_mp_veh_secondary_colour_group_v162
-937010753,ve_hunter_t1_v34
-936821505,f_cl_clo_grf_u_0_11_t11_v1
-936785735,vem_supermod_21_12_t62_v3
-936726095,packed_mp_veh_mod_idx_s_15_v187
-936700986,f_cl_clo_grf_u_21_12_t11_v1
-936673889,vem_colour_2_mct_classic_olive_green_t25_v0
-936648994,m_cl_clo_lxm_w_0_2_t14_v1
-936512038,m_cl_clo_exm_decl_12_t100_v0
-936438365,packed_mp_veh_mod_idx_0_v380
-936411400,packed_mp_veh_mod_idx_5_v342
-936261376,f_cl_clo_fxf_l_5_3_t4_v1
-936127661,vem_cmod_neonlay_4_t21_v11
-936125959,packed_mp_veh_mod_idx_6_v146
-936037499,vem_smod4_whlv53_t66_v0
-936005390,m_cl_clo_h4m_decl_41_t11_v1
-935971201,vem_hood_14_t9_v1
-935847096,packed_mp_veh_mod_idx_s_12_v233
-935693500,f_ha_cc_mkup_37_t7_v1
-935594192,packed_ng_vehicle_neon_v337
-935534056,dec_vw_aw_ss_5
-935529913,f_cl_he_fmf_18_3_t14_v0
-935507728,packed_mp_veh_plate_id_v308
-935470635,packed_mp_veh_mod_idx_4_v132
-935461442,vem_supermod_23_27_n1_t64_v3
-935402998,packed_mp_veh_mod_idx_2_v324
-935402809,m_cl_clo_hp_w_0_2_t14_v0
-935398658,f_cl_o_fmf_s3_t3_v12
-935352659,packed_mp_veh_mod_idx_s_18_v113
-935106848,vem_cmod_smoke_13_t18_v31
-934960414,m_cl_clo_bhm_u_9_7_t11_v1
-934923021,wp_wt_gnade_smk_t2_v1
-934817229,m_cl_clo_awm_decl_15_t100_v0
-934763802,vem_armour_2_t1_v36
-934597335,packed_mp_veh_mod_var_0_v99
-934465332,service_earn_ambient_job_blast
-934430137,m_ta_tat_st_036_t0_v0
-934303150,packed_mp_veh_mod_idx_0_v179
-934301833,vem_hood_2_t9_v11
-934298444,packed_mp_veh_colour2_0_v288
-934284275,f_cl_clo_awf_b_12_9_t1_v1
-934266293,f_cl_clo_grf_u_20_9_t11_v1
-934251575,packed_mp_veh_mod_idx_24_v228
-934184408,m_cl_clo_fxm_pe_1_0_t14_v1
-934179754,packed_mp_veh_mod_idx_s_2_v239
-934113905,f_cl_clo_s2f_l_0_0_t4_v1
-934093149,packed_mp_veh_livery2_0_v288
-934054439,vem_rwd_drft_22_t19_v3
-933779834,m_cl_clo_v2m_u_1_6_t11_v1
-933685040,packed_mp_veh_mod_var_1_v43
-933579665,packed_mp_veh_mod_idx_11_v383
-933572064,m_cl_clo_iem_u_6_0_t11_v1
-933556063,packed_ng_vehicle_neon_kit_v94
-933556017,m_cl_ht_fmm_15_2_t14_v0
-933413365,packed_mp_veh_mod_idx_14_v325
-933412796,vem_smod5_whlv25_t66_v3
-933361993,packed_mp_veh_mod_idx_s_8_v70
-933361574,m_cl_clo_x6m_u_20_2_t11_v1
-933214000,packed_mp_veh_mod_idx_6_v257
-933180773,packed_mp_veh_mod_idx_18_v67
-933117841,f_cl_clo_h3f_ph_9_7_t14_v1
-933007139,f_cl_clo_smf_o_8_t8_v12
-932985715,f_cl_clo_hstfb_22_16_t1_v1
-932922101,packed_mp_veh_mod_idx_9_v140
-932791605,mp_stat_arcade_mac_10
-932726489,vem_hood_2_t9_v4
-932684854,m_cl_clo_awm_b_8_0_t1_v1
-932683814,vem_colour_extra_1_mct_metallic_blaze_red_t24_v4
-932670625,packed_mp_veh_mod_idx_5_v271
-932554950,dec_vw_aw_ls_10b
-932482662,m_cl_clo_l2m_dec_18_t11_v1
-932456865,m_cl_clo_bim_s_11_9_t8_v1
-932364743,f_cl_clo_x6f_u_26_0_t11_v1
-932362794,f_ta_tat_x2_010_t0_v0
-932334220,packed_ng_vehicle_neon_kit_v113
-932324401,packed_mp_veh_mod_idx_s_0_v201
-932227107,m_cl_clo_assm_o_0_t3_v12
-932207572,packed_mp_veh_colour2_0_v0
-932128058,ve_greenwood_t1_v38
-932106960,vem_insurance_virgo
-931992796,f_cl_g_fmf_1_1_t14_v0
-931964185,vem_cmod_tyr_5_t18_v29
-931956654,vem_truck_slot_6_mod_2_t0_v0
-931944555,packed_mp_veh_primary_colour_group_v23
-931942736,f_cl_clo_sbf_u_18_4_t11_v1
-931905326,packed_mp_veh_mod_idx_9_v167
-931895615,m_cl_clo_scm_l_10_4_t4_v1
-931879929,m_cl_clo_sbm_ph_8_0_t14_v1
-931866298,packed_mp_veh_mod_idx_s_8_v201
-931704940,packed_mp_veh_mod_idx_s_4_v263
-931403941,pr_pm_modshop_17_t87_v0
-931331121,wh_index_5_t0_v0
-931317174,ve_casco_t1_v3
-931305318,packed_mp_veh_mod_idx_s_23_v320
-931195795,vem_horn_luxe2_t10_v7
-931057271,vem_smod_whl3_t19_v12
-930973746,vem_smod4_whlv99_t66_v3
-930938625,f_cl_clo_busf_l_0_8_t4_v1
-930912656,vem_trans_0_t16_v4
-930900582,kosatk_fla_2_t0_v1
-930867272,f_cl_clo_grf_decl_25_t10_v1
-930844003,vem_colour_2_mct_classic_torino_red_t25_v0
-930819735,f_cl_outfit_clo_assf_o_1_t12_v0
-930741369,vem_supermod_43_5_t43_v7
-930725543,mp_stat_multstorey_gar_tint_f2_v0
-930721896,f_cl_clo_suf_u_16_6_t11_v1
-930648412,packed_mp_veh_mod_idx_1_v301
-930645774,m_cl_clo_grm_u_2_13_t11_v1
-930633687,packed_ng_vehicle_insurance_v287
-930611960,vem_colour_extra_1_mct_matte_black_t24_v2
-930511721,vem_colour_extra_1_mct_metallic_graphite_t24_v0
-930470086,vem_rwd_offr_05_t19_v12
-930400410,packed_mp_veh_mod_idx_s_3_v375
-930384851,f_cl_clo_scf_u_4_17_t11_v1
-930285766,packed_mp_veh_mod_idx_s_22_v142
-930255974,packed_mp_veh_mod_idx_s_7_v335
-930160364,vem_supermod_11_15_t52_v3
-930111511,packed_mp_veh_colour_extra2_0_v17
-930104477,service_spend_employ_assassins
-929970595,packed_mp_veh_mod_idx_0_v42
-929949451,packed_mp_veh_primary_colour_group_v245
-929937474,f_cl_clo_smf_decl_6_t100_v0
-929919753,vem_colour_mct_none_37
-929855872,m_cl_clo_h4m_ph_1_7_t14_v1
-929841084,f_cl_clo_hstf_b_9_0_t1_v1
-929726007,packed_mp_veh_mod_idx_22_v259
-929717165,f_cl_clo_vwf_u_21_3_t11_v1
-929715133,m_cl_clo_sum_u_2_3_t11_v1
-929709722,packed_mp_veh_mod_var_1_v301
-929649713,packed_mp_veh_mod_idx_16_v251
-929616371,vem_rwd_hiend_19_t19_v2
-929564847,vem_rwd_bikew_27_t19_v3
-929458333,packed_mp_veh_mod_idx_s_5_v363
-929438522,packed_ng_vehicle_insurance_v197
-929429039,m_cl_clo_apm_u_1_1_t11_v1
-929364653,packed_mp_veh_mod_idx_s_12_v6
-929331682,packed_mp_veh_mod_var_0_v59
-929307796,packed_mp_veh_colour_extra1_0_v234
-929295340,packed_mp_veh_mod_idx_s_8_v26
-929184167,m_cl_clo_h3m_u_10_2_t11_v1
-929070957,vem_rwd_spt_06_t19_v3
-929002558,f_cl_clo_hp_f_h_1_0_t14_v0
-928991041,f_ha_cc_mkup_47_t5_v0
-928966450,packed_mp_veh_mod_idx_s_12_v284
-928899966,vem_armour_5_t1_v28
-928799828,m_cl_clo_x6m_b_2_15_t1_v1
-928788237,packed_mp_veh_mod_idx_s_17_v385
-928637261,packed_mp_veh_mod_idx_s_10_v13
-928609909,packed_mp_veh_mod_idx_s_4_v73
-928587924,packed_mp_veh_mod_idx_22_v229
-928586912,vem_rwd_spt_21_t19_v2
-928462733,packed_mp_veh_mod_idx_11_v350
-928438884,packed_mp_veh_mod_idx_s_15_v395
-928430140,packed_mp_veh_mod_idx_0_v97
-928401131,packed_mp_veh_mod_idx_9_v104
-928389557,vem_smod4_whlv72_t66_v2
-928331533,packed_mp_veh_mod_idx_0_v69
-928162374,packed_ng_vehicle_neon_kit_v259
-928127956,m_cl_clo_vwm_pw_4_5_t14_v1
-928111301,packed_mp_veh_mod_idx_s_6_v246
-928110892,packed_mp_veh_colour_extra1_0_v370
-928089955,m_cl_clo_exm_ef_0_5_t6_v1
-928037902,vem_turbo_1_t17_v28
-928034263,vem_smod5_whlv195_t66_v3
-927994792,packed_mp_veh_mod_idx_2_v391
-927985290,vem_smod4_whlv184_t66_v3
-927938232,f_ta_tat_gr_006_t0_v0
-927934637,packed_mp_veh_mod_idx_s_19_v93
-927837389,packed_ng_vehicle_smoke_v414
-927789694,packed_mp_veh_mod_idx_s_13_v118
-927733886,pr_pm_modshop_8_t90_v0
-927728126,packed_mp_veh_mod_idx_s_4_v32
-927686253,f_cl_clo_smf_u_2_8_t11_v1
-927642171,vem_colour_extra_1_mct_pearlescent_blue_silver_t24_v1
-927606494,packed_mp_veh_mod_idx_s_6_v180
-927524534,packed_mp_veh_mod_idx_s_3_v211
-927512038,vem_horn_luxe1_t10_v30
-927502853,packed_mp_veh_secondary_colour_group_v274
-927406844,f_cl_u_fmf_3_1_t11_v0
-927374257,packed_mp_veh_mod_idx_16_v338
-927360408,vem_colour_extra_1_mct_pearlescent_cast_iron_sil_t24_v3
-927219083,f_cl_clo_s1f_t_1_0_t7_v1
-927205874,vem_yacht_flag_2_v0
-927201842,packed_mp_veh_mod_idx_23_v266
-927115933,f_ta_tat_fx_020_t0_v0
-927068761,packed_mp_veh_wheel_type_0_v264
-926968399,packed_mp_veh_mod_idx_4_v178
-926953034,f_cl_clo_exf_ob_2_t3_v12
-926938064,m_cl_clo_awm_u_1_3_t11_v1
-926908057,packed_mp_veh_plate_id_v215
-926903165,packed_mp_veh_mod_idx_s_16_v96
-926873898,vem_exhaust_6_t6_v1
-926753621,f_cl_clo_x6f_u_24_23_t11_v1
-926743662,wp_wct_c_tint_18_t2_v56_n2
-926672661,packed_ng_vehicle_neon_kit_v26
-926665801,packed_mp_veh_mod_idx_10_v324
-926472900,ve_imperator2_t1_v38
-926289283,packed_mp_veh_mod_idx_8_v17
-926259969,m_cl_clo_x6m_t_8_1_t7_v1
-926238780,packed_mp_veh_mod_idx_s_9_v140
-926095180,m_cl_outfit_clo_stm_o_e_0_t12_v0
-926078419,vem_supermod_8_9_t49_v7
-926025081,ve_ztype_t0_v3
-925943035,vem_cmod_neonlay_0_t21_v30
-925935709,m_cl_clo_hp_d_27_t8_v1
-925914691,m_cl_clo_bim_u_9_1_t11_v1
-925841966,m_cl_clo_vwm_u_8_12_t11_v1
-925677059,packed_ng_vehicle_bpt_v225
-925642319,vem_rwd_bikew_16_t19_v4
-925640085,f_cl_clo_smf_ph_8_8_t14_v1
-925590904,packed_mp_veh_colour_extra2_0_v380
-925539496,vem_colour_2_mct_classic_midnight_silver_t25_v33
-925536661,m_cl_clo_awm_f_0_17_t6_v1
-925319966,m_ta_tat_x6_001_t0_v0
-925307366,vem_supermod_20_8_t61_v26
-925300621,f_cl_clo_sbf_l_3_7_t4_v1
-925299540,packed_mp_veh_mod_idx_s_9_v288
-925292279,m_cl_l_fmm_14_1_t4_v0
-925262857,mp_stat_mpsv_model_249
-925170178,vem_chassis_3_t4_v35
-925114207,packed_mp_veh_window_tint_0_v263
-925071036,packed_mp_veh_mod_idx_s_21_v93
-925058230,packed_mp_veh_mod_idx_15_v408
-924960477,vem_horn_indi_3_t10_v1
-924947753,packed_mp_veh_mod_idx_s_11_v135
-924937195,m_cl_clo_awm_decl_9_t100_v0
-924888156,dec_vw_aw_ls_14h
-924870886,vem_livery2_3_t39_v3
-924822647,f_cl_clo_grf_b_2_4_t1_v1
-924801612,f_cl_clo_x6f_f_5_22_t6_v1
-924714959,f_ha_cc_f_hs_7_t0_v2
-924687844,vem_bumper_f_15_t34_v3
-924668886,vem_colour_1_mct_metallic_flur_yellow_t24_v3
-924667879,f_ta_tat_sb_021_t0_v0
-924651417,f_cl_clo_x6f_f_5_18_t6_v1
-924599194,f_cl_clo_h2f_u_6_22_t11_v1
-924555832,f_cl_clo_awf_l_0_8_t4_v1
-924549699,packed_mp_veh_mod_var_0_v299
-924549224,packed_mp_veh_mod_idx_s_23_v366
-924515447,f_cl_clo_fxf_u_5_2_t11_v1
-924510715,m_cl_u_fmm_1_5_t8_v1
-924480218,vem_colour_2_mct_metallic_spin_purple_t25_v3
-924470038,m_cl_clo_vwm_pe_1_1_t14_v1
-924392460,packed_mp_veh_mod_idx_7_v265
-924375732,m_cl_clo_iem_l_2_6_t4_v1
-924280098,m_cl_clo_awm_decl_56_t100_v0
-924175997,f_cl_clo_h3f_b_9_9_t1_v1
-924141518,vem_colour_5_beechwood_brown_t38_v3
-924098866,vem_spoiler_1_t14_v1
-924073161,ve_hakuchou_t0_v4
-924035565,f_cl_clo_sbf_e_0_7_t14_v1
-924023771,wp_wct_scope_pi_t1_v47_n2
-923998507,packed_mp_veh_mod_idx_s_7_v52
-923958001,m_cl_clo_smm_u_1_1_t11_v1
-923859982,m_cl_clo_busm_l_1_3_t4_v1
-923791444,vem_supermod_17_14_t58_v27
-923707799,m_ha_cc_eyebrw_25_t2_v0
-923706840,f_cl_clo_hstf_o_c_0_t8_v12
-923675660,m_cl_clo_smm_b_7_19_t1_v1
-923558832,packed_ng_vehicle_smoke_v323
-923522938,f_cl_outfit_clo_ief_o_0_t12_v0
-923500631,f_cl_l_fmf_12_12_t4_v0
-923479911,f_cl_clo_h4f_plw_011_t14_v1
-923424129,f_cl_clo_lxf_o_7_t8_v12
-923331622,f_cl_clo_hp_f_g_0_4_t14_v1
-923227544,packed_mp_veh_mod_idx_s_6_v206
-923088852,packed_mp_veh_mod_idx_s_14_v154
-923081705,packed_mp_veh_mod_idx_s_1_v220
-923068965,m_cl_clo_x6m_u_0_25_t11_v1
-923008112,vem_supermod_3_0_t44_v37
-922850890,vem_smod4_whlv205_t66_v1
-922808177,packed_mp_veh_mod_idx_s_10_v207
-922700122,packed_ng_vehicle_neon_kit_v115
-922697308,m_cl_clo_x6m_ey_3_25_t14_v1
-922677195,m_cl_clo_smm_b_6_2_t1_v1
-922627015,packed_mp_veh_mod_idx_24_v76
-922398800,m_cl_clo_trm_u_9_0_t11_v1
-922378995,packed_mp_veh_mod_idx_s_2_v301
-922248937,vem_smod_whl15_t19_v3
-922219546,vem_supermod_58_3_t58_v7
-922096814,vem_cmod_col3_c_t25_v2
-922052294,vem_hiend_15_t19_v12
-922001951,f_cl_clo_trf_u_8_6_t11_v1
-921914294,packed_mp_veh_mod_idx_s_11_v237
-921811980,packed_mp_veh_livery2_0_v379
-921805628,m_ta_tat_h3_015_t0_v0
-921773848,m_cl_clo_grm_b_5_13_t1_v1
-921692852,packed_mp_veh_mod_idx_s_12_v77
-921624524,packed_mp_veh_mod_idx_15_v245
-921588359,vem_brake_2_t2_v30
-921425710,packed_mp_veh_mod_idx_s_6_v373
-921345078,vem_supermod_19_0_t60_v5
-921269710,packed_mp_veh_mod_idx_s_7_v174
-921218515,f_cl_clo_fxf_ph_1_22_t14_v1
-921216872,vem_supermod_16_0_t57_v11
-921198256,vem_armour_2_t1_v27
-921167902,m_cl_clo_smm_u_3_8_t11_v1
-921136866,vem_supermod_3_25_t44_v3
-921058470,packed_mp_veh_mod_idx_s_14_v112
-920995376,vem_colour_extra_1_mct_classic_midnight_blue_t24_v33
-920975771,packed_mp_veh_mod_idx_s_1_v33
-920848152,f_cl_clo_grf_u_0_3_t11_v1
-920827666,packed_mp_veh_mod_idx_s_8_v109
-920711232,m_cl_clo_sbm_u_9_12_t11_v1
-920644167,f_cl_clo_ief_u_7_18_t11_v1
-920632344,packed_mp_veh_colour2_0_v125
-920518866,vem_smod_whlv174_t66_v0
-920518474,vem_colour_1_mct_matte_matte_desert_t24_v1
-920513431,packed_mp_veh_mod_idx_0_v373
-920486332,f_cl_clo_smf_decl_11_t100_v0
-920319922,packed_ng_vehicle_neon_v355
-920278621,packed_mp_veh_mod_idx_11_v248
-920269081,m_cl_clo_h2m_u_6_18_t11_v1
-920178948,vem_colour_2_mct_matte_light_grey_t25_v0
-920146828,packed_mp_veh_mod_idx_s_3_v128
-920139252,m_cl_clo_fxm_ph_7_1_t14_v1
-920064088,m_cl_clo_hilf_l_0_1_t4_v1
-920013941,vem_colour_extra_1_mct_classic_shadow_silver_t24_v33
-919773033,vem_cmod_hrn_mus2_t10_v5
-919622553,f_cl_clo_sbf_ph_5_2_t14_v1
-919563746,packed_mp_veh_mod_idx_s_5_v278
-919562846,packed_mp_veh_mod_idx_s_22_v178
-919520032,m_cl_clo_grm_u_14_17_t11_v1
-919507551,m_cl_clo_x6m_rw_1_3_t14_v1
-919499228,f_cl_ht_fmf_6_0_t14_v0
-919427628,mp_stat_mpsv_model_18
-919358276,f_cl_clo_hp_f_f_1_12_t6_v1
-919326756,packed_mp_veh_mod_idx_13_v9
-919220064,packed_mp_veh_mod_idx_s_16_v379
-919206413,vem_smod4_whlv88_t66_v1
-919187154,vem_supermod_3_8_t44_v3
-919115533,vem_supermod_0_3_t41_v10
-919111395,f_cl_clo_bhf_u_19_9_t11_v1
-919105026,vem_horn_clas3_t10_v29
-919010874,f_cl_clo_x6f_u_27_1_t11_v1
-918823577,vem_colour_1_mct_matte_yellow_t24_v3
-918810955,packed_mp_veh_colour_extra1_0_v227
-918793246,m_cl_clo_grm_decl_2_t100_v0
-918765891,packed_mp_veh_mod_idx_s_3_v368
-918739841,vem_supermod_12_2_t53_v3
-918715114,packed_mp_veh_mod_idx_7_v42
-918645752,f_cl_clo_grf_u_8_12_t11_v1
-918573547,vem_supermod_19_0_t60_v35
-918540236,m_cl_outfit_clo_grm_o_2_t12_v0
-918517351,vem_supermod_52_19_t52_v7
-918500343,packed_mp_veh_mod_idx_s_23_v260
-918435693,m_cl_m_fmm_6_3_t1_v0
-918340997,vem_colour_1_mct_chrome_chrome_t24_v3
-918296077,vem_supermod_5_11_t46_v26
-918206900,packed_mp_veh_mod_idx_11_v368
-918185349,f_cl_clo_arf_o_18_t8_v12
-918173691,f_cl_clo_stf_o_20_t11_v12
-918170998,packed_mp_veh_mod_idx_s_14_v106
-918123713,vem_fender_r_8_t37_v33
-918110346,packed_mp_veh_mod_idx_23_v119
-918108126,f_cl_f_fmf_3_12_t6_v0
-918088471,packed_mp_veh_mod_idx_s_10_v110
-918073332,vem_exhaust_8_t6_v1
-918055104,packed_mp_veh_mod_idx_s_7_v128
-918040154,m_cl_he_fmm_16_2_t14_v0
-918015972,vem_supermod_15_13_t56_v3
-917970018,packed_mp_veh_mod_idx_s_20_v199
-917912260,f_cl_clo_l2f_lw_3_1_t14_v1
-917818322,packed_mp_veh_mod_idx_6_v218
-917800676,m_cl_clo_h4m_u_7_7_t11_v1
-917724490,packed_mp_veh_mod_idx_s_2_v13
-917711113,packed_mp_veh_mod_idx_10_v111
-917683379,packed_mp_veh_mod_idx_s_21_v355
-917433689,vem_horn_indi_1_t10_v2
-917352221,packed_mp_veh_mod_idx_s_1_v352
-917344195,m_cl_clo_exm_al_11_1_t4_v1
-917282942,vem_colour_1_mct_metallic_sunrise_orange_t24_v0
-917214401,vem_smod2_whlv36_t66_v3
-917190731,m_cl_clo_grm_u_15_16_t11_v1
-917178815,packed_mp_veh_mod_idx_11_v35
-917170775,vem_supermod_10_0_t51_v36
-917159955,vem_cmod_col5_6_t29_v3
-917068012,fixer_hq_wal_6_t0_v0
-917067908,wp_wct_none_t1_v70_n2
-917041164,vem_colour_extra_1_mct_classic_sandy_brown_t24_v0
-917035084,f_cl_clo_ief_b_5_2_t1_v1
-916948180,vem_cmod_tyr_10_t18_v4
-916838336,vem_supermod_53_14_t53_v7
-916791737,f_cl_clo_smf_b_2_11_t1_v1
-916697174,vem_supermod_48_21_t48_v7
-916559424,f_ha_cc_eyebrw_32_t2_v1
-916398771,vem_grill_2_t8_v27
-916316311,f_cl_clo_h2f_ph_211_t14_v1
-916303747,m_cl_clo_h4m_pey_1_0_t14_v1
-916302187,vem_supermod_45_2_t45_v7
-916227800,packed_mp_veh_mod_idx_s_20_v397
-916208428,m_cl_clo_h3m_ph_5_8_t14_v1
-916105389,packed_mp_veh_mod_idx_s_16_v351
-915897262,kosatk_col_4_t0_v0
-915757944,vem_colour_1_mct_metallic_spin_purple_t24_v1
-915622531,packed_mp_veh_mod_idx_s_15_v198
-915606154,packed_ng_vehicle_neon_kit_v302
-915596652,m_cl_clo_vwm_pw_5_2_t14_v1
-915459013,vem_colour_extra_1_mct_metallic_black_graphite_t24_v1
-915378901,f_cl_clo_h3f_decl_23_t100_v0
-915353451,packed_mp_veh_window_tint_0_v82
-915276879,m_cl_clo_hp_d_16_t8_v1
-915192374,ve_burrito2_t0_v3
-915082200,packed_mp_veh_mod_idx_s_11_v105
-915075985,f_cl_outfit_clo_h3f_o_fib_1_t12_v0
-915045434,f_cl_clo_x4f_u_8_0_t11_v1
-914998517,packed_mp_veh_mod_idx_6_v339
-914956316,vem_cmod_neoncol_10_t21_v10
-914911359,vem_armour_0_t1_v10
-914878356,vem_exhaust_4_t6_v1
-914841813,f_cl_clo_h3f_b_0_0_t1_v1
-914810546,packed_mp_veh_secondary_colour_group_v241
-914766146,f_cl_clo_bhf_u_10_13_t11_v1
-914720478,f_cl_clo_scf_o_7_t3_v12
-914694306,vem_cmod_pla_4_t23_v3
-914629753,f_cl_clo_bhf_decl_29_t11_v1
-914592788,packed_mp_veh_mod_idx_s_23_v318
-914577656,vem_horn_indi_4_t10_v27
-914512865,f_cl_clo_bus_p_0_10_t14_v1
-914498946,packed_mp_veh_mod_idx_s_6_v183
-914497939,packed_mp_veh_livery_0_v188
-914449507,m_cl_clo_lxm_e_11_2_t14_v1
-914414852,packed_mp_veh_mod_idx_s_15_v40
-914300330,vem_smod2_whlv56_t66_v3
-914278005,m_cl_clo_sbm_ph_6_8_t14_v1
-914194036,vem_cmod_col5_3_t29_v3
-914082915,f_cl_clo_l2f_g_0_3_t14_v1_cesp
-914024485,f_cl_clo_scf_l_0_12_t4_v1
-914019892,f_cl_clo_hp_f_u_6_4_t11_v1
-913960867,vem_cmod_col5_16_t29_v1
-913924951,packed_mp_veh_mod_idx_s_13_v154
-913883094,packed_mp_veh_mod_idx_s_0_v331
-913838504,f_cl_clo_smf_b_6_7_t1_v1
-913822896,f_cl_clo_vwf_ph_0_20_t14_v1
-913778186,vem_cmod_col5_36_t29_v3
-913681570,vem_supermod_10_13_t51_v11
-913616675,vem_rwd_hiend_14_t19_v1
-913608244,packed_ng_vehicle_bpt_v158
-913580270,vem_hood_6_t9_v1
-913458605,vem_brake_1_t2_v26
-913434751,f_cl_clo_bhf_l_4_13_t4_v1
-913343661,m_cl_clo_grm_u_2_6_t11_v1
-913187198,vem_cmod_hrn_mus3_t10_v29
-913116350,f_cl_clo_bbf_u_1_5_t8_v1
-913094218,m_cl_sp_fmm_10_8_t8_v0
-913082312,packed_ng_vehicle_neon_v250
-913075149,packed_mp_veh_mod_idx_1_v46
-913068232,f_ta_tat_fx_003_t0_v0
-913056436,m_cl_clo_sum_u_15_5_t11_v1
-912980017,m_cl_clo_iem_ph_0_14_t14_v1_cesp
-912977175,packed_mp_veh_mod_idx_s_21_v28
-912901297,packed_mp_veh_livery2_0_v142
-912850171,packed_mp_veh_mod_idx_s_10_v77
-912847870,packed_mp_veh_mod_idx_s_15_v278
-912699685,f_cl_clo_ief_b_4_6_t1_v1
-912547255,packed_mp_veh_primary_colour_group_v377
-912506705,f_cl_clo_bif_b_0_0_t1_v1
-912498704,vem_smod4_whlv129_t66_v3
-912442657,packed_mp_veh_mod_idx_s_11_v207
-912367023,m_cl_clo_vwm_d_1_10_t10_v1
-912348162,f_cl_clo_h3f_ph_5_8_t14_v1
-912326990,packed_mp_veh_window_tint_0_v388
-912280907,f_cl_clo_ltsfh_0_4_t14_v0
-912244176,packed_mp_veh_livery2_0_v384
-912195134,f_cl_l_fmf_3_7_t4_v0
-912181874,packed_mp_veh_colour2_0_v161
-912088795,vem_roof_0_t12_v28
-912081974,packed_ng_vehicle_neon_v120
-912038891,f_cl_clo_ltsfh_0_3_t14_v0
-912011080,packed_mp_veh_mod_idx_15_v310
-911974700,vem_cmod_hrn_clo_t10_v31
-911936584,m_cl_clo_fxm_l_5_20_t4_v1
-911872124,wp_wm_tint3_t2_v73
-911866363,m_cl_clo_smm_b_6_20_t1_v1
-911861087,vem_colour_1_mct_classic_sandy_brown_t24_v2
-911816899,m_cl_clo_halm_4_0_t1_v1
-911679393,m_cl_outfit_clo_awm_o_f_17_t12_v0
-911542400,packed_mp_veh_mod_idx_s_13_v396
-911517110,packed_mp_veh_mod_idx_s_11_v385
-911506442,f_cl_clo_fxf_l_5_25_t4_v1
-911477756,f_cl_clo_x3f_b_3_1_t1_v1
-911477490,packed_lr_vehicle_colour_6_v366
-911469077,vem_colour_extra_1_mct_metallic_maple_brown_t24_v2
-911426091,wp_ps_bag_29_t1_v33
-911389646,dec_vw_aw_wh_10d
-911386120,m_cl_clo_s2m_u_0_6_t11_v1
-911320497,f_cl_outfit_clo_stf_o_18_t12_v0_cesp
-911280641,packed_mp_veh_livery_0_v242
-911277407,packed_lr_vehicle_colour_6_v130
-911026338,packed_mp_veh_mod_idx_15_v333
-910987640,packed_mp_veh_mod_idx_23_v406
-910968288,service_spend_casino_club_generic
-910891274,f_cl_clo_scf_b_9_2_t1_v1
-910829659,ve_hunter_t0_v34
-910806666,packed_mp_veh_mod_idx_11_v393
-910718126,f_cl_clo_h4f_decl_4_t11_v1
-910700644,vem_bumper_f_13_t34_v1
-910596706,vem_supermod_7_2_t48_v7
-910567161,packed_mp_veh_mod_idx_s_11_v396
-910534363,packed_mp_veh_mod_idx_11_v177
-910469923,vem_supermod_6_0_t47_v31
-910448509,packed_mp_veh_mod_idx_11_v226
-910345128,f_cl_clo_indf_b_5_1_t1_v1
-910289207,packed_mp_veh_primary_colour_group_v280
-910258221,vem_supermod_13_6_t54_v28
-910167720,packed_mp_veh_mod_idx_2_v389
-910120889,f_cl_clo_vwf_l_1_2_t4_v1
-910087425,f_cl_clo_bhf_u_11_0_t11_v1
-909996715,vem_smod2_whlv77_t66_v3
-909975781,vem_colour_2_mct_metallic_anthr_black_t25_v33
-909933019,vem_smod4_whlv21_t66_v2
-909904291,f_cl_clo_x6f_ey_3_10_t14_v1
-909843713,f_cl_clo_bhf_u_11_7_t11_v1
-909838886,m_cl_outfit_clo_hilf_o_0_t12_v0
-909685771,m_cl_clo_smm_b_1_20_t1_v1
-909589636,m_cl_clo_lxm_dec_38_t11_v1
-909541129,m_cl_clo_fxm_u_2_18_t11_v1
-909476202,vem_colour_1_mct_matte_black_t24_v0
-909329349,vem_supermod_43_14_t43_v7
-909274450,m_cl_clo_bim_l_0_4_t4_v1
-909270081,m_ha_cc_mkup_92_t5_v0
-909152912,vem_colour_1_mct_metallic_straw_brown_t24_v4
-909043864,f_ha_cc_mkup_88_t5_v0
-909026405,packed_mp_veh_mod_idx_15_v121
-908863160,vem_bikew_05_t19_v3
-908824871,vem_armour_1_t1_v6
-908798842,f_cl_outfit_clo_h3f_o_dl_12_t12_v0
-908779322,packed_mp_veh_mod_idx_s_7_v206
-908687660,packed_mp_veh_mod_idx_s_1_v136
-908681550,m_ta_tat_st_008_t0_v0
-908664241,f_cl_clo_lxf_dec_32_t100_v0
-908612384,vem_cmod_hrn_0_t10_v36
-908594066,packed_mp_veh_mod_idx_s_13_v345
-908470574,vem_colour_extra_1_mct_pearlescent_red_t24_v0
-908448633,f_cl_clo_h2f_u_3_12_t11_v1
-908360870,f_cl_clo_grf_decl_0_t11_v1
-908217029,dec_vw_aw_ls_2c
-908176100,f_cl_clo_sbf_f_5_7_t6_v1
-908156281,packed_mp_veh_colour_extra2_0_v16
-908132460,ve_manchez_t1_v3
-908120152,m_cl_clo_h3m_b_6_0_t1_v1
-908095254,packed_mp_veh_mod_idx_s_1_v181
-908054485,m_cl_clo_vwm_decl_41_t100_v0
-908021206,vem_hlight_1_t11_v28
-908002613,m_cl_clo_sum_l_1_6_t4_v1
-907823843,m_cl_clo_hilf_o_17_t3_v12
-907761340,packed_mp_veh_mod_idx_s_16_v294
-907739580,f_cl_clo_s1f_ph_0_19_t14_v1
-907668450,packed_mp_veh_mod_idx_3_v97
-907657778,packed_mp_veh_mod_idx_9_v122
-907567146,f_cl_clo_grf_u_13_18_t11_v1
-907561804,packed_mp_veh_mod_idx_s_3_v108
-907445654,packed_mp_veh_livery2_0_v7
-907426690,m_cl_clo_x5m_o_a_3_t3_v12
-907422233,packed_mp_veh_colour_extra2_0_v173
-907401867,packed_mp_veh_mod_idx_8_v52
-907400724,packed_mp_veh_mod_idx_s_7_v283
-907325028,f_cl_clo_h2f_u_6_11_t11_v1
-907279017,packed_mp_veh_mod_var_0_v67
-907272356,m_cl_clo_x6m_t_4_0_t7_v1
-907204524,vem_smod_whlv23_t66_v0
-907185699,ve_burrito3_t0_v0
-907180296,packed_mp_veh_mod_idx_s_11_v286
-907027037,packed_mp_veh_mod_idx_10_v77
-906948490,m_cl_clo_grm_u_18_2_t11_v1
-906867185,packed_mp_veh_mod_var_0_v141
-906774933,packed_mp_veh_mod_idx_0_v412
-906758259,packed_mp_veh_livery_0_v377
-906738702,vem_supermod_1_10_t42_v38
-906712721,packed_mp_veh_colour1_0_v309
-906705129,f_cl_clo_fxf_u_9_5_t11_v1
-906579472,packed_mp_veh_mod_idx_s_5_v171
-906550132,vem_supermod_7_10_t48_v26
-906479514,vem_supermod_19_12_t60_v27
-906439101,f_cl_clo_grf_ph_3_19_t14_v1
-906436254,packed_mp_veh_mod_idx_s_11_v84
-906336373,vem_rwd_offr_01_t19_v2
-906308477,f_cl_clo_arf_o_22_t7_v12
-906237202,ve_patriot3_t1_v38
-906087845,pr_fc_mural_0_t0_v0
-906040002,m_cl_clo_s1m_u_8_4_t11_v1
-906034208,m_cl_clo_x6m_o_o_12_t3_v12
-905717784,packed_mp_veh_mod_idx_18_v359
-905683667,m_cl_clo_vwm_d_1_12_t10_v1
-905631905,f_cl_clo_h3f_b_18_2_t1_v1
-905621199,m_cl_clo_vwm_l_3_13_t4_v1
-905617185,m_cl_clo_h4m_s_1_11_t8_v1
-905571847,f_cl_clo_h2f_f_3_7_t6_v1
-905568086,packed_mp_veh_mod_idx_s_15_v30
-905559744,ve_seabreeze_t0_v33
-905374732,f_cl_clo_bbf_p3_5_t14_v1
-905330034,dec_vw_aw_ls_4
-905257438,vem_supermod_53_13_t53_v7
-905237014,vem_colour_extra_1_mct_pearlescent_racing_blue_t24_v0
-905174370,vem_colour_extra_1_mct_classic_creek_brown_t24_v2
-905122505,m_cl_clo_awm_u_10_1_t11_v1
-905110491,vem_rwd_hiend_03_t19_v12
-905085636,packed_mp_veh_livery_0_v127
-905074846,vem_bikew_14_t19_v4
-905068473,vem_colour_6_torino_red_t65_v3
-905053817,packed_mp_veh_mod_idx_6_v48
-905048886,packed_mp_veh_mod_idx_23_v221
-905048416,vem_armour_1_t1_v37
-904935968,f_cl_clo_smf_b_2_2_t1_v1
-904770119,m_cl_clo_smm_ph_8_12_t14_v1
-904663649,m_cl_clo_scm_ey_0_5_t14_v1
-904651482,packed_mp_veh_mod_var_1_v59
-904633505,vem_insurance_cruiser
-904601963,packed_mp_veh_mod_idx_7_v134
-904572678,packed_mp_veh_mod_idx_s_17_v356
-904460447,f_ha_cc_f_hs_21_t0_v1
-904459868,packed_mp_veh_mod_idx_23_v255
-904387447,packed_mp_veh_mod_idx_13_v223
-904353366,vem_supermod_54_20_t54_v7
-904272865,packed_mp_veh_mod_idx_s_7_v15
-904257344,vem_supermod_10_7_t51_v11
-904215204,m_cl_clo_exm_au_10_3_t11_v1
-904211440,m_cl_clo_s2m_u_0_1_t11_v1
-904143037,f_cl_clo_suf_u_18_17_t11_v1
-904117287,vem_colour_extra_1_mct_pearlescent_blaze_red_t24_v1
-903964570,vem_colour_extra_1_mct_classic_blue_silver_t24_v33
-903964310,vem_cmod_tyr_1_t32_v37
-903820056,m_cl_clo_smm_ph_3_22_t14_v1
-903792247,m_ta_tat_st_023_t0_v0
-903746545,mp_stat_mpsv_model_198
-903726470,m_cl_clo_vwm_u_8_5_t11_v1
-903686889,hangar_mod_floor_decal_3_t0_v0
-903652964,m_cl_clo_sbm_f_3_20_t6_v1
-903609798,packed_mp_veh_mod_idx_s_21_v217
-903509518,vem_supermod_4_3_t45_v6
-903477051,packed_mp_veh_colour_extra1_0_v126
-903458809,vem_smod4_whlv57_t66_v0
-903165807,m_cl_clo_bim_u_20_0_t11_v1
-903134878,packed_mp_veh_mod_idx_s_0_v339
-903133070,packed_mp_veh_wheel_type_0_v134
-902937356,packed_mp_veh_mod_idx_s_3_v324
-902899820,vem_rwd_hiend_08_t19_v0
-902869096,packed_ng_vehicle_insurance_v98
-902820615,packed_mp_veh_mod_idx_13_v262
-902760725,vem_skirt_24_t13_v3
-902756783,m_cl_clo_s1m_t_1_1_t7_v1
-902752419,m_cl_clo_val_decl_m_t11_v1
-902741214,packed_mp_veh_mod_idx_18_v310
-902696722,packed_mp_veh_mod_idx_12_v278
-902670182,packed_mp_veh_mod_idx_s_4_v271
-902645315,m_cl_clo_h4m_decl_2_t11_v1
-902594378,m_cl_clo_vwm_decl_28_t100_v0
-902570033,f_cl_clo_smf_u_1_3_t11_v1
-902562328,vem_supermod_5_0_t46_v37
-902516477,packed_mp_veh_mod_idx_24_v34
-902506708,m_ta_tat_h27_024_t0_v0
-902451808,vem_colour_2_mct_metallic_beechwood_brown_t25_v4
-902320184,packed_ng_vehicle_smoke_v338
-902195108,vem_spoiler_4_t14_v28
-902186345,m_cl_clo_bim_decl_49_t100_v0
-902078166,f_ta_tat_bi_053_t0_v0_cesp
-902028646,m_cl_clo_grm_u_2_10_t11_v1
-901994833,f_cl_clo_h4f_plw_0_1_t14_v1
-901991899,f_cl_clo_grf_decl_1_t100_v0
-901956549,f_cl_clo_bif_l_0_0_t4_v1
-901898412,packed_mp_veh_mod_idx_9_v286
-901883475,packed_mp_veh_mod_idx_s_10_v369
-901867041,packed_mp_veh_mod_idx_4_v183
-901795084,packed_mp_veh_mod_var_0_v354
-901743871,f_ta_tat_gr_015_t0_v0
-901582616,m_cl_he_fmm_18_4_t14_v0
-901578505,vem_colour_extra_1_mct_metallic_lava_red_t24_v33
-901562141,packed_mp_veh_colour_extra2_0_v283
-901507768,packed_mp_veh_mod_idx_s_17_v122
-901492955,packed_lr_vehicle_colour_6_v231
-901456169,casweb_style_4_t0_v0
-901298571,packed_mp_veh_mod_idx_s_17_v270
-901247673,f_cl_clo_valf_u_1_2_t11_v1
-901243537,packed_mp_veh_mod_idx_24_v112
-901132063,packed_ng_vehicle_insurance_v61
-901002454,wp_wct_muzz3_t1_v5_n2
-900929781,wp_wt_empl_t0_v0
-900864881,packed_mp_veh_mod_idx_12_v408
-900783600,m_cl_clo_hp_f_0_2_t6_v1
-900722104,m_cl_clo_trm_u_8_0_t11_v1
-900687416,m_cl_clo_bbm_u_1_0_t8_v1
-900679706,f_cl_clo_suf_b_3_8_t1_v1
-900633087,vem_rwd_bikew_01_t19_v3
-900521900,m_cl_clo_x6m_u_20_13_t11_v1
-900510261,m_cl_clo_grm_l_0_19_t4_v1
-900476546,vem_supermod_23_7_n1_t64_v3
-900381739,f_cl_clo_x6f_u_26_15_t11_v1
-900379580,packed_mp_veh_mod_idx_18_v47
-900209869,packed_ng_vehicle_neon_kit_v234
-900207980,wp_wm_tint3_t2_v48
-900199603,f_cl_clo_fxf_ph_7_1_t14_v1
-900177548,mt_snk_item7_t0_v3
-900164807,vem_colour_1_mct_metallic_candy_red_t24_v1
-899930583,wh_index_16_t0_v0
-899856477,vem_insurance_coureur
-899842839,m_cl_clo_bbm_e_0_2_t14_v1
-899802304,service_spend_backup_gang
-899620894,packed_mp_veh_mod_var_0_v275
-899590630,f_cl_clo_stf_o_19_t11_v12
-899579510,m_cl_rstar_dev_1_t100_v0
-899541709,m_cl_clo_hstm_o_15_t8_v12
-899497129,vem_hlight_9_t11_v3
-899491874,packed_ng_vehicle_neon_kit_v179
-899465087,packed_mp_veh_livery2_0_v154
-899463226,m_cl_clo_busm_s_1_3_t8_v1
-899272431,packed_ng_vehicle_neon_v191
-899268794,pr_pm_modshop_5_t89_v0
-899189836,f_cl_clo_arf_o_3_t3_v12
-899129546,f_cl_clo_hstf_o_d_0_t8_v12
-899091284,m_cl_clo_h3m_o_pr_3_t3_v12
-899018413,f_cl_u_fmf_0_8_t8_v0
-898954632,f_cl_clo_awf_o_d_5_t8_v12
-898872162,f_cl_clo_h2f_b_8_4_t1_v1
-898832120,f_ta_tat_st_041_t0_v0
-898769313,vem_colour_extra_1_mct_classic_flur_yellow_t24_v3
-898756968,packed_mp_veh_mod_idx_11_v103
-898671060,m_cl_f_fmm_3_15_t6_v0
-898538668,packed_mp_veh_mod_idx_12_v311
-898530717,m_cl_clo_s2m_d_27_t11_v1
-898387642,vem_suv_17_t19_v1
-898374301,f_cl_clo_hstfb_22_2_t1_v1
-898310946,vem_engine_4_t5_v37
-898297546,m_cl_clo_x2m_ht_5_1_t14_v1
-898293425,m_cl_clo_bus_p_1_1_t14_v1
-898182537,m_cl_clo_bbm_f_0_3_t6_v1
-898120384,m_cl_clo_vwm_t_0_3_t7_v1
-898095252,m_cl_clo_x3m_u_1_3_t11_v1
-898072250,f_cl_clo_x6f_o_o_7_t3_v12
-897994200,packed_ng_vehicle_insurance_v356
-897963030,f_cl_clo_smf_b_9_5_t1_v1
-897961605,m_cl_clo_v2m_f_0_11_t6_v1
-897936033,packed_mp_veh_mod_idx_14_v294
-897912098,f_cl_clo_vef_dec_39_t100_v0
-897880645,pr_pm_modshop_0_t90_v0
-897808373,ve_neon_t0_v3
-897803302,vem_cmod_neoncol_5_t21_v30
-897631131,vem_smod_whl21_t19_v12
-897514911,vem_cmod_win_0_t33_v6
-897482939,f_cl_clo_sbf_f_0_3_t6_v1
-897425365,m_cl_clo_exm_af_4_1_t6_v1
-897398324,m_cl_clo_busm_u_3_3_t8_v1
-897310976,packed_mp_veh_mod_idx_9_v295
-897280693,f_cl_clo_smf_ph_8_5_t14_v1
-897233685,wp_wct_tint_22_t2_v47_n2
-897120185,packed_lr_vehicle_colour_5_v321
-897101134,vem_colour_2_mct_metallic_olive_green_t25_v3
-897091841,m_cl_clo_sbm_f_6_8_t6_v1
-897059136,packed_mp_veh_mod_idx_s_20_v22
-897023376,mba_floor0_0_t0_v1
-896931024,f_cl_clo_x6f_ey_3_1_t14_v1
-896917768,packed_mp_veh_secondary_colour_group_v211
-896909826,packed_mp_veh_mod_idx_9_v118
-896907919,f_cl_clo_vwf_u_7_10_t11_v1
-896893574,ve_sanchez01_t0_v4
-896893494,packed_mp_veh_mod_idx_s_15_v328
-896853231,vem_insurance_manchez
-896801579,f_cl_clo_suf_u_19_19_t11_v1
-896767281,f_cl_clo_smf_ph_6_17_t14_v1
-896660927,packed_mp_veh_mod_idx_24_v314
-896630823,packed_mp_veh_mod_idx_s_20_v135
-896488744,f_cl_clo_trf_u_11_18_t11_v1
-896372849,packed_mp_veh_mod_idx_s_11_v125
-896343541,packed_mp_veh_livery2_0_v294
-896336651,f_cl_clo_h4f_b_4_2_t1_v1
-896247505,f_cl_clo_v2f_f_1_3_t6_v1
-896242917,mp_stat_fixer_hq_tint_v0
-896214378,vem_hiend_07_t19_v12
-896193868,packed_mp_veh_mod_idx_s_6_v384
-896151795,packed_mp_veh_mod_idx_6_v166
-896058056,wp_wm_tint1_t2_v74
-896048860,vem_trans_1_t16_v34
-896035730,packed_mp_veh_wheel_type_0_v229
-896027496,m_cl_f_fmm_14_7_t6_v0
-895996508,f_cl_outfit_clo_hstf_o_j_2_t12_v0
-895989825,m_cl_clo_bhm_l_0_5_t4_v1
-895954614,f_cl_clo_l2f_lw_2_1_t14_v1
-895891732,packed_mp_veh_mod_idx_s_1_v273
-895831444,m_cl_clo_trm_u_9_8_t11_v1
-895773465,packed_mp_veh_mod_idx_s_22_v111
-895764577,packed_mp_veh_colour2_0_v168
-895762150,m_cl_clo_awm_u_7_5_t11_v1
-895705327,packed_mp_veh_wheel_type_0_v346
-895606458,vem_cmod_neoncol_1_t21_v3
-895606255,cb_buy_4_t0_v0
-895596663,packed_mp_veh_mod_idx_s_1_v267
-895543096,vem_loride_05_t19_v3
-895447736,packed_mp_veh_mod_idx_8_v380
-895230775,packed_mp_veh_mod_idx_s_14_v52
-895194250,f_cl_clo_ief_b_4_0_t1_v1
-895187964,vem_cmod_tyr_9_t18_v31
-895135521,packed_mp_veh_mod_idx_s_4_v147
-895113874,vem_supermod_3_35_t44_v6
-894949124,m_cl_clo_vwm_u_15_2_t11_v1
-894922634,packed_mp_veh_mod_idx_s_10_v234
-894699245,packed_mp_veh_mod_idx_s_23_v19
-894548404,packed_mp_veh_mod_idx_23_v395
-894533578,wp_pm_tint13_t4_v33
-894494336,ve_terbyte_t0_v3
-894465477,f_cl_clo_hp_f_g_0_0_t14_v1
-894417663,vem_bumper_r_30_t35_v3
-894393916,m_cl_f_fmm_3_3_t6_v0
-894388933,vem_horn_clas2_t10_v38
-894354580,m_cl_clo_bbm_e_0_4_t14_v1
-894268878,ve_svolito_t0_v0
-894134245,vem_colour_mct_none_144
-894133415,packed_mp_veh_mod_idx_1_v89
-894107295,packed_mp_veh_mod_idx_s_14_v260
-894060713,packed_mp_veh_colour2_0_v188
-893995920,m_ta_tat_x2_011_t0_v0
-893938809,vem_spt_03_t19_v0
-893871637,m_cl_clo_stm_ht11_2_t14_v1
-893754220,packed_mp_veh_mod_idx_s_16_v195
-893517000,wp_wt_homlnch_t0_v0
-893450761,vem_colour_extra_1_mct_pearlescent_sandy_brown_t24_v4
-893327011,wp_wm_tint2_t2_v22
-893320641,m_cl_clo_bhm_u_4_9_t11_v1
-893303845,wp_wct_tint_6_t2_v21_n2
-893283104,vem_smod3_whlv55_t66_v3
-892993817,packed_mp_veh_mod_idx_11_v28
-892928087,packed_lr_vehicle_colour_6_v182
-892868980,packed_mp_veh_colour_extra1_0_v268
-892858569,f_cl_clo_x6f_u_1_8_t11_v1
-892467431,packed_mp_veh_mod_idx_16_v46
-892456015,m_cl_clo_awm_decl_60_t100_v0
-892442940,vem_spoiler_0_t14_v30
-892441333,f_cl_clo_h2f_u_6_6_t11_v1
-892406660,packed_mp_veh_mod_idx_s_1_v367
-892384339,m_cl_clo_smm_b_2_2_t1_v1
-892365391,vem_smod4_whlv184_t66_v0
-892335168,vem_supermod_15_5_t56_v11
-892279709,f_cl_clo_suf_u_21_4_t11_v1
-892276130,m_cl_clo_x4m_u_9_0_t11_v1
-892275275,vem_cmod_neoncol_13_t21_v26
-892266278,packed_mp_veh_mod_idx_9_v237
-892179908,vem_cmod_col5_35_t29_v3
-892106218,packed_mp_veh_mod_idx_11_v264
-892035025,wp_wct_tint_15_t2_v47_n2
-891998838,vem_aam_interior_3_t0_v0
-891993685,vem_horn_lowrder2_t10_v39
-891914629,packed_mp_veh_mod_idx_s_12_v335
-891903772,vem_colour_extra_1_mct_classic_silver_t24_v4
-891868280,packed_mp_veh_mod_idx_24_v18
-891717244,vem_colour_1_mct_metallic_white_t24_v33
-891643945,vem_colour_1_mct_classic_chocolate_brown_t24_v33
-891609141,packed_mp_veh_mod_idx_13_v75
-891500691,vem_turbo_1_t17_v38
-891469985,f_cl_clo_fxf_pe_3_1_t14_v1
-891426632,packed_mp_veh_mod_idx_s_11_v58
-891380943,packed_mp_veh_mod_idx_9_v258
-891354009,m_cl_clo_stm_o_3_t3_v12_cesp
-891331388,f_cl_clo_x6f_f_10_12_t6_v1
-891327997,vem_smod5_whlv69_t66_v3
-891257556,packed_mp_veh_mod_idx_s_8_v66
-891250653,vem_skirt_1_t13_v4
-891201071,vem_supermod_18_18_t59_v3
-891127747,f_cl_clo_h4f_ph_0_19_t14_v1
-891014905,packed_mp_veh_mod_idx_0_v181
-890983039,vem_smod4_whlv80_t66_v0
-890849889,vem_horn_clas2_t10_v34
-890849760,m_cl_clo_h4m_decl_37_t100_v0
-890819336,f_cl_clo_smf_b_5_16_t1_v1
-890791082,packed_mp_veh_mod_idx_s_10_v108
-890643383,packed_mp_veh_mod_idx_s_14_v317
-890580090,f_cl_clo_x6f_u_1_23_t11_v1
-890551408,packed_mp_veh_mod_idx_9_v143
-890447863,m_cl_clo_awm_u_1_17_t11_v1
-890303708,vem_supermod_9_7_t50_v10
-890263584,f_cl_clo_x6f_l_1_14_t4_v1
-890206895,m_cl_clo_smm_ph_6_20_t14_v1
-890200113,packed_mp_veh_mod_idx_s_16_v78
-890059800,packed_mp_veh_mod_var_1_v321
-890051955,packed_mp_veh_mod_idx_s_7_v375
-889778282,m_cl_clo_bim_ph_12_2_t14_v1
-889764279,vem_supermod_6_13_t47_v28
-889681344,vem_drft_02_t19_v1
-889662398,packed_mp_veh_mod_idx_15_v303
-889660970,vem_colour_extra_1_mct_classic_salmon_pink_t24_v0
-889520780,m_cl_clo_x6m_f_5_9_t6_v1
-889515092,wp_wct_var_wood_t1_v47
-889491909,vem_bumper_r_5_t35_v0
-889429506,packed_mp_veh_mod_idx_s_9_v34
-889390337,packed_mp_veh_livery_0_v269
-889372255,vem_cmod_col5_39_t29_v1
-889370126,m_cl_clo_h3m_b_12_2_t1_v1
-889332809,packed_mp_veh_colour_extra2_0_v129
-889306342,wp_wct_tint_8_t2_v22_n2
-889295393,f_cl_clo_scf_f_0_21_t6_v1
-889195052,f_cl_clo_exf_al_8_2_t4_v1
-888994740,packed_mp_veh_mod_idx_8_v184
-888941432,packed_mp_veh_mod_idx_s_13_v68
-888827718,f_cl_clo_stf_l_3_11_t4_v1
-888774138,packed_mp_veh_livery2_0_v26
-888670740,f_cl_clo_bhf_b_0_14_t1_v1
-888646690,packed_mp_veh_mod_idx_6_v171
-888614141,veu_slamvan6_t0_v0
-888580445,packed_mp_veh_mod_idx_s_10_v285
-888502152,packed_lr_vehicle_colour_6_v111
-888477359,packed_mp_veh_mod_idx_22_v46
-888435296,dec_vw_aw_mf_6c
-888422726,packed_mp_veh_mod_idx_14_v97
-888326623,vem_skirt_1_t13_v35
-888269696,packed_mp_veh_mod_idx_s_19_v310
-888268001,vem_smod4_whlv122_t66_v1
-888209955,f_cl_clo_h4f_u_7_3_t11_v1
-888142550,vem_drft_01_t19_v0
-888022965,packed_mp_veh_mod_idx_22_v33
-887974367,multistorey_garage_tint_11_v1
-887831749,packed_mp_veh_colour2_0_v23
-887738321,vem_colour_1_mct_classic_silver_t24_v2
-887634654,vem_horn_clas1_t10_v28
-887620160,f_cl_clo_busf_f_1_1_t6_v1
-887580694,packed_mp_veh_mod_idx_s_2_v56
-887467723,packed_ng_vehicle_neon_kit_v148
-887413909,mp_stat_mpsv_model_390
-887227666,packed_mp_veh_mod_idx_2_v42
-887220521,vem_hood_0_t9_v10
-887182096,wp_wct_supp_t1_v85
-887134371,m_cl_clo_bim_pe_0_3_t14_v1
-886991812,f_cl_clo_bhf_decl_14_t100_v0
-886972499,f_cl_clo_lxf_u_6_2_t8_v3
-886758920,f_ta_tat_h4_004_t0_v0
-886737096,vem_cmod_pla_4_t23_v35
-886706150,packed_mp_veh_mod_idx_s_17_v80
-886623454,m_cl_clo_busm_t_0_7_t7_v1
-886543626,vem_supermod_23_4_n1_t64_v3
-886451138,f_cl_clo_s1f_dec_8_t100_v0
-886408443,vem_bikew_35_t19_v4
-886301425,m_cl_clo_h4m_decl_21_t100_v0
-886284291,m_cl_clo_iem_u_2_0_t11_v1_cesp
-886200414,f_cl_outfit_clo_h3f_o_clb_2_t12_v0
-886179825,packed_mp_veh_mod_idx_s_23_v395
-886166041,m_cl_clo_bhm_u_10_13_t11_v1
-886156401,packed_mp_veh_mod_var_0_v107
-886123739,packed_mp_veh_mod_idx_s_23_v213
-886112347,packed_mp_veh_wheel_type_0_v30
-886112250,vem_supermod_22_0_t63_v3
-886053098,vem_colour_extra_1_mct_classic_formula_red_t24_v0
-886021049,vem_rwd_bikew_11_t19_v3
-886002695,m_cl_clo_busm_l_0_11_t4_v1
-885950780,packed_mp_veh_livery_0_v222
-885887919,m_cl_clo_iem_ph_0_3_t14_v1
-885811031,packed_mp_veh_window_tint_0_v115
-885771674,packed_mp_veh_mod_var_1_v5
-885751607,vem_smod3_whlv115_t66_v3
-885726308,f_cl_clo_s2f_u_0_1_t8_v1
-885682885,packed_mp_veh_mod_idx_s_20_v231
-885643751,dec_vw_aw_ss_14c
-885416495,f_cl_clo_h3f_o_dh_11_t8_v12
-885343250,m_cl_u_fmm_12_1_t8_v1
-885314993,f_cl_clo_stf_o_20_t3_v12_cesp
-885260296,vem_cmod_col5_17_t29_v0
-885192862,m_cl_clo_smm_ph_2_5_t14_v1
-885093925,vem_fender_l_6_t36_v38
-885089912,m_cl_g_fmm_8_6_t14_v0
-885051845,m_cl_clo_stm_u_6_16_t11_v1
-885026555,m_cl_clo_hstm_b_7_0_t1_v1
-884974946,packed_mp_veh_mod_idx_8_v117
-884918990,vem_supermod_18_2_t59_v28
-884901302,vem_supermod_12_5_t53_v10
-884900064,packed_mp_veh_mod_idx_s_9_v396
-884841612,packed_mp_veh_mod_idx_10_v22
-884793561,m_cl_clo_bim_u_10_8_t11_v1
-884760042,packed_mp_veh_mod_idx_22_v396
-884749276,packed_mp_veh_mod_idx_s_19_v295
-884730471,packed_mp_veh_mod_idx_s_13_v44
-884615040,vem_horn_clas5_t10_v30
-884559533,packed_mp_veh_mod_idx_12_v0
-884529658,f_cl_clo_vwf_ph_1_6_t14_v1
-884514824,packed_mp_veh_colour1_0_v352
-884470044,m_cl_tat_vw_030_t100_v0
-884398020,f_ta_tat_sm_015_t0_v0
-884307917,m_cl_clo_x6m_f_6_25_t6_v1
-884307852,wp_gsa_type_r_t0_v21_n2
-884298038,packed_mp_veh_mod_idx_8_v210
-884260378,wp_wct_c_tint_15_t2_v9_n2
-884112323,f_cl_u_fmf_13_13_t8_v0
-884079550,packed_mp_veh_mod_idx_5_v65
-884069761,packed_mp_veh_colour_extra2_0_v328
-884054317,f_cl_clo_h3f_l_4_5_t4_v1
-883990485,m_cl_clo_iem_b_10_5_t1_v1
-883981533,vem_smod_whlv193_t66_v3
-883952400,packed_mp_veh_mod_idx_24_v275
-883919008,wp_wm_tint2_t2_v54
-883900397,f_cl_clo_awf_u_1_16_t11_v1
-883896071,fixer_hq_veh_0_t0_v0
-883876414,service_earn_arena_skill_lvl_award
-883781076,f_ha_clo_fxf_h_0_0_t0_v2
-883758518,packed_mp_veh_mod_idx_2_v300
-883706437,packed_lr_vehicle_colour_5_v242
-883686238,vem_horn_hween1_t10_v33
-883600368,m_cl_clo_arm_b_0_7_t1_v1
-883425287,f_cl_clo_trf_f_1_13_t6_v1
-883385125,m_cl_clo_busm_l_1_9_t4_v1
-883373450,vem_colour_2_mct_metallic_black_t25_v0
-883324563,packed_mp_veh_mod_idx_s_5_v29
-883296488,packed_mp_veh_mod_idx_s_13_v208
-883267932,mp_stat_mpsv_model_127
-883223931,vem_cmod_exp_1_t20_v2
-883124412,packed_mp_veh_mod_idx_s_8_v326
-883121603,vem_colour_extra_1_mct_classic_dark_green_t24_v3
-883041590,m_cl_clo_s1m_u_6_0_t11_v1
-883022426,packed_mp_veh_mod_idx_5_v218
-883019360,vem_supermod_10_2_t51_v27
-883017335,m_cl_clo_grm_b_1_2_t1_v1
-882992867,f_cl_clo_h3f_o_jan_2_t11_v12
-882956142,m_cl_clo_hstm_u_3_0_t100_v0
-882902766,m_cl_clo_iem_u_5_18_t11_v1
-882884572,vem_insurance_scarab3
-882857960,packed_mp_veh_mod_idx_15_v67
-882853040,vem_smod_whlv68_t66_v0
-882793953,f_ha_cc_mkup_21_t5_v0
-882784911,veu_sentinel4_t0_v0
-882783561,packed_mp_veh_mod_idx_1_v195
-882711384,packed_mp_veh_mod_idx_s_18_v89
-882708392,vem_colour_extra_1_mct_metallic_cabernet_red_t24_v1
-882603803,m_cl_clo_exm_el_0_7_t4_v1
-882598315,f_cl_clo_vwf_u_15_19_t11_v1
-882557031,packed_ng_vehicle_neon_v89
-882467939,vem_truck_slot_2_mod_0_t0_v0
-882446495,m_cl_clo_scm_f_0_21_t6_v1
-882350795,f_cl_clo_s1f_ph_0_1_t14_v1
-882130610,vem_racecar_whl1_t19_v3
-882084946,f_cl_clo_awf_decl_59_t100_v0
-882056648,packed_mp_veh_mod_idx_s_18_v301
-882051388,packed_mp_veh_mod_idx_s_23_v89
-882010665,f_cl_clo_og_decl_5_t11_v1
-881995958,m_cl_l_fmm_0_1_t4_v0
-881954772,f_cl_clo_ief_u_4_23_t11_v1
-881953744,f_cl_clo_indf_ht_6_3_t14_v1
-881861323,vem_cmod_neoncol_1_t21_v38
-881765101,packed_mp_veh_mod_idx_s_5_v259
-881697288,f_cl_clo_grf_u_24_2_t11_v1
-881690211,vem_suspension_1_t15_v30
-881675457,f_ta_tat_st_036_t0_v0
-881631798,wp_wm_tint2_t2_v70
-881614217,f_cl_clo_fxf_ph_4_1_t14_v1
-881562709,packed_mp_veh_mod_idx_13_v186
-881453214,packed_mp_veh_plate_id_v76
-881428052,vem_fender_l_4_t36_v27
-881334538,packed_mp_veh_mod_idx_10_v398
-881288096,vem_supermod_23_2_t64_v3
-881275811,packed_mp_veh_mod_idx_1_v133
-881254247,f_cl_outfit_clo_h4f_o_l1_f4_t12_v0
-881029753,f_cl_clo_h4f_o_s1_f2_t8_v12
-880999571,packed_mp_veh_mod_idx_s_23_v289
-880983063,m_cl_clo_iem_u_4_21_t11_v1
-880964461,f_cl_clo_h4f_decl_0_t11_v1
-880900374,m_cl_clo_x6m_o_o_23_t3_v12
-880840604,packed_mp_veh_mod_idx_16_v408
-880796805,vem_bikew_32_t19_v3
-880733519,vem_supermod_11_0_t52_v26
-880714464,vem_rwd_drft_11_t19_v1
-880704199,m_cl_outfit_clo_stm_o_e_6_t12_v0
-880702159,f_ta_tat_bb_016_t0_v0
-880620095,packed_mp_veh_mod_idx_s_17_v302
-880593771,m_cl_outfit_clo_h3m_o_bs_6_t12_v0
-880556998,m_ha_cc_body_1_0_t3_v0
-880457710,f_cl_clo_bhf_u_5_2_t11_v1
-880449603,vem_colour_2_mct_metallic_mariner_blue_t25_v4
-880421706,packed_mp_veh_mod_idx_s_14_v120
-880324562,m_cl_clo_bhm_u_0_4_t11_v1
-880199932,vem_supermod_12_16_t53_v3
-880157290,m_cl_clo_l2m_dec_8_t100_v0
-880124306,vem_colour_1_mct_classic_bright_purple_t24_v1
-880104022,f_cl_clo_exf_eu_100_t11_v1
-879968417,f_cl_clo_h3f_b_16_0_t1_v1
-879934944,pr_mp_prop_74_t0_v0
-879916289,m_cl_clo_h4m_t_0_0_t7_v1
-879909972,f_cl_clo_s2f_d_25_t11_v1
-879894005,vem_colour_1_mct_matte_yellow_t24_v2
-879864963,packed_ng_vehicle_neon_kit_v150
-879845214,f_cl_clo_grf_u_11_10_t11_v1
-879766884,f_cl_clo_awf_u_17_2_t11_v1
-879750650,f_cl_clo_x6f_ph_2_11_t14_v1
-879692361,f_cl_clo_grf_ph_2_3_t14_v1
-879617731,m_cl_clo_sbm_ph_5_19_t14_v1
-879493363,f_cl_clo_h2f_o_s_13_t3_v12
-879452533,m_cl_clo_fxm_u_6_11_t11_v1
-879444428,packed_mp_veh_mod_idx_14_v121
-879249172,m_cl_clo_arm_o_15_t11_v12
-879204197,vem_spoiler_26_t14_v38
-879180990,vem_spoiler_0_t14_v2
-879155131,vem_colour_1_mct_classic_diamond_blue_t24_v1
-879143566,packed_mp_veh_mod_idx_s_23_v220
-879057878,packed_ng_vehicle_smoke_v380
-879044425,packed_mp_veh_livery2_0_v232
-879028201,m_cl_clo_hp_d_33_t8_v1
-878938220,vem_smod3_whlv24_t66_v3
-878930622,vem_colour_6_yellow_t65_v3
-878877261,vem_cmod_hrn_mus2_t10_v1
-878873785,vem_smod4_whlv192_t66_v1
-878781356,m_cl_clo_x6m_ph_2_16_t14_v1
-878688679,packed_mp_veh_mod_idx_23_v136
-878655601,vem_colour_extra_1_mct_classic_bright_orange_t24_v0
-878620404,vem_colour_extra_1_mct_pearlescent_dark_silver_t24_v1
-878511886,packed_mp_veh_mod_idx_24_v241
-878406844,packed_mp_veh_wheel_type_0_v236
-878322619,f_cl_clo_suf_l_5_2_t4_v1
-878275855,m_cl_clo_grm_u_13_2_t11_v1
-878232786,packed_mp_veh_mod_idx_s_7_v241
-878230704,m_cl_clo_trm_u_8_6_t11_v1
-878201879,f_cl_clo_l2f_o_9_t3_v12
-878142161,packed_mp_veh_mod_var_1_v61
-878095183,vem_supermod_5_7_t46_v26
-878067074,packed_mp_veh_mod_idx_s_17_v294
-877993958,packed_mp_veh_plate_id_v128
-877977106,f_cl_f_fmf_3_13_t6_v0
-877946581,packed_mp_veh_mod_idx_s_20_v107
-877873833,packed_mp_veh_primary_colour_group_v312
-877845966,m_cl_clo_bim_f_0_2_t6_v1
-877771340,packed_mp_veh_mod_idx_s_23_v202
-877711091,vem_colour_1_mct_classic_salmon_pink_t24_v1
-877573492,m_cl_clo_grm_g_1_17_t3_v1
-877570704,vem_insurance_faggion
-877485640,packed_mp_veh_mod_idx_s_16_v411
-877353391,wp_wct_camo_8_t1_v9_n2
-877322425,f_cl_clo_h4f_decl_65_t11_v1
-877321906,packed_mp_veh_mod_idx_s_7_v276
-877309670,vem_colour_extra_1_mct_pearlescent_beechwood_brown_t24_v1
-877258365,mba_floor0_4_t0_v0
-877257137,m_cl_clo_sbm_l_0_4_t4_v1
-877229725,f_cl_clo_awf_l_3_10_t4_v1
-877213369,packed_mp_veh_mod_idx_0_v55
-877144232,f_cl_clo_suf_b_3_13_t1_v1
-877090231,f_cl_clo_x6f_o_o_20_t3_v12
-877073119,m_cl_clo_grm_f_1_0_t6_v1
-877058388,vem_cmod_col5_26_t29_v3
-877044024,packed_mp_veh_colour1_0_v333
-877026837,vem_suspension_2_t15_v30
-877012540,vem_hood_3_t9_v30
-877003512,packed_mp_veh_mod_idx_s_21_v147
-876996611,packed_mp_veh_mod_idx_s_1_v5
-876952946,vem_colour_2_mct_matte_purple_t25_v0
-876895009,m_ta_tat_h3_026_t0_v0
-876854630,packed_mp_veh_mod_idx_9_v132
-876847842,service_spend_vehicle_insurance
-876828629,packed_mp_veh_mod_idx_s_21_v324
-876713523,wp_wm_tint7_t2_v2
-876594470,m_cl_sp_fmm_10_13_t8_v0
-876402051,packed_mp_veh_mod_idx_s_6_v69
-876397637,vem_smod4_whlv11_t66_v1
-876310124,packed_mp_veh_mod_idx_15_v97
-876217431,packed_mp_veh_mod_idx_s_3_v40
-876186897,packed_lr_vehicle_colour_6_v375
-876102334,f_cl_clo_scf_d_25_3_t10_v1
-876086142,packed_mp_veh_mod_idx_s_22_v337
-876074965,packed_mp_veh_mod_idx_s_16_v408
-876012764,service_earn_gangops_wages
-875992080,packed_mp_veh_mod_idx_16_v410
-875991254,m_cl_clo_scm_u_0_22_t11_v1
-875983938,packed_mp_veh_mod_idx_s_1_v39
-875977410,packed_ng_vehicle_bpt_v398
-875941672,vem_fender_r_5_t37_v27
-875874578,f_cl_l_fmf_12_7_t4_v0
-875839363,m_cl_outfit_clo_bim_o_1_t12_v0
-875806427,vem_smod4_whlv84_t66_v1
-875718799,vem_supermod_3_16_t44_v6
-875706357,f_cl_clo_x2f_b_3_1_t1_v1
-875689424,packed_mp_veh_wheel_type_0_v370
-875606526,packed_mp_veh_mod_idx_s_2_v149
-875478445,vem_spt_16_t19_v1
-875420797,f_cl_clo_h4f_pey_210_t14_v1
-875351019,f_cl_outfit_clo_awf_o_d_9_t12_v0
-875324831,m_cl_clo_bim_ph_0_2_t14_v1
-875321516,vem_colour_2_mct_metallic_saddle_brown_t25_v4
-875278467,vem_supermod_15_2_t56_v28
-875228855,m_cl_outfit_clo_s2m_o_8_t12_v0
-875155031,f_cl_outfit_clo_h3f_o_sl_32_t12_v0
-875132226,pr_pm_modshop_14_t88_v0
-875131670,packed_ng_vehicle_bpt_v199
-875085189,vem_supermod_19_18_t60_v3
-875025066,f_cl_clo_exf_oa_2_t100_v0
-875016933,f_cl_clo_hp_f_d_11_t100_v0
-874976495,wp_wct_shell_ap_t0_v22_n2
-874951194,m_cl_clo_trm_u_7_9_t11_v1
-874893356,vem_cmod_neoncol_2_t21_v7
-874884191,packed_mp_veh_colour_extra2_0_v221
-874877579,vem_smod4_whlv76_t66_v3
-874750540,f_cl_clo_grf_u_11_12_t11_v1
-874717977,packed_mp_veh_mod_idx_8_v104
-874689291,vem_supermod_9_6_t50_v11
-874618825,packed_mp_veh_mod_idx_s_21_v378
-874448559,packed_mp_veh_mod_idx_9_v1
-874435244,packed_mp_veh_primary_colour_group_v77
-874421451,f_cl_clo_h4f_s_2_11_t8_v1
-874383581,m_cl_clo_hp_d_32_t11_v1
-874349243,packed_mp_veh_mod_idx_s_21_v142
-874346570,m_ta_tat_x2_004_t0_v0
-874154031,packed_mp_veh_mod_idx_s_11_v110
-874068136,packed_mp_veh_mod_idx_s_21_v363
-874061339,m_cl_clo_vwm_u_17_1_t11_v1
-874019007,packed_ng_vehicle_insurance_v114
-873949712,f_cl_clo_bhf_u_19_10_t11_v1
-873824963,packed_mp_veh_mod_idx_24_v204
-873717079,f_cl_clo_x6f_u_30_21_t11_v1
-873698631,vem_bikew_26_t19_v4
-873641484,packed_mp_veh_mod_idx_9_v186
-873533938,vem_musc_14_t19_v12
-873529930,f_cl_clo_exf_ob_7_t8_v12
-873364486,packed_mp_veh_colour2_0_v320
-873364178,m_cl_clo_s1m_dec_2_t11_v1
-873259512,f_cl_clo_grf_decl_36_t11_v1
-873246864,f_cl_clo_h3f_o_grp_2_t3_v12
-873243308,vem_colour_2_mct_classic_spin_purple_t25_v2
-873227361,packed_mp_veh_mod_idx_3_v188
-873226502,packed_ng_vehicle_bpt_v28
-873216998,wp_wct_clip_ex_t0_v21_n2
-873154381,packed_mp_veh_plate_id_v44
-873114888,packed_mp_veh_mod_idx_11_v315
-873092832,vem_offr_17_t19_v1
-872995980,f_cl_clo_bhf_u_0_15_t11_v1
-872992406,f_cl_clo_s1f_ph_0_6_t14_v1
-872986410,vem_supermod_16_13_t57_v27
-872983240,packed_mp_veh_mod_idx_6_v154
-872956234,packed_mp_veh_mod_idx_6_v323
-872950557,m_ta_tat_bi_056_t0_v0_cesp
-872936165,vem_colour_extra_1_mct_pearlescent_sunset_red_t24_v3
-872929892,vem_offr_09_t19_v3
-872929060,f_cl_clo_hstfb_19_3_t1_v1
-872904947,m_ta_tat_hp_003_t0_v0
-872845852,packed_mp_veh_mod_idx_5_v368
-872835170,vem_exhaust_10_t6_v35
-872654199,vem_cmod_neoncol_13_t21_v0
-872653262,f_cl_clo_sbf_u_18_18_t11_v1
-872648872,vem_truck_tint_14_t0_v0
-872550555,packed_mp_veh_mod_idx_12_v399
-872535250,packed_mp_veh_plate_id_v89
-872503457,vem_colour_2_mct_classic_sandy_brown_t25_v1
-872447824,f_ta_tat_bb_013_t0_v0
-872445279,m_cl_clo_bhm_u_7_15_t11_v1
-872410821,m_cl_clo_sbm_u_12_0_t11_v1
-872406312,packed_mp_veh_mod_idx_9_v285
-872327698,f_cl_clo_scf_u_0_11_t11_v1
-872283645,f_cl_clo_val_decl_b_t8_v1
-872210809,m_cl_clo_lxm_u_5_12_t11_v1
-872200155,vem_supermod_23_8_t64_v6
-872167943,vem_smod_whlv201_t66_v0
-872152954,packed_mp_veh_colour1_0_v194
-872037937,f_cl_clo_awf_u_17_8_t11_v1
-872029424,packed_mp_veh_mod_idx_15_v115
-871994780,packed_mp_veh_mod_idx_12_v42
-871893575,vem_supermod_51_17_t51_v7
-871888604,f_cl_clo_trf_o_bs_0_t3_v12
-871865510,f_cl_l_fmf_10_2_t4_v0
-871846302,wp_wct_c_tint_11_t2_v56_n2
-871837691,packed_mp_veh_mod_idx_11_v61
-871793635,f_cl_clo_scf_l_13_24_t4_v1
-871778408,packed_mp_veh_colour2_0_v250
-871759338,vem_colour_2_mct_metallic_straw_brown_t25_v4
-871606125,packed_mp_veh_mod_idx_s_1_v331
-871603851,packed_mp_veh_mod_idx_s_10_v321
-871603305,f_cl_clo_smf_ph_2_11_t14_v1
-871519274,packed_lr_vehicle_colour_5_v154
-871513285,packed_mp_veh_mod_idx_s_19_v397
-871464913,f_cl_clo_fxf_ph_1_15_t14_v1
-871464656,m_cl_outfit_clo_exm_ob_3_t12_v0
-871461962,m_cl_sp_fmm_6_4_t8_v0
-871434422,f_cl_ht_fmf_7_5_t14_v0
-871373587,m_cl_clo_vwm_s_2_2_t8_v2
-871354392,mp_stat_mpsv_model_282
-871341017,vem_rwd_musc_02_t19_v3
-871247061,packed_mp_veh_mod_idx_22_v323
-871147183,m_cl_clo_l2m_e_20_3_t14_v1
-871082479,m_cl_clo_bim_s_11_6_t8_v1
-871012479,vem_exhaust_0_t6_v29
-870877384,vem_cmod_neoncol_5_t21_v1
-870813186,packed_mp_veh_mod_idx_16_v95
-870749871,packed_mp_veh_mod_idx_7_v257
-870705490,vem_horn_cnote_f0_t10_v34
-870647273,packed_mp_veh_mod_idx_s_20_v354
-870566762,f_cl_g_fmf_10_1_t14_v0
-870426449,packed_mp_veh_mod_idx_22_v135
-870341579,m_cl_u_fmm_13_3_t11_v0
-870291693,packed_mp_veh_mod_idx_18_v280
-870230109,vem_livery_2_n1_t26_v0
-870117848,packed_mp_veh_mod_idx_s_5_v15
-869974750,m_cl_clo_fxm_pe_2_8_t14_v1
-869960582,f_cl_clo_suf_u_15_1_t11_v1
-869907747,vem_smod_whlv60_t66_v0
-869895389,vem_smod3_whlv13_t66_v3
-869857008,packed_mp_int_kosatka_colour_v0
-869814903,m_cl_clo_bhm_u_0_12_t11_v1
-869802024,packed_mp_veh_mod_idx_15_v126
-869755523,f_cl_clo_sbf_f_0_9_t6_v1
-869595617,packed_mp_veh_livery_0_v326
-869566100,packed_mp_veh_mod_idx_s_13_v29
-869555833,mp_stat_warhouseslot2_v0
-869547317,packed_ng_vehicle_smoke_v259
-869508368,dec_vw_aw_wh_2
-869494284,packed_ng_vehicle_neon_kit_v75
-869444196,packed_mp_veh_mod_idx_6_v158
-869395069,packed_mp_veh_wheel_type_0_v247
-869301506,packed_mp_veh_mod_idx_s_14_v274
-869296587,ve_mesa_t0_v2
-869286204,packed_mp_veh_mod_idx_15_v413
-869094832,f_cl_outfit_clo_awf_o_c_8_t12_v0
-869020508,vem_smod3_whlv16_t66_v3
-868999982,ve_zr3802_t0_v38
-868903158,packed_mp_veh_mod_idx_23_v18
-868891022,packed_mp_veh_mod_var_1_v327
-868819329,m_cl_clo_trm_u_8_13_t11_v1
-868751049,vem_colour_2_mct_metallic_spin_purple_t25_v33
-868611275,packed_mp_veh_mod_idx_24_v337
-868570883,vem_spoiler_7_t14_v26
-868560256,f_ta_tat_h4_026_t0_v0
-868522794,vem_supermod_0_13_t41_v3
-868503606,packed_mp_veh_mod_idx_s_6_v211
-868482584,wp_wct_tint_21_t2_v22_n2
-868457959,pr_mp_prop_clubh4_t0_v0
-868356591,packed_mp_veh_mod_idx_s_1_v218
-868176957,m_cl_clo_h4m_decl_19_t100_v0
-868163109,packed_mp_veh_mod_idx_4_v133
-868138537,vem_insurance_seven70
-868136318,packed_mp_veh_mod_idx_s_3_v318
-868003797,m_cl_clo_h4m_b_4_9_t1_v1
-867997841,hangar_mod_floor_decal_4_t0_v0
-867995399,packed_mp_veh_mod_idx_s_4_v364
-867920043,m_cl_clo_smm_ph_8_19_t14_v1
-867766229,f_cl_clo_bif_s_16_8_t8_v1
-867747374,packed_mp_veh_mod_idx_s_18_v235
-867717798,vem_insurance_turismo2
-867696868,vem_loride_15_t19_v12
-867190472,packed_mp_veh_mod_var_0_v328
-867169883,m_cl_clo_bbm_f_0_1_t6_v1
-867069307,vem_supermod_23_3_n1_t64_v3
-866837740,packed_mp_veh_mod_var_1_v33
-866783350,m_cl_f_fmm_8_4_t6_v0
-866729023,packed_mp_veh_mod_idx_s_3_v332
-866661222,packed_mp_veh_mod_idx_s_18_v338
-866632728,m_cl_m_fmm_1_2_t1_v0
-866622448,m_cl_ht_fmm_12_6_t14_v0
-866550310,packed_mp_veh_wheel_type_0_v73
-866457263,packed_ng_vehicle_neon_kit_v216
-866250105,f_cl_clo_busf_u_2_3_t11_v1
-866218773,packed_mp_veh_mod_idx_23_v262
-866173328,vem_bumper_r_10_t35_v11
-866129263,m_cl_outfit_clo_scm_o_2_t12_v0
-866040551,m_cl_clo_vwm_ph_1_11_t14_v1
-865994824,m_cl_clo_bbm_l_0_9_t4_v1
-865987548,f_cl_clo_grf_u_7_9_t11_v1
-865956787,m_ta_tat_hp_033_t0_v0
-865810920,vem_hood_3_t9_v5
-865809738,vem_colour_2_mct_metallic_formula_red_t25_v2
-865803103,packed_mp_veh_mod_idx_7_v167
-865801789,ve_rogue_t1_v33
-865788944,packed_mp_veh_mod_idx_4_v160
-865709287,vem_colour_extra_1_mct_metallic_wine_red_t24_v2
-865513388,packed_mp_veh_mod_idx_24_v409
-865494882,m_cl_clo_awm_decl_14_t100_v0
-865468213,m_cl_clo_bhm_u_11_15_t11_v1
-865377107,vem_smod2_whlv86_t66_v3
-865304957,packed_mp_veh_mod_idx_2_v33
-865244295,packed_mp_veh_mod_idx_s_21_v296
-865240809,m_cl_sp_fmm_6_8_t8_v0
-865159658,packed_ng_vehicle_insurance_v358
-865102942,packed_mp_veh_wheel_type_0_v253
-865089052,f_cl_f_fmf_3_10_t6_v0
-865026973,kosatk_fla_41_t0_v1
-865023821,fcarcade_wall_1_t0_v0
-864986968,f_ha_cc_mkup_0_t7_v0
-864943949,vem_smod4_whlv87_t66_v1
-864935232,packed_mp_veh_mod_idx_s_12_v223
-864887457,vem_supermod_1_0_t42_v11
-864880607,vem_colour_2_mct_classic_dark_blue_t25_v0
-864765940,wp_wct_c_tint_5_t2_v46_n2
-864760976,f_cl_clo_h3f_u_9_0_t11_v1
-864705707,m_cl_clo_h3m_b_14_24_t1_v1
-864673034,vem_trans_3_t16_v32
-864641549,packed_mp_veh_mod_idx_14_v258
-864539663,packed_mp_veh_mod_idx_s_6_v5
-864481930,m_cl_clo_lxm_u_2_2_t11_v1
-864360591,vem_cmod_hrn_clo_t10_v10
-864359993,packed_mp_veh_livery2_0_v57
-864233894,vem_insurance_dominator4
-864229698,vem_supermod_23_0_t64_v21
-864227321,vem_cmod_smoke_12_t18_v31
-864175747,f_cl_clo_h4f_s_1_12_t8_v1
-864152314,packed_mp_veh_mod_idx_9_v89
-864028819,vem_colour_2_mct_metallic_bright_orange_t25_v1
-864012119,f_cl_clo_vwf_u_19_0_t11_v1
-863945842,vem_smod4_whlv189_t66_v1
-863886453,packed_mp_veh_colour_extra1_0_v332
-863834964,packed_mp_veh_mod_idx_10_v366
-863800221,vem_spt_23_t19_v3
-863712368,packed_mp_veh_mod_idx_s_18_v320
-863704003,packed_mp_veh_mod_idx_22_v42
-863692875,vem_supermod_6_0_t47_v3
-863676070,vem_smod2_whlv190_t66_v3
-863465811,ve_faction_t0_v3
-863435642,f_cl_clo_vwf_u_19_15_t11_v1
-863425287,vem_colour_extra_1_mct_metallic_sunrise_orange_t24_v4
-863401440,packed_lr_vehicle_colour_5_v309
-863320310,packed_mp_veh_mod_idx_s_19_v204
-863300032,vem_cmod_pla_1_t23_v31
-863206978,f_cl_clo_fxf_u_4_22_t11_v1
-863174514,vem_colour_1_mct_metallic_petrol_green_t24_v3
-863146744,vem_colour_1_mct_metallic_silver_t24_v2
-863110568,packed_mp_veh_mod_idx_s_21_v105
-863086880,dec_cpm_claw_9
-863086772,m_cl_clo_scm_u_0_11_t11_v1
-863060729,vem_bumper_f_18_t34_v3
-863021223,m_cl_clo_grm_u_11_10_t11_v1
-862996203,f_cl_clo_stf_o_e_2_t3_v12
-862879090,packed_mp_veh_colour2_0_v317
-862862080,packed_ng_vehicle_neon_v181
-862854449,vem_smod2_whlv162_t66_v3
-862823315,vem_supermod_54_6_t54_v7
-862728526,m_cl_clo_lxm_dec_5_t11_v1
-862684035,vem_supermod_22_5_t63_v28
-862663082,f_ta_tat_bi_001_t0_v0_cesp
-862572721,m_ta_tat_bi_007_t0_v0
-862571000,f_cl_clo_hstfb_22_0_t1_v1
-862565373,m_cl_clo_smm_b_3_0_t1_v1
-862563359,vem_insurance_rloader
-862557310,f_cl_clo_stf_u_6_15_t11_v1
-862263004,m_cl_clo_bhm_decl_7_t100_v0
-862255465,packed_mp_veh_mod_idx_s_9_v355
-862191322,f_cl_clo_hp_f_u_1_1_t8_v1
-862188637,wp_wt_rev_da_t0_v0
-862089705,f_cl_clo_h2f_o_g_10_t3_v12
-862075995,f_cl_clo_h2f_b_3_14_t1_v1
-862067576,vem_bikew_04_t19_v3
-862032236,f_cl_clo_grf_u_12_13_t11_v1
-862030113,packed_lr_vehicle_colour_6_v395
-861843490,f_cl_clo_h2f_u_6_24_t11_v1
-861842919,packed_ng_vehicle_smoke_v199
-861703501,m_cl_clo_smm_ph_2_11_t14_v1
-861666493,packed_mp_veh_mod_idx_7_v184
-861513244,f_cl_clo_vwf_l_2_5_t4_v1
-861375098,vem_suspension_2_t15_v7
-861260817,pr_fc_mural_1_t0_v0
-861146431,packed_mp_veh_mod_idx_12_v135
-861134106,packed_mp_veh_plate_id_v2
-861090398,f_cl_clo_vwf_f_1_11_t6_v1
-861077607,vem_supermod_6_7_t47_v3
-861045788,ve_ballistic_equipment_t0_v0
-860944490,packed_mp_veh_wheel_type_0_v333
-860879246,m_cl_f_fmm_12_3_t6_v0
-860866567,m_cl_clo_h4m_ph_0_0_t14_v1
-860831021,packed_ng_vehicle_neon_v41
-860723875,wp_wct_clip2_t1_v5_n2
-860708547,f_ha_cc_f_hs_8_t0_v1
-860651457,packed_mp_veh_window_tint_0_v343
-860617258,f_cl_clo_stf_o_6_t11_v12_cesp
-860601942,packed_ng_vehicle_neon_v70
-860543390,packed_mp_veh_colour2_0_v380
-860506008,m_ta_tat_bi_014_t0_v0_cesp
-860400899,m_cl_u_fmm_12_6_t11_v0
-860394939,m_cl_clo_hp_d_30_t100_v0
-860315933,packed_mp_veh_mod_idx_24_v2
-860312209,f_cl_clo_fxf_u_7_19_t11_v1
-860301824,f_cl_clo_indf_b_4_1_t1_v1
-860246944,f_cl_clo_arf_o_19_t8_v12
-860236469,packed_mp_veh_mod_idx_1_v118
-860228946,vem_roof_18_t12_v38
-860210047,m_cl_clo_awm_u_10_14_t11_v1
-860138115,vem_smod_whlv179_t66_v0
-859987611,m_cl_clo_awm_u_3_5_t11_v1
-859983153,vem_suspension_0_t15_v2
-859774508,packed_mp_veh_mod_idx_s_17_v221
-859593965,packed_mp_veh_mod_idx_s_12_v30
-859549661,wp_wct_clip_tr_t1_v56_n2
-859542016,f_cl_clo_h3f_ph_7_0_t14_v1
-859469702,f_cl_clo_indf_g_1_0_t14_v1
-859419054,m_cl_clo_x6m_f_12_4_t6_v1
-859356083,m_cl_clo_exm_decl_14_t100_v0
-859263672,vem_smod4_whlv60_t66_v3
-859236604,m_ta_tat_bi_012_t0_v0_cesp
-858958790,vem_fender_r_11_t37_v27
-858799037,f_cl_clo_exf_eu_15_0_t11_v1
-858773382,packed_mp_veh_mod_idx_s_15_v59
-858685033,m_cl_u_fmm_0_5_t11_v0
-858643507,f_cl_clo_s1f_u_5_4_t11_v1
-858519445,packed_lr_vehicle_colour_6_v148
-858375338,vem_horn_cnote_b0_t10_v28
-858319603,vem_supermod_52_2_t52_v7
-858285144,m_cl_clo_x6m_f_4_21_t6_v1
-858280597,m_cl_clo_hstmb_22_13_t1_v1
-858257776,packed_mp_veh_mod_idx_s_12_v207
-858137069,packed_mp_veh_mod_idx_22_v96
-858076291,m_ha_cc_m_hs_0_t0_v2
-858040750,f_cl_o_fmf_b4_t8_v12
-857853985,packed_mp_veh_colour_extra2_0_v349
-857733838,f_cl_clo_smf_u_0_4_t11_v1
-857703722,vem_cmod_neonlay_3_t21_v1
-857691075,packed_mp_veh_window_tint_0_v68
-857612987,m_cl_clo_smm_b_3_10_t1_v1
-857464327,vem_spoiler_29_t14_v3
-857364945,packed_mp_veh_wheel_type_0_v327
-857304902,packed_mp_veh_mod_idx_s_7_v161
-857193714,packed_mp_veh_mod_idx_s_19_v39
-857178437,packed_mp_veh_mod_idx_s_14_v254
-857172718,packed_mp_veh_colour_extra1_0_v146
-857168712,f_cl_clo_fxf_pe_1_2_t14_v1
-857142204,vem_colour_1_mct_classic_sunrise_orange_t24_v0
-857132369,packed_mp_veh_mod_idx_s_3_v174
-857041320,m_cl_clo_h3m_o_bs_2_t4_v12
-857025875,wp_wct_c_tint_25_t2_v56_n2
-857008018,packed_mp_veh_mod_idx_s_17_v106
-856947203,packed_mp_veh_mod_idx_24_v391
-856904666,fcarcade_v_c_rem
-856889336,m_cl_clo_stm_l_3_14_t4_v1
-856809158,packed_mp_veh_mod_idx_15_v225
-856732078,packed_mp_veh_mod_idx_s_8_v165
-856701084,f_cl_clo_stf_o_6_t11_v12
-856657489,f_cl_clo_exf_ob_9_t3_v12
-856649951,vem_supermod_15_5_t56_v27
-856515145,packed_mp_veh_mod_idx_0_v240
-856381170,f_ta_tat_s1_001_t0_v0
-856118850,f_cl_l_fmf_9_15_t4_v0
-856006867,service_earn_boss_agency
-855999590,vem_rwd_bikew_02_t19_v4
-855990812,f_cl_clo_bhf_decl_30_t100_v0
-855917420,m_cl_clo_exm_ob_10_t3_v12
-855882524,vem_colour_2_mct_classic_grace_red_t25_v2
-855854621,packed_mp_veh_mod_idx_0_v266
-855631368,m_cl_clo_grm_b_0_19_t1_v1
-855626673,m_cl_clo_sum_decl_13_t100_v0
-855504785,m_cl_clo_hp_f_1_14_t6_v1
-855483432,m_cl_clo_indm_d_1_t8_v1
-855482856,packed_mp_veh_mod_idx_s_0_v261
-855450923,f_cl_clo_pif_b_0_0_t1_v1
-855441656,f_cl_clo_l2f_t_13_4_t7_v1
-855397045,f_cl_clo_sbf_l_2_21_t4_v1
-855348611,m_cl_u_fmm_6_5_t11_v0
-855283398,f_cl_clo_vwf_pw_1_3_t14_v1
-855207900,f_cl_clo_awf_decl_11_t100_v0
-855205209,m_cl_clo_s1m_dec_4_t100_v0
-855196495,packed_mp_veh_mod_idx_s_18_v248
-855131342,vem_smod2_whlv177_t66_v3
-854997803,m_cl_clo_smm_b_9_19_t1_v1
-854938534,vem_colour_2_mct_matte_matte_for_t25_v0
-854823274,packed_mp_veh_mod_idx_10_v134
-854714665,packed_mp_veh_mod_idx_s_5_v398
-854684564,packed_mp_veh_mod_idx_8_v379
-854575549,packed_mp_veh_mod_idx_0_v198
-854390966,packed_mp_veh_wheel_type_0_v361
-854373006,packed_mp_veh_wheel_type_0_v167
-854363131,m_cl_outfit_clo_h3m_o_dh_21_t12_v0
-854353918,packed_mp_veh_mod_idx_s_2_v212
-854283876,f_cl_clo_x17f_b_6_3_t1_v1
-854278013,packed_mp_veh_mod_idx_s_19_v173
-854198146,packed_lr_vehicle_colour_6_v359
-854144780,packed_ng_vehicle_bpt_v299
-854111471,packed_lr_vehicle_colour_5_v138
-854090922,m_cl_clo_exm_al_11_0_t4_v1
-854058337,packed_mp_veh_mod_var_0_v199
-854057037,vem_cmod_hrn_mus5_t10_v1
-854002872,packed_mp_veh_mod_idx_s_11_v131
-853913590,m_cl_clo_h2m_b_7_7_t1_v1
-853873991,m_cl_clo_vwm_u_6_18_t11_v1
-853873482,m_cl_clo_bhm_decl_14_t11_v1
-853813942,packed_mp_veh_mod_idx_s_22_v286
-853778346,vem_cmod_hrn_mus1_t10_v11
-853714581,m_cl_clo_h4m_ph_0_21_t14_v1
-853699184,m_ha_cc_blush_28_t5_v0
-853694987,f_cl_clo_smf_u_6_4_t11_v1
-853610085,vem_insurance_torero2
-853574348,vem_smod_whlv206_t66_v3
-853475823,packed_mp_veh_wheel_type_0_v65
-853212092,ve_asbo_t0_v3
-853174047,packed_mp_veh_colour1_0_v154
-853113964,packed_mp_veh_wheel_type_0_v36
-853067187,packed_mp_veh_mod_idx_10_v301
-852954921,packed_mp_veh_livery2_0_v60
-852940556,packed_ng_vehicle_insurance_v219
-852830095,packed_mp_veh_mod_idx_10_v98
-852822349,f_cl_clo_awf_f_0_18_t6_v1
-852756582,m_cl_outfit_clo_stm_o_15_t12_v0_cesp
-852743573,packed_mp_veh_mod_idx_22_v352
-852729927,vem_smod_whlv158_t66_v3
-852642046,vem_colour_extra_1_mct_matte_white_t24_v4
-852603343,m_cl_o_fmm_p8_t3_v12
-852435355,packed_mp_veh_mod_idx_s_16_v131
-852417718,packed_mp_veh_mod_idx_s_15_v295
-852367817,packed_mp_veh_mod_idx_7_v165
-852293490,packed_mp_veh_secondary_colour_group_v339
-852272685,vem_skirt_4_t13_v4
-852261939,vem_colour_1_mct_metallic_black_steel_t24_v0
-852249961,mp_stat_mpsv_model_289
-851886098,f_ta_tat_bi_007_t0_v0_cesp
-851868500,vem_horn_indi_2_t10_v27
-851749178,vem_colour_extra_1_mct_classic_purple_t24_v4
-851670023,packed_mp_veh_primary_colour_group_v133
-851633763,f_ta_tat_st_021_t0_v0
-851477454,packed_mp_veh_secondary_colour_group_v371
-851372964,packed_mp_veh_colour1_0_v185
-851298870,packed_mp_veh_mod_idx_5_v410
-851290536,f_cl_clo_exf_au_9_4_t11_v1
-851282286,packed_mp_veh_mod_idx_16_v74
-851048358,f_cl_clo_h4f_b_2_3_t1_v1
-850950792,packed_mp_veh_mod_idx_18_v123
-850927261,f_cl_clo_grf_l_2_8_t4_v1
-850911894,f_cl_outfit_clo_hstf_o_a_1_t12_v0
-850852826,f_cl_clo_grf_decl_7_t100_v0
-850826007,m_cl_g_fmm_10_6_t14_v0
-850766314,packed_ng_vehicle_smoke_v9
-850664348,f_ta_tat_vw_007_t0_v0
-850411340,vem_supermod_13_15_t54_v3
-850228162,packed_mp_veh_mod_idx_s_11_v273
-850170481,f_cl_clo_exf_au_8_0_t11_v1
-850166156,m_cl_clo_vwm_u_20_0_t11_v1
-850126366,packed_mp_veh_mod_idx_23_v285
-850079683,f_cl_clo_ief_l_7_4_t4_v1
-850077846,packed_mp_veh_colour_extra2_0_v253
-850008080,packed_mp_veh_mod_idx_11_v161
-849925463,packed_mp_veh_mod_idx_s_22_v54
-849873567,f_cl_clo_bhf_u_5_18_t11_v1
-849767768,packed_mp_veh_mod_idx_2_v239
-849750346,packed_ng_vehicle_smoke_v166
-849740754,packed_mp_veh_mod_idx_s_22_v324
-849713621,vem_colour_2_mct_metallic_candy_red_t25_v2
-849703780,kosatk_fla_20_t0_v0
-849683645,vem_colour_1_mct_matte_matte_for_t24_v4
-849661206,m_cl_clo_grm_decl_17_t11_v1
-849618647,f_cl_clo_awf_l_0_13_t4_v1
-849583661,m_ta_tat_sm_011_t0_v0
-849510103,m_cl_clo_grm_b_1_11_t1_v1
-849334049,packed_mp_veh_mod_idx_s_6_v225
-849239516,ve_cheetah2_t0_v3
-849232442,f_ha_face_e_c_8_t4_v0
-849116488,packed_mp_veh_mod_idx_10_v279
-849093271,packed_mp_veh_mod_idx_3_v351
-848990731,packed_mp_veh_mod_idx_s_23_v176
-848937302,vem_exhaust_4_t6_v27
-848889477,packed_mp_veh_mod_idx_1_v310
-848878760,f_cl_clo_sbf_b_1_2_t1_v1
-848864771,m_cl_clo_busm_l_1_5_t4_v1
-848780308,f_ta_tat_bi_003_t0_v0
-848490180,vem_supermod_16_17_t57_v3
-848364557,f_cl_clo_smf_ph_6_12_t14_v1
-848181978,packed_mp_veh_mod_idx_12_v162
-848104841,packed_mp_veh_livery2_0_v72
-848068598,f_cl_clo_smf_b_7_20_t1_v1
-848012493,packed_mp_veh_mod_idx_1_v408
-847970793,packed_mp_veh_window_tint_0_v4
-847918502,m_cl_clo_awm_u_3_2_t11_v1
-847826750,packed_mp_veh_mod_idx_15_v103
-847817139,vem_supermod_0_6_t41_v11
-847715408,packed_mp_veh_mod_idx_s_5_v113
-847714674,m_cl_clo_arm_b_0_11_t1_v1
-847623554,vem_cmod_hrn_mus1_t10_v6
-847605472,vem_smod4_whlv95_t66_v2
-847547611,f_cl_outfit_clo_awf_o_b_5_t12_v0
-847527852,m_cl_clo_awm_decl_89_t100_v0
-847509892,m_cl_clo_grm_l_2_10_t4_v1
-847433740,packed_mp_veh_mod_idx_s_9_v201
-847347138,packed_mp_veh_livery_0_v281
-847340088,packed_mp_veh_mod_idx_s_8_v303
-847323240,packed_mp_veh_mod_idx_18_v212
-847250301,m_cl_clo_bbm_h_0_2_t14_v1
-847240831,packed_mp_veh_mod_idx_s_7_v187
-847233001,packed_mp_veh_mod_idx_s_9_v110
-847168410,dec_vw_aw_ls_19
-847041924,m_cl_clo_vwm_d_1_6_t10_v1
-847013080,vem_colour_extra_1_mct_metallic_orange_t24_v3
-847012963,vem_smod5_whlv17_t66_v3
-846959276,packed_mp_veh_mod_idx_12_v47
-846940658,packed_mp_veh_mod_idx_s_3_v116
-846929486,packed_mp_veh_mod_idx_11_v180
-846928673,m_cl_clo_bim_decl_67_t11_v1
-846926225,packed_mp_veh_mod_idx_10_v122
-846913075,packed_mp_veh_mod_idx_s_10_v34
-846909982,m_cl_clo_sbm_f_0_10_t6_v1
-846896951,vem_supermod_7_0_t48_v10
-846895832,m_cl_clo_s1m_u_7_9_t11_v1
-846866875,f_cl_clo_exf_eu_1510_t11_v1
-846832862,packed_mp_veh_colour_extra1_0_v11
-846734661,packed_mp_veh_wheel_type_0_v194
-846726061,wp_wct_tint_26_t2_v56_n2
-846659937,packed_ng_vehicle_neon_v275
-846659055,packed_mp_veh_mod_idx_11_v19
-846646418,m_cl_clo_bhm_l_0_2_t4_v1
-846615609,packed_mp_veh_mod_idx_s_7_v214
-846545329,vem_rwd_musc_03_t19_v2
-846533192,m_cl_clo_h4m_s_2_4_t8_v1
-846520932,vem_colour_mct_none_149
-846508651,packed_mp_veh_mod_idx_s_16_v22
-846460923,vem_supermod_11_14_t52_v3
-846373616,packed_mp_veh_colour1_0_v382
-846321175,f_cl_f_fmf_15_8_t6_v0
-846254128,vem_brake_2_t2_v10
-846214856,f_cl_clo_grf_u_19_2_t11_v1
-846157795,vem_colour_2_mct_metallic_white_t25_v1
-846094665,vem_colour_extra_1_mct_pearlescent_torino_red_t24_v4
-846052852,f_cl_clo_awf_b_12_6_t1_v1
-846012065,packed_mp_veh_mod_var_1_v120
-845976582,vem_spoiler_0_t14_v34
-845968812,f_cl_clo_hp_f_b_2_1_t1_v1
-845953649,m_ta_tat_x2_007_t0_v0
-845882181,f_cl_clo_indf_d_22_t8_v1
-845872708,ve_mule3_t0_v0
-845839587,m_cl_clo_smm_b_4_11_t1_v1
-845716831,f_cl_clo_h2f_ph_4_7_t14_v1
-845671697,ve_roosevelt2_t0_v5
-845572701,vem_cmod_col3_c_t24_v4
-845570132,f_cl_clo_v2f_u_3_1_t11_v1
-845433095,packed_mp_veh_mod_idx_16_v261
-845423192,packed_mp_veh_mod_idx_13_v334
-845400935,packed_mp_veh_mod_idx_8_v230
-845379946,vem_smod4_whlv103_t66_v3
-845357796,vem_rwd_suv_19_t19_v12
-845326463,packed_mp_veh_mod_var_0_v166
-845311543,packed_mp_veh_colour1_0_v164
-845134346,packed_mp_veh_mod_idx_s_0_v137
-845092891,pr_mp_prop_clubh5_t0_v0
-845086741,vem_hlight_1_t11_v33
-845059566,vem_colour_extra_1_mct_classic_olive_green_t24_v1
-845054818,wp_wct_tint_27_t2_v47_n2
-845050599,vem_supermod_23_22_n1_t64_v34
-844971122,vem_supermod_23_17_t64_v33
-844952422,packed_mp_veh_mod_idx_s_13_v411
-844921187,packed_mp_veh_mod_idx_14_v164
-844913061,packed_mp_veh_mod_idx_s_15_v147
-844859853,packed_lr_vehicle_colour_6_v42
-844839460,f_cl_clo_h4f_pey_3_2_t14_v1
-844804684,wp_wct_clip2_t1_v2
-844638304,vem_smod4_whlv119_t66_v0
-844560866,m_cl_clo_vwm_pe_2_1_t14_v1
-844428728,vem_hiend_12_t19_v0
-844386659,f_cl_outfit_clo_exf_ob_8_t12_v0
-844357756,packed_mp_veh_mod_idx_s_19_v308
-844311085,vem_insurance_issi3
-844306177,ve_dominator4_t0_v38
-844138715,packed_mp_veh_mod_idx_13_v122
-844072945,m_cl_clo_bhm_u_7_3_t11_v1
-844015314,f_cl_clo_h4f_s_1_7_t8_v1
-844002581,vem_colour_2_mct_classic_straw_brown_t25_v1
-843995933,f_cl_outfit_clo_awf_o_c_5_t12_v0
-843898914,packed_mp_veh_mod_idx_9_v320
-843730702,packed_mp_veh_mod_idx_0_v135
-843721617,packed_mp_veh_mod_idx_s_6_v106
-843708833,packed_ng_vehicle_neon_kit_v265
-843645574,packed_mp_veh_mod_idx_2_v177
-843635584,f_cl_clo_trf_u_11_12_t11_v1
-843515758,f_cl_clo_h3f_u_14_4_t11_v1
-843472583,packed_mp_veh_colour_extra2_0_v84
-843304390,f_cl_clo_grf_ph_5_19_t14_v1
-843263256,vem_cmod_neonlay_2_t21_v38
-843224239,packed_mp_veh_mod_idx_s_17_v17
-843208049,packed_mp_veh_colour2_0_v361
-843177227,vem_cmod_pla_2_t23_v7
-843169654,vem_colour_extra_1_mct_classic_maple_brown_t24_v0
-843131104,packed_mp_veh_mod_idx_s_5_v103
-843122383,mp_stat_ie_wh_owned_vehicle_18_v0
-843052181,vem_horn_indi_2_t10_v7
-843012475,packed_mp_veh_wheel_type_0_v314
-842889573,vem_colour_6_sienna_brown_t65_v3
-842874965,vem_supermod_61_1_t61_v7
-842873112,packed_mp_veh_mod_idx_12_v156
-842750140,m_cl_clo_smm_u_0_0_t11_v1
-842738203,vem_horn_cnote_g0_t10_v33
-842650678,f_cl_clo_v2f_l_0_9_t4_v1
-842602198,mp_stat_mpsv_model_319
-842540769,vem_drft_12_t19_v2
-842535936,f_cl_clo_h3f_b_9_15_t1_v1
-842514642,vem_supermod_4_11_t45_v3
-842485720,m_cl_clo_iem_ph_0_14_t14_v1
-842449655,vem_smod4_whlv86_t66_v2
-842373194,f_ta_tat_h27_012_t0_v0
-842352313,packed_mp_veh_mod_idx_14_v231
-842338833,vem_spoiler_3_t14_v4
-842328728,m_cl_clo_exm_eu_13_0_t11_v1
-842248700,packed_mp_veh_mod_idx_11_v79
-842210874,packed_mp_veh_mod_idx_s_10_v352
-842195639,packed_mp_veh_mod_idx_s_6_v79
-842089450,f_cl_clo_bif_u_22_2_t11_v1
-842072380,mp_stat_factoryupgrades2_v0
-842062976,service_earn_collectable_completed_collection
-842030167,f_ta_tat_h4_019_t0_v0
-841894038,m_cl_clo_x6m_f_10_13_t6_v1
-841840086,m_cl_clo_vwm_u_2_22_t11_v1
-841838524,packed_ng_vehicle_bpt_v336
-841762108,f_cl_clo_x6f_u_24_21_t11_v1
-841755256,vem_smod2_whlv96_t66_v3
-841719244,f_cl_clo_grf_ph_3_14_t14_v1
-841644982,packed_mp_veh_mod_idx_7_v170
-841589431,packed_mp_veh_mod_idx_s_20_v174
-841576970,packed_mp_veh_mod_idx_s_1_v402
-841563862,f_cl_clo_sbf_u_11_0_t11_v1
-841485774,vem_supermod_3_42_t44_v11
-841329596,f_cl_clo_trf_f_1_11_t6_v1
-841296046,f_cl_clo_bus_m_2_5_t1_v1
-841225303,packed_mp_veh_mod_idx_10_v177
-841221710,f_cl_clo_grf_b_1_16_t1_v1
-841194089,f_cl_clo_x17f_o_m_1_t3_v12
-841058967,vem_colour_extra_1_mct_metallic_midnight_silver_t24_v2
-841053029,m_cl_clo_grm_g_1_10_t3_v1
-840935861,f_cl_clo_exf_eu_1013_t11_v1
-840841423,vem_cmod_neonlay_6_t21_v0
-840825763,vem_cmod_hrn_sad_t10_v35
-840765469,vem_colour_extra_1_mct_pearlescent_salmon_pink_t24_v3
-840685698,m_cl_u_fmm_7_14_t11_v0
-840652212,packed_mp_veh_mod_idx_s_6_v294
-840633462,packed_mp_veh_mod_idx_s_16_v342
-840597437,m_cl_clo_hp_u_3_4_t11_v1
-840553760,vem_cmod_tyr_11_t18_v35
-840485404,f_cl_clo_awf_o_b_6_t3_v12
-840417316,vem_offr_19_t19_v0
-840410141,f_cl_clo_fxf_ph_0_17_t14_v1
-840391183,vem_smod5_whlv108_t66_v3
-840337727,vem_supermod_52_5_t52_v7
-840310699,packed_mp_veh_mod_idx_7_v313
-840271878,packed_mp_veh_mod_idx_s_1_v233
-840259688,m_cl_clo_fxm_pe_0_11_t14_v1
-840258899,packed_mp_veh_window_tint_0_v35
-840217166,packed_mp_veh_mod_idx_1_v269
-840172402,m_cl_clo_hst_a_3_t8_v2
-840170374,packed_mp_veh_window_tint_0_v189
-840088484,f_cl_f_fmf_14_8_t6_v0
-840040927,packed_ng_vehicle_bpt_v142
-839894994,f_cl_clo_grf_ph_0_7_t14_v1
-839892897,packed_mp_veh_livery2_0_v170
-839778305,m_cl_clo_h3m_ph_6_4_t14_v1
-839655404,m_cl_clo_exm_eu_10_7_t11_v1
-839575293,vem_colour_extra_1_mct_metallic_purple_t24_v0
-839525363,packed_mp_veh_livery2_0_v248
-839438035,packed_ng_vehicle_bpt_v92
-839406241,f_cl_clo_trf_f_1_3_t6_v1
-839302814,packed_mp_veh_mod_idx_s_3_v387
-839265099,packed_mp_veh_mod_idx_11_v338
-839206439,f_cl_clo_hstf_g_1_1_t3_v1
-839158760,m_cl_clo_stm_h_9_20_t14_v1
-839117310,m_cl_l_fmm_7_4_t4_v0
-839097790,ve_brioso_t0_v3
-839005241,packed_ng_vehicle_smoke_v285
-838952062,vem_suv_18_t19_v1
-838888634,vem_colour_extra_1_mct_pearlescent_sienna_brown_t24_v3
-838827904,vem_insurance_lynx
-838666018,m_cl_clo_scm_ey_0_19_t14_v1
-838629562,m_cl_clo_lxm_w_5_0_t14_v1
-838628566,vem_bumper_r_13_t35_v1
-838576379,vem_rwd_bikew_08_t19_v3
-838549613,packed_mp_veh_mod_idx_s_19_v167
-838425125,packed_mp_veh_mod_idx_15_v206
-838412231,packed_mp_veh_mod_idx_1_v114
-838398746,vem_cmod_tyr_6_t18_v28
-838362907,vem_horn_hween2_t10_v30
-838281416,packed_mp_veh_mod_var_0_v156
-838267875,packed_mp_veh_mod_idx_s_4_v408
-838019402,vem_supermod_18_0_t59_v3
-837851951,vem_smod2_whl24_t19_v12
-837737687,f_cl_clo_h3f_ph_5_9_t14_v1
-837690641,service_earn_island_heist_prep
-837678306,packed_mp_veh_plate_id_v220
-837592144,vem_fender_r_9_n0_t37_v38
-837401177,f_ta_tat_h3_000_t0_v0
-837347810,packed_mp_veh_mod_idx_s_15_v242
-837198443,packed_mp_veh_mod_idx_s_18_v373
-837106359,packed_mp_veh_mod_idx_s_11_v368
-836991072,f_ta_tat_bi_009_t0_v0_cesp
-836950622,factory_index_3_t0_v0
-836920049,packed_mp_veh_mod_idx_s_3_v272
-836920014,m_cl_clo_bhm_u_2_4_t11_v1
-836899263,vem_supermod_2_5_n1_t43_v3
-836858605,f_cl_clo_awf_b_3_6_t1_v1
-836837555,m_cl_clo_grm_u_9_13_t11_v1
-836824404,wp_wt_pist_cbt_t0_v0
-836764025,m_cl_clo_l2m_u_4_3_t11_v1
-836753014,vem_roof_0_t12_v7
-836702626,m_cl_clo_grm_decl_11_t11_v1
-836660095,f_cl_clo_h4f_decl_22_t100_v0
-836548018,casweb_bar_1_t0_v1
-836396118,packed_mp_veh_mod_idx_s_8_v316
-836384726,packed_lr_vehicle_colour_5_v109
-836377551,f_cl_clo_bif_decl_42_t11_v1
-836348202,vem_bumper_f_8_t34_v27
-836344326,packed_mp_veh_mod_idx_8_v144
-836326231,vem_colour_6_lime_green_t65_v3
-836322384,f_cl_clo_smf_b_8_14_t1_v1
-836282754,vem_rwd_offr_04_t19_v1
-836275489,vem_insurance_landstal
-836246916,m_cl_clo_h3m_u_10_14_t11_v1
-836198612,packed_mp_veh_mod_idx_s_6_v84
-836132731,m_cl_clo_h2m_ph_4_0_t14_v1
-836128816,f_cl_clo_bif_ph_6_1_t14_v1
-836108572,f_cl_clo_scf_u_55_6_t11_v1
-836043198,vem_insurance_baller5
-836033836,m_cl_clo_h4m_pey_2_9_t14_v1
-836001443,packed_mp_veh_mod_idx_14_v259
-835991043,f_cl_clo_hstf_u_12_1_t11_v1
-835972181,mp_stat_multstorey_gar_sty_f5_v0
-835905750,packed_mp_veh_mod_idx_s_15_v255
-835758348,vem_supermod_4_9_t45_v27
-835517456,packed_mp_veh_window_tint_0_v179
-835502127,f_cl_clo_fxf_u_9_10_t11_v1
-835492020,f_cl_clo_apf_u_23_6_t11_v1
-835487951,packed_mp_veh_mod_idx_22_v268
-835334398,vem_suv_14_t19_v12
-835319688,m_cl_clo_h4m_b_1_2_t1_v1
-835271057,packed_mp_veh_mod_idx_9_v124
-835225340,dec_vw_aw_mt_27c
-835204187,m_cl_clo_fxm_ph_0_9_t14_v1
-835194682,vem_supermod_14_1_t55_v27
-834974702,packed_mp_veh_livery2_0_v392
-834959249,packed_mp_veh_mod_var_0_v295
-834945767,vem_smod4_whlv29_t66_v3
-834932265,packed_mp_veh_mod_idx_s_23_v340
-834931503,m_cl_clo_hstmb_22_1_t1_v1
-834815619,packed_mp_veh_livery_0_v19
-834798807,wp_wm_tint3_t2_v2
-834706713,vem_colour_1_mct_metallic_yellow_t24_v33
-834668106,vem_colour_1_mct_classic_petrol_green_t24_v1
-834650437,vem_cmod_neoncol_255_t21_v4
-834636749,f_cl_outfit_clo_h3f_o_sh_23_t12_v0
-834499332,vem_spt_04_t19_v0
-834438665,packed_mp_veh_mod_idx_24_v286
-834414782,packed_ng_vehicle_bpt_v246
-834271653,vem_colour_2_mct_metallic_blaze_red_t25_v1
-834251988,m_ta_tat_fm_022_t0_v0
-834196864,packed_mp_veh_mod_idx_15_v243
-834178374,f_cl_clo_sbf_e_0_10_t14_v1
-834153121,f_ha_cc_mkup_40_t7_v0
-834001660,f_cl_clo_hstf_t_1_3_t7_v1
-833980125,packed_mp_veh_mod_idx_s_0_v67
-833931488,packed_mp_veh_mod_idx_s_0_v158
-833912391,vem_colour_extra_1_mct_classic_blue_silver_t24_v4
-833884565,m_cl_clo_vwm_s_2_9_t8_v1
-833875921,packed_mp_veh_mod_var_0_v80
-833813548,f_cl_clo_h2f_u_6_21_t11_v1
-833798594,vem_fender_l_2_t36_v3
-833786157,vem_supermod_62_5_t62_v7
-833781530,m_cl_clo_busm_l_0_5_t4_v1
-833680807,packed_lr_vehicle_colour_6_v158
-833679778,m_cl_clo_sbm_l_0_0_t4_v1
-833664706,f_cl_clo_h2f_u_6_18_t11_v1
-833539087,vem_hood_4_t9_v26
-833533453,packed_mp_veh_mod_idx_14_v327
-833517571,vem_cmod_neoncol_2_t21_v29
-833495125,packed_mp_veh_mod_idx_22_v21
-833419015,f_cl_clo_grf_b_5_23_t1_v1
-833402726,packed_mp_veh_colour2_0_v110
-833351628,f_cl_outfit_clo_stf_o_1_t12_v0
-833320750,packed_mp_veh_mod_idx_24_v393
-833298053,packed_mp_veh_mod_idx_3_v379
-833280603,f_cl_ht_fmf_9_6_t14_v0
-833218942,packed_mp_veh_colour1_0_v187
-833196042,f_cl_clo_awf_o_f_0_t8_v12
-833152256,packed_mp_veh_mod_idx_9_v216
-833150142,packed_mp_veh_mod_idx_s_15_v104
-833136619,m_cl_clo_arm_o_19_t3_v12
-833133722,vem_colour_1_mct_matte_matte_od_t24_v0
-832724775,packed_mp_veh_mod_idx_4_v231
-832680363,m_cl_clo_indm_s_0_9_t8_v2
-832658631,packed_mp_veh_mod_idx_s_12_v273
-832575617,packed_mp_veh_livery2_0_v316
-832421248,f_cl_clo_x6f_f_10_19_t6_v1
-832414961,kosatk_fla_25_t0_v1
-832341647,m_cl_clo_hstm_o_d_2_t8_v12
-832288434,vem_skirt_0_t13_v36
-832248817,vem_cmod_hrn_trk_t10_v0
-832152121,vem_supermod_16_12_t57_v6
-832112290,wp_gsa_type_g_t0_v89
-832098307,packed_mp_veh_mod_idx_5_v167
-832045207,packed_mp_veh_livery_0_v245
-832044618,packed_mp_veh_mod_idx_s_14_v256
-832008233,packed_mp_veh_mod_idx_s_9_v272
-831993927,m_ha_clo_s1m_h_3_0_t0_v2
-831989459,vem_supermod_51_13_t51_v7
-831950537,vem_insurance_mesa
-831941146,vem_colour_extra_1_mct_pearlescent_saddle_brown_t24_v3
-831845441,packed_mp_veh_livery_0_v318
-831837121,packed_mp_veh_mod_idx_8_v76
-831767319,m_cl_clo_grm_u_13_10_t11_v1
-831763899,packed_mp_veh_colour2_0_v292
-831683351,packed_mp_veh_mod_idx_s_11_v163
-831631508,packed_mp_veh_colour2_0_v139
-831617788,m_cl_clo_bim_ph_0_5_t14_v1
-831560486,vem_colour_1_mct_matte_lime_green_t24_v0
-831533666,packed_mp_veh_mod_idx_s_21_v357
-831476124,vem_roof_15_t12_v4
-831405334,f_cl_clo_sbf_pe_1_1_t14_v1
-831389241,m_cl_clo_fxm_ph_1_4_t14_v1
-831381355,f_ha_clo_s1f_h_3_0_t0_v2
-831352660,vem_rwd_hiend_10_t19_v12
-831331656,packed_mp_veh_mod_idx_18_v207
-831235370,m_cl_clo_vwm_d_1_3_t10_v1
-831191001,vem_colour_2_mct_metallic_flur_yellow_t25_v2
-831176686,m_cl_clo_og_decl_2_t100_v0
-831004872,f_cl_clo_vwf_pey_0_5_t14_v1
-830914681,vem_drft_18_t19_v3
-830842636,f_ta_tat_l2_025_t0_v0
-830697313,ve_dominator7_t0_v3
-830676120,packed_mp_veh_mod_idx_s_5_v136
-830611793,vem_insurance_rentbus
-830546654,vem_smod2_whlv166_t66_v3
-830497837,packed_mp_veh_mod_idx_1_v66
-830398720,f_cl_clo_ief_u_7_13_t11_v1
-830336781,m_cl_clo_h3m_b_15_1_t1_v1
-830086972,m_cl_clo_fxm_ph_7_8_t14_v1
-830046044,packed_mp_veh_mod_idx_11_v32
-830007692,vem_smod_whlv107_t66_v3
-829929417,packed_mp_veh_mod_idx_6_v364
-829910734,packed_mp_veh_mod_idx_13_v34
-829847542,m_cl_clo_grm_ph_0_15_t14_v1
-829792355,packed_mp_veh_mod_idx_18_v368
-829633766,packed_mp_veh_mod_idx_s_22_v2
-829396381,f_cl_outfit_clo_ief_o_2_t12_v0
-829394628,vem_colour_2_mct_classic_chocolate_brown_t25_v4
-829326058,f_cl_clo_x6f_l_1_1_t4_v1
-829291725,packed_mp_veh_wheel_type_0_v81
-829271249,f_ha_cc_f_hs_18_t0_v2
-829260832,vem_yacht_flag_49_v0
-829184913,m_ha_hair_beard9_t1_v1
-829129843,m_cl_clo_h4m_b_4_3_t1_v1
-829076570,vem_horn_clas7_t10_v32
-829035609,autoshop_wal_4_t0_v0
-828937537,vem_colour_2_mct_classic_yellow_t25_v2
-828807140,packed_mp_veh_mod_idx_s_9_v28
-828765686,f_ha_clo_bif_h_3_0_t0_v1
-828765288,packed_mp_veh_mod_idx_s_13_v167
-828762502,f_cl_clo_h3f_b_18_24_t1_v1
-828751070,f_cl_clo_smf_b_0_9_t1_v1
-828710750,f_cl_clo_h2f_b_5_13_t1_v1
-828614779,m_cl_clo_l2m_w_15_0_t14_v1_cesp
-828500858,m_cl_clo_hilf_l_0_2_t4_v1
-828434217,m_cl_clo_hp_l_1_11_t4_v1
-828412908,vem_supermod_14_0_t55_v26
-828411340,vem_rwd_hiend_20_t19_v1
-828323816,f_ta_tat_st_045_t0_v0
-828268435,packed_mp_veh_colour1_0_v119
-828156790,packed_mp_veh_mod_idx_s_2_v157
-828118306,vem_bumper_f_2_t34_v26
-828027596,packed_mp_veh_plate_id_v254
-828005894,f_cl_clo_l2f_t_3_0_t7_v1
-827978028,packed_mp_veh_mod_idx_s_2_v131
-827940840,packed_mp_veh_mod_idx_s_8_v302
-827928728,packed_mp_veh_mod_idx_s_17_v273
-827860876,vem_smod5_whlv30_t66_v3
-827779679,m_cl_clo_val_decl_r_t8_v1
-827764955,packed_mp_veh_mod_idx_s_21_v345
-827586509,packed_mp_veh_mod_idx_7_v196
-827441955,f_cl_clo_x6f_f_14_2_t6_v1
-827399155,vem_colour_5_garnet_red_t38_v0
-827396554,packed_mp_veh_mod_idx_s_4_v131
-827353847,packed_mp_veh_mod_idx_s_9_v264
-827290198,vem_colour_extra_1_mct_metallic_dark_blue_t24_v2
-827229976,dec_vw_aw_mt_26a
-827200697,vem_cmod_hrn_trk_t10_v29
-827089574,vem_horn_hips4_t10_v3
-827020964,packed_mp_veh_mod_idx_2_v222
-827000616,pr_pm_off_gar_0_t0_v0
-826989658,vem_bumper_f_4_t34_v2
-826894056,vem_horn_indi_3_t10_v37
-826828120,m_cl_outfit_clo_v2m_o_7_t12_v0
-826823670,packed_mp_veh_mod_idx_3_v250
-826802856,m_cl_clo_hstm_o_c_1_t8_v12
-826772477,vem_colour_1_mct_metallic_pink_t24_v3
-826625305,kosatk_fla_37_t0_v1
-826586373,packed_mp_veh_colour_extra1_0_v108
-826427176,packed_mp_veh_mod_idx_8_v243
-826416481,f_cl_clo_hp_f_o_8_t8_v12
-826359048,vem_colour_1_mct_metallic_midnight_silver_t24_v3
-826252982,packed_mp_veh_mod_idx_18_v195
-826226910,m_cl_clo_bbm_f_0_11_t6_v1
-826208807,packed_mp_veh_mod_idx_7_v69
-826178291,vem_insurance_comet2
-826160753,vem_rwd_hiend_02_t19_v3
-826118879,packed_mp_veh_mod_idx_s_8_v276
-826114605,hangar_mod_colour_1_t0_v0
-826089953,f_cl_u_fmf_1_0_t11_v0
-826062982,f_cl_clo_h3f_ph_9_11_t14_v1
-826003524,f_cl_clo_exf_eu_9_3_t8_v1
-825987447,packed_mp_veh_mod_idx_s_20_v193
-825973777,vem_colour_mct_none_91
-825943056,packed_mp_veh_mod_idx_s_6_v353
-825780766,m_cl_clo_grm_decl_6_t11_v1
-825751883,packed_mp_veh_livery_0_v120
-825718385,f_cl_outfit_clo_exf_oa_0_t12_v0
-825709703,vem_rwd_suv_11_t19_v1
-825688807,vem_colour_1_mct_classic_stone_silver_t24_v0
-825664697,packed_ng_vehicle_neon_kit_v124
-825653133,wp_wm_tint5_t2_v73
-825635796,packed_mp_veh_colour_extra2_0_v268
-825613993,m_cl_clo_indm_d_10_t8_v2
-825542614,m_cl_clo_scm_ph_6_0_t14_v1
-825511560,mp_stat_mpsv_model_373
-825468356,packed_mp_veh_window_tint_0_v99
-825428903,packed_mp_veh_mod_idx_s_23_v330
-825408918,vem_smod3_whlv102_t66_v3
-825347425,packed_mp_veh_colour_extra2_0_v334
-825270976,m_cl_clo_stm_o_20_t11_v12
-825035326,vem_smod2_whl28_t19_v3
-824952136,vem_engine_1_t5_v37
-824917470,vem_colour_1_mct_classic_racing_blue_t24_v3
-824847697,vem_smod4_whlv61_t66_v2
-824821808,m_cl_clo_sbm_l_3_1_t4_v1
-824777753,f_cl_clo_h4f_b_4_1_t1_v1
-824690198,packed_mp_veh_primary_colour_group_v15
-824664814,m_cl_clo_bbm_l_1_1_t4_v1
-824522690,f_cl_clo_x5f_u_16_3_t11_v1
-824417440,m_cl_outfit_clo_h3m_o_jan_3_t12_v0
-824407709,vem_smod_whlv121_t66_v0
-824364375,vem_supermod_17_0_t58_v35
-824335677,vem_smod3_whlv17_t66_v3
-824304339,vem_colour_extra_1_mct_pearlescent_bronze_t24_v0
-824276201,packed_mp_veh_mod_idx_0_v238
-824127749,f_cl_outfit_clo_v2f_o_3_t12_v0
-823971570,f_cl_clo_h4f_u_5_1_t11_v1
-823805216,packed_mp_veh_mod_idx_4_v56
-823752342,f_cl_outfit_clo_awf_o_c_1_t12_v0
-823697465,vem_supermod_23_15_n1_t64_v3
-823663594,factory_index_10_t0_v0
-823596488,packed_mp_veh_mod_idx_22_v202
-823496685,packed_ng_vehicle_insurance_v185
-823490292,packed_mp_veh_colour2_0_v330
-823450508,packed_mp_veh_mod_idx_4_v193
-823426392,service_earn_island_heist_elite_challenge
-823397763,m_ha_cc_mkup_13_t7_v1
-823371918,vem_horn_cnote_c1_t10_v11
-823366894,f_ta_tat_bi_054_t0_v0
-823341552,vem_smod5_whlv52_t66_v3
-823306950,packed_mp_veh_mod_idx_s_2_v167
-823181141,packed_mp_veh_mod_idx_23_v191
-823149622,vem_bumper_f_10_t34_v38
-823092018,packed_mp_veh_mod_idx_s_7_v115
-823054404,f_cl_clo_lxf_t_15_1_t7_v1
-822971997,packed_mp_veh_mod_idx_s_21_v282
-822744584,f_cl_clo_x6f_ey_015_t14_v1
-822715752,packed_mp_veh_window_tint_0_v95
-822711595,f_cl_clo_apf_u_19_1_t11_v1
-822646585,packed_mp_veh_mod_idx_s_11_v66
-822636982,vem_supermod_63_4_t63_v7
-822613460,packed_mp_veh_mod_idx_s_11_v73
-822564168,packed_mp_veh_colour_extra1_0_v315
-822557210,vem_turbo_0_t17_v29
-822524151,f_cl_clo_hstfb_16_1_t1_v1
-822515354,packed_ng_vehicle_neon_kit_v229
-822514448,packed_mp_veh_livery_0_v136
-822355890,vem_colour_extra_1_mct_matte_yellow_t24_v1
-822282707,packed_mp_veh_mod_idx_s_7_v356
-822261662,f_ha_cc_eyebrw_20_t2_v1
-822247238,m_cl_u_fmm_15_0_t8_v0
-822127850,packed_mp_veh_mod_idx_18_v373
-822103129,m_cl_outfit_clo_hstm_o_g_2_t12_v0
-822034372,vem_smod4_whlv162_t66_v0
-821967566,f_cl_clo_fxf_pe_0_4_t14_v1
-821820430,f_cl_clo_smf_u_0_5_t11_v1
-821803071,packed_mp_veh_mod_idx_23_v184
-821753656,m_cl_clo_awm_l_5_7_t4_v1
-821728405,packed_mp_veh_colour_extra1_0_v277
-821698636,packed_mp_veh_mod_idx_s_10_v399
-821681498,packed_mp_veh_mod_var_1_v19
-821674627,vem_engine_2_t5_v4
-821481261,f_cl_clo_ief_u_14_23_t11_v1
-821439323,f_cl_outfit_clo_lxf_o_3_t12_v0
-821376379,pr_mp_prop_95_t0_v0
-821342371,vem_supermod_12_10_t53_v26
-821322112,f_cl_clo_s2f_f_0_6_t6_v1
-821253121,wp_wm_tint4_t2_v25
-821179992,m_cl_clo_h4m_b_4_18_t1_v1
-821132379,packed_mp_veh_mod_idx_s_21_v145
-820993975,f_cl_clo_s2f_u_4_7_t11_v1
-820945248,packed_mp_veh_mod_idx_s_14_v31
-820937932,vem_insurance_raiju
-820891672,vem_offr_16_t19_v0
-820875045,vem_colour_extra_1_mct_classic_woodbeech_brown_t24_v33
-820813774,f_cl_clo_h2f_b_8_1_t1_v1
-820793605,vem_supermod_1_7_t42_v10
-820759692,vem_spt_13_t19_v12
-820759314,f_cl_clo_h2f_b_8_2_t1_v1
-820735377,vem_chassis_0_n1_t4_v38
-820706686,vem_supermod_9_13_t50_v28
-820662642,packed_mp_veh_mod_idx_s_16_v404
-820470609,m_cl_outfit_clo_stm_o_12_t12_v0
-820436404,f_cl_clo_grf_u_2_8_t11_v1
-820406521,vem_hiend_08_t19_v12
-820304935,packed_mp_veh_mod_idx_s_10_v21
-820285383,packed_mp_veh_mod_idx_s_23_v182
-820280172,packed_mp_veh_mod_idx_s_20_v390
-820244073,packed_mp_veh_mod_idx_8_v345
-820219568,vem_smod2_whl8_t19_v12
-820181865,f_ha_cc_f_hs_7_t0_v1
-820164331,vem_colour_2_mct_classic_dark_silver_t25_v2
-820110323,packed_mp_veh_primary_colour_group_v277
-820040060,m_cl_clo_sbm_f_3_13_t6_v1
-820028722,vem_brake_0_t2_v26
-820019573,packed_mp_veh_mod_idx_24_v258
-819994894,m_cl_outfit_clo_v2m_o_3_t12_v0
-819931353,vem_fender_r_12_n0_t37_v38
-819853146,f_cl_clo_exf_eu_1014_t11_v1
-819743946,vem_rwd_offr_04_t19_v12
-819742442,packed_mp_veh_mod_idx_s_5_v162
-819738400,packed_mp_veh_mod_idx_23_v176
-819702521,vem_smod4_whlv134_t66_v2
-819652778,packed_ng_vehicle_insurance_v379
-819637745,m_ta_tat_l2_027_t0_v0
-819631313,f_cl_clo_exf_au_24_3_t11_v1
-819470462,m_cl_outfit_clo_hilf_o_19_t12_v0
-819444804,m_cl_clo_awm_decl_74_t100_v0
-819270586,vem_cmod_tyr_stt_t30_v0
-819189299,f_cl_clo_scf_u_0_22_t11_v1
-819173745,packed_mp_veh_mod_idx_13_v153
-819141841,kosatk_spr_1_t0_v0
-819096960,packed_mp_veh_mod_idx_13_v32
-819079257,f_ta_tat_fx_025_t0_v0
-818942799,vem_cmod_pla_3_t23_v30
-818941254,m_cl_outfit_clo_h3m_o_sl_15_t12_v0
-818881644,m_cl_clo_awm_decl_113_t100_v0
-818859193,service_earn_tuner_award_fleeca_bank
-818806487,m_ta_tat_gr_004_t0_v0
-818805563,f_cl_clo_lxf_dec_30_t100_v0
-818702973,packed_mp_veh_mod_idx_s_5_v333
-818653884,packed_mp_veh_mod_idx_s_6_v121
-818585743,m_cl_clo_lxm_w_14_2_t14_v1
-818539623,packed_mp_veh_mod_idx_4_v97
-818499805,packed_mp_veh_mod_idx_s_2_v351
-818438836,veu_bruiser2_t0_v0
-818425299,f_cl_clo_smf_ph_8_4_t14_v1
-818420218,packed_lr_vehicle_colour_5_v179
-818356898,m_cl_clo_s1m_f_1_7_t6_v1
-818326806,vem_insurance_burrito3
-818326738,vem_colour_extra_1_mct_pearlescent_straw_brown_t24_v0
-818267377,packed_mp_veh_mod_var_0_v95
-818256766,m_cl_clo_vwm_decl_40_t100_v0
-818140538,m_cl_clo_fxm_ph_6_3_t14_v1
-818069775,mp_stat_appartment_var_3_v0
-818042321,kosatk_fla_6_t0_v1
-817894975,m_cl_clo_awm_u_9_19_t11_v1
-817812003,vem_hlight_4_t11_v3
-817678880,m_ta_tat_bi_023_t0_v0_cesp
-817584396,vem_colour_2_mct_classic_salmon_pink_t25_v1
-817556372,vem_supermod_0_14_t41_v7
-817462828,m_cl_clo_smm_ph_8_11_t14_v1
-817429433,f_cl_clo_awf_u_3_3_t11_v1
-817383735,m_cl_clo_bhm_decl_47_t100_v0
-817372998,m_ta_tat_sb_007_t0_v0
-817369387,packed_mp_veh_livery2_0_v263
-817317553,vem_rwd_spt_17_t19_v2
-817307372,packed_mp_veh_mod_idx_s_18_v380
-817299754,packed_mp_veh_mod_idx_4_v409
-817297834,vem_supermod_16_8_t57_v7
-817271341,vem_supermod_0_10_t41_v11
-817244513,packed_mp_veh_mod_idx_s_6_v113
-817212504,packed_mp_veh_mod_idx_18_v379
-817139008,packed_mp_veh_livery2_0_v80
-817110547,vem_cmod_tyr_pat_t18_v32
-817079848,packed_mp_veh_mod_idx_s_8_v149
-816960111,packed_mp_veh_mod_idx_23_v105
-816948870,f_cl_clo_grf_b_5_3_t1_v1
-816898255,packed_mp_veh_mod_idx_24_v171
-816880996,packed_mp_veh_mod_idx_18_v4
-816803186,f_cl_clo_fxf_l_5_15_t4_v1
-816797773,f_cl_clo_bhf_decl_33_t11_v1
-816598513,m_cl_l_fmm_0_10_t4_v0
-816578144,m_cl_clo_bbm_u_1_1_t11_v1
-816498894,m_cl_clo_awm_b_4_4_t1_v1
-816443911,packed_mp_veh_mod_idx_s_11_v252
-816440714,vem_smod4_whlv65_t66_v1
-816421098,packed_mp_veh_mod_idx_s_4_v235
-816357949,packed_mp_veh_mod_idx_s_5_v289
-816352739,vem_colour_extra_1_mct_classic_pink_t24_v0
-815981167,vem_smod4_whlv168_t66_v3
-815946743,f_cl_clo_h2f_o_g_7_t3_v12
-815781338,packed_mp_veh_mod_idx_5_v200
-815757318,wp_wct_clip_tr_t1_v70_n2
-815729631,m_cl_clo_lxm_u_5_4_t11_v1
-815714407,packed_mp_veh_mod_idx_s_6_v270
-815581389,vem_colour_extra_1_mct_classic_orange_t24_v2
-815546555,service_earn_ambient_job_beast
-815376977,f_cl_clo_vwf_ph_0_3_t14_v1
-815326124,vem_cmod_pla_text_new_t23_v27
-815255427,mp_stat_mpsv_model_356
-815223205,vem_supermod_48_0_t48_v7
-815193503,m_cl_clo_grm_b_4_14_t1_v1
-815103057,f_cl_clo_h3f_ph_5_6_t14_v1
-815090320,f_cl_clo_bhf_u_12_1_t11_v1
-815027797,packed_mp_veh_mod_idx_9_v287
-814969870,vem_smod4_whlv113_t66_v3
-814854483,f_cl_clo_busf_u_3_4_t11_v1
-814842479,packed_mp_veh_secondary_colour_group_v296
-814718233,m_cl_clo_hstm_t_2_10_t7_v1
-814659259,packed_mp_veh_livery2_0_v160
-814658861,m_cl_clo_sum_l_1_19_t4_v1
-814589992,vem_hiend_14_t19_v0
-814363313,packed_mp_veh_mod_idx_s_3_v307
-814232712,f_cl_clo_x2f_ht_3_3_t14_v0
-814202753,mp_stat_mpsv_model_54
-814161206,packed_mp_veh_mod_idx_s_10_v377
-814160412,vem_hiend_11_t19_v2
-814104425,packed_mp_veh_mod_idx_0_v408
-813976069,m_ta_tat_st_019_t0_v0
-813961429,m_cl_clo_awm_ph_3_1_t14_v1
-813836149,m_cl_clo_l2m_u_3_4_t11_v1
-813796582,packed_ng_vehicle_neon_v248
-813608834,packed_mp_veh_livery2_0_v357
-813596297,packed_mp_veh_mod_idx_2_v179
-813583909,packed_mp_veh_mod_idx_11_v205
-813582308,packed_ng_vehicle_smoke_v358
-813561702,vem_smod4_whlv100_t66_v1
-813549689,mp_stat_factorysetup3_v0
-813438191,packed_mp_veh_mod_idx_s_9_v39
-813427152,f_cl_clo_vwf_u_13_23_t11_v1
-813419239,f_ta_tat_sb_036_t0_v0
-813371261,m_cl_clo_bhm_decl_6_t11_v1
-813300317,packed_mp_veh_livery2_0_v1
-813265133,vem_colour_2_mct_metallic_diamond_blue_t25_v0
-813172807,f_cl_clo_awf_u_4_7_t11_v1
-813111378,vem_supermod_46_14_t46_v7
-813104746,packed_ng_vehicle_neon_kit_v300
-813042521,f_cl_clo_hstf_o_0_n0_t14_v12
-813027284,packed_mp_veh_window_tint_0_v53
-812946581,packed_mp_headblend_overlay_beard_v0
-812910564,wp_wct_c_tint_25_t2_v70_n2
-812828720,vem_colour_2_mct_metallic_garnet_red_t25_v1
-812821767,f_cl_clo_awf_o_h_2_t8_v12
-812819460,ve_bestiagts_t0_v3
-812775266,m_cl_clo_x6m_f_3_9_t6_v1
-812736595,m_cl_outfit_clo_scm_o_8_t12_v0
-812611103,packed_mp_veh_primary_colour_group_v191
-812583413,f_cl_clo_suf_b_3_0_t1_v1
-812522133,packed_mp_veh_mod_idx_s_8_v367
-812512337,vem_trans_3_t16_v5
-812506491,vem_supermod_5_6_t46_v26
-812420463,vem_rwd_offr_01_t19_v1
-812262420,packed_mp_veh_mod_idx_14_v386
-812209800,f_cl_clo_stf_h_101_t14_v1
-812179290,packed_mp_veh_mod_idx_3_v168
-812096254,packed_mp_veh_mod_idx_14_v414
-811857297,f_ta_tat_s2_032_t0_v0
-811840137,f_cl_clo_grf_ph_4_7_t14_v1
-811688087,packed_mp_veh_mod_idx_1_v59
-811646401,packed_mp_veh_colour2_0_v208
-811605539,packed_mp_veh_livery2_0_v224
-811569606,f_ta_tat_x2_012_t0_v0
-811496015,packed_mp_veh_mod_idx_0_v204
-811480143,packed_lr_vehicle_colour_6_v286
-811455753,vem_chassis_1_t4_v10
-811390598,packed_mp_veh_mod_idx_s_15_v139
-811370851,packed_mp_veh_mod_var_0_v408
-811326111,f_ta_tat_sm_011_t0_v0
-811056972,wp_wct_c_tint_28_t2_v22_n2
-811028384,m_cl_clo_grm_b_2_8_t1_v1
-811021510,vem_cmod_smoke_7_t18_v34
-810955983,packed_mp_veh_mod_idx_s_0_v148
-810935646,vem_armour_0_t1_v29
-810905279,f_cl_clo_smf_u_1_5_t11_v1
-810858735,mp_stat_arcade_mac_5
-810839136,m_ha_hair_beard3_t1_v1
-810642679,packed_ng_vehicle_neon_v377
-810634379,ve_valkyrie_t1_v0
-810584971,m_cl_clo_h2m_u_6_9_t11_v1
-810579026,m_cl_f_fmm_10_12_t6_v0
-810456024,packed_mp_veh_window_tint_0_v280
-810455619,vem_insurance_italigtb2
-810423561,vem_cmod_hrn_clo_t10_v35
-810409249,packed_mp_veh_mod_idx_s_10_v121
-810379235,m_cl_clo_v2m_l_1_5_t4_v1
-810303963,m_cl_clo_h3m_s_1_2_t8_v1
-810234498,vem_insurance_ninef
-810163760,wp_wct_tint_5_t2_v8_n2
-810089641,m_cl_clo_iem_b_4_5_t1_v1
-809978813,vem_supermod_5_11_t46_v3
-809894635,packed_ng_vehicle_bpt_v106
-809854627,f_cl_clo_trf_u_7_5_t11_v1
-809776026,f_cl_clo_awf_u_1_3_t11_v1
-809722947,vem_smod3_whlv113_t66_v3
-809653667,vem_colour_extra_1_mct_metallic_shadow_silver_t24_v4
-809495686,f_cl_clo_indf_d_13_t8_v1
-809419592,dec_vw_aw_mt_12b
-809414677,vem_colour_extra_1_mct_matte_blue_t24_v2
-809410350,packed_mp_veh_mod_idx_s_17_v311
-809369104,f_cl_clo_hp_f_d_35_t11_v1
-809339802,f_cl_clo_bif_u_12_0_t11_v1
-809319866,vem_supermod_19_3_t60_v3
-809283070,packed_mp_veh_wheel_type_0_v150
-809266025,m_ta_tat_x2_006_t0_v0
-809194584,m_cl_clo_h4m_b_0_2_t1_v1
-809167117,packed_mp_veh_mod_idx_13_v253
-809088435,m_cl_clo_h4m_u_7_6_t11_v1
-809036974,packed_lr_vehicle_colour_5_v61
-809036194,vem_colour_1_mct_metallic_torino_red_t24_v2
-808998407,m_ta_tat_lx_010_t0_v0
-808956673,f_cl_clo_sbf_u_11_2_t11_v1
-808927925,packed_mp_veh_plate_id_v18
-808919024,m_cl_clo_vwm_u_8_19_t11_v1
-808820046,f_cl_clo_h2f_b_7_2_t1_v1
-808812107,packed_mp_veh_mod_idx_s_21_v131
-808770564,packed_mp_veh_mod_idx_5_v297
-808620093,f_cl_clo_sbf_u_11_1_t11_v1
-808618403,packed_mp_veh_mod_idx_7_v227
-808601890,vem_chassis_1_n0_t4_v38
-808591374,packed_mp_veh_mod_idx_s_18_v366
-808588805,vem_colour_extra_1_mct_classic_flur_yellow_t24_v0
-808489094,vem_colour_extra_1_mct_metallic_rolled_steel_t24_v0
-808454982,vem_colour_2_mct_classic_sunrise_orange_t25_v33
-808416836,m_cl_clo_arm_o_27_t3_v12
-808350159,vem_drft_12_t19_v12
-808317000,m_cl_l_fmm_0_13_t4_v0
-808300930,packed_mp_veh_mod_idx_9_v151
-808120938,f_cl_clo_x6f_l_1_16_t4_v1
-808084070,packed_mp_veh_mod_idx_14_v61
-808066465,f_cl_clo_smf_b_2_7_t1_v1
-808025775,packed_mp_veh_mod_idx_s_13_v212
-807870256,m_cl_clo_x6m_f_12_13_t6_v1
-807600549,wp_wm_tint3_t2_v0
-807540182,vem_supermod_23_15_t64_v34
-807501979,f_cl_clo_trf_u_11_13_t11_v1
-807449939,f_cl_clo_hstfb_14_21_t1_v1
-807402916,packed_mp_veh_mod_idx_s_13_v224
-807352428,vem_insurance_bestiagts
-807210346,packed_mp_veh_mod_idx_2_v317
-807199673,f_cl_clo_grf_u_11_3_t11_v1
-807172754,vem_supermod_10_10_t51_v28
-807145014,vem_exhaust_3_t6_v29
-807044374,m_cl_clo_vwm_f_2_0_t6_v1
-806995086,hangar_mod_lighting_2_t0_v0
-806892571,f_cl_clo_scf_ey_0_10_t14_v1
-806858029,m_cl_clo_sbm_b_0_0_t1_v1
-806750516,m_cl_clo_sum_u_16_5_t11_v1
-806735691,f_cl_clo_hst_f_a_7_t8_v1
-806544625,m_cl_clo_l2m_e_17_1_t14_v1
-806526491,f_cl_clo_bhf_u_6_2_t11_v1
-806483032,packed_mp_veh_mod_idx_s_13_v186
-806471987,f_cl_outfit_clo_awf_o_i_1_t12_v0
-806454015,packed_ng_vehicle_neon_kit_v359
-806416094,m_cl_clo_ltsmb_0_4_t1_v1
-806414694,m_cl_clo_sum_u_17_0_t11_v2
-806354500,vem_drft_23_t19_v12
-806316891,packed_mp_veh_primary_colour_group_v114
-806247598,f_cl_clo_x6f_u_24_15_t11_v1
-806172601,vem_racecar_whl15_t19_v3
-806140294,packed_mp_veh_mod_idx_s_19_v358
-806050929,vem_colour_mct_none_156
-805981208,wp_wct_muzz2_t1_v48_n2
-805976373,m_cl_clo_bim_decl_17_t11_v1
-805860687,packed_mp_veh_mod_idx_2_v95
-805449513,packed_mp_veh_mod_idx_15_v177
-805430574,packed_mp_veh_mod_idx_s_6_v308
-805394465,vem_colour_mct_none_104
-805229950,vem_yacht_mod_2_v0
-805168516,f_cl_clo_bhf_u_6_0_t11_v1
-805147590,vem_supermod_19_7_t60_v26
-805133175,f_ta_tat_fm_238_t0_v0
-805097047,packed_mp_veh_livery_0_v401
-805082960,f_cl_clo_s2f_d_14_t100_v0
-805046153,vem_insurance_voltic2
-804982786,vem_colour_5_shadow_silver_t38_v3
-804896128,ve_tailgater2_t1_v3
-804698242,vem_insurance_howard
-804665283,m_cl_clo_val_decl_p_t100_v0
-804621753,f_cl_clo_awf_l_3_9_t4_v1
-804561776,wp_wct_tint_7_t2_v46_n2
-804526188,m_ta_tat_h27_015_t0_v0
-804516548,packed_mp_veh_secondary_colour_group_v324
-804484908,m_cl_outfit_clo_awm_o_b_1_t12_v0
-804481750,m_cl_clo_sum_u_14_0_t11_v1
-804328252,vem_supermod_1_3_t42_v11
-804220230,packed_mp_veh_mod_idx_16_v33
-804163520,packed_mp_veh_window_tint_0_v273
-804100861,f_cl_clo_grf_ph_3_23_t14_v1
-803976809,packed_mp_veh_livery2_0_v134
-803975725,packed_mp_veh_mod_idx_s_14_v400
-803908010,packed_mp_veh_mod_idx_22_v7
-803868555,m_ta_tat_h3_000_t0_v0
-803847091,packed_ng_vehicle_neon_v133
-803831486,vem_cmod_neonlay_3_t21_v0
-803791133,packed_mp_int_truck_section_2_type_v0
-803736586,m_cl_sp_fmm_6_12_t8_v0
-803724953,packed_mp_veh_mod_idx_s_18_v43
-803702268,f_cl_clo_stf_u_7_4_t11_v1
-803576308,vem_cmod_hrn_trk_t10_v36
-803432644,packed_mp_veh_mod_idx_s_1_v160
-803413382,vem_cmod_hrn_mus4_t10_v39
-803350686,f_cl_clo_hp_f_l_2_1_t4_v1
-803338464,packed_mp_veh_mod_idx_s_21_v172
-803314852,packed_mp_veh_mod_idx_13_v327
-803245481,f_cl_clo_stf_l_3_14_t4_v1
-803243564,vem_smod4_whlv39_t66_v1
-803241729,vem_cmod_col5_9_t29_v3
-803205210,packed_mp_veh_mod_idx_8_v175
-803196245,packed_mp_veh_mod_idx_15_v72
-803097950,packed_mp_veh_mod_idx_16_v159
-803032648,vem_supermod_23_13_t64_v26
-803013259,packed_mp_veh_mod_idx_s_23_v32
-802882985,m_cl_sp_fmm_10_14_t8_v1
-802870250,vem_yacht_flag_28_v0
-802721721,packed_mp_veh_mod_idx_s_4_v126
-802657418,packed_mp_veh_window_tint_0_v214
-802529717,dec_vw_aw_wv_85
-802475231,wp_wct_clip1_t1_v6
-802454812,packed_mp_veh_livery_0_v384
-802404051,m_cl_clo_h3m_ph_10_4_t14_v1
-802288084,packed_mp_veh_wheel_type_0_v337
-802283531,packed_mp_veh_mod_idx_13_v209
-802275276,packed_mp_veh_mod_idx_3_v135
-802269194,m_cl_clo_stm_ht15_8_t14_v1
-802257532,m_cl_clo_vwm_d_1_0_t10_v1
-802129127,m_cl_clo_smm_b_3_18_t1_v1
-802067554,vem_insurance_gresley
-802044893,mba_floor0_3_t0_v0
-802027581,wp_wm_tint6_t2_v10
-801989244,packed_mp_veh_mod_idx_15_v44
-801939653,packed_mp_int_truck_mod_slot_6_v0
-801704900,vem_exhaust_20_t6_v3
-801619591,m_ta_tat_h4_024_t0_v0
-801579493,packed_mp_veh_mod_idx_7_v331
-801571782,m_cl_clo_exm_el_0_2_t4_v1
-801538102,wp_wm_tint2_t2_v46
-801522458,f_cl_clo_smf_b_5_17_t1_v1
-801498728,m_cl_clo_hst_a_0_t11_v1
-801297821,ve_alphaz1_t0_v33
-801261287,dec_vw_aw_mt_16c
-801210832,f_cl_u_fmf_2_6_t11_v0
-801190912,vem_cmod_neoncol_9_t21_v5
-801097288,mp_stat_mpsv_model_272
-801067345,f_cl_clo_vwf_u_8_19_t11_v1
-801059889,f_cl_clo_smf_ph_8_0_t14_v1
-800974280,packed_mp_veh_mod_idx_s_5_v316
-800942379,vem_horn_clas5_t10_v6
-800921227,vem_horn_clas6_t10_v36
-800881560,m_cl_clo_x6m_u_22_16_t11_v1
-800742156,f_cl_clo_assf_o_1_t8_v12
-800716791,m_cl_clo_s2m_u_6_3_t11_v1
-800666180,m_cl_clo_x6m_f_3_7_t6_v1
-800587587,packed_mp_veh_mod_idx_s_12_v148
-800353018,vem_rwd_bikew_33_t19_v3
-800309820,packed_mp_veh_mod_idx_s_18_v270
-800267699,vem_smod4_whlv45_t66_v3
-800227517,m_cl_clo_h2m_f_5_7_t6_v1
-800083357,vem_colour_extra_1_mct_matte_lime_green_t24_v4
-800065110,packed_mp_veh_mod_idx_s_9_v410
-800037808,service_earn_ambient_job_smuggler_plane
-799844870,packed_mp_veh_mod_idx_s_8_v153
-799795744,m_ta_tat_x2_023_t0_v0
-799694539,packed_mp_veh_mod_idx_3_v5
-799661427,vem_cmod_pla_text_new_t23_v2
-799624406,vem_smod4_whlv26_t66_v1
-799616949,packed_ng_vehicle_insurance_v35
-799612513,f_cl_clo_scf_u_0_21_t11_v1
-799575388,vem_smod4_whlv15_t66_v2
-799575201,vem_colour_1_mct_classic_dark_blue_t24_v1
-799534271,m_cl_clo_hp_u_3_3_t11_v1
-799249443,packed_mp_veh_mod_var_0_v276
-799144836,packed_mp_veh_window_tint_0_v330
-798865615,f_ha_face_e_c_17_t4_v0
-798825337,packed_mp_veh_mod_idx_18_v190
-798760410,vem_rwd_suv_06_t19_v0
-798759251,m_cl_clo_l2m_u_6_11_t11_v1
-798664537,packed_mp_veh_mod_idx_s_19_v276
-798648238,m_cl_f_fmm_12_12_t6_v0
-798574733,packed_mp_veh_mod_idx_0_v277
-798541753,m_cl_clo_fxm_ph_1_19_t14_v1
-798477993,f_ha_cc_eyebrw_13_t2_v1
-798472246,f_cl_ht_fmf_6_5_t14_v0
-798461964,packed_mp_veh_mod_idx_12_v99
-798274124,f_cl_clo_bhf_u_3_0_t11_v1
-798253410,f_cl_clo_ief_u_20_8_t11_v1
-798153930,f_cl_clo_indf_o_0_t3_v12
-798094110,packed_mp_veh_mod_idx_8_v165
-798081603,factory_index_30_t0_v0
-798049972,m_cl_u_fmm_9_13_t8_v0
-798049472,f_cl_clo_bbf_f_004_t6_v1
-797954807,wp_wct_c_tint_23_t2_v56_n2
-797919281,packed_mp_veh_primary_colour_group_v363
-797856482,packed_mp_veh_mod_idx_s_16_v213
-797844082,m_ha_face_e_c_5_t4_v0
-797825098,m_cl_clo_indm_ht_6_1_t14_v1
-797681867,m_cl_clo_indm_t_0_0_t7_v1
-797493788,m_cl_clo_indm_ht_2_1_t14_v1
-797380577,packed_mp_veh_livery2_0_v277
-797360473,m_cl_clo_h4m_plw_0_2_t14_v1
-797301314,f_cl_outfit_clo_x6f_o_o_21_t12_v0
-797180315,f_cl_clo_valf_u_1_4_t11_v1
-797158931,m_cl_clo_grm_u_15_24_t11_v1
-797096172,m_cl_clo_iem_u_18_12_t11_v1
-797078680,f_cl_rew_lsb_t8_v0
-796983127,f_cl_clo_scf_f_0_9_t6_v1
-796688553,m_cl_clo_v2m_l_0_7_t4_v1
-796686517,packed_mp_veh_mod_idx_s_8_v216
-796662962,f_cl_clo_scf_rw_0_5_t14_v1
-796608268,f_cl_clo_stf_o_0_t3_v12_cesp
-796581989,vem_supermod_17_1_t58_v5
-796571938,packed_mp_veh_plate_id_v139
-796498622,packed_mp_veh_livery2_0_v219
-796489255,m_cl_clo_assm_o_6_t3_v12
-796461772,f_cl_clo_h3f_u_11_0_t11_v1
-796428998,m_cl_clo_hp_d_7_t8_v1
-796415395,f_cl_clo_awf_u_9_13_t11_v1
-796392966,vem_insurance_italigto
-796371522,packed_mp_veh_mod_idx_0_v332
-796242775,packed_mp_veh_mod_var_0_v394
-796016605,m_cl_clo_vwm_decl_33_t100_v0
-795955427,packed_lr_vehicle_colour_6_v191
-795891984,m_cl_clo_hilf_o_25_t3_v12
-795889785,f_cl_outfit_clo_lxf_o_0_t12_v0
-795878316,f_cl_outfit_clo_trf_o_r6_t12_v0
-795817876,f_ha_clo_sbf_h_1_0_t0_v1
-795675107,vem_colour_2_mct_metals_br_steel_t25_v1
-795664481,packed_mp_veh_mod_idx_s_5_v224
-795652757,f_cl_clo_x2f_u_0_2_t11_v1
-795640080,m_ta_tat_fm_212_t0_v0
-795622558,vem_cmod_neoncol_255_t21_v6
-795610884,vem_suspension_4_t15_v2
-795450033,m_cl_clo_grm_u_14_18_t11_v1
-795404228,vem_smod_whlv0_t66_v0
-795387962,vem_colour_extra_1_mct_metallic_midnight_silver_t24_v33
-795346767,vem_cmod_tyr_2_t30_v3
-795299012,packed_ng_vehicle_neon_v1
-795064461,vem_colour_2_mct_classic_garnet_red_t25_v1
-794966014,vem_engine_2_t5_v32
-794951985,f_cl_clo_h2f_ph_4_8_t14_v1
-794918761,m_cl_clo_awm_b_12_0_t1_v1
-794879382,packed_mp_veh_mod_var_0_v1
-794821021,packed_mp_veh_mod_idx_s_23_v30
-794793539,packed_mp_veh_mod_idx_s_10_v331
-794785120,packed_mp_veh_mod_idx_s_8_v48
-794776410,packed_lr_vehicle_colour_5_v340
-794739069,vem_cmod_tyr_7_t18_v35
-794658792,mp_stat_mpsv_model_146
-794644357,packed_mp_veh_mod_idx_s_18_v130
-794530826,f_cl_clo_awf_o_c_2_t8_v12
-794375629,vem_smod2_whlv204_t66_v3
-794314897,pm_weapon_discount_gun_van_1_2
-794263998,wp_wct_muzz2_t1_v5_n2
-794216320,f_cl_clo_s1f_u_1_0_t8_v1
-794173067,packed_mp_veh_mod_idx_s_19_v79
-794154576,packed_mp_veh_mod_idx_s_11_v7
-794124332,packed_mp_veh_mod_idx_15_v53
-794102726,vem_smod4_whlv43_t66_v2
-794093674,vem_smod2_whlv42_t66_v3
-793914655,packed_mp_veh_mod_idx_s_9_v99
-793881495,m_cl_clo_x3m_u_1_4_t11_v1
-793807928,m_cl_clo_x6m_l_0_17_t4_v1
-793679745,packed_mp_veh_mod_idx_15_v385
-793664844,f_cl_clo_bif_ph_0_6_t14_v1
-793598914,m_cl_clo_sbm_b_10_15_t1_v1
-793562037,vem_colour_extra_1_mct_pearlescent_bleeched_brown_t24_v4
-793545847,packed_mp_veh_mod_idx_7_v260
-793538843,f_cl_clo_grf_u_6_9_t11_v1
-793408990,wp_ps_can_5_t3_v33
-793351917,f_cl_clo_grf_ph_4_20_t14_v1
-793288885,f_cl_clo_bif_b_0_4_t1_v1
-793244440,packed_mp_veh_window_tint_0_v384
-793145385,vem_bikew_03_t19_v3
-793059450,f_cl_clo_h2f_u_3_0_t11_v1
-793029979,vem_colour_1_mct_metals_br_aluminium_t24_v4
-792857751,packed_mp_veh_mod_var_1_v414
-792809646,packed_ng_vehicle_smoke_v370
-792616146,packed_mp_veh_mod_idx_24_v188
-792532861,vem_supermod_3_44_t44_v10
-792473022,vem_supermod_3_21_t44_v10
-792405124,packed_ng_vehicle_smoke_v180
-792367409,m_cl_clo_bim_u_13_2_t11_v1
-792256508,m_ha_cc_m_hs_17_t0_v2
-792252558,m_cl_l_fmm_3_11_t4_v0
-792230833,f_cl_clo_exf_au_11_3_t11_v1
-792137140,vem_cmod_pla_2_t23_v10
-792116022,packed_lr_vehicle_colour_5_v250
-792038437,packed_mp_veh_mod_idx_10_v374
-791967272,f_cl_clo_smf_b_5_2_t1_v1
-791925416,mp_stat_mpsv_model_230
-791757677,m_cl_clo_x6m_l_0_13_t4_v1
-791748200,f_cl_clo_hp_f_d_25_t11_v1
-791687158,f_cl_clo_sbf_u_13_13_t11_v1
-791635488,vem_supermod_41_19_t41_v7
-791594389,f_cl_clo_grf_u_24_7_t11_v1
-791502809,packed_mp_veh_mod_idx_s_9_v240
-791305021,packed_mp_veh_mod_idx_9_v310
-791261547,packed_mp_veh_mod_idx_23_v116
-791203502,dec_cpm_bjack_4
-791166061,f_cl_clo_fxf_u_7_6_t11_v1
-791010162,packed_ng_vehicle_neon_kit_v2
-790973900,f_cl_clo_fxf_u_10_2_t11_v1
-790940491,packed_mp_veh_colour_extra2_0_v319
-790869322,f_cl_outfit_clo_x6f_o_o_0_t12_v0
-790852170,factory_index_21_t0_v0
-790794957,f_cl_clo_indf_d_5_t100_v0
-790737848,vem_colour_1_mct_metallic_gold_t24_v2
-790689666,packed_ng_vehicle_neon_v330
-790663971,wp_wm_tint6_t2_v88
-790657923,vem_colour_2_mct_classic_red_t25_v3
-790599709,m_cl_clo_busm_w0_1_t14_v1
-790575563,f_cl_clo_ief_u_4_13_t11_v1
-790385648,f_cl_clo_l2f_lw_4_1_t14_v1
-790378099,vem_rwd_musc_12_t19_v1
-790335068,packed_mp_veh_mod_idx_7_v122
-790259530,packed_ng_vehicle_neon_kit_v16
-790232311,m_cl_clo_iem_u_17_9_t11_v1
-790222921,packed_ng_vehicle_bpt_v39
-790153983,packed_mp_veh_mod_idx_5_v166
-790093607,wp_wct_tint_22_t2_v21_n2
-790072524,vem_spt_17_t19_v0
-790020773,packed_mp_veh_mod_idx_1_v382
-790005974,packed_mp_veh_wheel_type_0_v10
-789952858,packed_mp_veh_mod_idx_18_v97
-789867647,packed_mp_veh_mod_idx_8_v192
-789845075,packed_mp_veh_mod_idx_12_v351
-789823829,m_cl_clo_x6m_t_2_4_t7_v1
-789802129,vem_bumper_f_5_t34_v2
-789792202,f_cl_clo_awf_decl_58_t100_v0
-789683096,vem_smod_whlv20_t66_v0
-789560071,veu_technical3_t0_v0
-789539151,vem_colour_2_mct_metals_gold_s_t25_v0
-789493538,f_cl_clo_grf_u_7_12_t11_v1
-789463809,f_cl_m_fmf_4_2_t1_v0
-789374587,m_cl_clo_sbm_u_9_11_t11_v1
-789358970,m_cl_clo_grm_b_4_6_t1_v1
-789327809,packed_mp_veh_mod_idx_15_v191
-789261133,vem_colour_1_mct_classic_dark_green_t24_v1
-789200658,vem_cmod_tyr_0_t31_v28
-789173817,packed_mp_veh_mod_idx_s_16_v255
-789148490,vem_horn_hips2_t10_v36
-789127355,m_cl_clo_x6m_ph_2_4_t14_v1
-789115474,vem_colour_extra_1_mct_metallic_spin_purple_t24_v33
-789082211,m_cl_clo_bhm_l_0_4_t4_v1
-789068965,wp_wct_camo_3_t1_v22_n2
-789055911,vem_supermod_8_11_t49_v10
-788686071,vem_roof_1_t12_v4
-788575131,m_cl_clo_stm_l_3_8_t4_v1
-788551839,packed_mp_veh_mod_idx_4_v184
-788538516,m_cl_clo_smm_ph_3_15_t14_v1
-788472438,vem_hiend_10_t19_v1
-788310237,packed_mp_veh_colour_extra2_0_v200
-788152105,m_cl_clo_bim_u_27_1_t11_v1
-788002867,m_cl_clo_h3m_b_18_7_t1_v1
-787987563,f_cl_clo_grf_u_11_9_t11_v1
-787898215,packed_mp_veh_mod_idx_s_9_v242
-787855220,f_cl_clo_exf_g_0_10_t14_v0
-787836002,f_cl_clo_h4f_decl_55_t11_v1
-787833550,packed_mp_veh_colour_extra1_0_v218
-787749235,packed_mp_veh_mod_idx_24_v99
-787600303,wp_ps_bag_15_t1_v33
-787588142,packed_mp_veh_colour2_0_v11
-787485228,f_cl_clo_grf_g_0_6_t3_v1
-787163972,packed_lr_vehicle_colour_5_v126
-787092290,packed_mp_veh_mod_idx_2_v4
-786883822,m_cl_clo_bim_u_6_0_t11_v1
-786827549,f_cl_clo_v2f_o_9_t3_v12
-786789582,vem_horn_indi_2_t10_v34
-786763038,packed_mp_veh_mod_idx_s_11_v33
-786760105,m_cl_clo_bim_decl_18_t100_v0
-786722466,packed_mp_veh_mod_idx_s_23_v355
-786711936,vem_smod_whlv27_t66_v3
-786655654,packed_mp_veh_mod_idx_s_11_v297
-786652399,vem_supermod_13_10_t54_v28
-786626914,vem_smod4_whlv118_t66_v2
-786544655,m_cl_clo_hp_d_3_t11_v1
-786540809,vem_supermod_8_9_t49_v10
-786424641,vem_supermod_45_11_t45_v7
-786407878,m_cl_clo_vwm_u_9_25_t11_v1
-786350051,vem_colour_extra_1_mct_classic_dark_silver_t24_v3
-786344622,wp_wct_c_tint_16_t2_v1_n2
-786292122,ve_buffalo3_t0_v1
-786272641,m_cl_clo_grm_u_6_5_t11_v1
-786129851,ve_terbyte_t1_v3
-786088086,vem_supermod_63_12_t63_v7
-786061377,packed_mp_veh_mod_idx_9_v257
-786044694,packed_mp_veh_mod_idx_s_0_v408
-786032014,packed_mp_veh_mod_idx_s_4_v76
-785997285,m_cl_clo_scm_b_9_1_t1_v1
-785839693,m_cl_clo_hp_t_0_2_t7_v1
-785690649,m_cl_clo_indm_d_5_t11_v1
-785678269,packed_mp_veh_secondary_colour_group_v289
-785656369,packed_mp_veh_wheel_type_0_v161
-785649488,f_cl_clo_busf_g0_7_t14_v1
-785625489,vem_smod2_whl24_t19_v3
-785579229,packed_mp_veh_mod_idx_s_3_v91
-785519549,vem_colour_2_mct_classic_midnight_silver_t25_v3
-785457568,wp_wct_tint_6_t2_v46_n2
-785388479,m_cl_clo_exm_au_24_0_t11_v1
-785380782,m_cl_clo_bim_u_16_2_t11_v1
-785291399,wp_wct_knuck_lv_t1_v62
-785233438,f_cl_clo_x6f_f_4_12_t6_v1
-785220960,packed_mp_veh_mod_idx_4_v340
-785063597,m_cl_clo_sbm_u_9_0_t11_v1
-785054607,vem_colour_mct_none_4
-784957195,vem_colour_2_mct_metallic_silver_t25_v3
-784875966,vem_supermod_8_10_t49_v7
-784838133,vem_supermod_22_2_t63_v38
-784824980,packed_mp_veh_mod_idx_s_8_v183
-784816263,f_cl_clo_vef_dec_39_t11_v1
-784815495,f_cl_clo_grf_u_22_25_t11_v1
-784788503,packed_mp_veh_mod_idx_s_14_v296
-784732147,wp_wct_c_tint_25_t2_v8_n2
-784616055,m_cl_clo_hp_u_2_0_t11_v1
-784576622,packed_mp_veh_mod_var_1_v140
-784459569,f_cl_outfit_clo_stf_o_2_t12_v0_cesp
-784377220,pr_mp_prop_off1_t0_v0
-784356806,packed_ng_vehicle_bpt_v363
-783995774,f_cl_clo_bbf_000_t4_v1
-783911923,m_ta_tat_hp_040_t0_v0
-783905795,m_cl_clo_sbm_pe_1_1_t14_v1
-783903159,m_cl_clo_scm_rw_0_4_t14_v1
-783873006,m_ta_tat_hp_017_t0_v0
-783853652,m_ta_tat_x6_014_t0_v0
-783783726,f_cl_clo_suf_u_13_3_t11_v1
-783685889,vem_smod4_whlv153_t66_v3
-783664543,m_cl_clo_s1m_dec_1_t11_v1
-783597724,packed_mp_veh_plate_id_v284
-783504140,m_cl_clo_h4m_pey_1_5_t14_v1
-783461066,packed_mp_veh_mod_idx_1_v184
-783340574,vem_exhaust_5_t6_v7
-783339452,packed_ng_vehicle_insurance_v205
-783339175,packed_mp_veh_mod_idx_s_10_v182
-783247481,vem_colour_extra_1_mct_classic_garnet_red_t24_v3
-783166478,f_cl_clo_trf_decl_11_t11_v1
-783146952,packed_mp_veh_mod_idx_16_v311
-783140314,vem_trans_2_t16_v3
-783134149,dec_vw_aw_wv_58
-783130310,fcncl_mod7_1_t0_v0
-783113341,f_cl_clo_fxf_pe_4_0_t14_v1
-783106118,m_ta_tat_sb_040_t0_v0
-782844608,vem_spt_10_t19_v12
-782800190,packed_mp_veh_mod_idx_s_16_v106
-782768337,f_cl_clo_h3f_u_10_16_t11_v1
-782738891,vem_supermod_8_14_t49_v10
-782611305,dec_vw_aw_mt_32
-782556297,pr_pm_bfont_7_t1_v0
-782523679,f_cl_f_fmf_6_2_t6_v0
-782490198,packed_mp_veh_mod_idx_9_v65
-782480026,f_cl_clo_scf_u_35_0_t11_v1
-782430361,packed_mp_veh_livery_0_v251
-782339762,m_cl_clo_hilf_s_2_5_t8_v2
-782285822,packed_mp_veh_mod_idx_s_18_v236
-782278128,packed_mp_veh_mod_idx_s_14_v20
-782183816,f_ta_tat_x2_026_t0_v0
-782156710,vem_supermod_19_2_t60_v26
-782113339,packed_mp_veh_mod_idx_s_4_v223
-782113305,service_earn_jbonus_model
-782105959,packed_mp_veh_mod_idx_1_v323
-782099928,packed_mp_veh_mod_idx_s_14_v4
-782091556,packed_mp_veh_mod_idx_15_v162
-782037206,hub_contraband_sell_v1
-782027940,m_cl_clo_grm_l_0_4_t4_v1
-781923013,packed_mp_veh_secondary_colour_group_v104
-781913336,f_cl_clo_awf_o_b_0_t3_v12
-781797992,vem_rwd_drft_19_t19_v3
-781788298,packed_mp_veh_colour_extra2_0_v213
-781773645,packed_mp_veh_mod_idx_24_v381
-781760325,f_cl_outfit_clo_h4f_o_s2_f1_t12_v0
-781674116,packed_mp_veh_mod_idx_11_v285
-781658007,packed_ng_vehicle_smoke_v230
-781641143,m_ta_tat_hp_039_t0_v0
-781580420,packed_mp_veh_mod_idx_s_21_v155
-781541587,vem_hood_1_t9_v3
-781534004,packed_mp_veh_mod_idx_s_22_v67
-781512355,vem_smod5_whlv99_t66_v3
-781484490,vem_cmod_neoncol_6_t21_v11
-781482121,vem_supermod_20_1_t61_v27
-781474058,packed_mp_veh_mod_idx_s_6_v96
-781319010,packed_mp_veh_mod_idx_s_12_v323
-781249020,packed_mp_veh_mod_idx_23_v238
-781246285,packed_mp_veh_mod_idx_s_7_v108
-781224979,packed_mp_veh_mod_idx_18_v267
-781152229,f_cl_clo_stf_o_7_t8_v12
-781045198,packed_mp_veh_mod_idx_s_9_v214
-780991397,wp_wct_clip_tr_t1_v46_n2
-780962856,packed_mp_veh_mod_idx_s_1_v255
-780808968,f_cl_clo_awf_o_d_3_t8_v12
-780758211,vem_supermod_50_17_t50_v7
-780746122,f_cl_clo_vwf_pey_011_t14_v1
-780725032,vem_supermod_61_23_t61_v7
-780723497,packed_mp_veh_mod_idx_s_10_v260
-780691008,packed_mp_veh_mod_idx_2_v263
-780690820,f_cl_clo_indf_d_22_t11_v1
-780588040,f_cl_clo_grf_b_4_17_t1_v1
-780532617,wp_wm_tint2_t2_v66
-780526196,f_cl_clo_bhf_u_16_18_t11_v1
-780515706,packed_ng_vehicle_neon_v412
-780376948,vem_fender_r_12_t37_v3
-780252852,packed_mp_veh_mod_idx_s_3_v378
-780247828,packed_mp_veh_mod_idx_6_v289
-780152935,vem_colour_extra_1_mct_matte_dark_blue_t24_v1
-780096588,f_cl_clo_bif_f_2_0_t6_v1
-780056954,vem_supermod_3_30_t44_v3
-780036090,vem_smod5_whlv16_t66_v0
-779998131,f_cl_clo_ief_o_8_t3_v12_cesp
-779987588,f_cl_clo_trf_u_12_16_t11_v1
-779986969,m_cl_g_fmm_7_0_t14_v0_cesp
-779847066,packed_mp_veh_plate_id_v327
-779547247,vem_skirt_21_t13_v38
-779516476,wp_wct_tint_13_t2_v48_n2
-779491624,packed_mp_veh_mod_idx_s_10_v375
-779417331,m_ha_none_t4_v0
-779416588,packed_mp_veh_mod_idx_s_11_v196
-779396360,wp_wt_heavyrifle_t0_v0
-779291842,vem_cmod_neonlay_4_t21_v7
-779259111,vem_supermod_14_2_t55_v3
-779230807,vem_supermod_3_24_t44_v10
-779120137,f_cl_clo_fxf_ph_4_14_t14_v1
-779101684,packed_mp_veh_mod_idx_s_16_v316
-779087547,packed_mp_veh_mod_idx_s_20_v386
-779080716,packed_mp_veh_mod_idx_s_15_v123
-779033719,m_cl_clo_vwm_u_9_7_t11_v1
-779018426,f_cl_clo_scf_u_55_0_t11_v1
-778861501,packed_mp_veh_mod_idx_s_21_v109
-778861204,packed_ng_vehicle_bpt_v144
-778845659,vem_smod4_whlv2_t66_v1
-778833820,vem_cmod_tyr_10_t18_v35
-778810293,packed_mp_veh_mod_idx_12_v179
-778796526,vem_supermod_7_3_t48_v28
-778722945,vem_spoiler_17_t14_v26
-778669616,m_cl_clo_lxm_e_14_2_t14_v1
-778656606,f_cl_clo_bif_s_16_20_t8_v1
-778553523,packed_mp_veh_mod_idx_s_20_v329
-778545878,ve_boxville_t0_v0
-778535016,vem_cmod_hrn_sad_t10_v1
-778491738,packed_mp_veh_mod_idx_s_3_v233
-778459102,f_cl_clo_h4f_prw_0_8_t14_v1
-778333444,f_cl_clo_scf_d_26_0_t10_v1
-778272931,wp_wm_tint3_t2_v70
-778231624,vem_colour_extra_1_mct_pearlescent_chocolate_brown_t24_v3
-778223509,f_cl_clo_ltsfu_0_2_t11_v1
-778147169,packed_ng_vehicle_insurance_v154
-778068187,m_cl_clo_l2m_t_0_1_t7_v1
-778046834,m_cl_ht_fmm_6_1_t14_v0
-778012145,vem_spt_13_t19_v1
-777960843,vem_horn_cnote_e0_t10_v7
-777921090,m_cl_clo_s1m_ph_0_21_t14_v1
-777881639,m_cl_clo_vwm_ph_0_22_t14_v1
-777868800,packed_mp_veh_mod_idx_s_16_v266
-777687627,vem_supermod_14_1_t55_v11
-777613532,f_cl_clo_sbf_l_3_10_t4_v1
-777434583,f_cl_clo_awf_o_h_6_t3_v12
-777327124,m_cl_clo_smm_ph_6_1_t14_v1
-777302914,f_cl_clo_hstf_u_11_8_t11_v1
-777291568,packed_mp_veh_mod_idx_10_v186
-777275833,m_cl_clo_x2m_ht_0_0_t14_v1
-777242504,vem_supermod_13_2_t54_v26
-776985193,ve_tempesta_t0_v3
-776942293,packed_mp_veh_mod_idx_s_19_v188
-776927421,dec_vw_aw_2s_6
-776877209,vem_rwd_bikew_30_t19_v3
-776734983,f_cl_clo_sbf_u_22_13_t11_v1
-776703634,packed_mp_veh_mod_idx_s_4_v284
-776694199,packed_mp_veh_mod_idx_s_2_v187
-776570345,m_cl_clo_arm_o_26_t11_v12
-776556260,vem_horn_hips3_t10_v30
-776492074,m_cl_clo_exm_g_13_8_t14_v0
-776449503,packed_mp_veh_mod_idx_14_v334
-776393889,vem_colour_extra_1_mct_matte_grey_t24_v3
-776336208,packed_mp_int_kosatka_guided_missiles_v0
-776311731,f_cl_outfit_clo_x3f_u_0_2_t12_v0
-776241807,ts_veh_2_t0_v1_sell
-775997917,vem_colour_2_mct_classic_pink_t25_v3
-775966248,m_cl_u_fmm_9_6_t11_v0
-775953295,packed_mp_veh_plate_id_v372
-775946935,vem_colour_2_mct_metallic_yellow_t25_v3
-775906168,packed_mp_veh_mod_idx_14_v29
-775851277,m_cl_clo_busm_u_1_2_t11_v1
-775700124,f_cl_clo_busf_u_0_9_t11_v1
-775683387,m_ta_tat_lx_004_t0_v0
-775646018,vem_supermod_2_9_t43_v26
-775539529,mp_stat_mpsv_model_38
-775524974,m_cl_clo_fxm_u_2_17_t11_v1
-775475394,packed_mp_veh_mod_idx_3_v115
-775402334,m_cl_clo_grm_u_3_15_t11_v1
-775371478,f_cl_clo_sbf_ph_6_13_t14_v1
-775304854,vem_colour_2_mct_matte_might_purple_t25_v33
-775263348,mp_stat_appartment_var_9_v0
-775243852,packed_mp_veh_mod_var_1_v398
-775199193,vem_cmod_neoncol_13_t21_v1
-775161559,vem_supermod_11_2_t52_v27
-775139056,ve_casco_t0_v3
-775012211,m_cl_clo_grm_b_5_18_t1_v1
-774988780,f_cl_clo_trf_decl_10_t11_v1
-774958661,m_cl_clo_l2m_w_7_2_t14_v1
-774932833,wp_wm_tint5_t2_v68
-774371539,packed_mp_veh_mod_idx_s_12_v159
-774361525,wp_wct_tint_29_t2_v70_n2
-774328138,packed_mp_veh_mod_idx_8_v99
-774295064,vem_supermod_3_7_t44_v27
-774270822,vem_colour_2_mct_matte_white_t25_v3
-774264236,vem_hiend_01_t19_v12
-774209115,packed_mp_veh_mod_idx_2_v130
-774201894,m_cl_clo_sum_u_13_8_t11_v1
-774160035,vem_smod2_whlv91_t66_v3
-774108615,packed_mp_veh_mod_idx_s_9_v377
-773976189,packed_mp_veh_mod_idx_s_14_v265
-773936081,vem_rwd_spt_10_t19_v3
-773902433,m_cl_clo_vem_dec_47_t100_v0
-773890202,vem_brake_0_t2_v32
-773885260,f_cl_clo_apf_u_17_1_t11_v1
-773785856,packed_mp_veh_mod_idx_6_v387
-773769224,m_cl_clo_scm_u_0_20_t11_v1
-773760080,wp_wct_camo_5_t1_v21_n2
-773630369,packed_mp_veh_mod_idx_s_1_v262
-773514186,packed_mp_veh_mod_idx_s_5_v322
-773397141,vem_smod5_whlv120_t66_v3
-773327156,vem_supermod_0_10_t41_v27
-773210331,packed_mp_veh_colour1_0_v224
-773143873,vem_supermod_11_13_t52_v3
-773135569,m_cl_f_fmm_8_11_t6_v0
-773130283,m_cl_clo_bim_u_10_2_t11_v1
-772918871,m_cl_clo_stm_u_5_12_t11_v1
-772914883,vem_colour_2_mct_matte_red_t25_v0
-772879372,packed_mp_veh_mod_idx_s_2_v268
-772858914,m_cl_clo_h3m_decl_14_t11_v1
-772489048,vem_chassis_19_t4_v3
-772271703,m_cl_clo_vwm_u_18_6_t11_v1
-772237018,m_cl_clo_h4m_pey_2_4_t14_v1
-772141885,f_cl_clo_vwf_u_7_9_t11_v1
-772078807,wp_wct_c_tint_3_t2_v70_n2
-772036674,vem_colour_extra_1_mct_classic_sunset_red_t24_v2
-772000010,packed_mp_veh_secondary_colour_group_v65
-771996717,f_cl_clo_fxf_ph_0_15_t14_v1
-771925056,f_cl_clo_hstf_o_15_t11_v12
-771855945,packed_mp_veh_mod_idx_18_v201
-771853526,f_cl_clo_ief_u_6_4_t11_v1_cesp
-771847444,vem_colour_extra_1_mct_classic_black_steel_t24_v0
-771776141,m_cl_clo_v2m_h_0_0_t14_v1
-771749086,vem_supermod_41_14_t41_v7
-771685088,m_cl_clo_iem_u_3_0_t11_v1
-771661205,vem_chassis_9_t4_v39
-771642469,packed_mp_veh_mod_idx_9_v359
-771616378,vem_horn_cnote_c0_t10_v33
-771612445,packed_mp_veh_wheel_type_0_v242
-771611206,vem_roof_25_t12_v1
-771478808,m_cl_g_fmm_8_7_t14_v0
-771468329,packed_mp_veh_mod_idx_s_17_v259
-771448390,m_cl_clo_bus_p_1_3_t14_v1
-771429472,ve_alphaz1_t1_v33
-771423530,vem_smod2_whlv112_t66_v3
-771330027,packed_mp_veh_mod_var_0_v282
-771279111,packed_mp_veh_mod_idx_7_v16
-771151236,vem_colour_mct_none_93
-771077257,m_cl_clo_arm_ph_0_13_t14_v1
-771027254,m_ta_tat_bi_014_t0_v0
-770989395,packed_mp_veh_colour1_0_v155
-770935627,packed_mp_veh_mod_idx_16_v392
-770792747,vem_supermod_60_3_t60_v7
-770742602,dec_vw_aw_wh_9
-770691180,f_cl_outfit_clo_h3f_o_dh_11_t12_v0
-770673061,packed_mp_veh_mod_idx_18_v254
-770644791,m_cl_t_fmm_12_2_t7_v0
-770614653,ve_blimp3_t1_v3
-770582128,m_ta_tat_fm_027_t0_v0
-770579070,m_cl_clo_iem_u_5_15_t11_v1
-770562722,packed_mp_veh_window_tint_0_v102
-770505213,packed_mp_veh_mod_idx_s_20_v353
-770393514,f_cl_clo_vwf_u_17_10_t11_v1
-770301417,m_cl_outfit_clo_h3m_o_dl_16_t12_v0
-770291279,vem_horn_hips1_t10_v2
-770255201,packed_mp_veh_mod_idx_0_v314
-770236762,wp_wct_c_tint_2_t2_v47_n2
-770236080,vem_spt_02_t19_v12
-770205363,packed_mp_veh_mod_idx_9_v19
-770146983,f_cl_clo_bhf_u_11_16_t11_v1
-770140786,packed_mp_veh_mod_idx_s_5_v3
-770128748,f_cl_clo_sbf_l_2_14_t4_v1
-770127431,m_cl_clo_hp_u_9_0_t11_v1
-770124152,f_cl_clo_hp_f_d_0_t100_v0
-770100846,packed_mp_veh_mod_idx_s_3_v205
-770074275,m_cl_clo_stm_o_e_0_t11_v12
-770044934,vem_hood_21_t9_v35
-770026792,vem_colour_2_mct_matte_matte_dirt_t25_v0
-769981708,packed_lr_vehicle_colour_6_v82
-769942862,m_cl_outfit_clo_h4m_o_h2_m2_t12_v0
-769671337,f_cl_outfit_clo_stf_o_15_t12_v0_cesp
-769653119,vem_supermod_3_9_t44_v7
-769620148,m_cl_clo_arm_o_19_t11_v12
-769600224,packed_mp_veh_mod_idx_s_17_v264
-769456866,packed_mp_veh_colour_extra1_0_v392
-769429564,f_ta_tat_bb_002_t0_v0
-769341200,packed_mp_veh_mod_idx_14_v185
-769309488,f_cl_clo_h4f_o_sm_f1_t3_v12
-769280426,packed_ng_vehicle_bpt_v47
-769277963,packed_mp_veh_mod_idx_s_0_v163
-769233629,vem_supermod_14_9_t55_v27
-769230485,ve_slamvan4_t0_v38
-769168716,dec_vw_aw_ls_10a
-769147934,f_cl_clo_fxf_l_0_5_t4_v1
-769009228,f_cl_clo_suf_u_17_15_t11_v1
-768996240,vem_spt_11_t19_v3
-768837729,ve_toro_t1_v0
-768834203,vem_colour_extra_1_mct_pearlescent_purple_t24_v1
-768801786,packed_mp_veh_mod_idx_s_20_v81
-768750978,packed_mp_veh_mod_idx_s_9_v145
-768654930,packed_mp_veh_mod_idx_13_v2
-768469949,packed_lr_vehicle_colour_6_v138
-768465270,vem_colour_1_mct_metallic_bronze_t24_v0
-768438763,f_cl_clo_hstf_t_3_3_t7_v1
-768340311,vem_rwd_offr_06_t19_v1
-768335618,m_cl_clo_busm_u_3_9_t11_v1
-768304402,f_ha_cc_mkup_68_t5_v0
-768260898,vem_chassis_11_t4_v3
-768223125,fcarcade_b_up3_c_16
-768210680,packed_mp_veh_window_tint_0_v366
-768078702,f_cl_clo_hp_f_u_0_3_t11_v1
-768075015,f_cl_clo_bif_u_17_3_t11_v1
-768047897,vem_supermod_16_1_t57_v28
-768015850,mp_stat_prop_office_gar3_lighting_v0
-767987425,f_cl_u_fmf_2_15_t11_v0
-767965385,vem_smod2_whlv121_t66_v3
-767888564,packed_mp_veh_mod_idx_s_12_v412
-767760372,packed_mp_veh_mod_idx_18_v228
-767729396,m_cl_f_fmm_8_14_t6_v0
-767500217,packed_mp_veh_mod_idx_s_9_v320
-767321721,f_cl_clo_suf_u_17_5_t11_v1
-767259466,ve_windsor_t0_v3_cesp
-767249990,packed_mp_veh_mod_idx_13_v217
-767237329,m_cl_clo_sum_u_15_15_t11_v1
-767171140,f_cl_clo_h4f_s_2_10_t8_v1
-767164547,vem_colour_1_mct_metallic_formula_red_t24_v33
-767160231,packed_ng_vehicle_smoke_v15
-767119565,f_cl_clo_bhf_b_0_9_t1_v1
-767071900,packed_mp_veh_mod_idx_18_v145
-767004660,m_cl_clo_bbm_l_2_4_t4_v1
-766996193,packed_mp_veh_mod_idx_5_v73
-766944208,packed_mp_veh_mod_idx_18_v41
-766822475,vem_horn_indi_4_t10_v11
-766816269,m_cl_clo_sum_u_18_3_t11_v1
-766777630,packed_mp_veh_mod_idx_18_v233
-766732412,f_cl_clo_trf_u_12_9_t11_v1
-766437684,packed_mp_veh_plate_id_v239
-766265698,packed_mp_veh_mod_idx_s_6_v260
-766251747,m_cl_clo_exm_ob_3_t3_v12
-766175927,f_cl_clo_vwf_u_19_20_t11_v1
-766168347,m_cl_clo_grm_f_0_24_t6_v1
-766166445,f_cl_clo_x3f_b_3_3_t1_v1
-766148591,mp_stat_multstorey_gar_sty_f2_v0
-765973686,m_cl_clo_indm_o_0_t3_v12
-765859498,f_cl_outfit_clo_hp_f_o_9_t12_v0
-765812375,m_cl_clo_hstmb_17_1_t1_v1
-765776614,wp_wm_tint4_t2_v8
-765747628,m_cl_l_fmm_5_5_t4_v0
-765668461,vem_spt_21_t19_v2
-765656572,vem_supermod_43_12_t43_v7
-765648020,f_cl_clo_x6f_ph_10_4_t14_v1
-765600946,f_cl_clo_grf_u_21_24_t11_v1
-765576131,packed_mp_veh_mod_idx_s_3_v180
-765434590,packed_mp_veh_mod_idx_3_v332
-765317395,ve_marshall_t1_v10
-765208445,m_cl_clo_sbm_u_11_10_t11_v1
-765118715,f_cl_clo_vwf_u_17_2_t11_v1
-765078738,packed_mp_veh_livery2_0_v408
-764999327,vem_supermod_3_37_t44_v10
-764993639,packed_mp_veh_mod_idx_s_6_v13
-764874097,packed_mp_veh_mod_idx_s_20_v402
-764838411,m_cl_clo_grm_ph_3_17_t14_v1
-764814342,m_cl_clo_trm_u_12_19_t11_v1
-764796040,m_cl_l_fmm_5_0_t4_v0
-764714237,packed_mp_veh_mod_idx_s_8_v399
-764703455,vem_roof_6_t12_v0
-764611410,f_cl_clo_trf_u_7_4_t11_v1
-764607696,f_cl_clo_grf_b_2_3_t1_v1
-764552066,fixer_hq_index_1_t0_v0
-764541138,packed_mp_veh_secondary_colour_group_v23
-764529214,packed_mp_veh_primary_colour_group_v83
-764491423,f_cl_l_fmf_9_8_t4_v0
-764406143,packed_mp_veh_mod_idx_s_11_v277
-764396612,vem_colour_5_cast_iron_sil_t38_v0
-764356699,m_cl_l_fmm_8_4_t4_v0
-764238702,m_cl_clo_hilf_u_1_4_t11_v1
-764218752,f_cl_clo_x6f_ey_0_9_t14_v1
-764090643,f_ta_tat_x2_006_t0_v0
-764068903,f_cl_clo_vwf_u_21_7_t11_v1
-764068797,m_cl_clo_grm_ph_2_24_t14_v1
-764045231,wp_wct_tint_29_t2_v5_n2
-763870038,packed_mp_veh_colour1_0_v262
-763803164,vem_smod3_whlv50_t66_v3
-763752414,vem_cmod_exp_0_t20_v1
-763644973,f_cl_clo_hstfb_22_4_t1_v1
-763611730,vem_livery_5_t26_v0
-763502589,m_cl_clo_iem_b_8_2_t1_v1
-763500470,f_cl_clo_fxf_u_7_17_t11_v1
-763409882,vem_cmod_col5_4_t29_v1
-763393717,m_cl_clo_iem_f_0_8_t6_v1
-763297852,ve_slamvan_t0_v0
-763296368,m_cl_clo_grm_g_0_16_t3_v1
-763277184,vem_cmod_neonlay_6_t21_v7
-763276144,packed_mp_veh_mod_var_1_v167
-763237962,vem_smod3_whlv5_t66_v3
-763178516,packed_mp_veh_mod_var_1_v339
-763169759,f_cl_clo_awf_u_9_0_t11_v1
-763166133,vem_supermod_11_1_t52_v26
-763072059,mp_stat_mpsv_model_329
-763046632,f_ta_tat_sb_051_t0_v0
-763033855,fcncl_mod5_0_t0_v0
-762953287,m_cl_rstar_dev_0_t11_v1
-762927020,vem_bumper_f_0_t34_v39
-762892093,f_cl_clo_vwf_pw_3_2_t14_v1
-762846304,m_cl_clo_bhm_decl_61_t100_v0
-762813681,vem_cmod_tyr_lg_t30_v3
-762771273,packed_mp_veh_livery_0_v372
-762587927,f_cl_clo_bhf_u_16_6_t11_v1
-762574211,packed_mp_veh_mod_idx_s_9_v383
-762554001,m_cl_u_fmm_7_5_t11_v0
-762544625,vem_smod2_whlv152_t66_v3
-762544579,vem_cmod_neoncol_6_t21_v26
-762544248,packed_mp_veh_mod_idx_s_23_v96
-762529204,vem_spoiler_11_t14_v4
-762522307,packed_mp_veh_mod_idx_s_19_v407
-762509667,packed_mp_veh_mod_idx_9_v8
-762469830,packed_mp_veh_mod_idx_15_v43
-762461720,vem_supermod_12_1_t53_v28
-762451071,f_cl_clo_grf_u_22_11_t11_v1
-762407630,f_cl_clo_bhf_decl_1_t11_v1
-762403451,vem_smod_whlv138_t66_v0
-762397160,fcbase_wind1_t0_v0
-762369382,packed_mp_veh_mod_idx_s_12_v97
-762270729,f_cl_clo_h2f_o_s_5_t3_v12
-762184182,packed_mp_veh_mod_idx_22_v152
-761930511,m_cl_clo_x6m_f_6_10_t6_v1
-761867618,packed_mp_veh_colour_extra2_0_v232
-761734947,packed_mp_veh_livery2_0_v338
-761712322,vem_supermod_23_31_t64_v33
-761638513,f_cl_clo_bbf_u_3_7_t8_v1
-761628861,packed_mp_veh_mod_idx_6_v393
-761582313,f_cl_clo_bhf_l_3_2_t4_v1
-761566249,vem_supermod_10_8_t51_v27
-761504324,m_cl_clo_sbm_f_2_6_t6_v1
-761493747,m_cl_clo_sbm_u_11_8_t11_v1
-761387093,f_cl_clo_hstf_b_13_0_t1_v1
-761250542,packed_mp_veh_primary_colour_group_v55
-761135004,vem_supermod_4_13_t45_v28
-761132287,m_cl_clo_scm_u_0_21_t11_v1
-761070765,packed_mp_veh_mod_idx_12_v100
-761042454,packed_mp_veh_colour_extra2_0_v118
-761007515,f_ha_cc_mkup_6_t7_v0
-760963054,m_cl_clo_hstm_t_2_7_t7_v1
-760880408,wp_wct_knife_xm303_t1_v34
-760785577,f_cl_outfit_clo_h4f_o_h2_f1_t12_v0
-760781764,packed_mp_veh_mod_idx_6_v181
-760762939,packed_mp_veh_mod_idx_15_v215
-760754813,packed_mp_veh_mod_idx_s_11_v378
-760539349,packed_mp_veh_mod_idx_13_v18
-760315996,mp_stat_mpsv_model_172
-760293112,packed_lr_vehicle_colour_5_v111
-760233277,f_cl_clo_scf_t_5_1_t7_v1
-760230231,vem_cmod_neoncol_8_t21_v6
-760150767,f_cl_clo_trf_u_18_4_t11_v1
-760102636,f_cl_clo_hstf_b_12_3_t1_v1
-760079160,m_cl_outfit_clo_h3m_o_grp_4_t12_v0
-760062953,wp_wct_c_tint_12_t2_v21_n2
-760031405,m_cl_clo_v2m_l_0_2_t4_v1
-760021324,vem_smod5_whl_30_t19_v3
-760016676,packed_mp_veh_mod_idx_s_4_v42
-760014081,vem_smod5_whlv29_t66_v0
-759955410,vem_cmod_tyr_11_t18_v0
-759878628,vem_colour_2_mct_metallic_frost_white_t25_v3
-759848632,vem_supermod_7_6_t48_v26
-759788329,packed_mp_veh_mod_idx_s_12_v353
-759784102,ve_volatus_t1_v0
-759751037,f_cl_clo_x17f_o_m_3_t3_v12
-759669532,vem_colour_extra_1_mct_classic_sunrise_orange_t24_v3
-759669402,m_cl_clo_bim_decl_15_t11_v1
-759635953,f_cl_clo_bbf_u_1_1_t11_v1
-759556717,m_cl_clo_vem_dec_48_t11_v1
-759514664,packed_mp_veh_mod_idx_16_v139
-759504982,nclu_index_9_t0_v0
-759498515,packed_mp_veh_mod_idx_s_0_v281
-759452747,packed_mp_veh_mod_idx_16_v239
-759388915,f_cl_clo_vwf_pey_0_6_t14_v1
-759255435,packed_mp_veh_mod_idx_9_v369
-759207512,vem_supermod_16_0_t57_v35
-759158065,packed_ng_vehicle_neon_kit_v42
-759028673,f_cl_outfit_clo_awf_o_h_5_t12_v0
-758938381,packed_mp_veh_mod_idx_24_v268
-758936735,m_cl_clo_smm_ph_8_1_t14_v1
-758918899,m_cl_clo_awm_l_0_3_t4_v1
-758911422,packed_mp_veh_mod_idx_s_6_v178
-758791814,vem_colour_2_mct_metallic_yellow_t25_v33
-758725475,packed_mp_veh_mod_idx_s_18_v250
-758717952,m_cl_clo_awm_decl_25_t100_v0
-758665254,packed_mp_veh_mod_idx_14_v192
-758584962,vem_colour_1_mct_classic_mariner_blue_t24_v3
-758579411,f_cl_clo_hstf_l_0_0_t4_v1
-758574163,vem_colour_extra_1_mct_pearlescent_silver_t24_v4
-758546187,packed_lr_vehicle_colour_6_v379
-758542009,m_cl_clo_h4m_s_2_10_t8_v1
-758480041,packed_mp_veh_mod_idx_s_0_v79
-758382710,packed_mp_veh_mod_idx_22_v290
-758326133,packed_mp_veh_mod_idx_6_v118
-758264579,vem_supermod_12_3_t53_v3
-758240353,packed_mp_veh_mod_idx_24_v144
-758157263,f_cl_clo_trf_u_9_14_t11_v1
-758078110,m_cl_clo_stm_o_16_t3_v12
-758047762,vem_horn_clas5_t10_v0
-758044226,packed_mp_veh_secondary_colour_group_v225
-757928782,packed_mp_veh_mod_idx_s_8_v255
-757865047,vem_smod4_whlv163_t66_v3
-757698640,wp_wct_bat_xm303_t1_v37
-757645010,f_cl_clo_exf_eu_1513_t11_v1
-757643236,packed_mp_veh_mod_idx_s_19_v134
-757626102,packed_mp_veh_mod_idx_4_v387
-757581502,packed_mp_veh_primary_colour_group_v335
-757569031,f_cl_clo_smf_b_3_2_t1_v1
-757566166,packed_mp_veh_mod_idx_12_v323
-757558851,f_cl_clo_x6f_f_3_3_t6_v1
-757540956,wp_wct_var_gold_t1_v22
-757466693,vem_colour_1_mct_metallic_blue_silver_t24_v4
-757458598,m_cl_clo_apm_u_17_4_t11_v1
-757435796,vem_smod4_whlv129_t66_v2
-757292720,f_cl_clo_vwf_u_20_24_t11_v1
-757257586,m_ta_tat_bi_015_t0_v0
-757163022,f_cl_l_fmf_8_7_t4_v0
-757148286,packed_mp_veh_mod_idx_s_19_v266
-757123005,mp_stat_mpsv_model_369
-757083927,f_cl_clo_grf_u_15_12_t11_v1
-757063630,m_cl_clo_hstm_b_13_2_t1_v1
-756685293,m_cl_clo_x6m_l_7_22_t4_v1
-756567562,m_ta_tat_h4_027_t0_v0
-756550951,vem_smod4_whl_29_t19_v3
-756528170,f_cl_clo_awf_o_b_10_t8_v12
-756500447,f_cl_clo_vwf_l_2_18_t4_v1
-756488724,ve_growler_t0_v3
-756449609,m_cl_clo_s2m_u_6_11_t11_v1
-756383137,packed_mp_veh_mod_idx_12_v277
-756294766,m_cl_clo_sbm_b_7_0_t1_v1
-756265621,wp_wct_c_tint_2_t2_v70_n2
-756261865,packed_ng_vehicle_bpt_v200
-756084155,m_ha_hair_beard14_t1_v0
-755969409,packed_mp_veh_mod_idx_s_9_v76
-755848089,packed_mp_veh_mod_idx_4_v195
-755829050,vem_horn_clas2_t10_v3
-755595033,vem_supermod_62_1_t62_v7
-755400606,packed_mp_veh_mod_idx_s_23_v91
-755318622,m_cl_clo_lxm_w_4_2_t14_v1
-755297425,packed_mp_veh_mod_idx_5_v356
-755267196,packed_ng_vehicle_neon_v272
-755258599,packed_lr_vehicle_colour_5_v412
-755200037,vem_cmod_neoncol_9_t21_v31
-755092902,f_cl_outfit_clo_exf_ob_10_t12_v0
-754972827,m_ta_tat_hp_034_t0_v0
-754772362,ve_technical3_t0_v30
-754738334,packed_mp_veh_mod_idx_23_v95
-754702327,f_cl_clo_bif_l_4_1_t4_v1
-754437777,f_cl_outfit_clo_awf_o_f_16_t12_v0
-754402493,packed_mp_veh_mod_idx_s_2_v391
-754240561,wp_wct_knife_xm306_t1_v34
-754221935,vem_bumper_r_11_t35_v36
-754169277,f_cl_clo_suf_u_18_15_t11_v1
-754100179,m_cl_clo_bim_l_4_1_t4_v1
-754024203,service_spend_heli_pickup
-754007015,m_ta_tat_hp_024_t0_v0
-753866977,factory_index_28_t0_v0
-753859377,wp_wm_tint3_t2_v3
-753748016,vem_chassis_1_t4_v26
-753711757,vem_trans_1_t16_v2
-753653499,f_cl_clo_x6f_u_12_5_t11_v1
-753630790,vem_colour_5_olive_green_t38_v3
-753615235,packed_mp_veh_mod_idx_11_v238
-753597307,ve_veto2_t0_v3
-753488073,m_cl_clo_x6m_o_o_25_t3_v12
-753484955,vem_insurance_zombiea
-753464074,f_cl_clo_sbf_u_13_12_t11_v1
-753462711,packed_mp_veh_colour2_0_v329
-753378017,wp_wct_clip_ap_t1_v9_n2
-753359449,m_cl_clo_indm_s_0_0_t8_v1
-753202470,packed_mp_veh_mod_idx_s_21_v158
-753175488,m_cl_clo_busm_s_0_2_t8_v1
-753062460,vem_colour_mct_none_83
-753029894,vem_supermod_18_1_t59_v26
-753018106,vem_supermod_10_20_t51_v3
-753002946,vem_colour_2_mct_metallic_diamond_blue_t25_v2
-752883813,f_cl_clo_h4f_decl_1_t11_v1
-752873229,m_cl_outfit_clo_smm_o_9_t12_v0
-752856487,f_cl_clo_fxf_u_7_2_t11_v1
-752718283,packed_mp_veh_mod_idx_11_v193
-752557137,vem_colour_2_mct_classic_formula_red_t25_v33
-752407441,mba_floor0_8_t0_v1
-752346519,f_ha_cc_mkup_7_t7_v0
-752207866,packed_mp_veh_mod_idx_s_13_v388
-752097211,f_cl_clo_sbf_ph_6_5_t14_v1
-752079200,m_cl_clo_x17m_b_6_0_t1_v1
-752068675,vem_smod5_whlv20_t66_v3
-752043952,f_cl_clo_bif_decl_12_t100_v0
-751986550,wp_gsa_type_ro_t0_v61
-751886575,vem_supermod_18_0_t59_v38
-751816170,packed_mp_veh_mod_idx_15_v266
-751777476,wp_wt_bullrifle_t0_v0
-751743532,packed_mp_veh_secondary_colour_group_v150
-751679738,m_cl_clo_grm_u_10_16_t11_v1
-751677816,wp_ps_can_3_t3_v33
-751616833,f_cl_clo_apf_u_17_0_t11_v1
-751600992,packed_mp_veh_livery2_0_v89
-751558141,f_cl_clo_smf_ph_4_20_t14_v1
-751522793,pr_mp_prop_63_t0_v0
-751337983,packed_mp_veh_mod_idx_22_v279
-751325993,packed_mp_veh_mod_idx_s_17_v152
-751323102,f_cl_clo_bhf_decl_49_t100_v0
-751313456,packed_mp_veh_mod_idx_s_3_v407
-751115422,packed_lr_vehicle_colour_6_v255
-751114595,f_cl_clo_suf_u_7_7_t11_v1
-751010528,vem_colour_extra_1_mct_metallic_surf_blue_t24_v4
-751001723,packed_mp_veh_mod_idx_s_20_v257
-750960562,vem_colour_extra_1_mct_pearlescent_racing_blue_t24_v1
-750954221,vem_colour_1_mct_metallic_bison_brown_t24_v1
-750918451,packed_mp_veh_mod_idx_s_18_v402
-750860940,mp_stat_factoryupgrades4_v0
-750841716,f_cl_clo_bus_p_0_13_t14_v1
-750834524,pr_pm_bfont_8_t0_v0
-750823548,packed_mp_veh_mod_idx_9_v175
-750817669,packed_mp_veh_mod_idx_11_v195
-750676118,wp_wt_mchpist_t0_v0
-750467427,f_cl_clo_h2f_u_7_18_t11_v1
-750401542,packed_mp_veh_mod_idx_s_7_v9
-750397205,f_cl_outfit_clo_h3f_o_ff_1_t12_v0
-750229654,m_cl_clo_lxm_e_25_3_t14_v1
-750215165,ve_l35_t0_v3
-750172701,vem_smod2_whlv84_t66_v3
-750058580,f_cl_l_fmf_1_8_t4_v0
-749976494,packed_mp_veh_plate_id_v16
-749965406,f_cl_clo_smf_u_2_1_t11_v1
-749777092,packed_mp_veh_mod_var_1_v188
-749646458,m_ha_cc_body_1_6_t3_v0
-749638612,packed_mp_veh_mod_idx_s_19_v82
-749597246,packed_mp_veh_mod_idx_s_22_v358
-749500120,packed_mp_veh_colour_extra1_0_v2
-749475278,f_cl_clo_awf_decl_44_t100_v0
-749427454,packed_mp_veh_colour1_0_v72
-749392888,f_cl_clo_sbf_f_6_2_t6_v1
-749337439,vem_colour_6_saddle_brown_t65_v3
-749336227,m_cl_clo_hp_t_0_5_t7_v1
-749315261,f_cl_clo_h3f_o_pr_1_t3_v12
-749304444,m_cl_clo_vwm_pw_2_2_t14_v1
-749294064,f_cl_clo_sbf_u_14_10_t11_v1
-749276903,packed_mp_veh_mod_idx_7_v135
-749082797,fa_upgrade_cash_staff_1_t0_v0
-748894779,vem_smod2_whl23_t19_v12
-748856355,f_cl_clo_vwf_b_8_3_t1_v1
-748842945,vem_supermod_5_0_t46_v31
-748730237,packed_mp_veh_mod_idx_s_11_v231
-748702779,f_cl_clo_ltsf_o_4_t8_v12
-748616635,packed_mp_veh_mod_idx_s_10_v156
-748585811,packed_mp_veh_mod_idx_s_21_v264
-748574617,f_cl_clo_x6f_b_3_0_t1_v1
-748571477,f_cl_clo_h3f_o_sl_25_t8_v12
-748566132,m_cl_clo_smm_b_0_14_t1_v1
-748559721,packed_mp_veh_colour_extra2_0_v187
-748517358,packed_mp_veh_mod_idx_s_12_v135
-748500591,packed_mp_veh_colour2_0_v196
-748471131,f_cl_clo_exf_au_25_0_t11_v1
-748467280,m_cl_clo_hst_a_9_t100_v0
-748439094,mt_casino_membership
-748409638,packed_mp_veh_mod_idx_14_v268
-748371158,packed_mp_veh_mod_idx_4_v21
-748352646,packed_mp_veh_mod_idx_s_21_v6
-748332509,vem_colour_extra_1_mct_pearlescent_garnet_red_t24_v4
-748301570,f_cl_clo_h3f_o_jan_2_t4_v12
-748237535,packed_mp_veh_mod_idx_1_v281
-748191025,f_cl_clo_sbf_f_2_10_t6_v1
-748117782,packed_mp_veh_colour_extra1_0_v158
-748034737,vem_supermod_12_1_t53_v3
-748006804,m_cl_clo_bim_u_4_3_t11_v1
-747949834,packed_mp_veh_mod_idx_9_v381
-747935074,f_cl_clo_x6f_u_24_17_t11_v1
-747928456,packed_ng_vehicle_bpt_v108
-747926963,m_cl_clo_grm_b_3_15_t1_v1
-747881943,vem_spoiler_2_t14_v29
-747834150,f_cl_clo_vwf_decl_37_t100_v0
-747807789,vem_supermod_55_23_t55_v7
-747746125,f_cl_clo_scf_b_4_1_t1_v1
-747552585,wp_wct_camo_2_t1_v46_n2
-747475121,m_cl_clo_sum_u_9_2_t11_v1
-747402449,f_cl_clo_grf_g_1_2_t3_v1
-747096070,m_cl_g_fmm_5_4_t14_v0
-747083678,packed_mp_veh_mod_idx_3_v322
-747022876,wp_wm_tint1_t2_v57
-746955287,f_cl_clo_h3f_u_2_4_t11_v1
-746922237,packed_mp_veh_mod_idx_0_v324
-746893382,packed_mp_veh_mod_idx_s_19_v332
-746859292,packed_mp_veh_mod_idx_s_19_v200
-746803189,packed_mp_veh_colour_extra2_0_v73
-746767096,f_cl_clo_trf_d_21_0_t10_v1
-746688063,packed_mp_veh_mod_idx_s_11_v61
-746601007,casino_heist_vehicle_livery_v2
-746594608,packed_mp_veh_mod_idx_0_v342
-746583819,f_cl_clo_x6f_lw_1_2_t14_v1
-746543028,m_cl_clo_busm_f_1_0_t6_v1
-746489942,m_cl_clo_h3m_u_11_12_t11_v1
-746454593,f_cl_clo_indf_b_2_0_t1_v1
-746338851,packed_mp_veh_mod_idx_7_v6
-746326328,f_cl_clo_s2f_o_8_t8_v12
-746271423,packed_mp_veh_mod_idx_s_23_v3
-746188523,f_cl_clo_vwf_u_15_10_t11_v1
-746182142,m_cl_clo_vwm_s_2_1_t8_v2
-746087998,f_cl_clo_suf_u_20_13_t11_v1
-746056284,packed_mp_veh_mod_idx_s_16_v203
-746054517,f_cl_clo_fxf_l_3_15_t4_v1
-746032286,packed_mp_veh_livery2_0_v15
-746017019,packed_mp_veh_mod_idx_s_15_v117
-745852464,vem_rwd_hiend_07_t19_v1
-745821147,f_cl_clo_scf_l_0_1_t4_v1
-745791924,packed_ng_vehicle_neon_v381
-745779451,vem_supermod_18_10_t59_v3
-745722534,vem_cmod_exp_0_t20_v10
-745714076,packed_ng_vehicle_neon_v69
-745640554,f_cl_clo_x6f_f_10_1_t6_v1
-745633666,vem_supermod_18_6_t59_v26
-745566279,vem_insurance_brioso
-745528576,f_cl_clo_sbf_l_2_18_t4_v1
-745326923,m_cl_clo_fxm_l_3_15_t4_v1
-745320747,packed_ng_vehicle_neon_v97
-745285361,f_cl_clo_awf_decl_17_t100_v0
-745274973,wp_wct_c_tint_30_t2_v48_n2
-745248732,f_cl_clo_h3f_ph_5_16_t14_v1
-745199691,packed_mp_veh_mod_idx_24_v176
-745185254,f_cl_clo_ief_u_14_18_t11_v1
-745046522,packed_mp_veh_mod_idx_s_7_v345
-744966444,packed_mp_veh_mod_idx_s_6_v284
-744951152,vem_cmod_hrn_mus3_t10_v28
-744921333,vem_colour_extra_1_mct_classic_stone_silver_t24_v3
-744856525,m_cl_clo_grm_l_3_1_t4_v1
-744776029,m_cl_clo_x6m_b_2_2_t1_v1
-744704743,packed_lr_vehicle_colour_6_v192
-744701772,f_cl_clo_bif_decl_65_t10_v1
-744558238,wp_rwt_tint2_t2_v81
-744485505,packed_mp_veh_mod_idx_s_8_v54
-744416576,f_cl_clo_grf_decl_13_t11_v1
-744403946,vem_grill_3_t8_v4
-744340693,vem_fender_l_7_t36_v27
-744334586,packed_mp_veh_mod_idx_s_9_v313
-744233178,m_cl_clo_smm_ph_4_0_t14_v1
-744154297,packed_mp_veh_mod_idx_4_v68
-744005835,vem_supermod_12_10_t53_v3
-743969601,packed_mp_veh_mod_idx_s_16_v148
-743966198,m_cl_clo_trm_u_19_7_t11_v1
-743868810,mp_stat_mpsv_model_111
-743823335,f_cl_clo_grf_u_9_8_t11_v1
-743743180,packed_mp_veh_mod_idx_11_v323
-743742225,m_cl_clo_vwm_u_6_4_t11_v1
-743730946,packed_mp_veh_mod_idx_s_8_v44
-743694060,packed_mp_veh_mod_idx_11_v102
-743664551,packed_mp_veh_primary_colour_group_v174
-743558214,packed_mp_veh_colour_extra2_0_v35
-743533068,m_cl_clo_hst_a_6_t11_v1
-743453931,vem_colour_5_midnight_silver_t38_v0
-743441126,m_cl_clo_busm_s_1_6_t8_v2
-743295107,ve_shotaro_t0_v3
-743194689,m_ta_tat_bi_010_t0_v0
-743163079,vem_supermod_6_8_t47_v28
-743162500,packed_mp_veh_mod_idx_11_v218
-742720369,vem_supermod_23_28_n1_t64_v34
-742546225,packed_mp_veh_mod_idx_s_15_v234
-742545968,packed_mp_veh_colour1_0_v74
-742545288,vem_supermod_4_4_t45_v28
-742370567,wp_wct_camo_ind_t1_v13_n2
-742343240,vem_smod4_whlv7_t66_v0
-742265055,packed_mp_veh_mod_idx_s_14_v329
-742141924,vem_colour_1_mct_metallic_orange_t24_v4
-741969040,packed_mp_veh_mod_idx_s_7_v369
-741965387,vem_cmod_tyr_13_t18_v3
-741782964,m_cl_clo_x6m_f_4_13_t6_v1
-741756420,packed_ng_vehicle_smoke_v324
-741743314,packed_mp_veh_mod_idx_18_v26
-741667864,packed_mp_veh_secondary_colour_group_v36
-741616588,packed_mp_veh_mod_idx_s_19_v216
-741594110,vem_colour_extra_1_mct_matte_blue_t24_v33
-741487006,vem_colour_2_mct_metallic_saxon_blue_t25_v1
-741472075,vem_supermod_17_18_t58_v3
-741454664,f_cl_clo_awf_decl_41_t100_v0
-741369128,m_cl_clo_bim_decl_32_t100_v0
-741315454,packed_mp_veh_mod_idx_3_v371
-741292090,m_cl_clo_bus_m_o_20_t3_v12
-741281267,m_cl_clo_busm_f_0_0_t6_v1
-741265998,packed_mp_veh_mod_idx_s_13_v109
-741242258,wp_wm_tint6_t2_v50
-741144578,packed_mp_veh_mod_idx_2_v366
-741115446,f_cl_clo_x6f_f_4_16_t6_v1
-741114007,m_ta_tat_fx_003_t0_v0
-740865419,ve_tornado_t0_v0
-740820605,packed_mp_veh_mod_idx_22_v54
-740785789,packed_mp_veh_mod_idx_22_v296
-740783178,mp_stat_mpsv_model_403
-740711348,vem_drft_09_t19_v0
-740668241,ve_pbus2_t1_v3
-740610983,vem_supermod_21_2_t62_v3
-740600446,f_cl_clo_h4f_u_2_12_t11_v1
-740485630,packed_lr_vehicle_colour_6_v215
-740483260,packed_mp_veh_mod_idx_s_4_v322
-740427367,vem_supermod_3_3_t44_v11
-740340958,m_cl_clo_vwm_u_6_3_t11_v1
-740336496,vem_colour_5_candy_red_t38_v3
-740304355,m_cl_clo_vwm_u_15_6_t11_v1
-740293522,packed_mp_veh_mod_idx_s_0_v65
-740280196,m_cl_clo_s1m_u_2_10_t11_v1
-740277886,packed_mp_veh_mod_idx_s_18_v413
-740249124,packed_mp_veh_mod_idx_s_16_v273
-740215369,f_cl_clo_awf_o_e_1_t8_v12
-740167247,vem_suv_03_t19_v2
-739930974,m_cl_clo_smm_u_3_4_t11_v1
-739855923,packed_mp_veh_mod_idx_s_7_v270
-739846479,packed_mp_veh_colour2_0_v155
-739844685,m_cl_clo_bim_u_27_2_t11_v1
-739815894,vem_supermod_12_0_t53_v31
-739710617,vem_colour_2_mct_classic_black_graphite_t25_v33
-739645167,packed_mp_veh_mod_idx_7_v363
-739545136,f_cl_clo_h3f_u_11_13_t11_v1
-739526766,packed_mp_veh_mod_idx_3_v226
-739504534,packed_mp_veh_mod_idx_s_11_v176
-739490124,vem_livery_2_t26_v0
-739387778,m_cl_clo_h4m_b_0_5_t1_v1
-739268245,m_cl_t_fmm_11_2_t7_v0
-739140167,vem_supermod_5_3_t46_v26
-739123613,ve_marshall_t1_v1
-739110501,f_ta_tat_vw_018_t0_v0
-739070751,vem_cmod_tyr_pat_t18_v0
-739041099,vem_horn_xm15_2_t10_v29
-739024126,packed_mp_veh_mod_idx_s_11_v19
-738898595,m_cl_l_fmm_15_8_t4_v0
-738891204,m_cl_clo_smm_ph_6_0_t14_v1
-738860685,packed_mp_veh_mod_idx_s_23_v263
-738815392,packed_mp_veh_mod_idx_s_2_v2
-738806492,m_ha_cc_mkup_36_t7_v1
-738782335,packed_mp_veh_mod_idx_s_23_v380
-738772670,packed_mp_veh_colour2_0_v343
-738770910,m_cl_clo_sbm_u_15_1_t11_v1
-738723545,f_cl_clo_grf_u_6_7_t11_v1
-738716305,f_cl_clo_x6f_u_30_4_t11_v1
-738600732,vem_armour_5_t1_v0
-738587076,f_cl_clo_x6f_l_0_23_t4_v1
-738548562,f_ta_tat_bi_013_t0_v0_cesp
-738534746,f_cl_clo_arf_o_23_t11_v12
-738470216,vem_supermod_0_4_t41_v26
-738396183,packed_mp_veh_mod_idx_12_v404
-738328975,m_cl_clo_scm_ey_0_8_t14_v1
-738310044,packed_mp_veh_mod_idx_s_18_v260
-738295092,m_cl_u_fmm_14_7_t8_v2
-738241703,packed_mp_veh_mod_idx_s_2_v296
-738236926,packed_mp_veh_mod_idx_s_17_v367
-738211056,wp_wct_clip_tr_t1_v1_n2
-738165217,m_cl_clo_h4m_plw_011_t14_v1
-738139647,packed_mp_veh_mod_idx_s_0_v370
-738083396,m_cl_clo_x6m_ph_0_10_t14_v1
-738068137,vem_supermod_15_6_t56_v3
-737986997,f_cl_clo_grf_u_3_6_t11_v1
-737959430,wp_wct_c_tint_1_t2_v47_n2
-737936882,m_cl_clo_s1m_u_9_3_t11_v1
-737901944,mp_stat_mpsv_model_179
-737882580,vem_supermod_23_19_n1_t64_v33
-737854972,vem_supermod_19_11_t60_v28
-737804461,m_cl_clo_grm_g_0_10_t3_v1
-737750464,vem_colour_2_mct_classic_beechwood_brown_t25_v3
-737670714,packed_lr_vehicle_colour_6_v367
-737654945,packed_mp_veh_mod_idx_s_5_v120
-737576002,packed_mp_veh_mod_idx_12_v57
-737535322,f_cl_clo_grf_u_21_6_t11_v1
-737512883,packed_mp_veh_plate_id_v190
-737439119,vem_armour_3_t1_v36
-737349067,f_cl_clo_grf_l_2_13_t4_v1
-737185336,packed_mp_veh_colour_extra1_0_v97
-737169107,packed_mp_veh_mod_idx_s_21_v311
-737144322,vem_smod_whlv205_t66_v0
-737121050,f_cl_clo_grf_u_20_18_t11_v1
-737111399,fcarcade_c_up3_c_14
-736987127,pr_pm_person_1_t1_v0
-736972291,vem_colour_extra_1_mct_metallic_moss_brown_t24_v33
-736698463,vem_horn_luxe1_t10_v26
-736671398,packed_mp_veh_mod_idx_3_v122
-736483302,m_cl_clo_stm_o_13_t11_v12_cesp
-736458214,vem_insurance_slamvan4
-736440855,m_cl_clo_hst_a_4_t100_v0
-736346049,packed_lr_vehicle_colour_6_v4
-736331988,m_cl_clo_scm_ey_1_9_t14_v1
-736313229,packed_ng_vehicle_insurance_v298
-736137942,packed_mp_veh_mod_idx_s_0_v303
-736133748,m_cl_clo_sbm_u_14_0_t11_v1
-736002591,vem_colour_1_mct_classic_chocolate_brown_t24_v4
-735942099,vem_supermod_62_7_t62_v7
-735799987,f_cl_g_fmf_3_1_t14_v0
-735649473,wp_wct_muzz1_t1_v8_n2
-735417656,packed_ng_vehicle_neon_kit_v388
-735395468,vem_supermod_14_20_t55_v3
-735319257,f_cl_clo_half_1_1_t1_v1
-735294502,packed_mp_veh_livery_0_v75
-735189441,vem_fender_l_2_t36_v38
-735128343,vem_insurance_dump
-735033379,m_cl_clo_hilf_u_1_1_t11_v1
-734857276,ve_speeder_t1_v0
-734834550,vem_supermod_3_37_t44_v6
-734813393,f_cl_clo_h3f_o_jan_4_t8_v12
-734774760,vem_horn_cnote_g0_t10_v4
-734697201,ve_guardian_t0_v0
-734692454,factory_index_20_t0_v0
-734608143,f_cl_clo_bhf_u_1_5_t11_v1
-734566388,f_cl_f_fmf_13_15_t6_v0
-734563625,m_cl_outfit_clo_sbm_o_sas_t12_v0
-734518050,vem_colour_mct_none_10
-734386270,vem_bumper_r_14_t35_v3
-734292856,vem_colour_extra_1_mct_pearlescent_spin_purple_t24_v2
-734207458,vem_supermod_19_13_t60_v3
-734141105,f_cl_clo_trf_b_3_0_t1_v1
-734052317,vem_colour_1_mct_metallic_dark_silver_t24_v1
-733926436,wp_wct_barr2_t1_v8_n2
-733891651,packed_mp_veh_mod_idx_9_v414
-733839809,f_ha_cc_f_hs_20_t0_v0
-733704820,m_cl_sp_fmm_10_3_t8_v0
-733472600,m_cl_clo_stm_u_5_15_t11_v1
-733410417,packed_mp_veh_mod_idx_s_20_v369
-733223646,m_cl_clo_sum_u_9_5_t11_v1
-733198077,packed_mp_veh_mod_idx_s_5_v153
-733170828,m_cl_clo_sum_u_0_19_t11_v1
-733139418,f_cl_clo_h4f_b_0_10_t1_v1
-733019521,wp_wct_camo_1_t1_v5_n2
-732994193,packed_mp_veh_mod_idx_s_5_v267
-732993385,vem_colour_1_mct_metals_gold_s_t24_v2
-732957282,packed_mp_veh_mod_idx_s_18_v94
-732933604,m_cl_clo_h2m_b_1113_t1_v1
-732848762,ve_vacca_t0_v3
-732816892,f_cl_clo_bhf_decl_2_t11_v1
-732628748,vem_colour_extra_1_mct_pearlescent_cream_t24_v4
-732606672,m_cl_clo_s1m_u_7_0_t11_v1
-732602297,vem_colour_extra_1_mct_metallic_moss_brown_t24_v0
-732509728,f_cl_clo_xmasf_l_0_1_t4_v1
-732464517,f_cl_clo_l2f_dec_19_t11_v1
-732432238,vem_horn_clas1_t10_v3
-732347612,m_ta_tat_fm_228_t0_v0
-732315646,packed_mp_veh_mod_idx_s_6_v216
-732270611,packed_mp_veh_mod_idx_18_v401
-732217300,f_cl_clo_awf_decl_4_t100_v0
-732206325,fcbase_sty5_t0_v0
-732088434,f_cl_clo_awf_f_0_16_t6_v1
-731797612,f_cl_clo_smf_ph_2_14_t14_v1
-731760083,packed_mp_veh_colour_extra1_0_v181
-731698088,f_cl_clo_bbf_u_2_0_t11_v1
-731624417,vem_colour_1_mct_metallic_lime_green_t24_v1
-731612283,m_cl_clo_awm_f_8_4_t6_v1
-731572819,f_cl_clo_exf_eu_1611_t11_v1
-731505269,packed_mp_veh_mod_idx_8_v356
-731400152,vem_fender_l_15_t36_v3
-731295735,m_cl_f_fmm_8_5_t6_v0
-731251472,packed_mp_veh_colour_extra1_0_v259
-731247581,m_cl_clo_sum_u_15_7_t11_v1
-731204303,f_ta_tat_bb_004_t0_v0
-731062682,dec_vw_aw_wh_26c
-731033651,vem_engine_2_t5_v35
-731015955,vem_colour_2_mct_matte_yellow_t25_v3
-731011117,vem_horn_cnote_d0_t10_v26
-730815804,packed_ng_vehicle_neon_kit_v77
-730681941,f_cl_clo_vwf_ph_0_9_t14_v1
-730637709,ve_thruster_t0_v33
-730630484,f_cl_clo_h2f_o_c_14_t8_v12
-730598605,m_cl_clo_v2m_h_0_9_t14_v1
-730565641,m_cl_clo_exm_decl_13_t11_v1
-730559653,packed_mp_veh_mod_idx_2_v21
-730493800,f_cl_clo_trf_u_9_2_t11_v1
-730491922,vem_colour_2_mct_classic_blue_t25_v2
-730454747,packed_mp_veh_mod_idx_s_5_v241
-730420470,f_cl_clo_indf_ht_6_4_t14_v1
-730361229,vem_cmod_col5_17_t29_v2
-730354390,m_cl_clo_awm_l_1_7_t4_v1
-730279121,m_cl_clo_lxm_u_7_10_t11_v1
-730188645,packed_mp_veh_colour_extra1_0_v344
-730096614,vem_hood_5_t9_v38
-730043266,f_cl_clo_hp_f_l_0_8_t4_v1
-729984296,f_cl_ht_fmf_5_0_t14_v0
-729968423,f_cl_outfit_clo_x6f_o_o_11_t12_v0
-729962737,vem_smod4_whlv127_t66_v0
-729956669,packed_mp_veh_mod_idx_23_v333
-729908524,mp_stat_factorysetup1_v0
-729882760,packed_mp_veh_mod_idx_s_22_v245
-729846977,packed_mp_veh_mod_idx_s_13_v6
-729825929,f_cl_clo_fxf_u_7_10_t11_v1
-729758347,vem_roof_6_t12_v38
-729602270,m_cl_clo_trm_u_16_2_t11_v1
-729517438,f_cl_clo_vwf_u_7_13_t11_v1
-729508927,f_cl_clo_bif_decl_1_t100_v0
-729406078,f_cl_clo_hstf_o_17_t3_v12
-729378362,packed_mp_veh_mod_idx_s_15_v320
-729366175,packed_mp_veh_mod_idx_s_7_v265
-729343292,packed_mp_veh_mod_idx_s_22_v385
-729236330,f_cl_clo_indf_ht_2_1_t14_v1
-729198231,vem_cmod_neoncol_6_t21_v6
-729126358,vem_colour_1_mct_classic_graphite_t24_v1
-728949079,f_cl_clo_grf_ph_1_10_t14_v1
-728924023,mp_stat_mpsv_model_4
-728619432,vem_colour_2_mct_classic_stone_silver_t25_v0
-728433291,fa_upgrade_meth_equip_1_t0_v0
-728393851,f_cl_u_fmf_11_0_t8_v0
-728385587,packed_mp_veh_secondary_colour_group_v94
-728334238,packed_mp_veh_mod_idx_s_15_v354
-728181746,vem_colour_1_mct_classic_woodbeech_brown_t24_v33
-728157653,ve_caracara2_t0_v3
-728139025,m_cl_clo_trm_ph_2_4_t14_v1
-728122818,packed_mp_veh_mod_idx_16_v146
-728038648,f_cl_clo_bhf_u_2_5_t11_v1
-728008329,service_earn_acid_lab_source_participation
-727952520,packed_mp_veh_mod_var_0_v253
-727831001,packed_mp_veh_mod_idx_24_v136
-727811579,packed_mp_veh_secondary_colour_group_v253
-727760995,packed_ng_vehicle_bpt_v84
-727744084,pr_pm_apt_var_2_t0_v0
-727541374,vem_colour_1_mct_metallic_frost_white_t24_v2
-727385966,vem_colour_extra_1_mct_classic_moss_brown_t24_v2
-727328017,vem_rwd_suv_13_t19_v2
-727279930,wp_vu_boatarm_t0_v0
-727246077,vem_colour_extra_1_mct_metallic_beechwood_brown_t24_v4
-727226833,vem_colour_extra_1_mct_metallic_blue_silver_t24_v3
-727091924,vem_supermod_42_23_t42_v7
-727067051,m_cl_clo_h4m_t_13_11_t7_v1
-726890822,packed_mp_veh_mod_idx_10_v251
-726752832,packed_mp_veh_mod_idx_s_1_v173
-726740075,arc_mac_qub3d_t0_v0
-726738389,m_cl_clo_s2m_o_10_t100_v0
-726718559,vem_supermod_18_9_t59_v3
-726677104,f_cl_clo_ief_u_14_10_t11_v1
-726663894,vem_insurance_bus
-726604014,m_cl_clo_sum_decl_4_t11_v1
-726595446,f_cl_clo_h3f_o_dl_15_t8_v12
-726535424,packed_mp_veh_mod_var_1_v98
-726462921,packed_mp_veh_mod_idx_s_12_v187
-726421117,m_cl_clo_hstm_u_3_0_t11_v1
-726398726,m_cl_clo_trm_o_ms_0_t3_v12
-726307030,packed_mp_veh_mod_idx_22_v81
-726278178,f_cl_clo_bhf_u_0_9_t11_v1
-726248490,f_cl_u_fmf_14_14_t11_v0
-726133156,m_cl_clo_fxm_pe_2_6_t14_v1
-726025618,packed_mp_veh_mod_idx_s_10_v162
-726011766,packed_mp_veh_mod_idx_13_v146
-726002130,vem_spoiler_4_t14_v3
-725977879,packed_mp_veh_mod_idx_11_v145
-725972297,m_cl_clo_vwm_t_0_4_t7_v1
-725954025,m_cl_clo_sbm_u_11_2_t11_v1
-725938797,packed_mp_veh_mod_idx_s_3_v44
-725935989,vem_colour_1_mct_metallic_black_graphite_t24_v3
-725899494,m_cl_clo_h3m_ph_5_16_t14_v1
-725869720,m_cl_clo_h4m_pey_3_5_t14_v1
-725864243,vem_colour_1_mct_classic_sandy_brown_t24_v3
-725835158,packed_mp_veh_colour_extra1_0_v165
-725811895,f_ta_tat_h4_008_t0_v0
-725811484,m_cl_clo_vwm_u_10_25_t11_v1
-725794492,packed_mp_veh_mod_idx_s_6_v366
-725789982,f_cl_clo_x6f_f_12_22_t6_v1
-725788624,vem_colour_1_mct_metallic_sienna_brown_t24_v4
-725722514,packed_mp_veh_colour2_0_v91
-725694014,m_cl_clo_stm_h_1010_t14_v1
-725580057,f_cl_clo_hstf_g_5_0_t3_v1
-725579343,vem_drft_11_t19_v3
-725542885,packed_mp_veh_mod_idx_5_v343
-725376468,packed_ng_vehicle_bpt_v180
-725358306,wp_wct_tint_30_t2_v1_n2
-725321514,m_cl_clo_bus_m_o_5_t3_v12
-725212170,vem_cmod_hrn_mus3_t10_v38
-725171046,packed_mp_veh_mod_idx_4_v39
-725154644,vem_colour_extra_1_mct_classic_gold_t24_v1
-725120916,m_cl_clo_smm_b_7_4_t1_v1
-725052176,packed_mp_veh_mod_var_1_v266
-724995366,m_cl_clo_hp_d_18_t100_v0
-724969129,ve_entity2_t0_v3
-724949359,packed_mp_veh_mod_idx_8_v299
-724939790,wp_wm_tint2_t2_v2
-724923605,packed_mp_veh_mod_idx_s_4_v0
-724905993,packed_mp_veh_secondary_colour_group_v148
-724900694,vem_supermod_16_10_t57_v26
-724859642,vem_horn_xm15_3_t10_v0
-724716878,packed_mp_veh_mod_idx_5_v175
-724569353,m_cl_clo_arm_b_0_4_t1_v1
-724562255,packed_ng_vehicle_neon_v255
-724492769,m_cl_clo_hst_a_6_t100_v0
-724470781,vem_insurance_monroe
-724445051,vem_supermod_15_0_t56_v36
-724440694,f_cl_clo_ief_b_6_1_t1_v1
-724366849,packed_mp_veh_livery_0_v226
-724312477,vem_brake_3_t2_v32
-724206855,packed_mp_veh_mod_idx_s_5_v192
-724123924,packed_mp_veh_mod_var_1_v386
-724032831,vem_smod2_whlv136_t66_v3
-723964813,m_cl_clo_s2m_d_11_t100_v0
-723932058,packed_mp_veh_mod_idx_24_v152
-723875157,vem_supermod_9_5_t50_v27
-723858027,packed_mp_veh_mod_idx_s_7_v246
-723731237,packed_mp_veh_mod_idx_s_15_v386
-723722319,m_cl_clo_h4m_ph_1_3_t14_v1
-723670156,packed_mp_veh_mod_idx_s_2_v57
-723654810,m_cl_clo_grm_g_0_11_t3_v1
-723624224,m_cl_clo_x6m_f_12_5_t6_v1
-723608517,packed_lr_vehicle_colour_6_v333
-723584274,packed_mp_veh_mod_idx_13_v387
-723503668,packed_mp_veh_mod_idx_s_12_v247
-723441292,m_cl_clo_indm_d_23_t8_v1
-723420744,packed_mp_veh_mod_idx_5_v89
-723416138,f_cl_clo_s2f_l_1_1_t4_v1
-723409460,packed_mp_veh_colour1_0_v99
-723333646,packed_ng_vehicle_neon_v131
-723294897,packed_lr_vehicle_colour_6_v260
-723248620,packed_mp_veh_secondary_colour_group_v316
-723206424,packed_mp_veh_mod_idx_s_6_v233
-723180998,f_cl_clo_s2f_u_0_0_t8_v2
-723116683,f_cl_clo_fxf_l_4_21_t4_v1
-723089557,packed_lr_vehicle_colour_6_v90
-723078806,vem_insurance_svolito2
-723039435,packed_mp_veh_mod_idx_s_5_v187
-723018897,f_cl_clo_scf_d_28_3_t10_v1
-722923280,ve_vetir_t1_v3
-722894325,service_earn_gangops_wages_bonus
-722892443,m_cl_clo_bhm_u_3_5_t11_v1
-722877506,wp_wct_none_t1_v1_n2
-722787764,dec_vw_aw_wv_19c
-722699755,m_ha_cc_eyebrw_24_t2_v0
-722686862,packed_mp_veh_mod_idx_s_2_v68
-722620717,vem_colour_1_mct_metallic_cast_iron_sil_t24_v4
-722492697,packed_ng_vehicle_insurance_v370
-722487894,m_cl_clo_trm_u_14_2_t11_v1
-722422029,f_cl_clo_grf_b_3_9_t1_v1
-722339509,packed_mp_veh_mod_idx_s_16_v199
-722144403,vem_colour_extra_1_mct_classic_flur_yellow_t24_v2
-722055595,vem_yacht_flag_3_v0
-722053070,packed_mp_veh_mod_idx_5_v314
-722038672,packed_mp_veh_livery_0_v8
-721946808,vem_colour_1_mct_matte_midnight_blue_t24_v33
-721910676,f_cl_clo_sbf_u_0_20_t11_v1
-721898647,vem_trans_4_t16_v3
-721884908,dec_vw_aw_wv_71
-721874289,packed_mp_veh_mod_idx_s_9_v398
-721849517,f_cl_clo_h2f_o_c_3_t8_v12
-721781491,packed_mp_veh_mod_idx_s_4_v115
-721726838,ve_faction3_t0_v3
-721631753,packed_mp_veh_mod_var_1_v0
-721582129,packed_mp_veh_mod_idx_2_v136
-721581232,f_cl_clo_ief_b_9_5_t1_v1
-721470580,packed_mp_veh_mod_idx_15_v297
-721425058,f_cl_clo_h3f_ph_5_14_t14_v1
-721405987,packed_ng_vehicle_smoke_v374
-721352778,pr_pm_modshop_11_t90_v0
-721350656,packed_mp_veh_mod_idx_3_v47
-721334562,f_cl_clo_sbf_ph_6_7_t14_v1
-721311984,m_cl_clo_hst_ht_1_0_t14_v0
-721208381,wp_wct_c_tint_27_t2_v9_n2
-720992155,packed_mp_veh_mod_idx_24_v270
-720988310,m_cl_outfit_clo_h2m_o_g_14_t12_v0
-720877059,packed_mp_veh_mod_idx_s_11_v216
-720854320,packed_mp_veh_mod_idx_s_1_v147
-720812011,m_cl_clo_exm_al_8_1_t4_v1
-720661964,m_cl_clo_x2m_o_1_t8_v12
-720626737,packed_mp_veh_mod_idx_7_v79
-720619078,packed_mp_veh_mod_idx_s_2_v344
-720598478,vem_supermod_21_0_t62_v39
-720551238,vem_cmod_hrn_mus3_t10_v5
-720502466,m_cl_clo_fxm_u_6_25_t11_v1
-720438020,packed_mp_veh_mod_idx_s_21_v299
-720316875,packed_mp_veh_mod_idx_s_19_v340
-720302855,f_cl_clo_bhf_decl_56_t100_v0
-720237065,f_cl_clo_ief_f_0_11_t6_v1
-720215176,f_cl_clo_x6f_u_1_15_t11_v1
-720141999,wp_rwt_tint6_t2_v83
-720076881,packed_ng_vehicle_insurance_v174
-720022142,wp_ps_can_9_t2_v33
-719941194,packed_mp_veh_mod_idx_s_3_v78
-719927569,vem_yacht_light_0_v0
-719892081,m_cl_clo_awm_decl_85_t100_v0
-719858667,f_cl_l_fmf_9_9_t4_v0
-719847184,f_cl_clo_smf_b_8_18_t1_v1
-719811949,packed_mp_veh_mod_idx_3_v52
-719778562,m_cl_clo_hstm_o_20_t11_v12
-719613804,f_cl_clo_exf_al_6_2_t4_v1
-719580138,service_earn_fixer_award_short_trip
-719532424,vem_truck_slot_2_mod_4_t0_v0
-719467213,packed_mp_veh_mod_idx_6_v240
-719435557,m_cl_clo_vwm_ph_0_8_t14_v1
-719383770,packed_mp_veh_mod_idx_s_5_v303
-719316248,mp_stat_arenagarage_mod_floor_b1_v0
-719299730,vem_supermod_3_43_t44_v27
-719194575,packed_mp_veh_mod_idx_8_v123
-718977334,m_ta_tat_bi_007_t0_v0_cesp
-718964179,m_cl_clo_exm_af_3_2_t6_v1
-718958492,packed_mp_veh_livery_0_v397
-718931114,vem_smod3_whlv90_t66_v3
-718896110,packed_mp_veh_mod_idx_5_v19
-718882545,m_cl_outfit_clo_x2m_o_1_t12_v0
-718869497,packed_mp_veh_mod_idx_s_14_v80
-718855755,wp_wct_camo_9_t1_v9_n2
-718679836,vem_spt_01_t19_v3
-718668667,packed_mp_veh_window_tint_0_v251
-718638872,packed_mp_veh_window_tint_0_v406
-718632557,candc_hacker_dec_10_t0_v0
-718632270,m_cl_clo_grm_g_1_15_t3_v1
-718612371,m_cl_clo_grm_u_4_17_t11_v1
-718598217,packed_mp_veh_mod_idx_s_9_v389
-718492366,packed_mp_veh_colour_extra1_0_v202
-718368363,vem_cmod_tyr_5_t18_v38
-718329936,vem_supermod_23_1_n1_t64_v38
-718294453,vem_livery_255_t26_v4
-718293175,f_cl_clo_x3f_b_10_0_t1_v1
-718262588,f_cl_clo_smf_b_4_18_t1_v1
-718191229,f_cl_clo_awf_ph_1_18_t14_v1
-718188141,m_cl_clo_smm_u_7_18_t11_v1
-718115439,m_cl_clo_scm_f_0_24_t6_v1
-717991922,vem_supermod_9_12_t50_v3
-717970793,f_cl_clo_apf_u_17_5_t11_v1
-717928814,packed_mp_veh_mod_idx_11_v6
-717893380,vem_colour_extra_1_mct_classic_racing_green_t24_v1
-717807983,f_cl_clo_fxf_l_1_1_t4_v1
-717772458,packed_mp_veh_colour2_0_v410
-717768375,vem_horn_hips3_t10_v3
-717733078,f_cl_clo_h2f_b_11_4_t1_v1
-717628165,packed_mp_veh_colour2_0_v136
-717342290,packed_mp_veh_mod_idx_15_v235
-717328274,packed_mp_veh_mod_idx_s_19_v92
-717268960,f_cl_clo_awf_u_9_7_t11_v1
-717211381,packed_mp_veh_mod_idx_s_9_v153
-717210413,packed_mp_veh_mod_idx_22_v372
-717174025,m_ta_tat_fm_235_t0_v0
-717128711,f_ta_tat_bus_f_000_t0_v0
-717034375,vem_bumper_f_23_t34_v3
-717026156,m_cl_clo_trm_ph_1_5_t14_v1
-716978174,vem_supermod_8_5_t49_v26
-716964530,vem_supermod_43_23_t43_v7
-716963152,service_earn_arena_career_tier_progression_3
-716921785,packed_mp_veh_mod_idx_s_6_v311
-716830584,packed_mp_veh_secondary_colour_group_v283
-716818786,f_cl_clo_trf_d_23_0_t10_v1
-716722274,m_cl_clo_vwm_u_6_1_t11_v1
-716670278,m_cl_clo_h2m_b_3_6_t1_v1
-716659869,packed_mp_veh_mod_idx_s_9_v259
-716626794,m_cl_clo_h3m_ph_11_6_t14_v1
-716486801,vem_insurance_tempesta
-716458268,packed_mp_veh_primary_colour_group_v201
-716452168,vem_cmod_neonlay_3_t21_v26
-716343628,m_cl_clo_sbm_l_0_23_t4_v1
-716319938,packed_mp_veh_mod_idx_14_v96
-716297426,f_cl_outfit_clo_grf_o_2_t12_v0
-716288995,packed_mp_veh_mod_idx_14_v7
-716224460,m_ha_cc_blush_7_t5_v0
-716198059,packed_mp_veh_mod_idx_s_14_v368
-716188799,packed_mp_veh_mod_idx_9_v116
-716113634,packed_mp_veh_mod_idx_s_11_v96
-716110095,packed_mp_veh_mod_var_0_v22
-716028451,f_ha_cc_f_hs_2_t0_v1
-715952664,packed_mp_veh_mod_idx_24_v60
-715932633,packed_lr_vehicle_colour_5_v286
-715910960,packed_mp_veh_mod_idx_s_22_v140
-715891327,vem_colour_1_mct_classic_black_steel_t24_v1
-715715990,f_cl_clo_h3f_l_4_18_t4_v1
-715554650,mp_stat_mpsv_model_133
-715538544,mp_stat_mpsv_model_383
-715440652,packed_mp_veh_secondary_colour_group_v54
-715395528,vem_skirt_11_t13_v27
-715370575,f_cl_clo_exf_au_24_2_t11_v1
-715333546,packed_mp_veh_mod_idx_s_19_v296
-715329355,m_cl_clo_x6m_l_7_17_t4_v1
-715285696,packed_mp_veh_mod_idx_24_v359
-715254612,m_cl_outfit_clo_bus_m_o_3_t12_v0
-714926678,vem_chassis_28_t4_v35
-714886523,f_cl_clo_ief_u_4_6_t11_v1
-714876385,packed_mp_veh_mod_idx_1_v201
-714868755,ie_wh_index_5_t0_v0
-714842725,packed_mp_veh_mod_idx_s_14_v145
-714767970,packed_mp_veh_mod_idx_s_7_v344
-714767072,wp_wct_shell_ex_t0_v22_n2
-714617761,m_cl_clo_fxm_ph_4_7_t14_v1
-714568833,ve_gresley_t0_v2
-714387027,m_cl_clo_sbm_f_3_16_t6_v1
-714350923,m_cl_clo_h3m_b_19_6_t1_v1
-714321084,packed_mp_veh_mod_idx_s_19_v413
-714217338,packed_mp_veh_mod_idx_s_14_v121
-714204284,m_cl_clo_grm_ph_5_6_t14_v1
-714110365,packed_mp_veh_window_tint_0_v322
-714085723,m_cl_clo_h4m_u_6_1_t11_v1
-713814686,f_ha_clo_s2f_h_1_0_t0_v0
-713744505,packed_mp_veh_mod_idx_2_v245
-713732448,vem_colour_2_mct_matte_matte_foil_t25_v2
-713608676,m_cl_u_fmm_6_1_t11_v0
-713587301,f_cl_clo_scf_d_25_6_t10_v1
-713416935,f_cl_clo_stf_o_e_3_t11_v12
-713368963,packed_mp_veh_mod_idx_18_v323
-713285434,packed_lr_vehicle_colour_6_v323
-713277642,m_cl_clo_arm_o_1_t11_v12
-713170273,packed_mp_veh_mod_idx_6_v263
-713104615,vem_engine_0_t5_v5
-713104169,packed_mp_veh_mod_idx_18_v66
-712974841,m_cl_clo_h4m_t_13_0_t7_v1
-712944442,f_cl_clo_grf_ph_2_23_t14_v1
-712871454,f_cl_clo_indf_d_23_t100_v0
-712828428,packed_mp_veh_mod_idx_s_21_v204
-712821089,m_cl_clo_exm_g_9_9_t14_v0
-712797286,m_cl_clo_lxm_u_8_1_t11_v1
-712762964,packed_ng_vehicle_neon_v309
-712758804,packed_mp_veh_mod_idx_16_v309
-712719780,packed_mp_veh_mod_idx_s_6_v214
-712710716,packed_mp_veh_mod_idx_s_18_v312
-712643789,m_cl_clo_l2m_w_9_0_t14_v1
-712622975,vem_smod4_whlv70_t66_v3
-712607492,packed_mp_veh_mod_idx_7_v102
-712607248,vem_colour_1_mct_metallic_white_t24_v3
-712589506,factory_index_8_t0_v0
-712543834,m_cl_clo_grm_u_17_2_t11_v1
-712420967,vem_hood_0_t9_v37
-712329251,vem_roof_0_t12_v31
-712233717,f_cl_clo_h3f_ph_9_6_t14_v1
-712166360,vem_colour_mct_none_117
-712137111,vem_colour_mct_none_22
-712094241,vem_colour_extra_1_mct_matte_might_purple_t24_v3
-712053751,packed_mp_veh_mod_idx_s_16_v189
-712052333,packed_mp_veh_mod_idx_s_14_v318
-712044889,f_cl_clo_vwf_u_19_2_t11_v1
-711995747,f_cl_clo_h3f_f_0_0_t6_v1
-711978871,packed_mp_veh_mod_idx_10_v227
-711921815,packed_mp_veh_mod_idx_13_v314
-711916665,f_cl_clo_h4f_decl_29_t100_v0
-711873143,packed_mp_veh_mod_var_1_v34
-711843825,packed_mp_veh_mod_var_0_v54
-711598112,vem_supermod_15_2_t56_v38
-711573605,vem_supermod_19_1_t60_v28
-711542404,f_cl_clo_hstf_t_2_0_t7_v1
-711371721,vem_rwd_bikew_12_t19_v4
-711314482,f_ta_tat_hp_033_t0_v0
-711267401,vem_colour_1_mct_matte_matte_for_t24_v2
-711198943,vem_exhaust_19_t6_v35
-711145398,packed_mp_veh_mod_idx_4_v52
-710995880,f_cl_clo_grf_u_4_4_t11_v1
-710912644,packed_mp_veh_mod_idx_s_3_v346
-710889442,packed_mp_veh_mod_idx_8_v288
-710838098,vem_supermod_3_10_t44_v3
-710793212,m_cl_clo_hstm_o_k_3_t3_v12
-710755486,f_cl_clo_x5f_o_a_0_t3_v12
-710726707,pm_weapon_discount_silver_kills
-710720417,packed_ng_vehicle_smoke_v357
-710689896,m_cl_clo_indm_d_24_t8_v2
-710636139,vem_colour_extra_1_mct_classic_midnight_silver_t24_v33
-710580617,f_cl_f_fmf_14_15_t6_v0
-710576821,vem_cmod_tyr_5_t18_v28
-710485281,packed_mp_veh_mod_idx_5_v320
-710473293,vem_supermod_11_1_t52_v38
-710454298,f_cl_clo_bif_u_4_3_t11_v1
-710448602,packed_mp_veh_colour_extra2_0_v144
-710432443,m_cl_clo_vwm_t_0_11_t7_v1
-710329059,m_cl_clo_fxm_l_0_12_t4_v1
-710279544,m_cl_clo_x6m_ph_0_11_t14_v1
-710248551,mp_stat_mpsv_model_324
-710193277,vem_insurance_peyote
-710162798,dec_vw_aw_mt_2c
-710106283,f_cl_clo_trf_o_r8_t3_v12
-709965083,ve_ratel_t0_v3
-709870456,packed_mp_veh_mod_idx_s_6_v131
-709632996,vem_smod2_whlv132_t66_v3
-709571552,f_cl_clo_bif_f_0_0_t6_v1
-709570670,m_cl_clo_stm_u_4_2_t11_v1
-709570134,m_cl_u_fmm_12_11_t8_v1
-709554970,m_cl_outfit_clo_bim_o_5_t12_v0
-709488135,packed_mp_veh_mod_idx_s_9_v372
-709447349,vem_colour_mct_none_120
-709126835,f_cl_clo_x6f_u_26_14_t11_v1
-709105478,f_cl_outfit_clo_assf_o_2_t12_v0
-709074762,packed_mp_veh_mod_idx_0_v41
-708886626,packed_mp_veh_colour_extra1_0_v383
-708718621,packed_mp_veh_mod_idx_1_v227
-708715489,packed_mp_veh_mod_idx_6_v205
-708592153,vem_smod4_whlv121_t66_v0
-708548266,packed_mp_veh_mod_idx_6_v174
-708534511,m_cl_clo_val_decl_l_t8_v1
-708501876,packed_mp_veh_mod_idx_s_9_v273
-708384832,m_cl_clo_smm_u_7_3_t11_v1
-707948601,mp_stat_fixer_hq_wallpaper_v0
-707923110,vem_supermod_57_11_t57_v7
-707805261,vem_colour_extra_1_mct_metallic_anthr_black_t24_v2
-707622366,packed_mp_veh_mod_idx_10_v242
-707575018,f_cl_clo_bbf_u_1_4_t11_v1
-707251744,packed_mp_veh_mod_idx_s_5_v366
-707221881,m_cl_clo_x4m_u_12_2_t11_v1
-707208363,packed_mp_veh_mod_var_0_v228
-707056962,packed_mp_veh_mod_idx_s_15_v211
-707019733,packed_mp_veh_colour2_0_v378
-706939785,packed_mp_veh_mod_idx_12_v341
-706907657,packed_mp_veh_mod_idx_15_v397
-706881165,packed_mp_veh_mod_idx_23_v364
-706762551,ve_submers_t0_v0
-706683996,packed_mp_veh_mod_idx_12_v199
-706626378,packed_ng_vehicle_bpt_v52
-706570418,packed_mp_veh_livery_0_v304
-706494236,vem_smod2_whlv94_t66_v3
-706479998,f_cl_clo_x3f_u_1_14_t11_v1
-706389086,packed_mp_veh_mod_idx_s_11_v342
-706207791,vem_supermod_23_37_n1_t64_v34
-706188630,packed_mp_veh_mod_idx_7_v346
-706137076,f_cl_clo_vwf_u_6_9_t11_v1
-706125657,m_cl_clo_indm_s_0_2_t8_v2
-706117897,packed_mp_veh_mod_idx_s_8_v286
-706114233,f_cl_clo_hst_b_3_0_t1_v1
-705993626,packed_mp_veh_mod_idx_6_v255
-705965736,m_cl_clo_vwm_pw_2_3_t14_v1
-705962847,m_cl_clo_lxm_u_5_0_t11_v1
-705914513,ve_pounder2_t0_v36
-705897266,vem_armour_5_t1_v6
-705814483,ve_issi6_t0_v38
-705771176,f_cl_clo_exf_al_6_1_t4_v1
-705721094,packed_lr_vehicle_colour_6_v105
-705716731,m_cl_outfit_clo_hstm_o_m_3_t12_v0
-705672939,packed_ng_vehicle_insurance_v354
-705659640,m_cl_clo_x6m_ph_9_2_t14_v1
-705659333,m_cl_clo_bbm_l_1_4_t4_v1
-705613356,packed_lr_vehicle_colour_5_v404
-705567485,m_cl_clo_scm_u_48_13_t11_v1
-705483459,f_cl_clo_x6f_f_14_7_t6_v1
-705448130,f_cl_outfit_clo_awf_o_b_15_t12_v0
-705414100,vem_rwd_offr_09_t19_v3
-705398318,packed_mp_veh_colour1_0_v312
-705233236,m_cl_outfit_o_fmm_b4_t12_v0
-705144853,fcarcade_ne8_t0_v0
-705015560,f_cl_clo_bhf_u_20_6_t11_v1
-704978524,m_cl_clo_bim_s_10_22_t8_v1
-704922979,f_cl_clo_awf_decl_52_t100_v0
-704915910,vem_smod4_whlv151_t66_v0
-704842438,f_ha_cc_eyebrw_16_t2_v0
-704774551,f_cl_clo_h2f_o_g_11_t3_v12
-704772042,wp_wct_clip_tr_t0_v13_n2
-704735841,vem_insurance_moonbeam2
-704694770,packed_mp_veh_mod_idx_9_v389
-704690388,packed_mp_veh_mod_idx_14_v215
-704587289,f_cl_clo_exf_af_4_1_t6_v1
-704457980,packed_mp_veh_mod_idx_s_2_v259
-704442071,packed_mp_veh_wheel_type_0_v79
-704321691,m_cl_clo_bhm_u_7_9_t11_v1
-704313259,f_ta_tat_sb_019_t0_v0
-704241714,m_cl_clo_stm_h_1012_t14_v1
-704225798,packed_ng_vehicle_insurance_v17
-704216405,m_ta_tat_sb_057_t0_v0
-704216040,f_cl_clo_s1f_ph_0_25_t14_v1
-704195381,packed_mp_veh_secondary_colour_group_v164
-704133445,m_ha_cc_blush_13_t5_v0
-704052617,f_cl_clo_smf_u_6_2_t11_v1
-704016583,f_cl_clo_bus_m_0_5_t1_v1
-704016296,packed_mp_veh_mod_idx_10_v235
-704015420,f_cl_clo_s1f_o_4_t100_v0
-703947445,m_cl_u_fmm_7_4_t11_v0
-703835192,f_cl_clo_grf_u_21_3_t11_v1
-703764774,f_cl_clo_h3f_ph_11_7_t14_v1
-703734962,wp_wct_flash_t1_v5_n2
-703687514,factory_index_9_t0_v0
-703618534,packed_mp_veh_mod_idx_s_8_v71
-703567573,packed_mp_veh_mod_idx_s_22_v225
-703553291,f_cl_clo_grf_b_4_4_t1_v1
-703534393,packed_mp_veh_mod_idx_s_4_v260
-703507370,packed_ng_vehicle_smoke_v274
-703502522,vem_smod4_whlv166_t66_v1
-703499400,packed_mp_veh_colour1_0_v336
-703495408,f_cl_clo_hp_f_o_6_t8_v12
-703451058,f_cl_clo_grf_u_2_16_t11_v1
-703353561,m_cl_clo_trm_u_9_15_t11_v1
-703291279,vem_chassis_3_t4_v36
-703183674,m_cl_clo_bhm_decl_0_t11_v1
-703159123,m_cl_he_fmm_17_0_t14_v0
-703135533,f_cl_clo_hp_f_f_1_2_t6_v1
-703129953,packed_mp_veh_mod_idx_2_v274
-703115502,vem_cmod_tyr_13_t18_v36
-702876807,f_cl_clo_smf_b_0_4_t1_v1
-702803152,packed_mp_veh_mod_idx_s_2_v405
-702795132,m_cl_clo_trm_decl_11_t11_v1
-702785048,wp_wct_flash_t1_v86
-702756854,packed_mp_headblend_overlay_cuts_v0
-702669496,casweb_colour_2_t0_v0
-702666657,packed_mp_veh_wheel_type_0_v268
-702580440,f_cl_clo_lxf_e_2_0_t14_v1
-702524655,m_ta_tat_fm_229_t0_v0
-702517094,packed_mp_veh_mod_idx_10_v110
-702362280,mp_stat_mpsv_model_56
-702338673,vem_rwd_musc_17_t19_v1
-702235326,m_cl_clo_iem_b_10_4_t1_v1
-702221061,pr_mp_prop_38_t0_v0
-702159658,vem_smod_whlv98_t66_v0
-702151948,f_cl_clo_sbf_ph_5_4_t14_v1
-702107475,packed_mp_veh_mod_idx_s_3_v288
-702071978,f_cl_clo_hp_f_d_13_t100_v0
-701834177,packed_mp_veh_colour2_0_v85
-701811678,f_cl_clo_fxf_u_4_25_t11_v1
-701802321,m_cl_clo_awm_u_9_4_t11_v1
-701768636,m_cl_clo_sum_g_1_5_t3_v1
-701720529,vem_colour_extra_1_mct_classic_yellow_t24_v2
-701708016,packed_mp_veh_mod_idx_s_22_v92
-701706476,m_cl_f_fmm_15_6_t6_v0
-701665193,vem_bumper_r_16_t35_v27
-701633240,packed_ng_vehicle_neon_kit_v199
-701574777,vem_smod4_whlv77_t66_v3
-701523632,packed_mp_veh_mod_idx_0_v9
-701400004,packed_mp_veh_mod_idx_s_1_v249
-701393128,f_cl_clo_scf_u_0_19_t11_v1
-701389495,f_ta_tat_ie_005_t0_v0
-701370955,f_cl_outfit_clo_h2f_o_s_10_t12_v0
-701324350,f_cl_clo_hp_f_f_0_9_t6_v1
-701290597,f_cl_clo_s2f_o_5_t8_v12
-701264641,m_cl_clo_stm_o_5_t11_v12
-701079285,packed_mp_veh_mod_idx_s_22_v209
-700949481,m_cl_clo_fxm_l_5_19_t4_v1
-700941379,packed_mp_veh_mod_idx_2_v341
-700879375,vem_supermod_17_11_t58_v28
-700877876,vem_colour_1_mct_classic_bright_purple_t24_v0
-700824798,packed_mp_veh_primary_colour_group_v22
-700711948,packed_ng_vehicle_neon_kit_v411
-700691353,vem_skirt_8_t13_v3
-700615914,vem_truck_slot_3_mod_2_t0_v0
-700598682,vem_colour_extra_1_mct_classic_mariner_blue_t24_v33
-700581283,vem_supermod_3_7_t44_v3
-700450247,f_cl_clo_vwf_u_8_23_t11_v1
-700449152,vem_yacht_fix_1_v0
-700373172,packed_mp_veh_mod_idx_9_v228
-700367944,packed_mp_veh_mod_idx_15_v233
-700358549,f_cl_clo_smf_u_2_23_t11_v1
-700351529,m_cl_clo_x6m_u_22_7_t11_v1
-700318779,m_cl_clo_h2m_b_7_2_t1_v1
-700266832,pr_mp_prop_15_t0_v0
-700186740,wp_wm_tint5_t2_v66
-699902829,packed_mp_veh_mod_idx_12_v185
-699530278,packed_mp_veh_mod_idx_13_v165
-699510370,vem_colour_extra_1_mct_classic_maple_brown_t24_v2
-699397108,fcclub_name_3_t0_v0
-699314165,f_cl_clo_s2f_u_0_0_t8_v2_cesp
-699297283,f_cl_clo_x6f_ey_3_23_t14_v1
-699284054,mp_stat_factoryupgrades3_2_v0
-699261945,packed_ng_vehicle_bpt_v307
-699190792,vem_trans_0_t16_v33
-699176236,f_cl_clo_bhf_l_2_4_t4_v1
-699165788,vem_colour_2_mct_metallic_blue_silver_t25_v0
-699152567,packed_mp_veh_mod_idx_16_v254
-699117543,ve_monstrociti_t0_v38
-699104088,f_ha_face_e_c_18_t4_v0
-699056563,packed_mp_veh_colour_extra2_0_v301
-698980964,kosatk_col_8_t0_v0
-698929615,vem_horn_indi_1_t10_v27
-698831152,packed_mp_veh_mod_idx_3_v267
-698749346,f_cl_clo_bif_l_1_4_t4_v1
-698733800,packed_mp_veh_mod_idx_s_19_v311
-698716318,vem_roof_12_n2_t12_v3
-698710871,packed_mp_veh_mod_idx_s_21_v184
-698574705,m_cl_clo_x3m_u_1_13_t11_v1
-698545736,kosatk_fla_4_t0_v1
-698520542,f_cl_clo_trf_decl_8_t11_v1
-698498194,packed_mp_veh_mod_idx_s_1_v45
-698249813,m_cl_clo_l2m_dec_12_t11_v1
-698223118,f_cl_clo_vwf_decl_4_t100_v0
-698188134,packed_mp_veh_mod_idx_24_v59
-698172069,vem_hlight_5_t11_v38
-698150547,m_cl_clo_h3m_b_9_15_t1_v1
-698091160,f_cl_clo_bif_u_31_3_t11_v1
-698084679,packed_mp_veh_mod_idx_s_12_v177
-697894637,packed_mp_veh_window_tint_0_v223
-697774596,packed_mp_veh_mod_idx_16_v164
-697692795,m_cl_clo_x6m_u_2_9_t11_v1
-697689225,f_cl_clo_v2f_l_0_1_t4_v1
-697681933,packed_mp_veh_mod_idx_s_16_v222
-697627996,packed_mp_veh_mod_idx_s_0_v77
-697461795,vem_supermod_10_5_t51_v11
-697248883,service_spend_arcade_generic
-697165663,vem_horn_clas6_t10_v3
-697070436,f_cl_outfit_clo_h4f_o_l2_f2_t12_v0
-696980706,packed_mp_veh_mod_idx_s_16_v378
-696960426,packed_mp_veh_mod_idx_s_12_v259
-696844669,packed_mp_veh_mod_idx_s_14_v330
-696783912,m_cl_clo_indm_d_12_t8_v1
-696735872,packed_mp_veh_mod_var_1_v299
-696727105,packed_mp_veh_plate_id_v287
-696713544,vem_supermod_20_2_t61_v27
-696655207,m_cl_clo_halm_12_1_t1_v1
-696641555,vem_yacht_flag_39_v0
-696619302,dec_vw_aw_ls_14g
-696552920,packed_mp_veh_livery2_0_v207
-696505590,packed_mp_veh_mod_idx_5_v235
-696482957,vem_bumper_r_11_t35_v31
-696470978,packed_mp_veh_mod_idx_0_v381
-696470231,m_cl_l_fmm_5_13_t4_v0
-696393273,vem_cmod_tyr_5_t18_v7
-696372507,vem_chassis_6_t4_v3
-696349465,packed_ng_vehicle_bpt_v408
-696323439,vem_supermod_23_5_t64_v3
-696287373,f_cl_clo_arf_o_9_t11_v12
-696165176,vem_supermod_7_8_t48_v27
-696090201,vem_supermod_3_42_t44_v7
-696033722,m_cl_clo_vem_dec_41_t11_v1
-696027241,m_cl_clo_val_decl_q_t8_v2
-695985892,packed_lr_vehicle_colour_6_v201
-695981805,vem_rwd_loride_06_t19_v3
-695961176,vem_supermod_22_10_t63_v3
-695852120,service_earn_ambient_job_smuggler_trail
-695832266,packed_lr_vehicle_colour_5_v9
-695728711,m_cl_clo_vwm_pey_119_t14_v1
-695725985,mp_stat_mpsv_model_155
-695709383,wp_wt_hvyshot_t0_v1
-695694353,packed_mp_veh_mod_idx_13_v116
-695643387,packed_mp_veh_mod_idx_14_v111
-695584387,f_cl_clo_h3f_u_11_10_t11_v1
-695552574,packed_mp_veh_mod_idx_6_v405
-695552088,wp_wct_supp_t1_v6
-695501471,vem_exhaust_0_t6_v34
-695494296,m_cl_clo_hilf_o_8_t3_v12
-695471287,f_cl_clo_smf_u_3_4_t11_v1
-695456263,m_cl_clo_hp_d_18_t8_v2
-695430162,packed_mp_veh_livery_0_v105
-695277192,vem_colour_extra_1_mct_pearlescent_blue_silver_t24_v2
-695177408,f_cl_clo_bif_l_0_3_t4_v1
-695162884,vem_colour_1_mct_matte_matte_dirt_t24_v1
-695110417,vem_smod4_whlv107_t66_v1
-695098707,vem_rwd_spt_14_t19_v12
-695022629,m_cl_clo_bus_m_o_13_t3_v12
-695006130,f_cl_clo_smf_ph_8_15_t14_v1
-694992627,vem_colour_extra_1_mct_metallic_sunrise_orange_t24_v3
-694679131,f_ta_tat_x2_003_t0_v0
-694609001,packed_mp_veh_mod_idx_24_v372
-694457104,packed_mp_veh_mod_idx_7_v405
-694411179,packed_mp_veh_mod_idx_s_11_v285
-694391364,m_cl_clo_h3m_b_19_0_t1_v1
-694298917,packed_mp_veh_mod_idx_s_7_v234
-694212702,vem_supermod_7_14_t48_v6
-694130688,vem_smod3_whlv9_t66_v3
-694051948,packed_mp_veh_mod_idx_2_v411
-693959184,packed_mp_veh_mod_idx_s_13_v333
-693837127,f_cl_clo_ief_u_14_2_t11_v1
-693678861,f_cl_clo_x6f_f_4_11_t6_v1
-693667070,packed_ng_vehicle_neon_kit_v208
-693629923,f_cl_clo_suf_decl_15_t100_v0
-693626596,f_cl_clo_x6f_f_12_0_t6_v1
-693563882,vem_supermod_13_8_t54_v27
-693489447,f_ta_tat_fm_210_t0_v0
-693477337,packed_mp_veh_mod_idx_s_14_v144
-693452054,f_ta_tat_x6_031_t0_v0
-693251503,m_cl_clo_sbm_ph_0_0_t14_v1
-693175723,vem_spoiler_1_t14_v0
-693150966,packed_mp_veh_mod_idx_18_v302
-693056364,packed_mp_veh_mod_idx_s_23_v132
-692832989,packed_mp_veh_colour_extra2_0_v372
-692805522,packed_mp_veh_mod_idx_13_v20
-692771434,vem_bumper_f_6_t34_v35
-692761070,vem_colour_extra_1_mct_pearlescent_dark_green_t24_v4
-692755911,f_cl_clo_hp_f_h_1_2_t14_v1
-692728983,f_cl_clo_hstf_s_6_13_t8_v2
-692611969,packed_mp_veh_mod_idx_s_22_v134
-692606703,f_cl_clo_h2f_b_8_10_t1_v1
-692595272,vem_supermod_13_14_t54_v28
-692544755,f_cl_outfit_clo_h3f_o_dh_14_t12_v0
-692542572,vem_smod4_whlv95_t66_v0
-692538371,m_cl_clo_sbm_f_3_1_t6_v1
-692524254,packed_ng_vehicle_neon_kit_v129
-692432009,f_cl_clo_xmas_m_0_0_t1_v1
-692394190,packed_mp_veh_colour_extra2_0_v247
-692301010,packed_mp_veh_mod_idx_s_19_v149
-692285749,packed_mp_veh_mod_idx_12_v236
-692260332,packed_mp_veh_mod_idx_18_v211
-692109474,packed_mp_veh_colour_extra1_0_v361
-692089413,packed_mp_veh_mod_idx_s_21_v119
-692054493,f_cl_l_fmf_3_10_t4_v0
-692036757,f_cl_clo_h3f_ph_11_6_t14_v1
-692009674,wp_wm_tint7_t2_v23
-691956696,packed_mp_veh_mod_idx_s_13_v14
-691911676,packed_mp_veh_mod_idx_s_7_v288
-691872708,packed_mp_veh_mod_idx_s_17_v240
-691833035,vem_supermod_9_0_t50_v33
-691797047,vem_supermod_52_23_t52_v7
-691777445,vem_roof_8_t12_v0
-691699864,f_cl_clo_arf_ph_0_25_t14_v1
-691579750,m_cl_clo_bhm_decl_20_t100_v0
-691524849,f_cl_clo_h4f_b_4_5_t1_v1
-691451499,wp_wm_tint1_t3_v4
-691448481,f_cl_clo_stf_ht13_0_t14_v1
-691387483,m_cl_clo_h4m_decl_32_t11_v1
-691384535,f_cl_clo_fxf_ph_1_19_t14_v1
-691375697,f_cl_outfit_clo_h2f_o_g_20_t12_v0
-691260583,wp_wct_camo_9_t1_v47_n2
-691240145,packed_mp_veh_mod_idx_s_23_v192
-691221071,f_cl_clo_suf_decl_31_t100_v0
-691204187,f_ha_cc_f_hs_16_t0_v0
-691175987,f_cl_clo_bif_u_10_2_t11_v1
-691002091,f_ha_cc_mkup_79_t5_v0
-690858116,vem_brake_1_t2_v36
-690783207,packed_lr_vehicle_colour_5_v191
-690771591,vem_smod2_whlv32_t66_v3
-690700253,vem_drft_20_t19_v2
-690658039,packed_ng_vehicle_bpt_v211
-690546717,vem_cmod_col5_19_t29_v1
-690462468,packed_mp_veh_wheel_type_0_v166
-690390722,vem_cmod_hrn_clo_t10_v32
-690390063,packed_mp_veh_mod_idx_22_v228
-690388426,f_cl_clo_fxf_l_4_9_t4_v1
-690374415,vem_armour_5_t1_v29
-690307031,vem_supermod_15_1_n1_t56_v3
-690068246,m_cl_clo_indm_ht_2_0_t14_v1
-689941521,packed_mp_veh_mod_idx_s_9_v143
-689894952,m_cl_clo_smm_b_0_0_t1_v1
-689851694,f_cl_clo_v2f_l_1_8_t4_v1
-689796861,f_cl_clo_hp_f_d_14_t8_v1
-689794470,packed_ng_vehicle_bpt_v166
-689764088,packed_mp_veh_mod_idx_s_11_v151
-689755527,packed_mp_veh_mod_idx_14_v18
-689735846,fcarcade_b_up3_c_21
-689576468,ve_jetmax_t0_v0
-689510137,packed_ng_vehicle_insurance_v97
-689436643,mp_stat_multi_property_7_v0
-689427681,f_ta_tat_h3_035_t0_v0
-689413441,f_cl_clo_suf_o_1_t8_v12
-689347166,f_cl_clo_indf_b_3_0_t1_v1
-689318372,vem_smod_whlv37_t66_v3
-689242024,packed_mp_veh_mod_idx_10_v378
-689204282,m_cl_clo_scm_u_0_18_t11_v1
-689198125,f_cl_l_fmf_10_0_t4_v0
-689186498,f_cl_clo_trf_u_11_17_t11_v1
-689121300,packed_mp_veh_mod_idx_s_17_v281
-689019161,packed_mp_veh_mod_var_0_v133
-688999802,vem_supermod_23_25_n1_t64_v3
-688945344,m_ha_cc_mkup_94_t5_v0
-688932218,mp_stat_mpsv_model_72
-688853696,packed_mp_veh_mod_idx_s_1_v326
-688754084,m_cl_clo_hp_t_0_3_t7_v1
-688670232,m_cl_l_fmm_3_9_t4_v0
-688545215,packed_mp_veh_mod_idx_23_v265
-688537178,packed_lr_vehicle_colour_5_v151
-688504954,m_cl_clo_awm_u_10_2_t11_v1
-688474921,packed_mp_veh_mod_var_1_v73
-688407805,m_ta_tat_bi_059_t0_v0
-688374339,vem_colour_extra_1_mct_classic_bison_brown_t24_v33
-688333802,f_cl_clo_h4f_u_2_9_t11_v1
-688313848,f_cl_clo_hp_f_u_2_3_t8_v1
-688243453,vem_rwd_drft_17_t19_v1
-688239130,vem_colour_extra_1_mct_metallic_diamond_blue_t24_v0
-688197602,vem_smod2_whlv137_t66_v3
-688197061,m_cl_clo_sum_u_3_1_t11_v1
-688128959,packed_mp_veh_mod_idx_s_9_v19
-688081729,wp_wct_c_tint_10_t2_v5_n2
-687952461,vem_colour_1_mct_classic_shadow_silver_t24_v1
-687887337,vem_spt_03_t19_v1
-687865157,packed_mp_veh_mod_idx_12_v20
-687859302,packed_mp_veh_mod_idx_5_v46
-687801821,vem_aam_weapon_workshop_1_t0_v0
-687795049,vem_colour_1_mct_classic_saxon_blue_t24_v0
-687793543,packed_mp_veh_mod_idx_s_23_v286
-687788043,m_cl_clo_smm_ph_1_15_t14_v1
-687785289,vem_colour_5_light_blue_t38_v0
-687690259,vem_colour_extra_1_mct_metallic_straw_brown_t24_v0
-687642061,m_cl_clo_bhm_u_6_9_t11_v1
-687633900,packed_mp_veh_mod_idx_16_v75
-687505024,f_cl_clo_grf_u_23_10_t11_v1
-687489670,mp_stat_prop_office_gar1_numbering_v0
-687423837,packed_mp_veh_mod_idx_4_v270
-687377812,packed_mp_veh_mod_idx_10_v112
-687290142,packed_mp_veh_mod_idx_s_20_v307
-687279857,packed_mp_veh_plate_id_v390
-687269480,f_cl_clo_s1f_dec_16_t11_v1
-687185683,vem_colour_1_mct_classic_black_steel_t24_v2
-687107579,packed_mp_veh_mod_idx_s_12_v387
-687084623,f_cl_clo_x6f_u_5_0_t11_v1
-687043769,m_cl_outfit_clo_x3m_u_0_0_t12_v0
-686990906,packed_ng_vehicle_smoke_v249
-686965323,vem_engine_0_t5_v35
-686841259,wp_wct_c_tint_6_t2_v21_n2
-686796872,packed_mp_veh_mod_idx_6_v217
-686796090,m_ta_tat_x6_026_t0_v0
-686770854,m_cl_clo_h2m_ph_215_t14_v1
-686753910,packed_ng_vehicle_smoke_v222
-686733165,packed_ng_vehicle_smoke_v346
-686723157,packed_mp_veh_mod_idx_s_10_v295
-686678583,packed_mp_veh_mod_idx_5_v375
-686578928,vem_colour_2_mct_classic_mariner_blue_t25_v4
-686577072,packed_mp_veh_colour_extra1_0_v220
-686573902,f_cl_ht_fmf_0_7_t14_v0
-686536657,m_ha_cc_eyebrw_9_t2_v0
-686439188,vem_cmod_win_1_t33_v7
-686337270,m_cl_clo_h2m_f_3_23_t6_v1
-686302672,packed_mp_veh_colour2_0_v280
-686270988,ve_rloader_t0_v2
-686173322,vem_bumper_f_14_t34_v26
-686124955,f_cl_clo_h4f_decl_1_t100_v0
-686123601,packed_mp_veh_mod_idx_s_13_v363
-686062541,vem_supermod_0_1_t41_v28
-685983787,packed_mp_veh_mod_idx_s_13_v153
-685947476,packed_mp_veh_mod_idx_s_2_v377
-685909506,m_cl_clo_fxm_u_6_9_t11_v1
-685821572,f_cl_clo_smf_b_4_11_t1_v1
-685819998,mp_stat_mpsv_model_212
-685813476,f_cl_clo_grf_f_1_2_t6_v1
-685781099,f_cl_clo_x6f_l_8_1_t4_v1
-685754670,m_cl_clo_hp_g_1_1_t14_v1
-685723829,vem_colour_2_mct_matte_yellow_t25_v33
-685723802,m_cl_clo_h3m_o_bs_1_t11_v12
-685597614,fa_upgrade_acid_setup_1_t0_v0
-685592037,f_cl_clo_hstfb_22_1_t1_v1
-685583527,packed_mp_veh_mod_var_1_v82
-685518888,packed_ng_vehicle_insurance_v311
-685497605,vem_colour_extra_1_mct_metallic_pink_t24_v0
-685492398,vem_colour_mct_none_111
-685475151,vem_cmod_pla_4_t23_v2
-685465866,ve_blista_t0_v0
-685433172,vem_cmod_col5_25_t29_v4
-685339848,vem_smod2_whlv200_t66_v3
-685275016,m_cl_clo_hp_d_32_t8_v2
-685238519,m_cl_clo_exm_g_9_8_t14_v0
-685202589,m_cl_outfit_clo_hstm_o_c_3_t12_v0
-685074004,vem_colour_2_mct_chrome_chrome_t25_v33
-684916204,packed_mp_veh_mod_idx_s_21_v281
-684685657,m_cl_clo_awm_decl_53_t100_v0
-684670572,packed_mp_veh_mod_idx_5_v163
-684449889,packed_mp_veh_mod_idx_s_10_v88
-684408486,packed_mp_veh_mod_idx_s_20_v319
-684390551,packed_mp_veh_mod_idx_s_23_v310
-684378631,packed_mp_veh_mod_idx_s_18_v35
-684313518,packed_mp_veh_mod_idx_5_v285
-684310083,vem_spoiler_2_t14_v28
-684196398,vem_supermod_57_5_t57_v7
-684138800,vem_insurance_squalo
-684084986,vem_colour_extra_1_mct_metallic_maple_brown_t24_v3
-684027056,f_cl_clo_exf_decl_11_t11_v1
-683996157,vem_supermod_4_0_t45_v10
-683942457,vem_colour_5_galaxy_blue_t38_v0
-683940522,f_cl_clo_grf_u_4_5_t11_v1
-683917450,packed_mp_veh_primary_colour_group_v87
-683912572,vem_offr_19_t19_v3
-683794476,vem_smod4_whlv108_t66_v3
-683757406,packed_mp_veh_mod_idx_0_v372
-683727909,f_cl_clo_x6f_f_4_2_t6_v1
-683629056,f_cl_clo_s2f_u_3_7_t11_v1
-683620009,vem_smod3_whlv76_t66_v3
-683613802,f_cl_clo_h2f_ph_410_t14_v1
-683409944,wp_wct_tint_18_t2_v56_n2
-683397146,packed_mp_veh_mod_var_1_v22
-683385663,packed_mp_veh_mod_idx_23_v144
-683338225,m_cl_f_fmm_3_4_t6_v0
-683218532,m_cl_clo_grm_u_6_18_t11_v1
-683167547,f_cl_f_fmf_8_1_t6_v0
-683141480,vem_rwd_spt_23_t19_v1
-683124354,m_cl_clo_bhm_u_14_13_t11_v1
-683049443,vem_cmod_pla_2_t23_v27
-683034802,m_cl_clo_sbm_ph_5_20_t14_v1
-683005269,vem_supermod_9_10_t50_v28
-682994245,packed_mp_veh_mod_idx_s_9_v138
-682846145,packed_mp_veh_mod_idx_s_5_v59
-682841827,vem_armour_1_t1_v36
-682828899,m_ta_tat_sb_039_t0_v0
-682794805,m_cl_clo_fxm_ph_7_7_t14_v1
-682785941,vem_supermod_62_22_t62_v7
-682674139,packed_mp_veh_mod_idx_3_v218
-682673279,m_cl_clo_grm_f_0_1_t6_v1
-682641025,packed_mp_veh_mod_idx_s_12_v238
-682640594,wp_wct_c_tint_18_t2_v22_n2
-682574549,vem_engine_0_t5_v28
-682568778,ve_cuban800_t0_v0
-682535028,packed_mp_veh_mod_idx_9_v119
-682527230,packed_mp_veh_mod_idx_s_0_v231
-682471338,mp_stat_factoryslot4_v0
-682268425,vem_colour_extra_1_mct_metallic_wine_red_t24_v3
-682215592,packed_mp_veh_mod_idx_s_11_v1
-682131244,vem_skirt_13_t13_v38
-682120929,vem_cmod_col3_c_t24_v3
-681976023,packed_mp_veh_mod_var_1_v155
-681922079,packed_mp_veh_mod_idx_s_12_v78
-681890512,vem_horn_cnote_f0_t10_v33
-681880668,f_cl_clo_grf_u_20_15_t11_v1
-681874956,vem_smod4_whlv198_t66_v2
-681856596,m_cl_f_fmm_3_9_t6_v0
-681827627,vem_cmod_col4_0_t27_v0
-681804409,packed_mp_veh_mod_idx_7_v236
-681760732,m_cl_clo_smm_b_8_25_t1_v1
-681664298,f_cl_clo_trf_u_12_12_t11_v1
-681632665,f_cl_outfit_clo_exf_ob_4_t12_v0
-681615064,wp_wct_clip2_t1_v1
-681597530,f_cl_clo_awf_u_17_4_t11_v1
-681580077,f_cl_clo_vwf_pey_0_9_t14_v1
-681495675,po_coupon_haircut
-681418830,vem_colour_extra_1_mct_pearlescent_shadow_silver_t24_v0
-681254094,f_cl_clo_scf_u_4_24_t11_v1
-681205897,vem_supermod_52_12_t52_v7
-681095795,wp_wct_clip2_t1_v12
-681013342,m_cl_clo_hp_l_0_5_t4_v1
-681011700,m_cl_outfit_clo_h2m_o_g_23_t12_v0
-680990228,vem_supermod_23_32_n1_t64_v33
-680902796,f_cl_ht_fmf_0_3_t14_v0
-680819618,vem_smod4_whlv49_t66_v0
-680810228,packed_mp_veh_mod_idx_s_10_v241
-680711535,packed_mp_veh_mod_idx_s_2_v230
-680673355,f_cl_clo_lxf_lw_5_0_t14_v1
-680633492,m_cl_clo_h3m_b_14_10_t1_v1
-680603766,packed_ng_vehicle_insurance_v341
-680525697,vem_supermod_19_0_t60_v6
-680522891,dec_vw_aw_mt_27d
-680498850,vem_colour_2_mct_classic_light_blue_t25_v33
-680431109,vem_supermod_23_30_t64_v3
-680425416,vem_smod4_whlv202_t66_v1
-680389015,ve_bmx_t0_v0
-680366648,packed_mp_veh_window_tint_0_v75
-680302871,f_cl_clo_trf_decl_11_t100_v0
-680055403,vem_horn_clas4_t10_v32
-680027830,vem_spoiler_27_t14_v1
-679969554,packed_mp_veh_livery2_0_v287
-679896250,vem_colour_1_mct_metallic_shadow_silver_t24_v33
-679880428,f_cl_t_fmf_0_0_t7_v0
-679846557,dec_vw_aw_wv_63
-679736642,packed_mp_veh_mod_idx_13_v126
-679665947,m_cl_l_fmm_6_1_t4_v0
-679636897,vem_supermod_20_1_t61_v11
-679618011,packed_mp_veh_mod_idx_9_v135
-679568393,m_cl_clo_x4m_u_11_5_t11_v1
-679541688,packed_mp_veh_mod_idx_s_8_v8
-679526528,packed_mp_veh_mod_idx_4_v275
-679419015,m_cl_clo_sbm_u_9_6_t11_v1
-679387342,packed_mp_veh_mod_idx_s_19_v409
-679262022,packed_mp_veh_mod_idx_s_7_v299
-679246174,m_cl_clo_hp_d_4_t8_v1
-679152425,m_ta_tat_fm_242_t0_v0
-679069628,f_cl_clo_grf_f_0_12_t6_v1
-678901037,packed_mp_veh_mod_idx_16_v264
-678896227,m_cl_clo_hp_o_5_t3_v12
-678794243,m_cl_clo_bhm_decl_8_t100_v0
-678792710,m_cl_clo_trm_u_15_19_t11_v1
-678704292,f_cl_clo_h4f_b_3_2_t1_v1
-678697463,packed_mp_veh_mod_idx_0_v350
-678670926,packed_mp_veh_mod_idx_s_14_v392
-678666476,packed_mp_veh_mod_idx_15_v182
-678642659,f_cl_clo_bus_p_1_8_t14_v0
-678465196,packed_mp_veh_mod_idx_24_v77
-678444758,packed_ng_vehicle_bpt_v45
-678420961,packed_lr_vehicle_colour_6_v146
-678361212,f_cl_clo_h4f_decl_29_t11_v1
-678305773,packed_mp_veh_mod_idx_23_v396
-678256193,f_cl_clo_grf_f_0_7_t6_v1
-678186250,packed_mp_veh_mod_idx_24_v165
-678182195,f_cl_clo_awf_o_h_0_t3_v12
-678138348,packed_mp_veh_window_tint_0_v71
-678051278,f_cl_clo_smf_u_2_2_t11_v1
-678044175,vem_spoiler_12_t14_v3
-678010886,vem_fender_r_18_t37_v3
-677927686,m_cl_clo_s1m_l_0_0_t4_v1
-677863046,packed_mp_veh_mod_idx_s_1_v401
-677744313,f_cl_clo_smf_ph_8_16_t14_v1
-677742387,vem_supermod_0_1_t41_v10
-677737638,packed_mp_veh_mod_idx_s_1_v232
-677681266,m_cl_clo_grm_u_8_4_t11_v1
-677679764,vem_bikew_12_t19_v4
-677663321,m_ha_cc_mkup_4_t7_v1
-677471319,f_ha_cc_eyebrw_11_t2_v1
-677256281,vem_colour_5_sandy_brown_t38_v0
-677211319,m_cl_clo_grm_u_13_16_t11_v1
-677203675,f_cl_clo_h2f_b_3_1_t1_v1
-677202765,m_cl_clo_smm_ph_2_6_t14_v1
-677154470,packed_mp_veh_colour_extra2_0_v172
-677144281,packed_ng_vehicle_neon_v343
-677110877,packed_lr_vehicle_colour_6_v166
-677100200,f_cl_clo_ief_u_2_2_t11_v1
-677081728,m_cl_clo_val_decl_d_t8_v2
-676966351,packed_mp_veh_mod_idx_s_3_v109
-676955539,packed_mp_veh_mod_var_0_v274
-676943472,m_ha_face_e_c_28_t4_v0
-676887222,mp_stat_mpsv_model_137
-676880490,packed_mp_veh_mod_idx_6_v28
-676862172,f_cl_clo_grf_u_24_1_t11_v1
-676839676,f_cl_clo_h3f_b_9_20_t1_v1
-676802386,vem_colour_extra_1_mct_metallic_black_graphite_t24_v2
-676577797,packed_mp_veh_mod_idx_s_22_v45
-676534896,packed_mp_veh_mod_idx_s_14_v155
-676428640,vem_musc_07_t19_v12
-676416456,vem_supermod_5_2_t46_v6
-676399310,packed_mp_veh_plate_id_v176
-676302209,vem_colour_extra_1_mct_pearlescent_red_t24_v1
-675983779,f_cl_clo_half_d_10_t11_v1
-675923947,packed_mp_veh_mod_idx_6_v407
-675863297,packed_mp_veh_colour_extra1_0_v112
-675859666,packed_mp_veh_mod_idx_s_5_v387
-675807768,packed_mp_veh_mod_idx_s_11_v90
-675792825,packed_ng_vehicle_bpt_v359
-675778384,vem_fender_l_2_t36_v26
-675708401,m_cl_outfit_clo_h3m_o_pr_4_t12_v0
-675614927,vem_skirt_7_t13_v1
-675537422,f_cl_clo_grf_b_4_0_t1_v1
-675495204,f_cl_clo_x6f_u_24_25_t11_v1
-675448514,packed_mp_veh_mod_idx_10_v76
-675435345,f_cl_clo_h2f_u_7_11_t11_v1
-675364904,packed_mp_veh_mod_idx_3_v232
-675316734,vem_chassis_8_t4_v3
-675286786,packed_mp_veh_mod_idx_s_18_v379
-675249599,fcarcade_c_up3_c_3
-675192859,packed_mp_veh_mod_idx_s_14_v166
-675192338,packed_mp_veh_mod_idx_11_v78
-675126852,vem_smod4_whlv145_t66_v3
-675040270,m_cl_clo_hstm_o_a_3_t3_v12
-675018678,packed_mp_veh_mod_idx_s_18_v185
-674988392,m_cl_clo_iem_u_2_1_t11_v1
-674861741,vem_rwd_hiend_14_t19_v0
-674806791,packed_mp_veh_mod_idx_0_v122
-674734126,f_cl_clo_awf_o_d_11_t8_v12
-674654138,packed_ng_vehicle_neon_kit_v280
-674591918,packed_mp_veh_mod_idx_12_v116
-674583477,f_ta_tat_x2_025_t0_v0
-674553703,f_cl_clo_grf_ph_1_13_t14_v1
-674454755,vem_colour_extra_1_mct_metallic_graphite_t24_v1
-674442709,wp_wct_clip2_t1_v67
-674415275,packed_mp_veh_mod_idx_s_22_v39
-674387685,vem_smod2_whlv186_t66_v3
-674316374,packed_mp_veh_mod_idx_16_v176
-674314340,packed_mp_veh_mod_idx_0_v157
-674221797,vem_colour_extra_1_mct_metallic_racing_green_t24_v3
-674178600,packed_mp_veh_secondary_colour_group_v414
-674144700,f_cl_clo_sbf_u_14_4_t11_v1
-674120239,packed_mp_veh_mod_idx_s_9_v221
-674055816,f_cl_clo_x6f_l_0_11_t4_v1
-674020770,packed_mp_veh_colour2_0_v357
-673938651,vem_offr_04_t19_v2
-673884430,packed_mp_veh_mod_var_0_v236
-673872595,packed_ng_vehicle_insurance_v177
-673865920,vem_colour_2_mct_metallic_stone_silver_t25_v2
-673834097,vem_supermod_23_1_t64_v38
-673787234,packed_ng_vehicle_insurance_v324
-673726936,f_cl_clo_hstf_b_15_9_t1_v1
-673719625,packed_mp_veh_mod_var_0_v268
-673706783,m_cl_clo_vwm_decl_22_t100_v0
-673650506,packed_mp_veh_mod_idx_s_1_v281
-673645815,f_cl_g_fmf_10_2_t14_v0
-673586916,m_cl_l_fmm_5_8_t4_v0
-673552728,vem_rwd_spt_24_t19_v0
-673516876,packed_ng_vehicle_smoke_v109
-673489822,packed_mp_veh_plate_id_v114
-673425206,packed_mp_veh_mod_idx_s_9_v66
-673414717,packed_mp_veh_mod_idx_6_v391
-673384625,packed_mp_veh_mod_idx_s_14_v326
-673377583,m_cl_clo_x6m_ey_0_9_t14_v1
-673262091,m_cl_clo_h3m_u_11_4_t11_v1
-673242221,m_cl_clo_scm_b_4_1_t1_v1
-673207197,m_ha_cc_mkup_10_t7_v1
-673138306,f_cl_clo_hstf_f_3_0_t6_v1
-673136619,vem_smod2_whlv8_t66_v3
-673113491,packed_mp_veh_mod_idx_11_v53
-673071076,packed_mp_veh_mod_idx_13_v224
-672983399,m_cl_clo_grm_ph_1_22_t14_v1
-672957985,packed_mp_veh_mod_idx_11_v135
-672918266,packed_mp_veh_mod_idx_11_v404
-672661287,packed_mp_veh_livery_0_v157
-672566391,vem_supermod_23_1_t64_v18
-672538424,m_cl_clo_x6m_o_o_24_t3_v12
-672446923,packed_mp_veh_mod_var_1_v376
-672375229,packed_mp_veh_livery2_0_v404
-672366043,f_cl_clo_half_9_1_t1_v1
-672359067,mp_stat_mpsv_model_299
-672246204,packed_mp_veh_mod_idx_s_7_v223
-672141054,packed_mp_veh_mod_idx_s_9_v403
-671917759,packed_mp_veh_mod_idx_14_v142
-671883617,packed_mp_veh_mod_idx_1_v217
-671881025,dec_vw_aw_wh_10c
-671863693,packed_mp_veh_mod_idx_s_2_v245
-671744620,m_cl_clo_smm_b_6_16_t1_v1
-671704955,m_cl_clo_bhm_u_16_16_t11_v1
-671699387,f_ha_cc_mkup_90_t5_v0
-671686182,vem_colour_2_mct_metallic_formula_red_t25_v1
-671595000,packed_mp_veh_mod_idx_s_7_v284
-671593190,vem_supermod_18_1_n1_t59_v38
-671521456,vem_supermod_56_9_t56_v7
-671517505,vem_supermod_54_22_t54_v7
-671510806,m_cl_l_fmm_15_12_t4_v0
-671475314,vem_smod4_whlv100_t66_v3
-671459406,f_cl_clo_h4f_s_2_0_t8_v1
-671450275,vem_colour_2_mct_matte_grey_t25_v33
-671351877,f_ta_tat_fm_019_t0_v0
-671295025,vem_supermod_12_19_t53_v3
-671278486,m_cl_clo_s2m_o_5_t3_v12
-671240202,vem_colour_5_saxon_blue_t38_v3
-671216559,m_cl_clo_x6m_f_3_22_t6_v1
-671140456,packed_mp_veh_mod_idx_24_v9
-671119455,ve_manana_t0_v0
-671062876,service_spend_bull_shark
-671049448,m_cl_f_fmm_14_5_t6_v0
-670941771,m_cl_clo_sbm_decl_0_t100_v0
-670797769,f_cl_clo_lxf_u_3_0_t11_v1
-670686550,vem_smod4_whlv21_t66_v3
-670680494,packed_mp_veh_colour_extra2_0_v44
-670648462,veu_slamvan5_t0_v0
-670576679,vem_insurance_conada
-670454483,vem_cmod_tyr_12_t18_v4
-670298650,packed_mp_veh_mod_idx_12_v240
-670253953,packed_ng_vehicle_neon_v401
-670224468,m_cl_l_fmm_3_6_t4_v0
-670114948,f_cl_clo_ief_o_12_t8_v12_cesp
-670064498,m_cl_clo_awm_u_1_4_t11_v1
-670061375,f_ta_tat_s1_020_t0_v0
-669989473,packed_mp_veh_secondary_colour_group_v79
-669965214,packed_mp_veh_mod_idx_s_2_v196
-669820773,packed_mp_veh_mod_var_0_v386
-669693810,m_cl_clo_smm_ph_4_2_t14_v1
-669682877,packed_ng_vehicle_neon_kit_v178
-669582285,vem_smod5_whl_5_t19_v3
-669468139,packed_mp_veh_secondary_colour_group_v212
-669387765,m_ha_cc_mkup_75_t5_v0
-669375653,packed_mp_veh_mod_idx_s_1_v135
-669334096,packed_mp_veh_mod_idx_s_16_v295
-669276446,packed_mp_veh_mod_idx_11_v286
-669152741,vem_smod_whlv192_t66_v3
-669123126,packed_mp_veh_mod_idx_22_v218
-669085269,vem_colour_1_mct_matte_dark_blue_t24_v4
-669066149,packed_mp_veh_colour2_0_v50
-668945488,f_cl_clo_lxf_u_6_12_t11_v1
-668919373,f_cl_clo_x6f_b_2_1_t1_v1
-668918886,fcarcade_c_up3_c_23
-668909573,f_cl_clo_hstfb_22_8_t1_v1
-668835561,vem_smod_whlv210_t66_v0
-668728166,packed_mp_veh_mod_idx_s_15_v407
-668721778,m_cl_clo_hstm_t_3_8_t7_v1
-668594045,vem_supermod_7_11_t48_v6
-668584497,vem_cmod_hrn_mus5_t10_v0
-668550928,packed_mp_veh_colour_extra2_0_v384
-668503084,wp_rwt_tint4_t2_v82
-668445799,vem_drft_22_t19_v2
-668419308,packed_mp_veh_mod_idx_2_v219
-668362738,vem_aam_operations_terminal_0_t0_v0
-668361432,f_cl_clo_bif_u_25_4_t11_v1
-668358406,packed_mp_veh_wheel_type_0_v281
-668276096,packed_mp_veh_mod_var_0_v142
-668246148,f_cl_clo_x6f_u_24_5_t11_v1
-668183612,vem_supermod_2_2_t43_v11
-668120642,f_cl_clo_exf_oa_3_t8_v12
-668103592,f_cl_clo_h2f_b_1119_t1_v1
-668079433,vem_horn_cnote_g0_t10_v36
-668069531,packed_mp_veh_mod_idx_10_v295
-667985080,f_cl_clo_scf_o_7_t8_v12
-667936826,packed_mp_veh_mod_idx_s_12_v351
-667901724,vem_fender_r_10_t37_v33
-667889283,m_cl_clo_fxm_pe_0_7_t14_v1
-667880214,packed_mp_veh_mod_idx_s_16_v354
-667831449,packed_mp_veh_mod_idx_s_3_v253
-667664127,m_cl_clo_sum_u_7_18_t11_v1
-667645944,m_cl_u_fmm_14_9_t11_v0
-667639212,packed_mp_veh_mod_var_1_v211
-667511801,m_cl_clo_lxm_dec_5_t100_v0
-667481600,packed_mp_veh_mod_idx_s_4_v376
-667459452,wp_wm_tint1_t2_v49
-667390631,packed_mp_veh_mod_idx_s_4_v159
-667275421,vem_suspension_3_t15_v2
-667260330,packed_mp_veh_mod_idx_6_v165
-667049478,packed_mp_veh_mod_var_0_v68
-667023729,packed_mp_veh_mod_idx_16_v1
-666952284,vem_supermod_12_13_t53_v26
-666889423,mp_stat_mpsv_model_412
-666755858,packed_mp_veh_mod_idx_s_0_v7
-666744562,m_cl_clo_smm_b_1_8_t1_v1
-666742308,m_cl_clo_h2m_u_7_19_t11_v1
-666706767,m_cl_clo_hst_a_4_t8_v1
-666669587,vem_insurance_coach
-666647448,mp_stat_mpsv_model_370
-666597540,mp_stat_mpsv_model_143
-666554124,packed_mp_veh_mod_idx_14_v297
-666493090,vem_cmod_neoncol_255_t21_v37
-666375987,vem_cmod_hrn_cop_t10_v29
-666316596,packed_mp_veh_mod_idx_16_v111
-666297649,vem_cmod_col5_19_t29_v4
-666286577,packed_mp_veh_mod_idx_s_20_v335
-666249478,f_cl_outfit_clo_awf_o_h_2_t12_v0
-666197044,m_cl_clo_fxm_l_3_13_t4_v1
-666196126,vem_cmod_neoncol_7_t21_v35
-666182906,packed_mp_veh_colour_extra1_0_v412
-666127556,wp_wct_clip_tr_t1_v47_n2
-666095760,packed_mp_veh_mod_idx_1_v69
-666079976,packed_mp_veh_mod_idx_22_v336
-665971356,packed_mp_veh_mod_idx_s_13_v245
-665907097,vem_colour_1_mct_metals_br
-665873023,vem_fender_r_19_t37_v3
-665851755,m_cl_clo_bim_decl_43_t100_v0
-665833642,m_cl_outfit_clo_h2m_o_g_25_t12_v0
-665770113,vem_smod_whlv162_t66_v0
-665764576,f_cl_clo_x6f_o_3_t8_v12
-665732846,f_ta_tat_fm_209_t0_v0
-665713708,packed_mp_veh_colour_extra1_0_v286
-665687151,f_cl_clo_bif_u_5_3_t11_v1
-665651737,packed_mp_veh_mod_idx_s_4_v209
-665629008,packed_mp_veh_mod_idx_11_v394
-665593704,f_cl_clo_suf_u_18_14_t11_v1
-665571240,packed_mp_veh_mod_idx_s_22_v112
-665570273,vem_bumper_f_0_t34_v31
-665496538,packed_mp_veh_mod_idx_s_18_v204
-665349736,packed_mp_veh_mod_idx_8_v16
-665299860,packed_mp_veh_mod_idx_23_v352
-665284518,vem_cmod_pla_4_t23_v26
-665128873,packed_mp_veh_mod_idx_7_v409
-665123572,packed_mp_veh_mod_idx_s_15_v401
-665071875,m_cl_clo_x6m_u_20_0_t11_v1
-665033832,packed_mp_veh_mod_idx_s_2_v127
-665027253,packed_mp_veh_mod_idx_s_14_v191
-664946025,f_cl_clo_l2f_u_2_3_t11_v1
-664914991,m_cl_clo_smm_ph_6_8_t14_v1
-664913239,packed_mp_veh_mod_idx_8_v68
-664842969,vem_loride_14_t19_v1
-664778888,m_cl_clo_grm_b_3_19_t1_v1
-664739229,f_cl_clo_sbf_u_17_13_t11_v1
-664680886,packed_mp_veh_mod_idx_0_v137
-664635322,packed_mp_veh_mod_idx_s_14_v53
-664618307,packed_mp_veh_mod_idx_9_v296
-664597565,service_earn_refundammodrop
-664515994,m_cl_clo_busm_s_1_11_t8_v2
-664464251,packed_mp_veh_mod_idx_s_23_v18
-664427522,f_ha_cc_f_hs_21_t0_v2
-664359079,wp_gsa_type_r_t0_v1_n2
-664194100,packed_mp_veh_mod_idx_9_v61
-664143284,m_cl_clo_grm_f_1_2_t6_v1
-664137488,vem_colour_extra_1_mct_pearlescent_ultra_blue_t24_v1
-664030021,vem_supermod_16_0_t57_v7
-663983984,packed_mp_veh_mod_idx_s_0_v356
-663944335,service_spend_backup_heli
-663943670,dbase_index_1_t0_v0
-663903934,vem_insurance_trophy2
-663889617,m_cl_clo_indm_s_0_1_t8_v1
-663885535,vem_armour_4_t1_v11
-663741908,f_cl_clo_exf_eu_11_3_t11_v1
-663739446,f_ha_cc_eyebrw_8_t2_v0
-663701276,vem_armour_0_t1_v3
-663608120,packed_mp_veh_primary_colour_group_v100
-663578460,packed_mp_int_armory_aircraft_interior_v0
-663569319,packed_mp_veh_mod_idx_9_v395
-663543197,f_cl_clo_vwf_pw_8_2_t14_v1
-663473927,ve_formula2_t0_v3
-663456543,packed_mp_veh_mod_idx_15_v334
-663240387,m_cl_clo_hp_d_23_t100_v0
-663099283,vem_hood_12_t9_v27
-663061882,packed_mp_veh_mod_idx_6_v145
-663057728,vem_supermod_12_0_t53_v6
-663043096,f_cl_clo_smf_u_3_1_t11_v1
-663029383,vem_smod_whlv148_t66_v0
-662974912,vem_cmod_exp_0_t20_v38
-662894596,packed_mp_veh_mod_idx_s_21_v256
-662867844,f_cl_clo_hstfb_17_2_t1_v1
-662865750,packed_mp_veh_mod_idx_s_0_v239
-662853543,packed_mp_veh_mod_idx_9_v39
-662746497,m_cl_clo_h2m_b_1110_t1_v1
-662658694,vem_colour_extra_1_mct_pearlescent_sandy_brown_t24_v3
-662645706,packed_mp_veh_mod_idx_s_13_v294
-662602796,m_cl_clo_grm_b_4_15_t1_v1
-662577024,cf_mission_passed_clb
-662568646,f_cl_clo_bhf_decl_56_t11_v1
-662562065,m_cl_clo_grm_l_3_23_t4_v1
-662557097,vem_colour_extra_1_mct_pearlescent_anthr_black_t24_v2
-662547095,service_spend_boss_buy_in
-662440681,vem_rwd_offr_10_t19_v2
-662409401,packed_mp_veh_mod_idx_s_1_v359
-662339489,f_cl_clo_stf_o_e_4_t8_v12
-662302989,packed_mp_veh_mod_idx_4_v370
-662251719,wp_wct_clip_drm_t1_v5
-662139940,m_cl_clo_exm_eu_15_4_t11_v1
-662117640,packed_mp_veh_mod_idx_s_17_v271
-662101739,f_cl_clo_vwf_u_16_3_t11_v1
-662078886,packed_mp_veh_secondary_colour_group_v390
-661998761,packed_mp_veh_window_tint_0_v116
-661915356,vem_supermod_23_0_t64_v13
-661809002,f_cl_outfit_clo_ltsf_o_2_t12_v0
-661762924,m_cl_clo_exm_au_6_1_t11_v1
-661578162,packed_mp_veh_mod_idx_s_13_v178
-661569292,m_cl_clo_bim_l_0_5_t4_v1
-661509864,packed_mp_veh_mod_idx_s_15_v267
-661341229,vem_colour_1_mct_metals_gold_p_t24_v4
-661276993,packed_mp_veh_mod_idx_1_v84
-661270808,vem_cmod_tyr_7_t18_v31
-661215588,vem_colour_extra_1_mct_classic_lime_green_t24_v0
-661155638,m_cl_clo_hp_d_22_t8_v2
-661030418,service_earn_cncw
-661015174,vem_colour_2_mct_metallic_purple_t25_v2
-660984999,vem_colour_2_mct_matte_light_grey_t25_v33
-660964430,m_cl_outfit_clo_vwm_o_1_0_t12_v0
-660874049,f_cl_clo_hst_f_a_9_t8_v1
-660831687,packed_mp_veh_colour_extra1_0_v269
-660801953,f_cl_clo_smf_ph_3_21_t14_v1
-660767948,m_cl_clo_fxm_ph_7_2_t14_v1
-660677960,f_cl_clo_suf_u_13_1_t11_v1
-660640481,packed_mp_veh_mod_idx_14_v376
-660623949,packed_mp_veh_mod_idx_s_15_v222
-660557356,candc_hacker_dec_2_t0_v0
-660459727,packed_mp_veh_mod_idx_s_13_v58
-660446911,wp_gsa_type_r_t0_v12
-660408480,m_cl_clo_iem_u_5_0_t11_v1
-660379362,f_ha_cc_f_hs_17_t0_v2
-660321666,vem_colour_extra_1_mct_metallic_dark_green_t24_v1
-660312552,f_ta_tat_h27_024_t0_v0
-660272904,vem_supermod_23_6_t64_v27
-660266192,f_cl_f_fmf_3_15_t6_v0
-660258719,m_cl_clo_bus_p_0_8_t14_v1
-660171628,mp_stat_mpsv_model_152
-660125434,vem_smod4_whlv80_t66_v1
-660114177,f_cl_f_fmf_1_5_t6_v0
-660036556,f_cl_clo_sbf_b_10_0_t1_v1
-660014235,m_cl_clo_fxm_l_5_8_t4_v1
-659983509,f_cl_clo_vwf_u_17_1_t11_v1
-659806679,packed_mp_veh_mod_idx_16_v14
-659782361,vem_colour_5_cream_t38_v3
-659761109,packed_mp_veh_mod_idx_16_v204
-659758658,vem_supermod_10_3_t51_v26
-659755385,packed_mp_veh_colour_extra1_0_v85
-659651670,packed_mp_veh_mod_idx_10_v157
-659515161,packed_mp_veh_mod_idx_s_5_v72
-659418574,packed_mp_veh_mod_idx_s_12_v330
-659352843,packed_mp_veh_mod_idx_9_v2
-659180926,vem_smod_whlv137_t66_v3
-659151906,vem_colour_1_mct_classic_sunrise_orange_t24_v1
-659085653,wp_wct_tint_28_t2_v13_n2
-659000960,vem_colour_extra_1_mct_metallic_cream_t24_v1
-658949280,packed_mp_veh_mod_idx_s_16_v77
-658942060,f_cl_clo_h2f_f_3_14_t6_v1
-658922783,wp_wct_tint_20_t2_v9_n2
-658922416,packed_mp_veh_mod_idx_4_v79
-658778239,m_cl_clo_indm_d_25_t100_v0
-658717612,ve_miljet_t0_v0
-658644522,vem_supermod_6_13_t47_v27
-658588413,packed_mp_veh_mod_idx_s_15_v34
-658587016,mt_snk_item5_t0_v2
-658557569,m_cl_clo_hstm_o_d_1_t8_v12
-658463002,f_cl_clo_bhf_decl_46_t11_v1
-658337398,m_ta_tat_x2_016_t0_v0
-658269100,f_cl_clo_grf_u_12_18_t11_v1
-658255196,mp_stat_ie_wh_owned_vehicle_20_v0
-658196723,f_cl_outfit_clo_h3f_o_grp_2_t12_v0
-658174657,f_cl_clo_xmasf_u_0_2_t11_v1
-658149835,f_cl_clo_grf_u_19_9_t11_v1
-658144922,vem_supermod_15_21_t56_v3
-658089898,packed_mp_veh_mod_idx_16_v209
-658067994,vem_supermod_14_9_t55_v3
-658016730,vem_colour_1_mct_classic_purple_t24_v2
-657984585,packed_mp_veh_mod_idx_22_v34
-657856370,packed_mp_veh_mod_idx_s_14_v183
-657739566,packed_mp_veh_mod_idx_s_2_v222
-657717204,m_cl_clo_h4m_b_0_11_t1_v1
-657654073,vem_horn_clas7_t10_v7
-657615445,packed_mp_veh_mod_idx_24_v216
-657584096,f_cl_outfit_clo_awf_o_f_6_t12_v0
-657558804,vem_smod5_whlv31_t66_v3
-657531697,f_cl_u_fmf_11_10_t8_v0
-657473394,packed_mp_veh_mod_idx_22_v366
-657411194,vem_cmod_pla_text_new_t23_v3
-657280295,packed_mp_veh_mod_idx_16_v324
-657247127,packed_mp_veh_mod_idx_s_8_v307
-657181652,m_cl_clo_ltsmu_1_4_t11_v1
-657127556,packed_ng_vehicle_insurance_v170
-656951830,m_cl_u_fmm_1_5_t8_v0
-656908990,f_cl_clo_lxf_o_10_t3_v12
-656859631,packed_lr_vehicle_colour_6_v168
-656800679,m_cl_clo_lxm_e_24_3_t14_v1
-656796285,packed_mp_veh_wheel_type_0_v62
-656786725,packed_mp_veh_wheel_type_0_v276
-656762459,packed_mp_veh_window_tint_0_v379
-656704482,ve_fq2_t0_v0
-656507676,m_ha_cc_body_1_4_t3_v1
-656495774,ve_ruiner2_t0_v3
-656324000,m_cl_clo_h3m_ph_6_5_t14_v1
-656293063,f_cl_outfit_clo_awf_o_f_8_t12_v0
-656276276,wp_wm_tint5_t2_v63
-656214388,f_cl_clo_grf_u_20_2_t11_v1
-656150902,m_cl_clo_vwm_u_2_17_t11_v1
-655984517,m_cl_clo_h4m_prw_0_8_t14_v1
-655614439,packed_mp_veh_mod_idx_s_9_v365
-655555101,wp_wct_scope_lrg_t1_v21
-655518959,packed_mp_veh_mod_idx_s_23_v57
-655499615,packed_mp_veh_secondary_colour_group_v126
-655398179,m_ta_tat_bi_016_t0_v0_cesp
-655387489,vem_suspension_1_t15_v31
-655380386,packed_mp_veh_mod_idx_15_v54
-655315753,packed_mp_veh_mod_idx_s_9_v289
-655268603,f_ta_tat_sm_005_t0_v0
-655243922,packed_lr_vehicle_colour_5_v159
-655203767,vem_colour_extra_1_mct_metallic_stone_silver_t24_v0
-655197631,packed_mp_veh_mod_idx_s_8_v206
-655160780,packed_mp_veh_mod_idx_s_17_v31
-655146605,vem_colour_2_mct_metallic_saddle_brown_t25_v1
-655145997,packed_mp_veh_mod_idx_s_3_v192
-655135596,f_cl_clo_sbf_lw_1_0_t14_v1
-654986786,packed_ng_vehicle_neon_kit_v91
-654976587,f_cl_clo_exf_al_12_1_t4_v1
-654932481,m_cl_clo_sum_b_3_15_t1_v1
-654785881,packed_mp_veh_mod_idx_s_2_v350
-654778147,packed_mp_veh_mod_idx_s_11_v358
-654755966,m_cl_clo_vwm_u_21_0_t11_v1
-654705699,veu_slamvan3_t0_v0
-654693198,vem_smod_whlv124_t66_v0
-654684033,f_cl_clo_awf_u_3_4_t11_v1
-654561935,vem_rwd_drft_12_t19_v2
-654423110,vem_smod_whlv74_t66_v0
-654408572,vem_rwd_suv_14_t19_v2
-654351143,m_cl_clo_iem_u_17_14_t11_v1
-654319481,dec_vw_aw_ls_6a
-654309304,f_cl_clo_x6f_l_0_1_t4_v1
-654287493,f_cl_clo_trf_u_12_19_t11_v1
-654272287,f_cl_clo_hp_f_d_15_t100_v0
-654203581,f_cl_clo_s1f_u_0_2_t11_v1
-654103795,packed_mp_veh_mod_idx_14_v20
-653908642,f_cl_clo_trf_u_18_11_t11_v1
-653906011,vem_cmod_pla_text_t23_v4
-653903888,f_cl_clo_sbf_u_14_0_t11_v1
-653839034,packed_mp_veh_mod_idx_9_v238
-653718469,vem_exhaust_6_t6_v35
-653643781,vem_supermod_3_12_t44_v3
-653535838,m_cl_clo_awm_f_8_1_t6_v1
-653524763,vem_spoiler_9_t14_v26
-653449553,vem_colour_2_mct_classic_racing_blue_t25_v2
-653290628,vem_smod4_whlv90_t66_v1
-653231457,packed_mp_veh_mod_idx_22_v409
-653166382,packed_mp_veh_mod_idx_10_v80
-653121086,f_cl_l_fmf_3_5_t4_v0
-653107157,packed_mp_veh_mod_var_1_v324
-653074201,vem_spt_21_t19_v0
-653024320,packed_mp_veh_mod_idx_s_11_v274
-653021097,vem_colour_2_mct_chrome_chrome_t25_v4
-652978332,vem_suv_16_t19_v1
-652967991,m_cl_clo_smm_ph_1_6_t14_v1
-652914370,packed_lr_vehicle_colour_5_v243
-652668921,vem_supermod_9_11_t50_v27
-652650826,m_cl_clo_hstm_g_2_1_t3_v1
-652593534,packed_mp_veh_mod_idx_4_v177
-652559719,vem_supermod_12_0_t53_v28
-652466480,packed_mp_veh_mod_idx_s_13_v402
-652425813,m_cl_t_fmm_0_0_t7_v0
-652424324,f_cl_clo_bhf_decl_51_t11_v1
-652352197,m_cl_clo_busm_s_1_3_t8_v2
-652306738,f_cl_clo_smf_b_1_20_t1_v1
-652256099,m_cl_clo_grm_ph_2_14_t14_v1
-652227280,packed_mp_veh_mod_var_0_v342
-652190988,f_cl_clo_valf_l_0_0_t4_v1
-652170753,m_cl_outfit_clo_h3m_o_sh_25_t12_v0
-652139009,f_cl_clo_fxf_d_8_0_t10_v1
-652131925,packed_mp_veh_mod_idx_8_v77
-652028345,m_cl_clo_x4m_ph_1_2_t14_v1
-652004739,packed_mp_veh_mod_idx_0_v103
-651930644,vem_fender_l_2_t36_v4
-651911054,mp_stat_fixer_hq_armory_v0
-651894294,vem_colour_extra_1_mct_pearlescent_blaze_red_t24_v4
-651740538,f_cl_clo_grf_u_8_17_t11_v1
-651705996,m_cl_clo_h4m_decl_55_t100_v0
-651587783,packed_mp_veh_mod_idx_13_v134
-651566313,m_cl_clo_exm_es_0_2_t8_v1
-651564563,vem_suspension_4_t15_v31
-651506844,vem_bumper_r_15_t35_v3
-651495715,m_cl_clo_h2m_f_3_7_t6_v1
-651434800,f_cl_clo_x6f_rw_2_3_t14_v1
-651397875,f_cl_clo_vef_dec_41_t11_v1
-651289823,m_cl_clo_h3m_o_bs_4_t4_v12
-651249699,packed_mp_veh_mod_idx_s_12_v260
-651216315,packed_mp_veh_mod_idx_15_v3
-651135486,f_cl_clo_h2f_b_4_19_t1_v1
-650961681,vem_colour_2_mct_classic_saxon_blue_t25_v4
-650917830,m_cl_clo_exm_al_5_1_t4_v1
-650865972,f_cl_clo_awf_decl_107_t100_v0
-650726335,packed_mp_veh_mod_idx_s_20_v108
-650691748,f_cl_clo_x17f_u_4_2_t11_v1
-650665879,vem_horn_hween1_t10_v32
-650621600,vem_supermod_14_13_t55_v26
-650619133,wp_wct_var_gold_t1_v2
-650578184,m_cl_clo_smm_b_6_17_t1_v1
-650372415,m_cl_clo_fxm_u_2_24_t11_v1
-650344832,vem_colour_1_mct_metallic_blue_silver_t24_v0
-650322140,f_cl_clo_h4f_s_2_16_t8_v1
-650213739,f_cl_clo_stf_o_e_0_t8_v12
-650209630,m_cl_clo_stm_u_3_4_t11_v1
-650041495,wp_wct_knuck_bg_t1_v62
-649885929,mp_stat_nightclub_lighting_v0
-649849434,packed_mp_veh_mod_idx_3_v77
-649841982,f_cl_clo_x6f_u_1_18_t11_v1
-649830831,packed_mp_veh_mod_idx_8_v1
-649792386,vem_horn_clas5_t10_v31
-649780723,f_cl_clo_hp_f_u_4_6_t11_v1
-649750922,vem_supermod_52_7_t52_v7
-649703709,f_cl_u_fmf_8_2_t11_v0
-649605653,vem_colour_1_mct_metallic_yellow_t24_v2
-649586363,m_cl_outfit_clo_hstm_o_a_3_t12_v0
-649553261,vem_supermod_19_4_t60_v26
-649493749,f_cl_clo_smf_ph_1_4_t14_v1
-649383603,m_cl_clo_sbm_b_1_1_t1_v1
-649260017,packed_mp_veh_livery_0_v355
-649135218,vem_colour_2_mct_metallic_lime_green_t25_v33
-649130034,vem_colour_1_mct_metallic_dark_green_t24_v4
-649123287,packed_mp_veh_mod_idx_s_21_v92
-649041364,m_ta_tat_st_031_t0_v0
-648973366,m_cl_clo_sbm_u_12_6_t11_v1
-648921988,packed_mp_veh_wheel_type_0_v345
-648834034,vem_sub_heli_c_22
-648814604,m_cl_clo_hilf_o_31_t3_v12
-648788891,vem_supermod_46_13_t46_v7
-648689549,packed_mp_veh_mod_idx_23_v331
-648657796,m_cl_clo_grm_b_0_4_t1_v1
-648633302,packed_mp_veh_mod_idx_16_v47
-648623721,packed_mp_veh_primary_colour_group_v366
-648563254,f_cl_clo_h3f_b_9_14_t1_v1
-648553602,packed_ng_vehicle_neon_v88
-648526782,vem_colour_1_mct_classic_cabernet_red_t24_v3
-648454780,packed_mp_veh_colour2_0_v41
-648404454,packed_mp_veh_mod_idx_8_v176
-648342621,vem_cmod_pla_4_t23_v36
-648168729,f_ha_cc_eyebrw_3_t2_v1
-648076935,vem_cmod_tyr_9_t18_v30
-647953548,m_cl_clo_h4m_u_3_15_t11_v1
-647912815,m_cl_outfit_clo_awm_o_h_0_t12_v0
-647903789,vem_cmod_tyr_lg_t30_v36
-647854982,packed_mp_veh_livery2_0_v30
-647830011,f_cl_clo_bhf_u_17_3_t11_v1
-647720870,packed_mp_veh_mod_idx_1_v308
-647717519,packed_mp_veh_mod_idx_s_20_v288
-647609890,packed_mp_veh_primary_colour_group_v378
-647578246,m_cl_clo_sum_decl_0_t11_v1
-647536719,wp_wct_c_tint_24_t2_v13_n2
-647494424,f_ta_tat_h27_026_t0_v0
-647436791,m_cl_clo_indm_t_0_2_t7_v1
-647398332,m_cl_clo_stm_u_5_2_t11_v1
-647358977,packed_mp_veh_mod_idx_6_v68
-647331158,packed_mp_veh_livery2_0_v40
-647305777,packed_mp_veh_mod_idx_0_v21
-647280194,mp_stat_mpsv_model_255
-647243309,h4_sub_heli_weapon
-647237668,m_cl_clo_busm_u_5_2_t11_v1
-647231406,m_cl_clo_bim_u_9_4_t11_v1
-647206795,vem_smod4_whlv175_t66_v2
-647068633,packed_mp_veh_mod_idx_s_5_v199
-646977277,f_cl_outfit_clo_exf_ob_5_t12_v0
-646963442,wp_wct_tint_24_t2_v9_n2
-646954132,vem_chassis_20_t4_v35
-646912672,vem_supermod_23_2_n1_t64_v3
-646897656,vem_supermod_12_13_t53_v27
-646789456,m_ha_clo_bim_h_2_0_t0_v1
-646644708,f_cl_outfit_clo_exf_oa_1_t12_v0
-646619092,packed_mp_veh_mod_idx_3_v302
-646611620,vem_supermod_23_4_t64_v6
-646554553,vem_colour_1_mct_classic_woodbeech_brown_t24_v1
-646525048,packed_mp_veh_mod_var_0_v94
-646512002,packed_mp_veh_colour_extra1_0_v296
-646385359,packed_mp_veh_mod_idx_s_23_v223
-646369841,packed_mp_veh_colour1_0_v87
-646318169,m_cl_clo_h2m_f_5_0_t6_v1
-646260166,vem_colour_1_mct_classic_umber_brown_t24_v1
-646243850,f_cl_clo_ief_l_1_2_t4_v1
-646201973,vem_supermod_5_19_t46_v3
-646048239,packed_ng_vehicle_smoke_v92
-646046260,packed_mp_veh_secondary_colour_group_v358
-645976635,m_cl_outfit_clo_hstm_o_g_1_t12_v0
-645938631,vem_cmod_col5_26_t29_v4
-645932389,m_cl_clo_grm_u_13_3_t11_v1
-645922479,vem_cmod_pla_3_t23_v33
-645921173,packed_mp_veh_mod_idx_s_0_v280
-645919495,vem_supermod_3_20_t44_v11
-645849776,packed_mp_veh_mod_idx_5_v55
-645819537,packed_mp_veh_mod_idx_s_13_v209
-645803332,vem_suv_17_t19_v12
-645786852,kosatk_fla_7_t0_v0
-645718956,f_cl_clo_fxf_l_3_23_t4_v1
-645655380,packed_ng_vehicle_neon_kit_v313
-645618467,f_cl_outfit_clo_ief_o_3_t12_v0
-645586290,m_cl_clo_bus_m_o_4_t3_v12
-645573760,f_cl_clo_ief_l_7_5_t4_v1
-645538033,vem_chassis_27_t4_v35
-645456162,vem_horn_hips4_t10_v32
-645328367,pr_pm_off_var_2_t0_v0
-645286554,vem_supermod_6_6_t47_v26
-645272052,m_cl_outfit_clo_hp_o_3_t12_v0
-645233321,packed_mp_veh_mod_idx_10_v372
-645196365,m_cl_outfit_clo_trm_o_front_t12_v0
-645173045,packed_ng_vehicle_neon_kit_v123
-645153260,m_cl_clo_indm_d_3_t100_v0
-645131472,packed_mp_veh_mod_idx_2_v152
-645081035,vem_spt_08_t19_v3
-645050298,packed_mp_veh_mod_idx_s_18_v273
-644995344,f_cl_clo_trf_d_38_0_t10_v1
-644992268,m_cl_clo_h3m_ph_9_7_t14_v1
-644975172,vem_insurance_r300
-644937039,vem_colour_1_mct_metallic_maple_brown_t24_v0
-644828301,packed_mp_veh_mod_idx_3_v98
-644791495,f_cl_clo_suf_u_19_9_t11_v1
-644724833,vem_insurance_voodoo
-644563750,packed_mp_veh_mod_idx_16_v194
-644525413,vem_engine_2_t5_v3
-644493268,vem_smod4_whlv40_t66_v3
-644451687,vem_skirt_4_t13_v3
-644339028,wp_wct_tint_29_t2_v56_n2
-644289815,m_ta_tat_s1_026_t0_v0
-644279235,mp_stat_multstorey_gar_sty_f1_v0
-644204863,m_cl_clo_bim_decl_30_t11_v1
-644056507,packed_mp_veh_mod_idx_s_10_v342
-644007148,vem_horn_clas3_t10_v7
-643997656,m_cl_clo_l2m_dec_12_t100_v0
-643859335,m_cl_clo_hstmb_18_6_t1_v1
-643744914,m_cl_clo_exm_ef_0_0_t6_v1
-643729886,packed_mp_veh_mod_idx_s_16_v164
-643727035,m_cl_clo_hp_g_0_1_t14_v1
-643695930,vem_supermod_59_6_t59_v7
-643646787,m_cl_clo_scm_ey_0_18_t14_v1
-643605338,m_cl_l_fmm_5_10_t4_v0
-643604109,f_cl_clo_h3f_ph_5_3_t14_v1
-643436019,packed_mp_veh_mod_idx_7_v342
-643431049,f_cl_clo_suf_u_2_11_t11_v1
-643387822,f_cl_clo_h4f_plw_0_0_t14_v1
-643377679,packed_mp_veh_mod_idx_s_18_v243
-643340952,packed_mp_veh_mod_idx_9_v187
-643258173,wp_wct_tint_1_t2_v70_n2
-643223563,wp_ps_bag_66_t1_v33
-643189387,m_cl_clo_hstm_o_c_0_t3_v12
-643166077,packed_mp_veh_mod_idx_s_23_v33
-643067218,wp_wm_tint2_t2_v47
-643051806,vem_exhaust_12_t6_v1
-642962099,f_cl_clo_ief_b_6_4_t1_v1
-642958742,packed_mp_veh_mod_idx_s_5_v356
-642905708,f_cl_clo_bif_decl_21_t11_v1
-642766777,vem_smod_whl13_t19_v12
-642631049,packed_ng_vehicle_bpt_v29
-642604713,packed_mp_veh_mod_idx_s_21_v216
-642586135,wp_ps_bag_63_t1_v33
-642582977,vem_colour_2_mct_metallic_dark_blue_t25_v0
-642581819,packed_mp_veh_mod_idx_s_8_v331
-642568499,packed_ng_vehicle_neon_kit_v52
-642523929,packed_ng_vehicle_smoke_v267
-642452730,f_cl_o_fmf_p7_t3_v12
-642307574,f_cl_clo_x6f_l_8_19_t4_v1
-642278532,packed_mp_veh_window_tint_0_v203
-642229119,m_cl_clo_valm_s_0_0_t8_v1
-642218325,packed_mp_veh_mod_idx_6_v382
-642186173,packed_mp_veh_livery2_0_v58
-642172592,packed_mp_veh_mod_var_1_v60
-642147554,vem_smod5_whlv189_t66_v3
-642049871,vem_skirt_8_t13_v26
-642010131,packed_mp_veh_plate_id_v77
-642002172,m_cl_clo_bbm_l_2_6_t4_v1
-641950427,f_cl_clo_hstfb_16_6_t1_v1
-641878406,vem_supermod_10_0_t51_v37
-641868318,f_cl_clo_x6f_b_2_2_t1_v1
-641837996,packed_mp_veh_mod_idx_3_v120
-641721322,m_cl_clo_sbm_b_5_0_t1_v1
-641655037,m_cl_clo_bim_decl_22_t100_v0
-641614653,packed_mp_veh_mod_idx_9_v374
-641462691,m_ha_cc_eyebrw_31_t2_v0
-641400991,f_cl_clo_s1f_dec_1_t11_v1
-641386844,fcclub_stor_3_t1_v0
-641256338,m_cl_clo_fxm_ph_2_19_t14_v1
-641145436,f_cl_clo_sbf_b_10_10_t1_v1
-641058220,f_cl_outfit_clo_awf_o_j_0_t12_v0
-640972513,packed_mp_veh_mod_idx_s_16_v329
-640968014,m_cl_clo_x6m_u_10_12_t11_v1
-640920803,packed_mp_veh_colour2_0_v251
-640798194,vem_cmod_pla_1_t23_v26
-640762554,packed_mp_veh_mod_idx_16_v190
-640703893,vem_supermod_11_4_t52_v26
-640697705,vem_drft_16_t19_v0
-640610241,f_cl_l_fmf_9_10_t4_v0
-640602734,packed_mp_veh_mod_idx_s_15_v243
-640596746,packed_mp_veh_colour2_0_v344
-640539766,packed_mp_veh_plate_id_v214
-640538984,f_cl_clo_bhf_l_3_7_t4_v1
-640471705,f_cl_outfit_clo_trf_o_r1_t12_v0
-640456495,vem_bumper_r_16_t35_v3
-640437709,packed_mp_veh_mod_idx_s_3_v299
-640276421,packed_mp_veh_mod_idx_8_v358
-640255179,packed_mp_veh_mod_idx_15_v127
-640243841,f_cl_clo_vwf_l_2_7_t4_v1
-640233973,vem_smod4_whlv62_t66_v3
-640202803,packed_mp_veh_mod_var_1_v393
-640074626,f_cl_outfit_clo_hstf_o_21_t12_v0
-640049410,vem_smod4_whlv169_t66_v2
-639966597,vem_spoiler_12_t14_v6
-639859236,f_cl_clo_ief_b_5_1_t1_v1
-639820795,f_ha_cc_mkup_5_t7_v0
-639786734,wp_wct_flash_t1_v8
-639685735,vem_supermod_3_28_t44_v11
-639594535,m_cl_clo_s1m_dec_14_t100_v0
-639571826,m_cl_clo_bhm_decl_5_t100_v0
-639495147,vem_supermod_22_2_t63_v3
-639463149,f_ta_tat_sm_020_t0_v0
-639434841,fcncl_mod7_2_t0_v0
-639393750,vem_supermod_11_12_t52_v3
-639392653,f_cl_clo_suf_l_5_4_t4_v1
-639344611,pr_pm_colour_1_t0_v0
-639310939,f_cl_clo_hstfb_14_1_t1_v1
-639296330,vem_rwd_drft_24_t19_v2
-639197786,packed_mp_veh_mod_idx_s_20_v340
-639157809,f_cl_clo_smf_ph_6_3_t14_v1
-639096606,packed_mp_veh_mod_idx_s_12_v124
-638897838,vem_spoiler_17_t14_v38
-638887622,m_cl_ht_fmm_13_0_t14_v0
-638832047,packed_mp_veh_mod_idx_s_5_v225
-638759723,m_cl_clo_trm_u_8_7_t11_v1
-638708671,packed_ng_vehicle_neon_v290
-638652100,vem_supermod_5_7_t46_v27
-638598260,dec_vw_aw_ss_14b
-638576371,m_cl_clo_hst_a_3_t11_v1
-638349620,packed_mp_veh_mod_idx_16_v84
-638330752,packed_ng_vehicle_neon_kit_v112
-638193879,packed_ng_vehicle_insurance_v95
-638175139,f_cl_clo_smf_o_1_t8_v12
-638165890,vem_horn_xm15_1_t10_v32
-638062287,packed_mp_veh_mod_idx_6_v157
-638033560,packed_mp_veh_mod_var_0_v205
-638028032,packed_mp_veh_mod_idx_22_v26
-638018629,packed_mp_veh_mod_idx_14_v159
-637971979,packed_mp_veh_mod_idx_s_5_v172
-637917199,vem_smod4_whlv93_t66_v0
-637864812,m_cl_clo_hp_w_0_1_t14_v0
-637840812,f_cl_clo_arf_o_10_t3_v12
-637823788,ve_verus_t0_v3
-637804824,packed_ng_vehicle_neon_v159
-637763349,packed_mp_veh_mod_idx_s_18_v97
-637745771,vem_engine_1_t5_v29
-637681965,packed_mp_veh_mod_idx_s_12_v234
-637642381,f_cl_clo_smf_ph_1_12_t14_v1
-637614121,packed_mp_veh_colour1_0_v102
-637587415,packed_mp_veh_wheel_type_0_v265
-637552786,vem_horn_luxe2_t10_v6
-637525294,vem_cmod_neoncol_255_t21_v38
-637462549,packed_ng_vehicle_neon_v264
-637266311,vem_smod4_whlv187_t66_v1
-637239323,vem_colour_extra_1_mct_chrome_chrome_t24_v2
-637118361,vem_insurance_tornado4
-637019169,m_cl_clo_h2m_o_s_15_t3_v12
-636944242,f_cl_clo_suf_o_2_t8_v12
-636911958,m_cl_clo_grm_u_4_19_t11_v1
-636893808,vem_supermod_52_3_t52_v7
-636828945,vem_horn_hips3_t10_v2
-636794829,packed_mp_veh_mod_idx_s_20_v322
-636781085,vem_cmod_tyr_3_t18_v32
-636752731,m_cl_clo_s1m_dec_19_t11_v1
-636734293,packed_mp_veh_mod_idx_24_v172
-636561835,packed_mp_veh_mod_idx_3_v157
-636510195,f_ha_face_e_c_30_t4_v0
-636488613,m_cl_clo_indm_d_1_t100_v0
-636459488,packed_mp_veh_mod_idx_s_3_v317
-636363561,vem_hood_2_t9_v7
-636290251,f_cl_clo_sbf_u_13_2_t11_v1
-636268389,vem_drft_03_t19_v1
-636104376,packed_mp_veh_mod_var_0_v363
-636074227,m_cl_clo_scm_u_0_12_t11_v1
-636067163,m_cl_t_fmm_12_0_t7_v1
-636037092,packed_mp_veh_mod_idx_s_9_v124
-636030931,packed_mp_veh_mod_idx_s_23_v241
-636002436,f_cl_clo_bif_u_1_0_t11_v1
-635869926,vem_supermod_16_13_t57_v28
-635825377,m_cl_clo_bbm_u_2_4_t11_v1
-635790736,vem_colour_1_mct_classic_lava_red_t24_v0
-635771145,vem_colour_1_mct_matte_purple_t24_v4
-635753231,packed_ng_vehicle_neon_kit_v88
-635628057,packed_ng_vehicle_neon_v281
-635520882,packed_mp_veh_mod_idx_s_2_v83
-635453220,m_cl_clo_fxm_ph_4_23_t14_v1
-635326708,packed_mp_veh_mod_idx_13_v249
-635315031,wp_wct_c_tint_12_t2_v1_n2
-635298210,f_cl_clo_h3f_u_8_0_t11_v2
-635271457,packed_mp_veh_mod_idx_s_21_v295
-635257254,packed_mp_veh_mod_idx_13_v70
-635221752,f_cl_clo_ief_u_2_4_t11_v1
-635156871,vem_supermod_57_7_t57_v7
-635154080,vem_insurance_bati
-634917793,packed_mp_veh_mod_idx_6_v256
-634864959,vem_grill_3_t8_v30
-634828628,packed_mp_veh_plate_id_v98
-634755139,wp_wct_c_tint_13_t2_v22_n2
-634742712,f_cl_clo_fxf_l_1_10_t4_v1
-634726636,service_earn_from_fmbb_boss_work
-634641351,vem_hlight_5_t11_v3
-634615577,packed_mp_veh_mod_idx_7_v202
-634453113,f_cl_outfit_clo_h2f_o_g_12_t12_v0
-634420902,f_cl_clo_bhf_l_0_12_t4_v1
-634372003,f_ha_cc_mkup_36_t7_v0
-634288775,fcarcade_c_up1
-634263425,packed_mp_veh_wheel_type_0_v135
-634122537,packed_mp_veh_mod_idx_s_10_v143
-634086332,wp_wct_c_tint_2_t2_v56_n2
-634035120,packed_mp_veh_mod_idx_s_0_v101
-633946329,f_cl_clo_l2f_u_2_0_t11_v1
-633940681,packed_mp_veh_plate_id_v45
-633897186,f_cl_clo_h2f_b_3_15_t1_v1
-633659819,packed_mp_veh_mod_idx_6_v90
-633627737,m_cl_clo_h4m_ph_0_25_t14_v1
-633598681,vem_hood_5_t9_v2
-633439699,vem_musc_06_t19_v12
-633399616,m_cl_clo_vwm_f_2_14_t6_v1
-633398127,m_cl_outfit_clo_hstm_o_f_1_t12_v0
-633282996,packed_mp_veh_mod_idx_s_1_v104
-633234159,packed_mp_veh_mod_idx_s_22_v302
-633226782,f_cl_clo_exf_au_9_1_t11_v1
-633109948,f_cl_clo_bif_u_10_13_t11_v1
-633102990,f_cl_clo_x6f_f_11_0_t6_v1
-633098151,vem_colour_mct_none_38
-633095369,packed_mp_veh_mod_idx_s_3_v262
-633076302,packed_mp_veh_mod_idx_10_v382
-633040656,vem_cmod_hrn_sad_t10_v6
-632950315,packed_mp_veh_mod_idx_6_v153
-632949715,m_cl_clo_x6m_f_12_3_t6_v1
-632813640,f_cl_clo_h3f_o_sl_16_t8_v12
-632708516,packed_mp_veh_livery_0_v327
-632519284,vem_bumper_f_1_t34_v0
-632439761,vem_smod4_whlv82_t66_v2
-632309187,f_cl_clo_x6f_f_3_23_t6_v1
-632300219,packed_mp_veh_secondary_colour_group_v161
-632295713,vem_colour_2_mct_matte_blue_t25_v0
-632285858,packed_mp_veh_mod_idx_s_13_v346
-632205383,f_cl_clo_hp_f_d_8_t11_v1
-632190864,vem_rwd_drft_20_t19_v0
-632159793,packed_mp_veh_mod_idx_7_v155
-632063865,wp_wct_tint_17_t2_v47_n2
-632041509,f_cl_clo_sbf_f_5_0_t6_v1
-632041230,vem_smod_whlv170_t66_v0
-632005709,packed_mp_veh_mod_idx_14_v122
-631981860,vem_horn_clas4_t10_v27
-631839089,f_cl_clo_ief_u_4_6_t11_v1_cesp
-631805089,f_cl_clo_bif_u_10_9_t11_v1
-631766442,packed_mp_veh_mod_idx_s_12_v400
-631747358,m_ta_tat_bi_055_t0_v0
-631691057,packed_mp_veh_mod_idx_s_12_v7
-631658749,m_cl_outfit_clo_bus_m_o_20_t12_v0
-631595882,vem_engine_3_t5_v30
-631582316,vem_rwd_hiend_19_t19_v0
-631480962,packed_mp_veh_mod_idx_s_7_v411
-631440058,m_cl_clo_grm_ph_1_11_t14_v1
-631439887,packed_ng_vehicle_neon_kit_v243
-631394310,vem_supermod_3_22_t44_v7
-631136915,m_cl_clo_awm_b_2_8_t1_v1
-631118953,m_ha_cc_eyebrw_29_t2_v1
-631102830,packed_mp_veh_mod_idx_s_21_v218
-631055018,vem_horn_cnote_c1_t10_v30
-631046570,packed_mp_veh_mod_idx_18_v388
-631036572,packed_mp_veh_mod_idx_22_v258
-630987599,packed_mp_veh_mod_idx_9_v168
-630969901,packed_mp_veh_mod_idx_11_v271
-630953420,packed_mp_veh_mod_idx_1_v136
-630846585,packed_mp_veh_mod_idx_s_23_v339
-630799270,f_cl_outfit_clo_grf_o_6_t12_v0
-630794041,packed_mp_veh_mod_idx_24_v412
-630775428,f_cl_clo_valf_b_1_0_t1_v1
-630770093,vem_supermod_16_6_t57_v27
-630736637,vem_colour_extra_1_mct_classic_mariner_blue_t24_v3
-630678805,m_cl_clo_bim_l_5_2_t4_v1
-630609227,packed_mp_veh_mod_idx_s_5_v16
-630589562,packed_mp_veh_mod_idx_s_1_v319
-630566467,packed_mp_veh_mod_idx_1_v393
-630525178,packed_mp_veh_mod_idx_s_5_v250
-630493768,m_cl_clo_h3m_decl_9_t100_v0
-630491985,f_cl_clo_scf_u_4_22_t11_v1
-630417639,f_cl_clo_bbf_f_011_t6_v1
-630410170,vem_smod_whlv86_t66_v0
-630303177,m_cl_clo_hp_d_11_t8_v1
-630203322,vem_horn_indi_3_t10_v2
-630120835,m_cl_clo_smm_ph_0_16_t14_v1
-630075635,packed_mp_veh_primary_colour_group_v351
-629956997,f_cl_clo_fxf_l_3_2_t4_v1
-629917891,packed_mp_veh_mod_idx_s_13_v95
-629910373,packed_mp_veh_mod_idx_16_v119
-629850635,vem_bumper_r_11_t35_v5
-629769983,vem_rwd_bikew_05_t19_v3
-629744278,vem_colour_2_mct_classic_woodbeech_brown_t25_v3
-629501700,m_cl_clo_vem_dec_47_t11_v1
-629450654,f_cl_clo_vwf_pw_6_1_t14_v1
-629391556,mp_stat_mpsv_model_246
-629298357,vem_horn_clas5_t10_v7
-629251093,m_cl_clo_x2m_o_6_t8_v12
-629206632,f_cl_clo_x2f_ht_4_2_t14_v1
-629202136,packed_ng_vehicle_insurance_v106
-629025486,f_cl_clo_hstf_b_4_1_t1_v1
-628917014,packed_mp_veh_mod_idx_22_v69
-628842160,vem_supermod_2_6_t43_v27
-628835099,packed_mp_veh_mod_idx_s_3_v212
-628774012,f_ta_tat_sb_056_t0_v0
-628721402,m_ha_cc_lipstick_0_t8_v1
-628693546,m_cl_clo_fxm_pe_4_11_t14_v1
-628568016,packed_mp_veh_mod_idx_s_22_v73
-628539327,f_cl_clo_awf_ph_2_9_t14_v1
-628451259,f_cl_clo_fxf_u_6_4_t11_v1
-628431453,vem_supermod_22_11_t63_v26
-628259836,packed_mp_veh_window_tint_0_v264
-628241279,vem_supermod_17_0_t58_v5
-628197340,packed_mp_veh_mod_idx_22_v22
-628193619,packed_mp_veh_mod_idx_2_v325
-628137782,f_cl_clo_h4f_plw_0_5_t14_v1
-628081122,packed_mp_veh_mod_var_1_v56
-628009561,m_cl_clo_grm_g_0_18_t3_v1
-628005711,dec_vw_aw_wv_54
-627892808,f_cl_clo_grf_b_0_15_t1_v1
-627887008,packed_mp_veh_mod_idx_23_v286
-627848374,packed_mp_veh_colour_extra2_0_v348
-627804475,packed_mp_veh_mod_idx_s_20_v173
-627788159,packed_mp_veh_wheel_type_0_v127
-627645225,m_cl_clo_sum_decl_22_t11_v1
-627556147,packed_ng_vehicle_smoke_v394
-627530903,packed_mp_veh_wheel_type_0_v334
-627438008,vem_colour_extra_1_mct_classic_race_yellow_t24_v33
-627417753,packed_mp_veh_livery_0_v97
-627402010,m_cl_clo_l2m_dec_26_t100_v0
-627324430,mp_stat_mpsv_model_40
-627319508,vem_colour_1_mct_chrome_chrome_t24_v0
-627244504,f_cl_clo_exf_au_11_1_t11_v1
-627164756,vem_colour_2_mct_classic_midnight_blue_t25_v33
-627159210,packed_mp_veh_colour1_0_v239
-627113672,vem_colour_2_mct_classic_white_t25_v33
-627061777,wp_wct_camo_10_t1_v21_n2
-626965555,packed_mp_veh_mod_idx_s_9_v154
-626951906,vem_smod2_whlv119_t66_v3
-626913971,pm_coupon_casino_plane_site
-626880715,f_cl_clo_x6f_u_12_17_t11_v1
-626826963,packed_mp_veh_mod_idx_s_21_v391
-626778459,vem_horn_cnote_e0_t10_v34
-626672104,f_cl_clo_ief_u_20_5_t11_v1
-626652937,packed_mp_veh_mod_idx_12_v54
-626532098,f_cl_clo_hp_f_o_8_t3_v12
-626520739,vem_supermod_2_21_t43_v3
-626474239,m_cl_clo_lxm_u_5_14_t11_v1
-626457797,packed_mp_veh_colour1_0_v310
-626363516,m_cl_clo_scm_u_0_6_t11_v1
-626266383,f_cl_outfit_clo_hstf_o_12_t12_v0
-626236761,vem_hood_3_t9_v4
-626230830,vem_supermod_1_0_t42_v10
-626210595,m_ha_cc_mkup_65_t5_v0
-626205514,vem_smod_whlv103_t66_v0
-626190834,packed_mp_veh_mod_idx_24_v257
-626147505,packed_mp_veh_mod_idx_9_v298
-626071762,ve_sabregt2_t0_v0
-626067528,vem_colour_1_mct_metallic_salmon_pink_t24_v33
-626016261,f_cl_outfit_clo_h2f_o_c_1_t12_v0
-626011905,vem_hood_2_t9_v26
-625832862,mp_stat_factoryslot0_v0
-625718706,wp_wm_tint6_t2_v8
-625662784,vem_mwt_lowrider_t2_v0
-625650181,vem_sub_heli_c_7
-625573228,vem_smod4_whlv138_t66_v0
-625471435,m_cl_clo_grm_ph_1_2_t14_v1
-625386936,packed_mp_veh_mod_idx_18_v94
-625329067,vem_cmod_neoncol_5_t21_v31
-625229684,m_cl_clo_val_decl_g_t11_v1
-625178446,m_cl_clo_fxm_pe_1_10_t14_v1
-625164379,vem_suspension_2_t15_v36
-625161508,mp_stat_ie_wh_owned_vehicle_26_v0
-625090180,vem_horn_lowrder2_t10_v30
-624967377,vem_colour_1_mct_metallic_midnight_silver_t24_v33
-624930387,packed_ng_vehicle_neon_v166
-624871631,packed_mp_veh_mod_idx_s_6_v76
-624849913,fcclub_sty_2_t0_v0
-624771737,wp_wct_c_tint_5_t2_v13_n2
-624764580,vem_cmod_pla_0_t23_v1
-624734243,m_cl_clo_vwm_l_2_4_t4_v1
-624717753,vem_bumper_f_11_t34_v3
-624677491,packed_mp_veh_mod_idx_s_7_v175
-624662500,vem_turbo_1_t17_v27
-624647424,f_cl_clo_h3f_o_jan_4_t11_v12
-624589218,vem_spoiler_0_t14_v35
-624576091,packed_mp_veh_mod_idx_4_v230
-624519995,packed_mp_veh_mod_idx_2_v140
-624455504,packed_mp_veh_mod_idx_23_v401
-624430253,dec_cpm_claw_8
-624381500,f_ta_tat_ar_002_t0_v0
-624370939,packed_mp_veh_mod_idx_1_v290
-624349521,f_cl_clo_grf_u_9_0_t11_v1
-624255070,packed_ng_vehicle_smoke_v33
-624193684,packed_mp_veh_mod_idx_16_v98
-624189393,m_cl_outfit_clo_awm_o_h_5_t12_v0
-624076922,packed_mp_veh_colour2_0_v185
-624061119,f_cl_clo_scf_l_0_10_t4_v1
-623974797,vem_fender_l_18_t36_v3
-623964550,f_cl_clo_hstf_o_b_0_t3_v12
-623955493,packed_mp_veh_colour_extra1_0_v228
-623946008,wp_wm_tint1_t2_v97
-623916678,m_cl_clo_h4m_o_s2_m2_t3_v12
-623888012,f_cl_clo_h3f_decl_22_t11_v1
-623834668,m_cl_outfit_clo_hilf_o_12_t12_v0
-623812111,f_ta_tat_lx_003_t0_v0
-623678199,packed_mp_veh_mod_idx_s_22_v216
-623648057,f_cl_clo_sbf_l_2_11_t4_v1
-623525164,vem_colour_extra_1_mct_metallic_sea_green_t24_v0
-623520606,m_cl_clo_s1m_u_2_3_t11_v1
-623516568,m_cl_outfit_clo_h2m_o_s_12_t12_v0
-623499697,m_cl_clo_x6m_rw_2_9_t14_v1
-623470374,packed_mp_veh_mod_idx_4_v128
-623460243,m_cl_clo_h2m_u_3_12_t11_v1
-623457980,ve_cruiser_t0_v0
-623453170,vem_supermod_41_3_t41_v7
-623424250,packed_mp_veh_mod_idx_11_v247
-623410744,packed_mp_veh_mod_idx_12_v376
-623324277,ve_ingot_t0_v0
-623274211,wp_wct_c_tint_7_t2_v9_n2
-623269984,vem_hiend_13_t19_v0
-623123173,m_cl_outfit_clo_hp_o_7_t12_v0
-623104552,f_cl_clo_grf_ph_4_4_t14_v1
-623063073,packed_mp_veh_primary_colour_group_v353
-623058349,vem_colour_extra_1_mct_matte_dark_blue_t24_v4
-622958210,packed_mp_veh_mod_idx_11_v367
-622944152,wp_wct_camo_3_t1_v1_n2
-622854461,packed_mp_veh_mod_idx_7_v141
-622850686,packed_mp_veh_mod_idx_22_v169
-622807299,packed_mp_veh_mod_idx_16_v320
-622763579,vem_smod4_whlv74_t66_v3
-622763081,packed_mp_veh_mod_idx_s_19_v203
-622762499,packed_mp_veh_mod_var_1_v300
-622707983,vem_cmod_tyr_1_t32_v36
-622658589,vem_rwd_drft_11_t19_v0
-622656573,packed_mp_veh_livery2_0_v289
-622636486,f_cl_clo_bif_decl_67_t100_v0
-622588714,packed_mp_veh_mod_idx_s_0_v52
-622491467,m_ha_cc_body_1_16_t3_v1
-622467213,packed_mp_veh_colour2_0_v126
-622415552,f_cl_clo_smf_ph_0_10_t14_v1
-622292466,m_cl_clo_valm_f_0_1_t6_v1
-622259018,vem_supermod_20_6_t61_v3
-622157068,f_cl_clo_h4f_pey_2_8_t14_v1
-622148720,packed_mp_veh_mod_idx_s_22_v33
-622072058,m_cl_clo_scm_d_22_6_t10_v1
-622071487,f_cl_clo_grf_l_0_0_t4_v1
-621971723,m_cl_clo_x6m_l_0_22_t4_v1
-621941113,vem_horn_luxe1_t10_v31
-621936487,f_cl_clo_h4f_u_6_9_t11_v1
-621911454,packed_mp_veh_mod_idx_s_9_v72
-621610376,f_cl_clo_sbf_b_0_0_t1_v1
-621562201,packed_mp_veh_mod_idx_s_17_v123
-621546933,f_cl_outfit_clo_l2f_o_9_t12_v0
-621533892,vem_rwd_spt_06_t19_v2
-621422141,packed_mp_veh_mod_idx_6_v232
-621364749,packed_mp_veh_livery_0_v38
-621350438,packed_mp_veh_colour_extra2_0_v220
-621321870,m_cl_clo_h3m_u_9_8_t11_v1
-621301759,m_cl_f_fmm_1_5_t6_v0
-621228545,f_cl_clo_grf_u_21_25_t11_v1
-621209682,packed_mp_veh_mod_idx_s_13_v217
-621208479,m_cl_clo_sum_u_12_5_t11_v1
-621168546,m_cl_clo_busm_u_2_6_t11_v1
-621108851,packed_mp_veh_primary_colour_group_v160
-621104546,packed_mp_veh_mod_idx_s_10_v226
-621084701,m_cl_clo_bim_u_27_0_t11_v1
-621012007,m_cl_clo_sum_l_1_0_t4_v1
-621001620,vem_supermod_10_2_t51_v38
-620977285,club_contraband_mission_remove_v0
-620905939,packed_mp_veh_mod_idx_4_v179
-620889640,m_cl_clo_grm_b_1_17_t1_v1
-620717289,packed_mp_veh_mod_idx_s_13_v302
-620664801,f_cl_ht_fmf_4_5_t14_v0
-620633969,vem_supermod_8_0_t49_v35
-620582164,m_ta_tat_sb_053_t0_v0
-620534039,packed_lr_vehicle_colour_5_v135
-620508859,packed_mp_veh_secondary_colour_group_v57
-620458025,packed_mp_veh_mod_idx_s_17_v82
-620364856,packed_mp_veh_mod_idx_11_v178
-620357307,m_cl_clo_x6m_u_1_22_t11_v1
-620265512,m_cl_clo_bim_u_1_2_t11_v1
-620220619,vem_smod5_whlv45_t66_v3
-620163875,vem_musc_15_t19_v0
-620120552,vem_horn_indi_1_t10_v1
-620118666,packed_ng_vehicle_neon_kit_v27
-619999648,f_cl_f_fmf_1_7_t6_v0
-619911636,f_cl_clo_grf_u_6_5_t11_v1
-619881247,packed_mp_veh_mod_idx_6_v320
-619815976,f_cl_clo_grf_l_3_12_t4_v1
-619659084,wp_wct_supp_t1_v8
-619656709,vem_horn_luxe3_t10_v34
-619646250,vem_supermod_60_7_t60_v7
-619638407,packed_mp_veh_mod_idx_s_10_v135
-619637539,mp_stat_nightclub_mod_6_v0
-619624619,packed_mp_veh_mod_idx_22_v388
-619591274,mp_stat_mpsv_model_11
-619479797,vem_cmod_col5_36_t29_v2
-619225216,vem_colour_1_mct_metallic_black_t24_v3
-619213472,f_cl_clo_trf_u_12_11_t11_v1
-619172353,f_cl_clo_sbf_decl_0_t11_v1
-619162323,m_cl_clo_x6m_f_7_0_t6_v1
-619143643,f_cl_clo_stf_u_4_5_t11_v1
-619040075,kosatk_col_0_t0_v0
-618933287,vem_cmod_tyr_12_t18_v36
-618924283,packed_mp_veh_mod_idx_s_18_v294
-618827931,f_cl_clo_h4f_s_1_10_t8_v1
-618719176,packed_mp_veh_mod_idx_s_23_v169
-618604866,f_ta_tat_bi_016_t0_v0_cesp
-618601167,packed_mp_veh_livery2_0_v381
-618393560,vem_armour_2_t1_v5
-618377351,vem_cmod_hrn_0_t10_v33
-618349967,vem_supermod_8_3_t49_v10
-618282327,packed_mp_veh_colour_extra2_0_v38
-618247061,packed_mp_veh_mod_idx_s_6_v226
-617999371,vem_rwd_spt_06_t19_v12
-617885974,packed_mp_veh_mod_idx_0_v166
-617883386,packed_mp_veh_mod_idx_s_17_v216
-617880612,m_cl_outfit_clo_ltsm_o_8_t12_v0
-617838418,wp_wct_c_tint_14_t2_v1_n2
-617799252,packed_mp_veh_mod_idx_14_v169
-617745390,f_cl_clo_h3f_u_3_6_t11_v1
-617723948,m_cl_clo_vwm_u_18_4_t11_v1
-617645330,vem_colour_1_mct_classic_purple_t24_v3
-617548564,m_cl_clo_exm_at_1_0_t7_v1
-617537389,f_ta_tat_fm_026_t0_v0
-617523736,packed_mp_veh_plate_id_v30
-617503531,vem_colour_1_mct_matte_matte_desert_t24_v0
-617386426,f_cl_clo_sbf_l_2_22_t4_v1
-617297016,f_cl_clo_grf_u_12_16_t11_v1
-617275684,dec_vw_aw_ss_36
-617253618,vem_smod4_whlv83_t66_v2
-617193475,packed_mp_veh_mod_idx_15_v407
-617155404,packed_mp_veh_mod_idx_s_22_v271
-616980907,packed_mp_veh_mod_idx_12_v297
-616855205,packed_mp_veh_mod_idx_2_v319
-616740367,vem_cmod_neonlay_6_t21_v29
-616569334,vem_bumper_r_12_t35_v0
-616417155,f_cl_clo_s1f_u_8_10_t11_v1
-616414672,packed_mp_veh_mod_idx_3_v110
-616305727,packed_mp_veh_mod_idx_0_v43
-616271263,m_cl_clo_busm_t_1_11_t7_v1
-616234119,packed_mp_veh_mod_idx_10_v29
-616227538,f_cl_clo_exf_eu_6_3_t11_v1
-616174849,packed_mp_veh_mod_idx_s_8_v164
-616017810,f_cl_clo_bif_u_9_2_t11_v1
-616017526,m_ha_cc_mkup_73_t5_v0
-615998874,m_cl_clo_bhm_u_10_8_t11_v1
-615955408,f_cl_clo_vwf_pey_1_2_t14_v1
-615892358,fcncl_light_2_t0_v0
-615819558,m_cl_clo_sum_u_6_0_t11_v1
-615763355,m_cl_clo_smm_ph_4_16_t14_v1
-615689605,vem_cmod_smoke_9_t18_v34
-615685415,packed_mp_veh_mod_idx_s_9_v100
-615668961,vem_smod_whlv193_t66_v0
-615663670,ve_vigilante_t0_v31
-615476993,f_cl_clo_scf_rw_0_3_t14_v1
-615412742,m_cl_clo_vwm_decl_31_t100_v0
-615395431,packed_mp_veh_colour1_0_v240
-615339452,vem_smod5_whlv125_t66_v3
-615292552,packed_mp_veh_colour2_0_v40
-615265259,m_cl_clo_grm_b_4_13_t1_v1
-615087293,packed_mp_veh_mod_idx_s_14_v192
-614826732,f_ha_cc_lipstick_5_t8_v0
-614745526,m_cl_clo_sum_u_15_8_t11_v1
-614703299,packed_ng_vehicle_neon_v121
-614628380,vem_horn_clas7_t10_v3
-614622256,f_cl_outfit_clo_bif_o_11_t12_v0
-614564527,vem_engine_4_t5_v27
-614478149,m_cl_clo_awm_u_10_11_t11_v1
-614438937,packed_mp_veh_mod_idx_s_14_v113
-614412799,vem_cmod_hrn_mus2_t10_v34
-614402730,packed_ng_vehicle_neon_kit_v135
-614354048,m_cl_clo_awm_l_5_3_t4_v1
-614217982,f_cl_clo_jaf_h_6_0_t14_v1
-614211862,packed_mp_veh_livery2_0_v143
-614203949,f_cl_clo_grf_u_22_16_t11_v1
-614030446,vem_hood_1_t9_v27
-613999716,packed_mp_veh_mod_idx_s_22_v332
-613996321,vem_supermod_57_18_t57_v7
-613883236,f_cl_clo_s2f_d_22_t100_v0
-613878547,packed_mp_veh_mod_idx_10_v99
-613859567,m_cl_ht_fmm_12_2_t14_v0
-613660371,packed_mp_veh_colour_extra1_0_v170
-613631329,f_cl_ht_fmf_6_6_t14_v0
-613615526,m_cl_clo_hp_u_5_3_t11_v1
-613606962,packed_mp_veh_mod_idx_24_v233
-613559475,packed_mp_veh_colour1_0_v218
-613515809,vem_rwd_drft_13_t19_v12
-613393987,m_cl_clo_x6m_ph_2_15_t14_v1
-613291691,packed_mp_veh_mod_idx_0_v317
-613258221,wp_fw_tint7_t6_v1
-613221010,service_spend_bounty
-612839115,vem_loride_15_t19_v1
-612809513,f_ta_tat_h4_023_t0_v0
-612758836,f_cl_clo_arf_o_26_t7_v12
-612614141,vem_bumper_r_11_t35_v4
-612611779,vem_armour_2_t1_v30
-612442302,m_cl_clo_scm_ey_1_11_t14_v1
-612430116,m_cl_clo_h2m_b_8_8_t1_v1
-612337796,vem_hood_4_t9_v4
-612206439,packed_mp_veh_mod_idx_15_v350
-612025823,packed_mp_veh_mod_idx_3_v272
-612012892,m_cl_clo_bhm_u_3_4_t11_v1
-611927971,m_cl_clo_lxm_u_5_6_t11_v1
-611909882,packed_mp_veh_mod_idx_15_v120
-611906505,m_cl_clo_busm_g0_7_t14_v1
-611896534,packed_mp_veh_mod_idx_s_13_v115
-611809443,f_cl_clo_scf_l_13_12_t4_v1
-611534686,f_cl_clo_vwf_u_8_20_t11_v1
-611519297,m_cl_clo_awm_decl_107_t100_v0
-611462899,multistorey_garage_tint_9_v0
-611330245,m_cl_clo_exm_decl_8_t100_v0
-611254092,f_cl_clo_stf_o_3_t11_v12_cesp
-611213019,vem_colour_2_mct_metallic_straw_brown_t25_v3
-611159067,packed_mp_veh_colour_extra2_0_v254
-611100339,f_ta_tat_st_028_t0_v0
-610965385,f_cl_clo_ief_ph_0_12_t14_v1
-610961883,m_cl_clo_fxm_u_2_14_t11_v1
-610961351,vem_supermod_41_11_t41_v7
-610909127,f_cl_clo_suf_u_7_20_t11_v1
-610551182,m_cl_clo_h3m_ph_6_3_t14_v1
-610527706,packed_mp_veh_mod_idx_12_v210
-610502799,m_ta_tat_h3_029_t0_v0
-610340146,f_ha_cc_lipstick_1_t8_v0
-610327194,packed_mp_veh_secondary_colour_group_v336
-610232133,packed_mp_veh_mod_idx_s_22_v323
-610187093,m_cl_clo_apm_u_23_2_t11_v1
-610106080,vem_colour_extra_1_mct_classic_ultra_blue_t24_v33
-610104006,m_cl_clo_vwm_s_2_13_t8_v1
-610093347,m_cl_clo_l2m_u_6_8_t11_v1
-610091242,packed_mp_veh_primary_colour_group_v246
-609924574,packed_mp_veh_mod_idx_11_v207
-609899164,fcbase_lng1_t0_v0
-609886465,packed_mp_veh_mod_idx_1_v161
-609864585,packed_mp_veh_mod_idx_s_1_v182
-609787254,f_cl_clo_scf_d_26_2_t10_v1
-609776458,f_cl_clo_val_decl_f_t100_v0
-609774799,vem_supermod_15_13_t56_v26
-609697937,packed_mp_veh_mod_var_1_v42
-609683056,vem_supermod_46_12_t46_v7
-609673151,packed_mp_veh_mod_idx_6_v89
-609631538,f_cl_clo_trf_f_1_9_t6_v1
-609614659,vem_supermod_41_4_t41_v7
-609612248,vem_horn_cnote_c1_t10_v5
-609607572,wp_wct_var_weed_t1_v7
-609428361,vem_colour_extra_1_mct_pearlescent_lime_green_t24_v0
-609388098,vem_smod2_whlv24_t66_v3
-609378985,vem_colour_1_mct_classic_black_graphite_t24_v2
-609356489,f_cl_clo_trf_u_14_20_t11_v1
-609314256,m_cl_clo_busm_u_1_11_t11_v1
-609216435,ve_deluxo_t0_v29
-609131445,packed_mp_veh_mod_idx_23_v117
-609114490,vem_bumper_r_13_t35_v0
-609098521,f_cl_clo_scf_u_55_7_t11_v1
-609057241,packed_mp_veh_mod_idx_7_v235
-609014067,m_cl_clo_fxm_ph_4_22_t14_v1
-608764217,packed_mp_veh_mod_var_1_v112
-608727539,packed_mp_veh_mod_idx_s_18_v160
-608621960,packed_mp_veh_mod_idx_s_9_v271
-608547071,vem_smod2_whlv148_t66_v3
-608524711,ve_coureur_t0_v38
-608498211,f_cl_clo_x6f_f_4_9_t6_v1
-608489066,f_cl_clo_x6f_ph_0_5_t14_v1
-608469184,vem_colour_1_mct_classic_beechwood_brown_t24_v4
-608462846,wp_ps_bag_18_t1_v33
-608191437,packed_mp_veh_mod_idx_1_v98
-608111239,f_cl_clo_val_decl_e_t11_v1
-608095093,m_cl_clo_bim_decl_42_t11_v1
-608036645,m_cl_clo_bhm_decl_53_t100_v0
-608033310,wp_wct_tint_3_t2_v56_n2
-607860203,vem_colour_2_mct_matte_might_purple_t25_v2
-607721111,packed_mp_veh_mod_idx_1_v268
-607691263,f_cl_l_fmf_8_11_t4_v0
-607686304,f_cl_clo_sbf_u_13_0_t11_v1
-607666974,f_cl_outfit_clo_x6f_o_o_20_t12_v0
-607666764,vem_supermod_23_14_t64_v34
-607545235,vem_supermod_3_34_t44_v27
-607506420,packed_mp_veh_mod_idx_s_5_v327
-607494177,vem_supermod_53_3_t53_v7
-607481390,ve_glendale2_t0_v27
-607456609,packed_mp_veh_mod_idx_11_v310
-607247912,f_cl_clo_x3f_dec_00_t11_v1
-607230493,dec_vw_aw_ls_5
-607185564,ve_brioso3_t0_v3
-607150708,packed_mp_veh_livery_0_v273
-607088044,vem_supermod_17_8_t58_v28
-607063509,vem_bumper_f_8_t34_v28
-607052901,vem_rwd_bikew_21_t19_v4
-606969369,packed_mp_veh_mod_idx_12_v165
-606957434,packed_mp_veh_mod_idx_10_v217
-606923667,vem_hiend_18_t19_v2
-606883806,f_cl_clo_bbf_u_1_6_t8_v1
-606831664,f_cl_clo_h2f_b_1116_t1_v1
-606729245,m_cl_clo_hp_t_0_0_t7_v1
-606699292,packed_ng_vehicle_neon_kit_v249
-606627517,packed_mp_veh_mod_idx_24_v244
-606601981,f_cl_clo_trf_u_18_3_t11_v1
-606582917,f_cl_clo_hstf_u_0_1_t11_v1
-606561902,packed_mp_veh_mod_idx_s_20_v355
-606545383,packed_mp_veh_colour2_0_v167
-606527367,f_cl_clo_suf_decl_23_t11_v1
-606524940,f_ta_tat_vw_003_t0_v0
-606498114,packed_mp_veh_mod_var_0_v71
-606488385,packed_mp_veh_mod_idx_1_v45
-606487025,packed_mp_veh_secondary_colour_group_v244
-606228837,vem_insurance_sultan2
-606184097,packed_mp_veh_mod_idx_8_v413
-606116818,ve_xls_t0_v3
-606085860,m_cl_clo_exm_eu_8_1_t11_v1
-606037333,packed_mp_veh_mod_idx_s_12_v315
-606014991,vem_rwd_offr_04_t19_v2
-605952643,packed_mp_veh_mod_idx_9_v142
-605837297,packed_mp_veh_wheel_type_0_v397
-605809176,f_cl_clo_bif_u_16_2_t11_v1
-605768393,packed_mp_veh_colour1_0_v144
-605700724,m_cl_clo_busm_u_3_4_t11_v1
-605675704,packed_mp_veh_mod_idx_s_13_v269
-605627682,vem_cmod_neoncol_3_t21_v27
-605612942,f_cl_clo_h4f_decl_35_t11_v1
-605582647,vem_supermod_22_7_t63_v3
-605500172,packed_mp_veh_mod_idx_5_v189
-605441213,vem_chassis_3_t4_v26
-605413938,packed_mp_veh_mod_idx_3_v44
-605392239,f_cl_clo_suf_u_17_8_t11_v1
-605363573,packed_mp_veh_mod_idx_s_0_v136
-605335314,f_cl_clo_vwf_u_20_9_t11_v1
-605292714,f_cl_clo_x6f_ey_3_7_t14_v1
-605176078,packed_mp_veh_wheel_type_0_v292
-604985535,m_cl_sp_fmm_6_14_t8_v1
-604963266,m_cl_clo_h4m_b_1_1_t1_v1
-604933501,f_cl_clo_sbf_l_0_1_t4_v1
-604874368,packed_mp_veh_mod_idx_s_0_v399
-604793592,service_earn_island_heist_finale
-604693337,vem_bumper_f_0_t34_v1
-604661166,wp_wct_muzz6_t1_v5_n2
-604401856,vem_smod_whlv28_t66_v0
-604373273,packed_mp_veh_mod_idx_s_11_v386
-604319124,f_cl_clo_smf_ph_0_2_t14_v1
-604090750,packed_mp_veh_secondary_colour_group_v86
-603988400,m_cl_clo_x6m_f_10_15_t6_v1
-603824579,f_cl_clo_hstf_s_6_8_t8_v2
-603674073,m_cl_outfit_clo_assm_o_6_t12_v0
-603652493,vem_supermod_16_0_t57_v10
-603641465,vem_drft_01_t19_v12
-603639619,vem_supermod_18_0_t59_v39
-603521602,packed_mp_veh_mod_idx_11_v176
-603449309,vem_cmod_neoncol_13_t21_v29
-603412927,service_earn_rdr_bonus_all_slots_1
-603412044,m_cl_clo_grm_decl_8_t100_v0
-603341887,vem_loride_05_t19_v0
-603329785,vem_insurance_hexer
-603254901,packed_ng_vehicle_neon_v214
-603060141,packed_mp_veh_mod_idx_23_v0
-603009712,vem_spoiler_11_t14_v6
-602973751,packed_mp_veh_mod_idx_s_17_v206
-602923480,vem_smod4_whlv17_t66_v0
-602841116,packed_mp_veh_mod_idx_9_v101
-602840896,packed_mp_veh_mod_var_1_v187
-602776661,f_cl_outfit_clo_sbf_o_sas_t12_v0
-602709557,vem_colour_extra_1_mct_matte_dark_blue_t24_v33
-602465940,packed_mp_veh_mod_idx_s_11_v104
-602281939,packed_mp_veh_plate_id_v259
-602251353,m_cl_clo_vwm_u_21_8_t11_v1
-602193917,packed_mp_veh_primary_colour_group_v240
-602120105,packed_mp_veh_mod_idx_6_v338
-602104442,packed_mp_veh_mod_idx_s_15_v338
-601947239,f_cl_clo_h2f_f_7_0_t6_v1
-601725381,m_cl_clo_trm_ph_2_9_t14_v1
-601722473,wp_wm_tint5_t2_v5
-601630274,vem_smod4_whlv86_t66_v3
-601556743,f_cl_g_fmf_11_1_t14_v0_cesp
-601387254,packed_mp_veh_plate_id_v401
-601148578,m_ta_tat_fx_007_t0_v0
-601040853,vem_horn_clas2_t10_v35
-601036068,f_cl_clo_ief_u_20_12_t11_v1
-601029805,packed_mp_veh_mod_idx_4_v105
-600852406,packed_ng_vehicle_neon_kit_v95
-600824618,f_cl_clo_h2f_b_7_0_t1_v1
-600823882,ve_rapidgt_t0_v3
-600815756,vem_cmod_tyr_11_t18_v36
-600774371,vem_chassis_1_t4_v0
-600768499,vem_rwd_suv_18_t19_v2
-600670728,packed_mp_veh_mod_idx_s_11_v395
-600616450,vem_supermod_19_2_t60_v27
-600561774,m_cl_clo_bhm_u_0_15_t11_v1
-600553303,vem_colour_1_mct_matte_yellow_t24_v33
-600544007,m_cl_clo_grm_l_3_0_t4_v1
-600455297,packed_mp_veh_colour2_0_v364
-600428401,f_cl_clo_h4f_pey_0_0_t14_v1
-600408055,m_cl_clo_hstmb_18_3_t1_v1
-600402506,vem_colour_2_mct_metallic_orange_t25_v2
-600255248,m_cl_clo_smm_u_1_8_t11_v1
-600224650,f_cl_clo_h2f_o_c_16_t3_v12
-600217514,vem_spoiler_9_t14_v4
-600072756,vem_smod4_whlv89_t66_v0
-600038107,packed_mp_veh_livery_0_v254
-600032043,vem_colour_2_mct_metallic_red_t25_v1
-599965112,packed_mp_veh_mod_idx_15_v207
-599916673,packed_mp_veh_colour_extra2_0_v407
-599798398,packed_mp_veh_colour_extra2_0_v336
-599726462,packed_mp_veh_mod_idx_s_22_v5
-599599631,vem_insurance_kamacho
-599542017,f_cl_clo_h2f_s_9_12_t8_v1
-599473526,m_cl_g_fmm_9_1_t14_v0
-599450746,f_ta_tat_sb_013_t0_v0
-599448138,packed_mp_veh_mod_idx_s_13_v179
-599447880,m_cl_clo_stm_o_14_t11_v12_cesp
-599405357,f_cl_clo_l2f_u_7_7_t11_v1
-599358936,packed_ng_vehicle_neon_kit_v278
-599347528,vem_smod4_whlv95_t66_v3
-599253906,packed_mp_veh_mod_idx_s_14_v249
-599217815,vem_cmod_tyr_6_t18_v27
-599216294,packed_mp_veh_mod_idx_2_v267
-599105246,m_cl_clo_h2m_ph_411_t14_v1
-599088261,m_cl_clo_hilf_u_1_7_t11_v1
-598994120,m_ha_hair_beard11_t1_v1
-598896686,vem_smod4_whlv146_t66_v2
-598896595,packed_mp_veh_mod_idx_22_v271
-598870465,vem_colour_2_mct_metallic_olive_green_t25_v2
-598800625,packed_mp_veh_mod_idx_12_v314
-598778625,packed_mp_veh_colour2_0_v212
-598686486,vem_colour_extra_1_mct_pearlescent_lava_red_t24_v4
-598669301,packed_mp_veh_colour1_0_v17
-598669267,m_cl_clo_h2m_b_7_10_t1_v1
-598641904,f_cl_clo_h2f_o_s_16_t3_v12
-598567112,f_cl_clo_grf_l_0_11_t4_v1
-598509785,packed_mp_veh_mod_idx_s_13_v69
-598494595,packed_mp_veh_colour1_0_v188
-598488886,vem_supermod_3_35_t44_v7
-598475277,vem_supermod_10_12_t51_v11
-598279258,wp_wct_clip1_t1_v56
-598266163,m_cl_ht_fmm_6_6_t14_v0
-598234136,packed_lr_vehicle_colour_5_v322
-598222407,vem_insurance_penetrator
-598136695,packed_mp_veh_mod_idx_s_10_v76
-598066330,vem_colour_mct_none_143
-597978445,service_spend_arena_premium_event_entry
-597944572,packed_mp_veh_secondary_colour_group_v295
-597928578,packed_mp_veh_primary_colour_group_v303
-597928248,m_cl_clo_bbm_t_2_2_t7_v1
-597922017,f_cl_clo_bif_prw_7_2_t14_v1
-597755171,f_cl_clo_suf_l_2_21_t4_v1
-597678698,f_ha_clo_bif_h_3_0_t0_v0
-597668451,mp_stat_mpsv_model_388
-597647184,m_cl_clo_grm_decl_5_t11_v1
-597621223,vem_grill_7_t8_v29
-597548283,vem_rwd_offr_06_t19_v2
-597465715,f_cl_clo_h3f_o_sl_14_t8_v12
-597410639,vem_spoiler_4_t14_v27
-597377962,m_cl_clo_h4m_prw_0_4_t14_v1
-597196326,packed_ng_vehicle_neon_kit_v367
-597149447,m_cl_clo_scm_l_10_18_t4_v1
-597142110,m_cl_clo_vwm_u_21_11_t11_v1
-597008314,packed_mp_veh_secondary_colour_group_v153
-596896609,packed_mp_veh_mod_idx_s_12_v307
-596736902,f_ta_tat_h4_025_t0_v0
-596734229,m_cl_l_fmm_9_15_t4_v0
-596730208,ve_banshee_t0_v3_cesp
-596729113,packed_mp_veh_mod_idx_14_v176
-596659053,vem_fender_l_8_t36_v35
-596630752,m_cl_clo_sum_b_4_3_t1_v1
-596621944,packed_mp_veh_mod_idx_1_v29
-596506597,f_cl_clo_hstf_o_h_2_t11_v12
-596486895,f_cl_clo_bif_u_14_2_t11_v1
-596440893,vem_offr_02_t19_v12
-596378598,f_cl_clo_fxf_u_9_9_t11_v1
-596284559,packed_mp_veh_mod_idx_s_18_v325
-596238246,vem_truck_slot_5_mod_0_t0_v0
-596153656,packed_mp_veh_mod_idx_0_v54
-596143842,mp_stat_mpsv_model_191
-596059231,f_cl_clo_exf_es_0_2_t8_v1
-596058541,vem_colour_extra_1_mct_metallic_yellow_t24_v3
-596004001,packed_mp_veh_mod_idx_s_20_v269
-595984124,packed_ng_vehicle_smoke_v213
-595950008,m_cl_clo_h2m_ph_4_7_t14_v1
-595931644,m_cl_outfit_clo_h2m_o_g_12_t12_v0
-595912192,m_ha_cc_mkup_74_t5_v0
-595741771,packed_mp_veh_mod_idx_13_v410
-595712107,packed_mp_veh_mod_idx_5_v344
-595702654,f_cl_outfit_clo_h2f_o_g_19_t12_v0
-595547766,fcclub_dnc_1_t0_v0
-595507168,f_cl_clo_bhf_l_4_2_t4_v1
-595479620,m_cl_clo_awm_o_b_1_t3_v12
-595468098,mp_stat_arcade_mac_6
-595435604,vem_supermod_12_8_t53_v27
-595355506,vem_colour_1_mct_classic_stone_silver_t24_v1
-595352874,vem_colour_2_mct_metallic_blaze_red_t25_v2
-595340996,packed_mp_veh_mod_idx_8_v211
-595334343,f_cl_clo_exf_es_0_0_t8_v1
-595285228,m_cl_clo_indm_d_18_t100_v0
-595110013,packed_mp_veh_mod_var_0_v353
-595103517,vem_supermod_15_2_t56_v27
-595098228,packed_mp_veh_colour1_0_v39
-595084855,packed_mp_veh_mod_idx_s_6_v335
-595044954,vem_supermod_0_11_t41_v11
-594869863,ve_landstal_t0_v2
-594867775,vem_colour_extra_1_mct_metallic_salmon_pink_t24_v2
-594680285,m_cl_clo_awm_ph_1_6_t14_v1
-594659519,m_cl_clo_sbm_l_0_6_t4_v1
-594593294,packed_mp_veh_mod_idx_s_3_v273
-594507504,mp_stat_mpsv_model_128
-594460548,m_cl_clo_bim_u_20_2_t11_v1
-594424874,wp_wct_tint_10_t2_v70_n2
-594412199,packed_mp_veh_mod_idx_s_4_v270
-594248839,vem_smod4_whlv33_t66_v3
-594064559,packed_mp_veh_mod_idx_16_v155
-594057921,vem_spoiler_0_t14_v3
-594054144,m_ha_face_e_c_9_t4_v0
-594037632,f_cl_clo_indf_g_0_0_t14_v0
-593983331,m_ta_tat_fx_018_t0_v0
-593965456,packed_ng_vehicle_bpt_v90
-593942186,ve_dominator8_t1_v3
-593913585,f_cl_outfit_clo_x6f_o_o_13_t12_v0
-593845974,vem_supermod_17_21_t58_v3
-593758243,vem_spoiler_11_t14_v27
-593722631,packed_mp_veh_mod_idx_s_12_v83
-593642164,vem_supermod_3_29_t44_v10
-593627908,vem_turbo_0_t17_v0
-593427332,vem_rwd_musc_02_t19_v2
-593327018,m_ta_tat_h27_027_t0_v0
-593320915,f_cl_clo_apf_u_23_1_t11_v1
-593253919,f_cl_clo_hstf_o_a_3_t3_v12
-593194259,wp_wm_tint3_t2_v55
-593149089,packed_mp_veh_mod_idx_13_v76
-593023920,vem_rwd_spt_22_t19_v3
-592871660,fa_upgrade_fakeid_staff_0_t0_v0
-592848307,f_cl_clo_grf_u_0_2_t11_v1
-592761185,f_cl_clo_grf_ph_2_11_t14_v1
-592757493,ve_cypher_t1_v3
-592645367,vem_colour_extra_1_mct_pearlescent_beechwood_brown_t24_v4
-592643593,packed_mp_veh_mod_var_1_v139
-592625989,vem_colour_1_mct_classic_light_blue_t24_v1
-592604603,m_cl_clo_sbm_l_0_8_t4_v1
-592593806,vem_offr_21_t19_v3
-592568634,vem_colour_2_mct_metallic_ultra_blue_t25_v4
-592361109,f_cl_clo_ief_u_5_10_t11_v1
-592347130,packed_mp_veh_mod_idx_s_16_v112
-592322910,m_cl_clo_hp_d_30_t8_v1
-592226305,m_cl_clo_smm_b_1_5_t1_v1
-592163961,f_cl_o_fmf_b9_t3_v12
-592119494,m_cl_clo_hp_d_1_t100_v0
-592081902,m_cl_clo_h2m_b_7_1_t1_v1
-592058745,packed_mp_veh_mod_idx_s_0_v330
-592049825,packed_mp_veh_mod_idx_12_v405
-591999957,packed_mp_veh_mod_idx_4_v209
-591977222,m_cl_clo_v2m_f_0_3_t6_v1
-591976545,vem_insurance_daemon2
-591919020,m_cl_clo_trm_u_17_6_t11_v1
-591808364,m_cl_clo_bhm_u_2_5_t11_v1
-591806594,f_cl_clo_trf_u_15_6_t11_v1
-591733031,packed_lr_vehicle_colour_5_v236
-591719131,dec_vw_aw_mt_9d
-591620066,f_cl_clo_smf_b_2_3_t1_v1
-591483879,f_cl_clo_scf_ey_1_2_t14_v1
-591472241,f_cl_outfit_clo_lxf_o_11_t12_v0
-591451510,m_cl_clo_stm_u_3_8_t11_v1
-591413630,vem_smod4_whlv122_t66_v0
-591278809,m_cl_clo_og_decl_0_t8_v2
-591188179,vem_supermod_4_3_t45_v7
-591060956,vem_colour_1_mct_metallic_stone_silver_t24_v4
-591026170,m_cl_clo_trm_u_11_6_t11_v1
-591009070,vem_supermod_12_10_t53_v27
-590992595,packed_mp_veh_mod_idx_s_11_v278
-590932785,f_cl_clo_h2f_b_11_3_t1_v1
-590876925,packed_mp_veh_wheel_type_0_v142
-590777701,vem_supermod_15_3_n1_t56_v3
-590644730,wp_wt_prcsrifle_t0_v0
-590528182,f_cl_clo_smf_b_2_14_t1_v1
-590519396,packed_mp_veh_mod_idx_9_v123
-590460933,m_cl_clo_assm_o_5_t3_v12
-590424528,packed_mp_veh_mod_var_0_v97
-590378003,m_cl_clo_indm_d_16_t8_v2
-590356204,vem_colour_extra_1_mct_metallic_dark_silver_t24_v33
-590323286,wp_wm_tint1_t2_v73
-590308338,packed_ng_vehicle_neon_v286
-590284778,packed_ng_vehicle_insurance_v401
-590257781,m_ta_tat_x6_006_t0_v0
-590204077,m_cl_clo_s2m_d_7_t100_v0
-590144964,m_ha_cc_mkup_54_t5_v0
-590141593,m_cl_clo_bhm_u_4_16_t11_v1
-590132727,packed_mp_veh_mod_idx_s_16_v403
-590045230,f_cl_clo_stf_u_4_0_t11_v1
-589882777,f_cl_clo_h2f_o_g_6_t3_v12
-589834327,f_cl_clo_x3f_b_14_2_t1_v1
-589794053,mp_stat_factoryslot3_v0
-589759953,packed_mp_veh_mod_idx_s_14_v30
-589743112,packed_mp_veh_window_tint_0_v118
-589726232,f_cl_outfit_clo_stf_o_18_t12_v0
-589684693,packed_mp_veh_mod_idx_8_v399
-589615102,vem_horn_clas5_t10_v1
-589612222,f_cl_clo_vwf_pw_3_1_t14_v1
-589599214,wp_wct_tint_4_t2_v21_n2
-589535542,packed_mp_veh_colour2_0_v20
-589532975,mp_stat_multi_property_4_v0
-589493574,ve_dinghy3_t1_v0
-589476731,vem_rwd_drft_19_t19_v1
-589468325,vem_rwd_hiend_05_t19_v2
-589426186,packed_mp_veh_mod_idx_s_21_v245
-589376029,m_cl_clo_xmas_h_0_1_t14_v1
-589373273,packed_mp_veh_livery_0_v84
-589352742,packed_mp_veh_mod_idx_s_5_v336
-589226948,m_cl_clo_grm_u_18_7_t11_v1
-589185234,packed_ng_vehicle_bpt_v341
-589082928,f_cl_clo_vwf_u_19_8_t11_v1
-589070902,packed_mp_veh_mod_idx_s_16_v132
-589058324,packed_mp_veh_mod_idx_24_v315
-588965497,m_cl_clo_smm_b_4_6_t1_v1
-588944411,packed_mp_veh_mod_idx_s_17_v272
-588893103,vem_smod5_whlv104_t66_v3
-588857366,f_cl_clo_x6f_u_26_10_t11_v1
-588820554,ve_rrocket_t0_v3
-588806879,m_cl_clo_sum_b_3_9_t1_v1
-588799867,m_cl_clo_vwm_u_10_18_t11_v1
-588799486,f_cl_clo_grf_u_2_4_t11_v1
-588650129,packed_mp_veh_livery2_0_v391
-588642843,vem_bikew_06_t19_v3
-588519281,f_cl_m_fmf_1_2_t1_v0
-588425497,vem_colour_1_mct_classic_blue_t24_v2
-588370806,vem_smod3_whlv84_t66_v3
-588334914,f_cl_clo_bhf_decl_6_t100_v0
-588219502,packed_mp_veh_mod_idx_s_14_v83
-588183599,packed_mp_veh_mod_idx_7_v104
-588013298,f_cl_clo_stf_o_2_t11_v12
-588009927,packed_mp_veh_mod_idx_s_9_v294
-587725206,packed_mp_veh_mod_idx_22_v205
-587663580,packed_mp_veh_mod_var_0_v108
-587632676,packed_mp_veh_mod_idx_6_v104
-587619018,vem_supermod_15_17_t56_v3
-587615391,vem_smod4_whlv178_t66_v3
-587532821,f_cl_clo_s1f_dec_7_t100_v0
-587390204,vem_colour_1_mct_metallic_olive_green_t24_v2
-587358933,packed_mp_veh_mod_idx_24_v225
-587317865,m_cl_clo_x6m_u_3_8_t11_v1
-587101473,packed_mp_veh_mod_idx_s_4_v134
-587100921,packed_mp_veh_mod_idx_s_20_v73
-587093888,vem_chassis_23_t4_v3
-587062886,f_cl_clo_h3f_ph_11_5_t14_v1
-587052897,packed_mp_veh_mod_idx_3_v251
-587045176,f_cl_clo_smf_ph_3_2_t14_v1
-586973151,packed_mp_veh_secondary_colour_group_v1
-586955961,packed_mp_veh_mod_idx_9_v371
-586870595,packed_mp_veh_mod_idx_s_23_v338
-586807476,vem_cmod_tyr_10_t18_v37
-586799436,f_cl_clo_h3f_b_9_5_t1_v1
-586782056,vem_supermod_11_5_t52_v3
-586749170,f_cl_clo_awf_f_8_4_t6_v1
-586736533,packed_mp_veh_mod_idx_s_12_v169
-586693238,m_cl_f_fmm_6_0_t6_v0
-586575976,f_cl_clo_vwf_b_8_2_t1_v1
-586474709,packed_mp_veh_mod_idx_s_13_v28
-586448122,vem_horn_clas6_t10_v34
-586392592,packed_lr_vehicle_colour_5_v229
-586197611,vem_smod2_whlv62_t66_v3
-586145148,f_cl_clo_hstf_o_b_3_t3_v12
-586061390,f_ha_cc_mkup_81_t5_v0
-586039103,packed_mp_veh_mod_idx_4_v192
-585970864,f_cl_clo_smf_u_0_0_t11_v1
-585892803,f_ta_tat_bi_035_t0_v0
-585805502,packed_mp_veh_mod_idx_15_v132
-585788022,mp_stat_mpsv_model_189
-585752099,packed_mp_veh_mod_idx_s_15_v315
-585725326,packed_mp_veh_livery2_0_v264
-585719401,packed_mp_veh_mod_idx_s_12_v356
-585718395,service_spend_utility_bills
-585701079,f_cl_clo_x17f_o_m_0_t8_v12
-585444753,m_cl_clo_h2m_b_5_2_t1_v1
-585432320,vem_supermod_10_4_t51_v10
-585309271,f_cl_clo_vwf_f_1_5_t6_v1
-585215566,vem_supermod_22_4_t63_v26
-585183826,m_cl_clo_hp_d_22_t100_v0
-585100875,packed_mp_veh_mod_idx_12_v394
-585021140,packed_mp_veh_mod_idx_5_v219
-584977525,f_cl_clo_h3f_u_2_7_t11_v1
-584838056,f_ha_face_e_c_19_t4_v0
-584818102,m_cl_clo_indm_s_0_7_t8_v2
-584816167,vem_chassis_14_t4_v39
-584800602,m_cl_outfit_clo_hilf_o_1_t12_v0
-584785290,vem_supermod_18_2_t59_v3
-584693088,ve_burrito_t1_v3
-584631405,packed_mp_veh_primary_colour_group_v220
-584612787,wp_wm_tint6_t2_v91
-584603065,f_cl_clo_smf_u_2_3_t11_v1
-584599328,vem_supermod_17_1_t58_v6
-584599182,wp_wct_muzz2_t1_v46_n2
-584563913,vem_bumper_f_0_t34_v28
-584433701,packed_mp_veh_mod_idx_s_10_v109
-584403911,vem_colour_extra_1_mct_classic_light_blue_t24_v1
-584189584,packed_mp_veh_mod_idx_s_5_v288
-584048516,packed_mp_veh_mod_idx_s_13_v254
-583994539,vem_hiend_14_t19_v1
-583948843,vem_smod4_whlv19_t66_v3
-583934627,f_ta_tat_hp_009_t0_v0
-583869902,f_cl_outfit_clo_arf_o_2_t12_v0
-583853948,f_cl_clo_hstf_o_a_2_t3_v12
-583844664,vem_skirt_1_t13_v3
-583752191,m_cl_clo_bim_s_10_12_t8_v1
-583653290,f_cl_clo_sbf_f_5_6_t6_v1
-583555732,m_cl_clo_s2m_d_28_t11_v1
-583499553,packed_mp_veh_mod_var_0_v176
-583400357,f_cl_clo_bif_decl_26_t11_v1
-583346681,vem_supermod_13_7_t54_v3
-583326110,f_ta_tat_bi_021_t0_v0_cesp
-583248545,packed_mp_veh_mod_idx_s_22_v77
-583230779,packed_mp_veh_mod_idx_4_v408
-583224203,veu_chino2_t0_v0
-583151080,packed_mp_veh_mod_idx_s_22_v405
-583097879,f_cl_clo_smf_b_4_12_t1_v1
-583066141,m_cl_clo_x6m_f_5_16_t6_v1
-582988136,m_cl_clo_grm_u_15_22_t11_v1
-582932110,f_cl_clo_h2f_o_c_8_t8_v12
-582927229,packed_mp_veh_mod_idx_s_7_v149
-582916695,packed_mp_veh_mod_idx_6_v367
-582773525,vem_bumper_f_17_t34_v27
-582772989,packed_mp_veh_window_tint_0_v311
-582721201,packed_mp_veh_mod_idx_6_v321
-582711457,vem_colour_extra_1_mct_metallic_graphite_t24_v33
-582710352,vem_spoiler_0_t14_v31
-582636107,vem_colour_extra_1_mct_metallic_cream_t24_v33
-582620697,f_cl_clo_grf_l_0_16_t4_v1
-582548445,m_cl_u_fmm_1_4_t8_v0
-582505049,vem_rwd_spt_18_t19_v3
-582382732,f_cl_u_fmf_11_15_t8_v0
-582307117,packed_mp_veh_mod_idx_s_4_v72
-582248873,packed_mp_veh_secondary_colour_group_v265
-582247205,f_cl_clo_x6f_o_o_25_t3_v12
-582176268,m_cl_clo_h2m_b_8_10_t1_v1
-582167894,packed_mp_veh_mod_idx_1_v359
-582136978,vem_supermod_1_7_t42_v11
-582106270,m_cl_clo_exm_eu_15_1_t11_v1
-582057059,vem_cmod_exp_0_t20_v26
-581987057,m_cl_clo_iem_u_5_21_t11_v1
-581979768,packed_mp_veh_mod_idx_s_10_v276
-581945203,m_ta_tat_sb_036_t0_v0
-581854551,packed_mp_veh_mod_idx_s_11_v113
-581728535,f_cl_clo_grf_u_15_15_t11_v1
-581709952,m_cl_outfit_clo_trm_o_r4_t12_v0
-581665750,packed_mp_veh_livery2_0_v231
-581618340,m_cl_clo_vwm_u_9_22_t11_v1
-581492246,m_cl_clo_sum_decl_8_t100_v0
-581364896,vem_cmod_tyr_1_t32_v4
-581273481,fcclub_lght_2_t0_v0
-581237882,vem_supermod_10_1_t51_v3
-581105052,packed_mp_veh_mod_idx_s_17_v18
-581102303,m_cl_clo_h4m_u_3_20_t11_v1
-580939423,f_ta_tat_vw_026_t0_v0
-580889712,vem_smod4_whlv18_t66_v1
-580880959,f_cl_l_fmf_9_5_t4_v0
-580838264,packed_lr_vehicle_colour_6_v61
-580793572,ve_sadler_t0_v2
-580711014,packed_mp_veh_mod_idx_2_v311
-580604312,packed_mp_veh_mod_idx_7_v53
-580582906,packed_ng_vehicle_smoke_v202
-580560088,f_cl_clo_h2f_f_5_25_t6_v1
-580467911,wp_wm_tint4_t2_v2
-580260768,vem_colour_extra_1_mct_metals_br_steel_t24_v33
-580127129,vem_smod_whl26_t19_v3
-580084596,packed_mp_veh_mod_idx_s_23_v396
-580082970,packed_mp_veh_mod_idx_2_v256
-580068299,packed_mp_veh_mod_idx_s_15_v188
-579998908,vem_colour_extra_1_mct_matte_blue_t24_v1
-579950909,f_cl_clo_fxf_pe_3_4_t14_v1
-579930522,packed_mp_veh_mod_idx_s_4_v144
-579874729,packed_mp_veh_colour_extra1_0_v373
-579701041,f_cl_clo_h2f_ph_415_t14_v1
-579619146,vem_cmod_exp_1_t20_v1
-579575306,f_ha_face_e_c_10_t4_v0
-579523743,vem_spt_04_t19_v1
-579384793,f_cl_clo_bhf_u_4_17_t11_v1
-579366646,packed_mp_veh_mod_idx_16_v6
-579331862,f_cl_clo_x6f_u_26_6_t11_v1
-579299018,ve_squaddie_t0_v3
-579114609,packed_mp_veh_colour_extra2_0_v269
-579066182,packed_mp_veh_mod_idx_s_22_v395
-579058128,packed_mp_veh_secondary_colour_group_v205
-579044529,packed_mp_veh_mod_idx_s_18_v367
-578978944,f_cl_clo_sbf_lw_3_2_t14_v1
-578963707,packed_mp_veh_mod_idx_9_v84
-578857490,packed_lr_vehicle_colour_5_v203
-578723539,m_cl_clo_hstm_t_1_2_t7_v1
-578708221,f_cl_u_fmf_0_0_t8_v0
-578696262,packed_mp_veh_mod_idx_7_v33
-578449674,f_cl_clo_h4f_decl_34_t100_v0
-578383336,f_cl_clo_hp_f_d_9_t100_v0
-578323588,packed_mp_veh_mod_idx_s_14_v39
-578296136,f_cl_outfit_clo_s1f_o_7_t12_v0
-578221415,m_cl_clo_x6m_u_10_0_t11_v1
-578217440,packed_ng_vehicle_neon_v101
-578214476,dec_vw_aw_ss_12
-578179941,packed_mp_veh_mod_idx_s_2_v130
-578170697,f_cl_clo_sbf_f_0_12_t6_v1
-578090247,f_cl_clo_l2f_o_3_t3_v12
-578055862,wh_index_21_t0_v0
-578054790,packed_mp_veh_mod_idx_s_10_v149
-578021507,f_ha_clo_scf_h_0_0_t0_v0
-577960271,vem_smod_whlv56_t66_v0
-577955336,packed_mp_veh_mod_idx_s_1_v368
-577933554,packed_mp_veh_mod_idx_1_v190
-577912373,m_ha_cc_mkup_39_t7_v0
-577745245,mba_floor1_5_t0_v0
-577727866,m_cl_clo_hp_h_0_5_t14_v1
-577625918,f_cl_clo_x6f_ey_2_0_t14_v1
-577601303,m_cl_clo_iem_u_18_10_t11_v1
-577586498,packed_mp_veh_mod_idx_13_v208
-577572743,packed_mp_veh_mod_idx_s_8_v152
-577534299,vem_colour_2_mct_metallic_candy_red_t25_v4
-577499708,vem_supermod_57_15_t57_v7
-577437305,packed_mp_veh_mod_idx_s_14_v41
-577345091,vem_rwd_spt_15_t19_v12
-577336030,vem_smod4_whlv15_t66_v3
-577295299,f_cl_clo_x6f_ph_2_18_t14_v1
-577255456,vem_smod2_whlv154_t66_v3
-577200057,packed_mp_veh_mod_idx_s_13_v301
-577173717,packed_mp_veh_colour1_0_v20
-577139095,f_cl_clo_h2f_f_5_13_t6_v1
-577116182,vem_supermod_41_16_t41_v7
-577112751,packed_ng_vehicle_insurance_v83
-577067061,packed_mp_veh_mod_idx_s_4_v30
-577018254,m_cl_clo_x6m_l_0_15_t4_v1
-576926202,vem_insurance_monstrociti
-576910627,f_cl_clo_trf_u_13_1_t11_v1
-576821993,vem_supermod_0_17_t41_v7
-576722145,f_ta_tat_s2_000_t0_v0
-576675996,packed_mp_veh_mod_idx_s_8_v171
-576616198,packed_mp_veh_mod_idx_s_7_v30
-576613549,f_cl_clo_v2f_l_1_6_t4_v1
-576554784,m_cl_clo_hstm_t_2_12_t7_v1
-576444654,packed_mp_veh_mod_idx_2_v88
-576419564,f_cl_clo_fxf_l_1_17_t4_v1
-576304100,f_cl_clo_s1f_f_0_4_t6_v1
-576192025,packed_mp_veh_colour_extra2_0_v137
-576067948,cf_mission_passed_ha_v1
-575871668,m_cl_clo_fxm_l_2_2_t4_v1
-575850065,f_cl_clo_vwf_u_8_12_t11_v1
-575807057,packed_mp_veh_mod_idx_1_v280
-575711844,m_cl_clo_scm_l_10_21_t4_v1
-575702071,vem_colour_1_mct_metallic_straw_brown_t24_v33
-575572458,vem_supermod_14_11_t55_v27
-575521145,vem_supermod_3_6_t44_v3
-575488525,packed_mp_veh_mod_idx_5_v272
-575313672,vem_supermod_1_8_t42_v38
-575263648,m_cl_clo_fxm_ph_6_1_t14_v1
-575175464,packed_mp_veh_colour1_0_v355
-575091930,dec_vw_aw_ss_14a
-575091836,packed_mp_veh_mod_idx_22_v357
-575075468,packed_mp_veh_mod_idx_10_v395
-574956721,vem_horn_clas2_t10_v39
-574905292,vem_colour_1_mct_metallic_dark_blue_t24_v0
-574902052,f_cl_clo_half_5_0_t1_v1
-574900695,vem_smod_whlv15_t66_v3
-574847897,f_cl_clo_suf_u_18_19_t11_v1
-574776792,packed_mp_veh_mod_idx_1_v311
-574751641,f_cl_clo_hstf_l_8_0_t4_v1
-574714346,vem_colour_1_mct_matte_midnight_blue_t24_v0
-574671560,packed_mp_veh_mod_idx_s_6_v316
-574670522,f_ta_tat_fm_018_t0_v0
-574646253,arcade_contraband_mission_remove_v0
-574529432,vem_horn_cnote_b0_t10_v31
-574343264,vem_supermod_41_23_t41_v7
-574297176,vem_supermod_23_8_t64_v7
-574114571,vem_smod_whlv107_t66_v0
-574074325,f_cl_clo_lxf_u_6_2_t11_v1
-574022624,f_cl_clo_ief_u_4_1_t11_v1
-573799535,packed_mp_veh_mod_idx_15_v128
-573790655,packed_mp_veh_mod_idx_s_20_v287
-573789653,f_cl_clo_grf_decl_28_t10_v1
-573787015,vem_fender_r_5_n1_t37_v1
-573708654,m_cl_f_fmm_15_12_t6_v0
-573699346,packed_mp_veh_mod_idx_s_6_v160
-573650395,m_cl_clo_trm_u_7_0_t11_v1
-573582982,m_cl_clo_hilf_u_3_5_t11_v1
-573570702,wp_wct_tint_10_t2_v13_n2
-573555223,m_cl_clo_h3m_u_5_5_t11_v1
-573510413,m_cl_clo_busm_l_0_3_t4_v1
-573476823,vem_smod4_whlv94_t66_v3
-573461549,m_cl_clo_x2m_ht_4_5_t14_v1
-573357067,packed_mp_veh_mod_idx_s_10_v52
-573342466,ve_velum2_n1_t1_v0
-573341690,m_cl_clo_fxm_u_2_22_t11_v1
-573303325,vem_insurance_oracle
-573229068,packed_ng_vehicle_bpt_v9
-573219131,vem_smod4_whlv53_t66_v3
-573177063,packed_mp_veh_mod_var_1_v119
-573147425,vem_colour_2_mct_classic_light_blue_t25_v2
-573133564,f_cl_clo_sbf_ph_6_11_t14_v1
-573125000,wp_wct_clip1_t1_v0
-573108518,vem_fender_r_5_t37_v6
-573099673,ve_blazer2_t0_v0
-573072294,m_cl_clo_vwm_u_6_7_t11_v1
-573033141,packed_ng_vehicle_neon_kit_v74
-572907154,vem_suspension_5_t15_v7
-572852865,vem_colour_extra_1_mct_pearlescent_dark_silver_t24_v2
-572738624,packed_mp_veh_mod_idx_8_v387
-572709487,f_cl_f_fmf_15_3_t6_v0
-572680519,packed_lr_vehicle_colour_6_v383
-572640787,f_cl_clo_ief_o_8_t8_v12
-572614576,f_cl_clo_x6f_f_1_13_t6_v1
-572583945,f_cl_outfit_clo_awf_o_c_9_t12_v0
-572576694,wp_wct_tint_9_t2_v5_n2
-572502968,vem_spoiler_7_t14_v27
-572443567,packed_mp_veh_mod_idx_s_1_v142
-572389269,packed_mp_veh_mod_idx_s_7_v378
-572276513,m_cl_ht_fmm_13_4_t14_v0
-572239321,packed_ng_vehicle_bpt_v83
-572155966,vem_horn_hips1_t10_v30
-572088345,packed_mp_veh_mod_idx_s_5_v65
-572024011,packed_mp_veh_mod_idx_s_14_v202
-572011294,vem_colour_1_mct_classic_diamond_blue_t24_v2
-571959229,packed_mp_veh_mod_idx_s_11_v148
-571885608,packed_mp_veh_colour1_0_v97
-571874763,packed_mp_veh_secondary_colour_group_v149
-571849628,m_cl_clo_x6m_ph_1_19_t14_v1
-571830206,f_cl_clo_bif_ph_12_5_t14_v1
-571815014,m_cl_clo_stm_o_8_t11_v12_cesp
-571813082,vem_colour_extra_1_mct_metallic_garnet_red_t24_v3
-571796787,packed_mp_veh_mod_var_0_v32
-571752221,m_cl_clo_grm_u_2_19_t11_v1
-571670322,f_cl_clo_ltsfl_0_3_t4_v1
-571642462,m_ha_cc_m_hs_0_t0_v1
-571603083,packed_mp_veh_window_tint_0_v230
-571581015,m_cl_clo_bus_m_0_14_t1_v1
-571521944,vem_colour_mct_none_70
-571496346,packed_mp_veh_mod_var_1_v272
-571458279,vem_insurance_menacer
-571352428,packed_mp_veh_colour2_0_v244
-571328545,packed_mp_veh_wheel_type_0_v237
-571281956,f_cl_clo_bhf_l_4_4_t4_v1
-571186826,m_cl_clo_h2m_f_3_22_t6_v1
-571077132,f_cl_clo_h4f_decl_53_t11_v1
-570995678,m_cl_clo_busm_l_1_1_t4_v1
-570956729,vem_hood_2_t9_v5
-570890116,packed_mp_veh_mod_idx_s_14_v410
-570843232,f_ha_cc_mkup_4_t7_v1
-570780382,f_cl_clo_scf_l_0_7_t4_v1
-570763304,packed_mp_veh_mod_idx_0_v190
-570682803,vem_supermod_16_22_t57_v3
-570674061,packed_mp_veh_mod_idx_s_2_v200
-570634960,m_cl_clo_x6m_l_7_6_t4_v1
-570594814,casweb_bar_1_t0_v0
-570594321,m_cl_clo_x6m_ey_2_0_t14_v1
-570590183,m_cl_clo_vwm_u_6_0_t11_v1
-570584723,f_cl_clo_awf_b_2_11_t1_v1
-570516098,packed_mp_veh_livery_0_v235
-570506483,packed_mp_veh_mod_idx_s_5_v355
-570457556,m_cl_clo_x6m_f_3_19_t6_v1
-570455172,packed_mp_veh_mod_idx_12_v322
-570374587,mp_stat_mpsv_model_248
-570309428,wp_wct_tint_14_t2_v70_n2
-570285170,vem_insurance_comet5
-570020119,pr_pm_modshop_6_t87_v0
-570011521,packed_mp_veh_mod_idx_s_1_v61
-569874530,packed_ng_vehicle_neon_v26
-569848660,packed_mp_veh_mod_idx_s_16_v407
-569823023,packed_mp_veh_mod_idx_8_v357
-569811602,m_cl_clo_iem_u_3_5_t11_v1
-569808344,ve_ruffian_t0_v4
-569698924,m_cl_clo_vwm_u_4_1_t11_v1
-569633160,vem_offr_15_t19_v3
-569600277,packed_mp_veh_mod_idx_s_4_v301
-569592220,m_cl_clo_busm_u_2_9_t11_v1
-569564159,m_cl_clo_bim_l_4_7_t4_v1
-569560866,packed_mp_veh_primary_colour_group_v117
-569559331,packed_mp_veh_wheel_type_0_v252
-569552267,packed_ng_vehicle_bpt_v81
-569501644,packed_mp_veh_mod_idx_24_v294
-569452894,m_cl_clo_vem_dec_44_t100_v0
-569221955,packed_mp_veh_mod_var_0_v327
-569218202,packed_mp_veh_colour1_0_v286
-569144126,packed_ng_vehicle_neon_kit_v215
-569085306,m_cl_clo_s2m_u_0_11_t11_v1
-569014831,f_cl_clo_grf_ph_1_16_t14_v1
-568850461,f_cl_clo_ief_u_7_5_t11_v1
-568831274,packed_mp_veh_mod_idx_0_v278
-568734599,casweb_style_1_t0_v0
-568660987,packed_mp_veh_livery2_0_v397
-568627997,f_cl_clo_bhf_decl_16_t11_v1
-568607098,f_cl_clo_h3f_l_5_12_t4_v1
-568578401,ve_dinghy_t0_v0
-568545193,vem_colour_6_bleeched_brown_t65_v3
-568545177,packed_mp_veh_mod_idx_23_v261
-568544249,f_cl_clo_vwf_u_4_25_t11_v1
-568535576,vem_colour_1_mct_classic_salmon_pink_t24_v2
-568528860,packed_mp_veh_mod_idx_s_18_v337
-568449394,m_cl_outfit_clo_hp_o_8_t12_v0
-568420858,vem_colour_2_mct_metallic_yellow_t25_v1
-568408197,vem_armour_5_t1_v26
-568347274,f_cl_clo_smf_b_8_4_t1_v1
-568297602,vem_smod4_whlv198_t66_v0
-568137315,m_cl_clo_trm_o_r4_t3_v12
-568065495,m_cl_clo_hstmb_23_6_t1_v1
-568055016,vem_supermod_11_4_t52_v28
-567996297,packed_mp_veh_window_tint_0_v297
-567967511,packed_mp_veh_mod_idx_18_v217
-567875188,vem_colour_extra_1_mct_metallic_flur_yellow_t24_v0
-567820615,packed_mp_veh_mod_var_1_v32
-567788831,packed_mp_veh_mod_idx_s_10_v208
-567768516,packed_mp_veh_mod_idx_12_v80
-567650580,m_cl_clo_x6m_u_3_9_t11_v1
-567598973,packed_ng_vehicle_smoke_v89
-567575448,m_cl_outfit_clo_awm_o_f_3_t12_v0
-567516397,m_cl_clo_h2m_ph_4_3_t14_v1
-567461225,m_cl_clo_h3m_o_jan_1_t11_v12
-567278942,f_cl_outfit_clo_h4f_o_s2_f3_t12_v0
-567214148,vem_colour_extra_1_mct_pearlescent_gold_t24_v0
-567141952,f_cl_clo_arf_b_0_11_t1_v1
-567137620,packed_lr_vehicle_colour_6_v214
-567090439,packed_mp_veh_mod_idx_s_19_v359
-567037247,vem_supermod_46_2_t46_v7
-566859137,packed_mp_veh_mod_idx_s_7_v300
-566848918,packed_mp_veh_mod_idx_s_15_v344
-566748164,vem_chassis_10_t4_v39
-566716972,m_cl_clo_sbm_f_6_1_t6_v1
-566548188,packed_mp_veh_mod_idx_s_21_v224
-566538837,vem_offr_17_t19_v2
-566432008,packed_mp_veh_mod_idx_s_16_v21
-566407780,m_cl_clo_v2m_l_1_1_t4_v1
-566331387,vem_hiend_10_t19_v0
-566319686,f_cl_clo_bbf_f_009_t6_v1
-566274657,packed_mp_veh_mod_idx_8_v226
-566258326,packed_mp_veh_mod_idx_s_23_v319
-566236828,m_cl_clo_h2m_b_11_3_t1_v1
-566234369,ve_marshall_t1_v2
-566221363,vem_colour_5_blaze_red_t38_v0
-566214976,packed_mp_veh_mod_idx_s_17_v116
-566200223,packed_mp_veh_colour_extra2_0_v226
-566169635,vem_brake_3_t2_v26
-566099388,packed_mp_veh_mod_idx_11_v171
-565932910,m_cl_clo_h4m_u_0_9_t11_v1
-565860858,f_cl_f_fmf_7_14_t6_v0
-565736683,m_cl_he_fmm_18_7_t14_v0
-565690538,f_cl_clo_grf_u_4_9_t11_v1
-565672346,packed_mp_veh_mod_idx_12_v353
-565565989,packed_mp_veh_wheel_type_0_v33
-565531868,f_cl_clo_awf_decl_26_t100_v0
-565508124,packed_mp_veh_mod_idx_s_15_v18
-565445459,packed_mp_veh_colour_extra1_0_v12
-565432318,m_ha_cc_mkup_6_t7_v0
-565424226,packed_mp_veh_mod_idx_s_2_v331
-565400119,m_cl_clo_hp_d_25_t100_v0
-565360765,m_cl_clo_bim_u_28_2_t11_v1
-565350341,vem_supermod_23_3_t64_v33
-565339607,m_cl_clo_s2m_o_7_t100_v0
-565213722,packed_mp_veh_secondary_colour_group_v399
-565003577,f_cl_clo_grf_ph_1_3_t14_v1
-564981001,vem_colour_extra_1_mct_metallic_bright_orange_t24_v33
-564969760,m_cl_clo_x2m_ht_5_5_t14_v1
-564954392,packed_mp_veh_mod_idx_s_18_v409
-564927518,m_ta_tat_h3_035_t0_v0
-564911004,packed_ng_vehicle_neon_v369
-564859785,vem_truck_slot_2_mod_3_t0_v0
-564858155,packed_mp_veh_mod_idx_22_v6
-564812127,packed_mp_veh_mod_idx_s_11_v189
-564801412,m_cl_clo_bus_m_1_2_t1_v1
-564648408,m_cl_clo_sum_u_14_14_t11_v1
-564601350,vem_smod3_whlv68_t66_v3
-564548989,packed_mp_veh_wheel_type_0_v338
-564544209,vem_rwd_suv_09_t19_v0
-564543813,mp_stat_prop_office_var_v0
-564387480,f_cl_outfit_clo_ltsf_o_0_t12_v0
-564365770,vem_cmod_tyr_2_t30_v36
-564186701,m_cl_clo_smm_u_3_5_t11_v1
-564133113,packed_mp_veh_mod_idx_s_0_v243
-564074410,packed_mp_veh_mod_var_0_v393
-564008553,f_cl_outfit_clo_h3f_o_pr_4_t12_v0
-563998796,f_cl_clo_suf_u_0_13_t11_v1
-563981738,packed_mp_veh_primary_colour_group_v72
-563915393,vem_supermod_3_12_t44_v10
-563803699,f_cl_clo_arf_o_12_t3_v12
-563710270,f_cl_outfit_clo_bif_o_3_t12_v0
-563682804,m_cl_clo_hp_d_30_t8_v2
-563655296,packed_mp_veh_mod_idx_s_21_v325
-563651791,wp_wct_c_tint_16_t2_v70_n2
-563604027,f_cl_clo_indf_o_3_t100_v0
-563581796,packed_ng_vehicle_smoke_v284
-563477361,packed_mp_veh_mod_idx_s_16_v126
-563325647,wp_gsa_type_r_t0_v28
-563289332,vem_colour_2_mct_classic_garnet_red_t25_v4
-563190245,f_cl_clo_hp_f_f_0_0_t6_v1
-563181366,packed_mp_veh_mod_idx_8_v127
-563100491,vem_horn_clas3_t10_v5
-563091268,packed_ng_vehicle_neon_v182
-563018614,f_ta_tat_bi_047_t0_v0_cesp
-562846904,m_cl_clo_vwm_u_8_2_t11_v1
-562815593,f_ha_cc_blush_24_t5_v0
-562769402,vem_colour_2_mct_metallic_cream_t25_v0
-562760227,f_cl_clo_busf_f_1_5_t6_v1
-562752387,packed_mp_veh_mod_idx_s_23_v328
-562713190,packed_mp_veh_mod_var_1_v209
-562708353,m_cl_clo_s1m_f_1_12_t6_v1
-562557986,vem_supermod_0_5_t41_v7
-562557166,packed_mp_veh_mod_idx_7_v264
-562546150,vem_cmod_pla_1_t23_v30
-562463474,vem_colour_2_mct_classic_flur_yellow_t25_v4
-562399710,vem_yacht_fix_0_v0
-562338223,packed_mp_veh_mod_idx_14_v141
-562284001,packed_mp_veh_wheel_type_0_v246
-562197923,f_cl_clo_trf_u_8_1_t11_v1
-561969105,f_cl_clo_h2f_f_5_23_t6_v1
-561944297,vem_supermod_6_14_t47_v3
-561922007,packed_mp_veh_mod_idx_4_v162
-561831094,packed_mp_veh_mod_idx_s_8_v211
-561813389,packed_mp_veh_colour_extra1_0_v409
-561813109,casweb_colour_3_t0_v0
-561704344,vem_hiend_04_t19_v1
-561633747,vem_colour_extra_1_mct_classic_black_t24_v0
-561629608,packed_mp_veh_mod_idx_s_5_v312
-561613446,packed_mp_veh_mod_idx_0_v82
-561576491,vem_smod_whl14_t19_v12
-561510119,ve_limo2_t0_v3
-561436739,packed_mp_veh_mod_idx_11_v54
-561409183,f_cl_clo_h3f_decl_18_t100_v0
-561384275,packed_mp_veh_mod_idx_18_v48
-561288777,vem_smod5_whlv55_t66_v3
-561252844,vem_supermod_2_0_t43_v31
-561219635,vem_colour_2_mct_metallic_race_yellow_t25_v1
-561215126,packed_mp_veh_livery2_0_v18
-561200748,m_cl_clo_hp_b_2_1_t1_v1
-561160403,wp_fw_tint8_t6_v1
-561012053,service_earn_spin_the_wheel_cash
-560946975,packed_mp_veh_window_tint_0_v331
-560862341,vem_colour_2_mct_matte_matte_dirt_t25_v3
-560788860,wp_wm_tint6_t2_v64
-560774521,m_cl_clo_x6m_f_6_4_t6_v1
-560758745,packed_mp_veh_mod_idx_s_10_v389
-560511570,vem_rwd_loride_05_t19_v2
-560485676,m_cl_f_fmm_7_3_t6_v0
-560460364,m_cl_clo_fxm_pe_1_1_t14_v1
-560391121,ve_innovation_t0_v4
-560311468,pm_weapon_discount_gun_van_1_3
-560301912,f_cl_clo_arf_o_28_t8_v12
-560267500,packed_ng_vehicle_smoke_v119
-560254436,vem_colour_extra_1_mct_classic_garnet_red_t24_v4
-560188221,vem_cmod_pla_3_t23_v7
-560125315,m_cl_clo_h3m_o_bs_6_t11_v12
-560034673,vem_supermod_15_13_t56_v38
-559983627,f_cl_clo_scf_ey_0_11_t14_v1
-559814463,f_cl_o_fmf_p6_t8_v12
-559771700,packed_mp_veh_mod_idx_s_7_v71
-559665361,kosatk_fla_20_t0_v1
-559653751,packed_ng_vehicle_insurance_v338
-559620404,m_cl_clo_bim_l_4_6_t4_v1
-559618365,f_cl_clo_exf_eu_16_5_t11_v1
-559524558,m_cl_clo_sbm_f_5_8_t6_v1
-559454180,m_cl_clo_awm_decl_38_t100_v0
-559430022,f_cl_clo_grf_b_4_9_t1_v1
-559413261,f_cl_clo_bus_m_0_11_t1_v1
-559278915,packed_ng_vehicle_neon_v217
-559256549,packed_ng_vehicle_bpt_v298
-559230316,packed_mp_veh_mod_var_1_v381
-559210618,vem_supermod_47_17_t47_v7
-559200906,f_cl_clo_hp_f_f_1_1_t6_v1
-559199609,packed_mp_veh_mod_idx_13_v215
-559131827,packed_ng_vehicle_smoke_v308
-559103135,f_cl_clo_bif_pe_0_3_t14_v1
-559042629,vem_supermod_19_22_t60_v3
-558990725,packed_mp_veh_mod_idx_s_1_v342
-558982436,m_cl_clo_x6m_f_14_4_t6_v1
-558902113,vem_cmod_tyr_3_t18_v26
-558883199,packed_ng_vehicle_bpt_v177
-558763049,f_cl_outfit_clo_exf_ob_0_t12_v0
-558573667,vem_cmod_exp_1_t20_v27
-558461961,vem_rwd_hiend_01_t19_v0
-558439512,vem_colour_2_mct_classic_garnet_red_t25_v0
-558422694,f_cl_clo_hp_f_d_26_t100_v0
-558397871,f_cl_clo_x6f_u_30_10_t11_v1
-558393503,packed_lr_vehicle_colour_6_v57
-558381750,wp_wt_rifle_cbn_t0_v0
-558377017,packed_mp_veh_mod_idx_15_v146
-558348572,m_cl_outfit_clo_stm_o_7_t12_v0
-558340032,vem_smod2_whl3_t19_v3
-558259872,packed_ng_vehicle_neon_v261
-558227678,vem_smod_whlv159_t66_v3
-558224441,f_cl_clo_x6f_f_1_12_t6_v1
-558188721,packed_mp_veh_colour1_0_v186
-558165212,packed_mp_veh_mod_idx_7_v212
-558134325,vem_smod3_whlv59_t66_v3
-558031073,vem_rwd_bikew_02_t19_v3
-557991611,vem_smod4_whlv65_t66_v2
-557962897,vem_smod_whlv171_t66_v0
-557951642,packed_mp_veh_mod_idx_0_v267
-557893493,m_cl_clo_h3m_ph_6_12_t14_v1
-557836930,vem_supermod_6_7_t47_v27
-557788801,f_cl_clo_scf_u_55_20_t11_v1
-557786167,vem_supermod_21_1_t62_v5
-557744048,f_cl_clo_vwf_f_1_8_t6_v1
-557655681,f_cl_clo_bhf_u_3_9_t11_v1
-557635649,vem_horn_indi_2_t10_v26
-557511499,mp_stat_mpsv_model_115
-557392853,mp_stat_prodtotalforfactory0_v0
-557360814,vem_colour_2_mct_metallic_umber_brown_t25_v3
-557348152,m_cl_clo_bhm_u_16_4_t11_v1
-557303635,packed_mp_veh_colour_extra1_0_v217
-557299385,f_ta_tat_fm_230_t0_v0
-557282860,vem_suv_19_t19_v1
-557266779,vem_hlight_3_t11_v38
-557256848,m_cl_f_fmm_15_10_t6_v0
-557218205,m_cl_clo_indm_d_20_t11_v1
-557217873,packed_mp_veh_mod_idx_11_v130
-557120109,packed_mp_veh_mod_idx_10_v148
-557052721,vem_rwd_hiend_03_t19_v2
-556952845,vem_smod4_whlv31_t66_v0
-556951412,f_cl_clo_s2f_l_0_3_t4_v1
-556917146,m_cl_l_fmm_9_5_t4_v0
-556866885,vem_colour_extra_1_mct_pearlescent_lime_green_t24_v3
-556861668,packed_ng_vehicle_bpt_v238
-556830671,packed_lr_vehicle_colour_5_v125
-556768509,vem_supermod_2_6_t43_v3
-556757146,ve_windsor2_t0_v3
-556755049,packed_lr_vehicle_colour_6_v59
-556743015,f_cl_clo_exf_au_2_0_t11_v1
-556681616,m_cl_clo_x6m_f_4_15_t6_v1
-556624929,packed_mp_veh_mod_idx_s_17_v54
-556622758,packed_ng_vehicle_bpt_v159
-556501524,m_cl_clo_vwm_s_2_3_t8_v2
-556453383,m_cl_clo_arm_o_14_t11_v12
-556438694,f_cl_clo_bhf_f_1_25_t6_v1
-556265782,packed_mp_veh_mod_idx_7_v258
-556168533,packed_mp_veh_mod_idx_s_8_v248
-556132771,pr_pm_bfont_5_t1_v0
-556018305,m_cl_clo_iem_u_7_2_t11_v1
-555956693,vem_rwd_spt_10_t19_v2
-555916960,packed_mp_veh_mod_idx_11_v387
-555740131,vem_insurance_vagrant
-555709772,vem_cmod_hrn_trk_t10_v10
-555433822,packed_mp_veh_colour_extra1_0_v205
-555366358,packed_ng_vehicle_bpt_v389
-555315513,fcarcade_ne9_t0_v0
-555312273,packed_lr_vehicle_colour_6_v398
-555276876,packed_mp_veh_mod_idx_s_23_v70
-555156099,packed_mp_veh_mod_idx_s_17_v386
-555052072,f_cl_clo_x6f_u_27_2_t11_v1
-554944592,vem_colour_5_bright_purple_t38_v0
-554939621,packed_mp_veh_mod_idx_22_v412
-554809184,packed_mp_veh_colour_extra1_0_v303
-554730859,m_cl_clo_x6m_f_4_14_t6_v1
-554702488,packed_mp_veh_mod_var_0_v399
-554587948,f_cl_clo_h2f_f_5_17_t6_v1
-554556643,vem_racecar_whl7_t19_v3
-554527600,packed_mp_veh_wheel_type_0_v26
-554368145,f_ha_cc_mkup_15_t7_v1
-554332592,vem_smod5_whlv173_t66_v3
-554293644,m_cl_clo_awm_b_12_9_t1_v1
-554180002,vem_colour_extra_1_mct_classic_ultra_blue_t24_v2
-554136330,packed_mp_veh_livery_0_v137
-554107525,dec_vw_aw_mf_4f
-554065862,vem_sub_heli_c_10
-554062776,f_cl_clo_busf_u_4_5_t11_v1
-554059288,f_cl_clo_awf_decl_119_t100_v0
-553971136,packed_mp_veh_mod_idx_6_v378
-553804001,packed_mp_veh_mod_idx_s_21_v106
-553766293,vem_rwd_bikew_33_t19_v4
-553736756,vem_smod4_whlv87_t66_v2
-553724993,packed_mp_veh_primary_colour_group_v398
-553700950,packed_ng_vehicle_neon_v378
-553656633,f_cl_clo_grf_u_11_1_t11_v1
-553560526,mp_stat_mpsv_model_288
-553548590,f_cl_clo_x4f_u_11_9_t11_v1
-553523669,vem_supermod_3_37_t44_v3
-553430842,packed_mp_veh_mod_idx_s_23_v271
-553361504,mba_style_1_t0_v0
-553307790,ve_voltic_t0_v3
-553190939,packed_mp_veh_mod_idx_1_v117
-553121067,packed_mp_veh_livery_0_v190
-553079596,packed_lr_vehicle_colour_6_v149
-553070451,packed_mp_veh_window_tint_0_v61
-552953748,vem_insurance_brawler
-552928744,packed_ng_vehicle_smoke_v165
-552796057,vem_smod5_whlv67_t66_v3
-552707775,f_cl_clo_h3f_o_dl_12_t8_v12
-552680995,packed_mp_veh_mod_idx_s_5_v384
-552649517,packed_mp_veh_mod_idx_2_v127
-552643884,vem_colour_1_mct_classic_light_blue_t24_v33
-552613049,f_cl_clo_awf_decl_54_t100_v0
-552581988,packed_mp_veh_mod_idx_s_12_v272
-552531743,wp_wct_tint_1_t2_v56_n2
-552504478,wp_wct_camo_9_t1_v56_n2
-552481539,packed_mp_veh_mod_idx_s_15_v58
-552319052,packed_mp_veh_mod_idx_s_12_v31
-552306966,packed_mp_veh_mod_idx_11_v339
-552306822,vem_smod5_whl_6_t19_v3
-552306092,packed_mp_veh_mod_idx_1_v115
-552219203,packed_mp_veh_mod_idx_s_21_v331
-552090523,m_cl_f_fmm_0_10_t6_v0
-552087589,m_cl_clo_h3m_l_5_13_t4_v1
-552027689,m_ta_tat_st_025_t0_v0
-552025186,wp_wct_c_tint_22_t2_v21_n2
-552024689,packed_mp_veh_mod_idx_15_v226
-552001296,vem_colour_2_mct_classic_red_t25_v2
-551943738,packed_mp_veh_mod_idx_18_v223
-551840227,f_cl_clo_bif_u_23_2_t11_v1
-551835600,service_spend_request_source_motorcycle
-551801692,vem_supermod_3_0_t44_v26
-551789570,vem_rwd_musc_08_t19_v3
-551706145,m_cl_outfit_clo_iem_o_7_t12_v0_cesp
-551446541,vem_colour_extra_1_mct_classic_blaze_red_t24_v1
-551398765,f_cl_clo_fxf_u_9_7_t11_v1
-551241264,f_ha_clo_fxf_h_0_0_t0_v1
-551150928,m_cl_clo_vwm_u_8_11_t11_v1
-551138167,m_cl_clo_awm_u_3_15_t11_v1
-551129642,vem_smod5_whlv25_t66_v0
-550984467,vem_supermod_16_9_t57_v26
-550976072,f_ha_cc_mkup_41_t7_v0
-550964409,f_cl_clo_vwf_u_8_21_t11_v1
-550813675,vem_horn_indi_1_t10_v26
-550811441,vem_cmod_col5_30_t29_v2
-550737405,m_cl_clo_val_decl_h_t11_v1
-550723200,packed_mp_veh_mod_idx_6_v69
-550639385,vem_colour_1_mct_metallic_gold_t24_v1
-550596747,f_cl_clo_s1f_dec_18_t100_v0
-550468597,m_cl_clo_h4m_pey_1_1_t14_v1
-550445188,packed_mp_veh_mod_idx_10_v354
-550443007,packed_mp_veh_mod_idx_s_7_v239
-550417574,service_earn_music_studio_short_trip
-550290000,packed_mp_veh_colour1_0_v152
-550258305,f_cl_outfit_clo_hstf_o_13_t12_v0
-550257580,vem_supermod_14_5_t55_v3
-550225134,m_ta_tat_bi_059_t0_v0_cesp
-550077651,packed_mp_veh_mod_idx_14_v383
-550046726,dec_vw_aw_wh_26b
-549968463,packed_mp_veh_livery_0_v282
-549821119,f_cl_clo_stf_o_16_t3_v12
-549799132,f_cl_clo_trf_o_bs_1_t3_v12
-549775600,packed_mp_veh_mod_idx_s_14_v224
-549774418,f_cl_clo_sbf_f_3_20_t6_v1
-549763219,pr_pm_bfont_4_t0_v0
-549725577,vem_colour_extra_1_mct_pearlescent_harbor_blue_t24_v2
-549651648,vem_smod5_whlv96_t66_v3
-549649983,packed_ng_vehicle_neon_kit_v371
-549599061,f_cl_clo_trf_u_3_0_t11_v1
-549588614,vem_colour_1_mct_metallic_racing_green_t24_v3
-549586511,vem_colour_1_mct_classic_mariner_blue_t24_v33
-549570622,packed_mp_veh_mod_idx_s_4_v82
-549480246,vem_rwd_bikew_17_t19_v4
-549382712,f_cl_clo_vwf_l_2_10_t4_v1
-549344025,packed_mp_veh_mod_idx_s_13_v168
-549282877,m_ta_tat_sm_022_t0_v0
-549264894,vem_supermod_1_4_t42_v10
-549251904,m_cl_sp_fmm_6_11_t8_v0
-549229653,vem_turbo_0_t17_v36
-549188799,vem_cmod_col5_20_t29_v2
-549174299,m_cl_clo_h3m_decl_23_t100_v0
-549116056,packed_mp_veh_mod_idx_s_11_v195
-549005830,m_cl_clo_awm_u_4_5_t11_v1
-548889310,f_cl_clo_h2f_u_7_20_t11_v1
-548689536,packed_mp_veh_mod_idx_18_v120
-548681059,m_cl_outfit_clo_bus_m_o_0_t12_v0
-548629524,f_cl_clo_h3f_decl_15_t11_v1
-548559293,packed_mp_veh_secondary_colour_group_v369
-548505329,f_cl_outfit_clo_h2f_o_s_12_t12_v0
-548480954,f_cl_outfit_clo_h3f_o_sl_12_t12_v0
-548475908,vem_fender_r_0_n1_t37_v1
-548410598,m_cl_clo_h2m_s_9_0_t8_v1
-548384940,packed_mp_veh_mod_idx_s_7_v213
-548352799,vem_supermod_17_10_t58_v28
-548278728,m_cl_clo_s1m_u_1_1_t100_v0
-548273852,m_cl_clo_grm_u_9_5_t11_v1
-548102917,packed_lr_vehicle_colour_6_v358
-548092134,f_cl_clo_pif_f_0_0_t6_v1
-547997908,f_cl_clo_suf_u_0_25_t11_v1
-547966454,m_cl_clo_exm_eu_12_3_t11_v1
-547868089,f_cl_clo_exf_eu_1612_t11_v1
-547846216,packed_mp_veh_mod_idx_7_v145
-547823127,packed_lr_vehicle_colour_5_v251
-547796290,packed_mp_veh_mod_idx_s_12_v244
-547789857,packed_ng_vehicle_insurance_v301
-547712184,vem_rwd_offr_07_t19_v12
-547701540,packed_mp_veh_wheel_type_0_v219
-547699336,packed_mp_veh_mod_idx_s_10_v35
-547597166,packed_mp_veh_mod_idx_24_v15
-547588501,m_cl_clo_vwm_u_10_3_t11_v1
-547513100,packed_mp_veh_mod_idx_18_v111
-547494817,wp_wct_camo_6_t1_v70_n2
-547300194,vem_exhaust_6_t6_v26
-547283806,packed_mp_veh_mod_idx_2_v388
-547245759,packed_lr_vehicle_colour_6_v330
-547205549,vem_grill_8_t8_v38
-547188203,m_cl_clo_sbm_f_4_2_t6_v1
-547181236,vem_cmod_col5_3_t29_v0
-547168707,fixer_hq_wal_9_t0_v0
-547155731,vem_colour_extra_1_mct_classic_straw_brown_t24_v3
-547028127,f_cl_clo_scf_l_13_21_t4_v1
-547018529,f_cl_clo_trf_u_8_2_t11_v1
-546933429,m_cl_clo_awm_l_1_13_t4_v1
-546914344,f_ta_tat_vw_000_t0_v0
-546863582,packed_mp_veh_mod_idx_s_8_v339
-546801956,packed_mp_veh_mod_idx_s_6_v110
-546704497,vem_brake_3_t2_v31
-546666929,packed_ng_vehicle_smoke_v144
-546562567,packed_mp_veh_livery_0_v334
-546379776,packed_mp_veh_mod_idx_12_v176
-546305112,m_cl_ht_fmm_14_3_t14_v0
-546265389,m_cl_clo_sbm_f_0_8_t6_v1
-546254588,packed_mp_veh_mod_idx_s_18_v56
-546238846,packed_mp_veh_mod_idx_s_8_v277
-546222522,packed_mp_veh_mod_idx_23_v313
-546170294,m_cl_clo_grm_u_0_19_t11_v1
-545930005,vem_supermod_17_4_t58_v26
-545856601,f_cl_f_fmf_8_6_t6_v0
-545830176,vem_colour_mct_none_45
-545811198,vem_colour_2_mct_metallic_midnight_blue_t25_v0
-545787509,packed_mp_veh_mod_idx_1_v183
-545773215,packed_mp_veh_mod_idx_2_v273
-545701037,vem_yacht_flag_36_v0
-545688370,wp_wm_tint3_t2_v91
-545666914,m_cl_clo_sum_u_15_13_t11_v1
-545618802,m_ta_tat_bi_037_t0_v0
-545601049,packed_mp_veh_mod_idx_s_16_v83
-545582221,vem_smod4_whlv32_t66_v1
-545570913,vem_supermod_14_8_t55_v28
-545511342,f_cl_l_fmf_11_2_t4_v0
-545490923,f_cl_clo_hstf_o_b_3_t8_v12
-545432013,vem_supermod_17_9_t58_v26
-545426301,m_cl_outfit_clo_h3m_o_dl_32_t12_v0
-545388074,wp_ps_bag_28_t1_v33
-545230834,packed_mp_veh_plate_id_v269
-545207071,vem_roof_0_t12_v27
-544966709,m_cl_clo_fxm_ph_0_21_t14_v1
-544926999,m_cl_clo_x6m_f_5_5_t6_v1
-544921200,m_cl_clo_l2m_e_17_0_t14_v1
-544919287,m_cl_clo_exm_eu_0_0_t11_v1
-544899320,packed_mp_veh_mod_idx_6_v199
-544842601,f_ha_cc_eyebrw_25_t2_v0
-544752450,m_ha_hair_beard16_t1_v1
-544751188,packed_mp_veh_mod_idx_8_v269
-544746142,m_cl_clo_h2m_b_9_5_t1_v1
-544632184,m_cl_clo_l2m_u_6_10_t11_v1
-544621973,vem_horn_cnote_d0_t10_v38
-544600297,mp_stat_mpsv_model_120
-544572338,m_cl_clo_scm_u_0_14_t11_v1
-544526698,vem_horn_hween1_t10_v4
-544517561,f_cl_clo_awf_u_9_18_t11_v1
-544423649,nightclub_safe_cash_v0
-544393626,vem_colour_extra_1_mct_metals_br_aluminium_t24_v0
-544386246,packed_mp_veh_colour_extra1_0_v382
-544363803,f_ta_tat_bi_019_t0_v0
-544344697,f_cl_g_fmf_2_2_t14_v0
-544338155,vem_supermod_14_0_t55_v11
-544311248,vem_smod_whlv9_t66_v0
-544205785,vem_bumper_f_9_t34_v28
-544057965,ve_pbus_t0_v0
-544052306,m_cl_outfit_clo_h3m_o_bs_2_t12_v0
-544012429,m_cl_clo_sbm_e_0_11_t14_v1
-544008196,packed_mp_veh_mod_idx_s_17_v95
-543912395,f_ha_cc_mkup_45_t5_v0
-543893596,packed_mp_veh_mod_idx_s_6_v201
-543878759,m_cl_clo_bhm_u_16_5_t11_v1
-543851874,m_cl_clo_grm_u_10_8_t11_v1
-543776158,pm_weapon_discount_plat_headshot
-543696681,vem_spoiler_28_t14_v1
-543661903,packed_mp_veh_mod_idx_14_v6
-543637773,vem_offr_04_t19_v12
-543633620,packed_mp_veh_mod_idx_s_22_v53
-543599169,packed_mp_veh_mod_idx_s_3_v152
-543445717,m_cl_clo_scm_u_1_4_t11_v1
-543409264,vem_hood_1_t9_v2
-543303223,packed_mp_veh_mod_idx_s_0_v154
-543270602,packed_mp_veh_primary_colour_group_v34
-543249918,m_cl_clo_fxm_u_2_6_t11_v1
-543249667,vem_insurance_blazer5
-543204312,vem_colour_extra_1_mct_classic_midnight_blue_t24_v4
-543181860,packed_mp_veh_mod_idx_2_v248
-543158277,vem_horn_luxe1_t10_v10
-543135606,vem_cmod_neoncol_8_t21_v5
-543135550,f_cl_clo_suf_u_4_6_t11_v1
-542953962,m_cl_clo_h4m_u_3_3_t11_v1
-542913285,f_cl_o_fmf_s4_t8_v12
-542834840,vem_offr_24_t19_v0
-542816924,f_cl_clo_hstfb_14_13_t1_v1
-542740392,f_cl_clo_suf_l_2_19_t4_v1
-542700470,f_cl_clo_hstf_u_16_1_t11_v1
-542678587,fixer_hq_contraband_mission_add_v0
-542591500,packed_mp_veh_mod_idx_s_1_v13
-542565853,vem_colour_1_mct_metallic_salmon_pink_t24_v1
-542493119,packed_mp_veh_mod_idx_s_7_v162
-542395503,vem_cmod_neonlay_5_t21_v7
-542381852,packed_mp_veh_mod_idx_15_v404
-542349727,m_cl_clo_valm_l_0_3_t4_v1
-542328151,packed_mp_veh_mod_idx_s_20_v271
-542193922,m_cl_clo_stm_o_2_t11_v12_cesp
-542078531,f_cl_clo_grf_ph_0_14_t14_v1
-542011402,vem_supermod_3_0_n1_t44_v3
-541859669,packed_mp_veh_mod_idx_s_18_v233
-541766918,wp_wt_knuckle_t1_v0
-541757156,f_cl_clo_h2f_u_6_4_t11_v1
-541711785,packed_mp_veh_wheel_type_0_v53
-541669311,packed_mp_veh_mod_idx_s_15_v124
-541608395,f_cl_outfit_clo_h3f_o_dl_21_t12_v0
-541563113,m_cl_clo_l2m_dec_19_t11_v1
-541556738,vem_colour_1_mct_matte_matte_for_t24_v3
-541539120,packed_mp_veh_mod_idx_15_v30
-541520352,f_cl_clo_grf_b_5_12_t1_v1
-541470331,m_cl_f_fmm_12_4_t6_v0
-541463543,wp_ps_bag_3_t1_v33
-541379366,m_cl_clo_s1m_u_9_0_t11_v1
-541351935,packed_mp_veh_mod_idx_s_14_v210
-541346799,vem_colour_1_mct_metallic_hot
-541211037,vem_colour_2_mct_matte_matte_od_t25_v3
-540983389,vem_colour_extra_1_mct_metallic_orange_t24_v2
-540974608,packed_mp_veh_mod_idx_s_19_v133
-540924679,f_cl_clo_bif_u_2_0_t11_v1
-540921210,ve_elegy2_t1_v3
-540854805,packed_mp_veh_mod_idx_24_v340
-540803217,m_cl_clo_grm_u_0_12_t11_v1
-540779491,f_cl_clo_s1f_ph_0_11_t14_v1
-540765106,m_cl_outfit_clo_awm_o_b_9_t12_v0
-540762788,m_cl_clo_x6m_u_23_0_t11_v1
-540757278,m_cl_clo_bhm_u_10_12_t11_v1
-540696738,m_cl_clo_trm_decl_12_t100_v0
-540608948,vem_smod4_whlv134_t66_v3
-540599976,packed_mp_veh_mod_idx_s_13_v325
-540488392,vem_colour_1_mct_classic_surf_blue_t24_v4
-540357545,f_cl_outfit_clo_h4f_o_h2_f3_t12_v0
-540307474,vem_bumper_f_15_t34_v6
-540244225,vem_supermod_11_5_t52_v27
-540150250,packed_mp_veh_mod_idx_s_22_v244
-540105060,packed_mp_veh_mod_idx_11_v18
-540085389,vem_bikew_28_t19_v4
-540082437,f_cl_clo_x6f_b_2_25_t1_v1
-540081263,f_cl_f_fmf_4_3_t6_v0
-540007595,f_cl_clo_stf_o_3_t3_v12
-539997765,packed_mp_veh_mod_idx_s_9_v193
-539997650,f_cl_clo_fxf_b_0_3_t1_v1
-539982236,m_cl_clo_sum_decl_20_t100_v0
-539931448,vem_rwd_suv_04_t19_v12
-539873847,packed_mp_veh_mod_idx_s_20_v387
-539815172,packed_mp_veh_mod_idx_s_23_v174
-539803946,vem_rwd_loride_01_t19_v1
-539742599,m_cl_clo_v2m_h_0_2_t14_v1
-539740315,vem_smod_whlv127_t66_v0
-539675432,vem_colour_2_mct_classic_racing_green_t25_v33
-539661750,f_cl_clo_x2f_t_0_0_t7_v1
-539655724,vem_cmod_tyr_pat_t18_v26
-539622878,f_ta_tat_h3_021_t0_v0
-539596726,vem_horn_xm15_1_t10_v34
-539399792,m_cl_clo_s2m_u_1_12_t11_v1
-539383385,m_cl_clo_x6m_u_26_10_t11_v1
-539208130,f_cl_clo_indf_d_9_t8_v1
-539143864,packed_mp_veh_mod_idx_15_v296
-538975225,m_cl_clo_stm_u_5_14_t11_v1
-538974750,packed_mp_veh_mod_idx_s_9_v144
-538897305,f_cl_clo_bif_decl_36_t100_v0
-538834374,vem_smod2_whlv6_t66_v3
-538807101,m_cl_clo_vwm_decl_1_t100_v0
-538803647,f_cl_clo_fxf_u_4_18_t11_v1
-538756458,packed_mp_veh_mod_idx_s_15_v254
-538689753,packed_mp_veh_mod_idx_s_8_v317
-538685807,m_cl_clo_pim_ht_0_0_t14_v1
-538500162,f_cl_clo_awf_l_0_5_t4_v1
-538499418,packed_mp_veh_window_tint_0_v340
-538396776,m_cl_clo_grm_ph_6_0_t14_v1
-538385176,packed_mp_veh_mod_idx_s_9_v111
-538229793,ve_blimp3_n1_t1_v5
-538138194,m_cl_clo_stm_u_6_6_t11_v1
-538084062,packed_mp_veh_mod_idx_22_v341
-538081444,packed_mp_veh_mod_idx_s_14_v58
-538023514,packed_mp_veh_mod_idx_s_19_v189
-538003982,vem_supermod_15_4_t56_v10
-537928450,m_cl_clo_h3m_o_grp_6_t3_v12
-537921667,packed_mp_veh_mod_idx_0_v68
-537912421,f_cl_clo_indf_d_5_t8_v1
-537907964,packed_mp_veh_wheel_type_0_v360
-537894678,vem_smod4_whlv207_t66_v1
-537875445,packed_mp_veh_mod_idx_15_v273
-537865043,packed_mp_veh_mod_idx_15_v155
-537829607,vem_skirt_1_t13_v26
-537822759,packed_ng_vehicle_smoke_v189
-537753216,packed_mp_veh_mod_idx_s_0_v213
-537704590,packed_mp_veh_mod_idx_s_12_v285
-537652241,vem_supermod_50_3_t50_v7
-537607918,vem_horn_lowrder1_t10_v30
-537510816,vem_colour_2_mct_classic_diamond_blue_t25_v33
-537510208,packed_mp_veh_mod_idx_1_v67
-537493345,f_cl_clo_awf_l_3_7_t4_v1
-537445871,f_cl_clo_scf_u_24_2_t11_v1
-537421563,m_cl_clo_x5m_u_16_6_t11_v1
-537383473,vem_colour_extra_1_mct_pearlescent_flur_yellow_t24_v0
-537368341,m_cl_clo_bhm_decl_2_t100_v0
-537333872,m_cl_clo_hstm_h_2_t14_v1
-537300967,m_cl_clo_grm_g_1_2_t3_v1
-537298248,m_cl_clo_grm_ph_3_22_t14_v1
-537296917,packed_mp_veh_mod_idx_s_17_v0
-537207485,m_cl_clo_vwm_b_9_3_t1_v1
-537176465,vem_supermod_3_14_t44_v27
-537108962,packed_mp_veh_mod_idx_s_19_v128
-537051056,packed_mp_veh_mod_idx_5_v253
-537016487,packed_mp_veh_mod_idx_16_v240
-536993630,packed_lr_vehicle_colour_6_v70
-536991646,vem_supermod_22_22_t63_v3
-536960811,packed_mp_veh_colour_extra1_0_v393
-536941205,m_ha_cc_mkup_31_t5_v0
-536913811,m_cl_outfit_clo_h4m_o_l1_m1_t12_v0
-536904965,vem_rwd_bikew_08_t19_v4
-536834062,packed_mp_veh_mod_idx_10_v178
-536821264,packed_mp_veh_mod_idx_3_v261
-536815911,packed_lr_vehicle_colour_5_v273
-536526360,vem_insurance_hermes
-536495369,vem_smod2_whlv120_t66_v3
-536489547,m_cl_clo_exm_ah_1_0_t14_v1
-536467294,f_cl_clo_vef_dec_42_t11_v1
-536459761,packed_mp_veh_mod_idx_24_v147
-536361228,f_cl_clo_awf_o_d_10_t8_v12
-536242480,m_cl_clo_vwm_l_3_2_t4_v1
-536129095,packed_mp_veh_colour_extra2_0_v300
-536078871,vem_skirt_2_t13_v29
-536035679,vem_colour_1_mct_metallic_candy_red_t24_v4
-535941148,f_cl_clo_valf_l_1_2_t4_v1
-535904657,packed_mp_veh_mod_idx_9_v217
-535900974,vem_colour_5_light_blue_t38_v3
-535894013,m_cl_clo_x3m_b_1_1_t1_v1
-535834629,f_cl_clo_bif_decl_17_t11_v1
-535755199,vem_colour_extra_1_mct_pearlescent_formula_red_t24_v0
-535730210,m_cl_clo_awm_ph_1_9_t14_v1
-535729008,packed_lr_vehicle_colour_6_v281
-535659084,vem_drft_12_t19_v3
-535647439,vem_supermod_42_19_t42_v7
-535504279,vem_supermod_2_5_t43_v3
-535475073,packed_mp_veh_mod_idx_13_v95
-535436534,vem_supermod_5_8_t46_v26
-535265384,vem_supermod_7_3_t48_v7
-535226132,packed_mp_veh_mod_idx_22_v246
-535213196,hangar_mod_lighting_12_t0_v1
-535197230,packed_mp_veh_mod_idx_s_0_v215
-535173325,m_cl_clo_sum_l_1_1_t4_v1
-535123385,m_cl_clo_x6m_ph_2_25_t14_v1
-535068779,packed_mp_veh_mod_idx_22_v144
-535057749,vem_cmod_win_2_t33_v35
-535046247,vem_insurance_tyrus
-535026818,vem_cmod_neoncol_9_t21_v10
-534986762,packed_mp_veh_mod_idx_s_5_v275
-534951760,packed_mp_veh_mod_idx_15_v214
-534934703,vem_supermod_18_8_t59_v27
-534885786,m_cl_f_fmm_12_1_t6_v0
-534763759,f_cl_clo_s1f_o_2_t3_v12
-534672332,m_cl_clo_x6m_l_7_12_t4_v1
-534664235,vem_supermod_8_8_t49_v7
-534663371,vem_hiend_12_t19_v1
-534657876,packed_mp_veh_mod_idx_0_v398
-534649899,packed_ng_vehicle_neon_v411
-534641929,f_cl_clo_s1f_dec_14_t100_v0
-534629906,packed_mp_veh_mod_idx_8_v193
-534561342,vem_exhaust_4_t6_v2
-534544341,packed_ng_vehicle_neon_kit_v186
-534512200,packed_mp_veh_mod_idx_15_v315
-534422634,m_cl_clo_h3m_ph_9_10_t14_v1
-534380147,f_ta_tat_sm_003_t0_v0
-534358939,f_cl_clo_bif_decl_49_t11_v1
-534328140,vem_smod_whlv30_t66_v0
-534317833,wp_wm_tint4_t2_v61
-534303551,packed_mp_veh_mod_idx_s_23_v288
-534294875,vem_chassis_1_t4_v38
-534088217,vem_drft_24_t19_v0
-534045664,packed_mp_veh_mod_idx_s_4_v317
-534043616,f_cl_clo_x6f_f_12_5_t6_v1
-534025048,f_cl_outfit_clo_awf_o_c_11_t12_v0
-533994716,packed_mp_veh_mod_idx_23_v194
-533900616,m_cl_outfit_clo_h3m_o_fib_1_t12_v0
-533735620,vem_spoiler_2_t14_v11
-533671609,packed_mp_veh_primary_colour_group_v84
-533615076,f_cl_clo_x6f_l_2_1_t4_v1
-533609465,f_cl_outfit_clo_stf_o_7_t12_v0_cesp
-533587362,packed_mp_veh_mod_idx_s_14_v238
-533579861,vem_colour_extra_1_mct_pearlescent_sienna_brown_t24_v2
-533386028,vem_supermod_10_5_t51_v26
-533331477,f_cl_clo_ief_o_12_t3_v12
-533305291,vem_supermod_15_5_n1_t56_v38
-533281109,packed_mp_veh_mod_idx_16_v230
-533224095,f_cl_u_fmf_14_15_t11_v0
-533220344,m_cl_sp_fmm_6_4_t8_v1
-533091949,vem_horn_indi_4_t10_v7
-533059938,m_cl_he_fmm_17_4_t14_v0
-533056841,m_cl_clo_hstm_o_14_t8_v12
-532999713,f_ha_cc_f_hs_12_t0_v2
-532940143,f_cl_clo_grf_ph_5_5_t14_v1
-532895749,packed_mp_veh_window_tint_0_v174
-532869691,arc_mac_n_drive_c_t0_v0
-532849003,f_cl_clo_scf_f_0_12_t6_v1
-532793410,vem_supermod_23_5_t64_v33
-532759917,f_cl_clo_hstf_t_1_2_t7_v1
-532728246,m_cl_clo_h3m_o_prp_1_t4_v12
-532547193,packed_mp_veh_mod_idx_s_6_v109
-532537543,m_cl_clo_l2m_dec_14_t100_v0
-532466794,f_cl_clo_h3f_b_19_0_t1_v1
-532463055,packed_mp_veh_mod_idx_24_v181
-532307352,packed_mp_veh_mod_idx_s_20_v350
-532298135,packed_mp_veh_mod_var_1_v66
-532288569,f_cl_clo_half_5_1_t1_v1
-532253853,vem_cmod_tyr_8_t18_v36
-532198755,m_cl_clo_arm_o_3_t11_v12
-532156661,vem_horn_clas7_t10_v31
-532155056,vem_fender_l_9_t36_v3
-532145177,m_cl_clo_x6m_f_10_21_t6_v1
-532144215,m_cl_clo_grm_u_7_12_t11_v1
-532101749,wp_wct_var_stud_t1_v3
-532088103,m_cl_clo_awm_decl_122_t100_v0
-532082098,factory_index_15_t0_v0
-532056259,m_cl_clo_halm_d_8_t11_v1
-531890024,f_cl_g_fmf_3_6_t14_v0
-531870868,wp_wct_supp_t1_v47_n2
-531754611,packed_mp_veh_mod_idx_s_1_v256
-531681795,vem_cmod_win_0_t33_v7
-531659127,f_cl_clo_sbf_u_13_25_t11_v1
-531600478,vem_colour_extra_1_mct_matte_midnight_blue_t24_v4
-531590462,packed_mp_veh_mod_idx_s_1_v223
-531522102,f_cl_outfit_clo_jaf_o_3_t12_v0
-531356214,vem_colour_extra_1_mct_classic_blue_silver_t24_v3
-531265526,packed_mp_veh_mod_idx_s_0_v238
-531250205,packed_mp_veh_mod_idx_9_v239
-531223388,packed_mp_veh_mod_var_0_v294
-531091457,vem_suv_02_t19_v12
-531052445,packed_mp_veh_mod_idx_s_18_v199
-531038337,f_cl_clo_vwf_u_15_5_t11_v1
-531021654,m_cl_clo_s2m_d_11_t11_v1
-530998071,f_cl_clo_s2f_f_1_4_t6_v1
-530949112,f_cl_outfit_clo_hstf_o_k_0_t12_v0
-530880455,f_cl_clo_indf_d_14_t11_v1
-530826286,f_cl_clo_s1f_t_0_1_t7_v1
-530776996,packed_mp_veh_mod_idx_s_5_v102
-530648135,f_cl_clo_bif_l_5_0_t4_v1
-530518458,packed_mp_veh_colour_extra1_0_v107
-530517070,vem_musc_01_t19_v2
-530468728,m_cl_clo_smm_b_8_17_t1_v1
-530406247,f_cl_clo_h3f_b_15_3_t1_v1
-530388254,f_cl_clo_s1f_l_0_1_t4_v1
-530383618,f_cl_clo_busf_g1_4_t14_v1
-530369271,packed_mp_veh_mod_idx_4_v339
-530276063,packed_mp_veh_mod_idx_2_v363
-529863384,f_cl_clo_h3f_o_prp_2_t4_v12
-529759283,packed_mp_veh_mod_idx_15_v344
-529758478,f_cl_clo_x6f_rw_2_6_t14_v1
-529441397,f_cl_clo_grf_g_0_0_t3_v1
-529393157,packed_mp_veh_mod_idx_s_8_v405
-529392814,packed_mp_veh_mod_idx_s_0_v89
-529386147,packed_mp_veh_colour_extra1_0_v127
-529307598,packed_mp_veh_mod_idx_1_v167
-529283801,vem_smod_whlv133_t66_v3
-529255579,m_cl_clo_x4m_u_11_12_t11_v1
-529212849,packed_mp_veh_plate_id_v299
-529161809,m_cl_clo_indm_u_0_1_t11_v1
-529063922,f_cl_clo_smf_b_4_14_t1_v1
-529042460,f_cl_clo_fxf_u_6_11_t11_v1
-529031013,packed_mp_veh_mod_idx_s_20_v82
-529024677,packed_mp_veh_mod_idx_s_5_v321
-529012078,f_cl_l_fmf_8_14_t4_v0
-528972854,m_cl_clo_awm_u_1_13_t11_v1
-528955776,packed_mp_veh_mod_idx_24_v126
-528939177,dec_vw_aw_ls_10c
-528857452,vem_supermod_10_7_t51_v38
-528854998,packed_mp_veh_mod_idx_15_v234
-528850211,f_ta_tat_sb_058_t0_v0
-528795578,pr_mp_prop_34_t0_v0
-528757687,packed_mp_veh_colour_extra2_0_v51
-528757366,packed_mp_veh_mod_idx_s_22_v28
-528752626,packed_mp_veh_mod_idx_16_v106
-528699724,packed_lr_vehicle_colour_6_v159
-528604519,m_cl_clo_grm_b_2_10_t1_v1
-528542698,vem_musc_16_t19_v1
-528374828,m_cl_outfit_clo_h2m_o_g_8_t12_v0
-528365868,packed_mp_veh_mod_idx_s_22_v192
-528355663,wp_wm_tint1_t2_v27
-528332950,vem_colour_mct_none_92
-528309198,packed_mp_veh_window_tint_0_v6
-528250926,packed_mp_veh_mod_idx_s_10_v315
-528106069,m_cl_clo_hstm_l_1_0_t4_v1
-527985538,f_cl_clo_fxf_u_6_13_t11_v1
-527969929,vem_hiend_16_t19_v0
-527954265,m_cl_clo_h3m_l_5_17_t4_v1
-527949712,vem_supermod_6_18_t47_v3
-527880047,vem_supermod_23_2_t64_v38
-527858848,ve_postlude_t0_v3
-527856748,m_cl_outfit_clo_hstm_o_d_3_t12_v0
-527809402,vem_colour_extra_1_mct_classic_black_graphite_t24_v33
-527746645,packed_mp_veh_mod_idx_24_v320
-527705960,packed_mp_veh_mod_idx_s_3_v181
-527616881,f_cl_clo_bif_decl_59_t10_v1
-527536775,packed_mp_veh_colour_extra2_0_v282
-527520711,f_cl_clo_grf_l_2_7_t4_v1
-527460300,vem_colour_2_mct_classic_blue_silver_t25_v2
-527459928,vem_colour_extra_1_mct_classic_bison_brown_t24_v4
-527439447,f_cl_clo_suf_u_7_8_t11_v1
-527390623,f_cl_clo_grf_u_19_17_t11_v1
-527352435,f_cl_clo_x6f_t_2_7_t7_v1
-527317037,packed_mp_veh_mod_idx_s_3_v263
-527141243,m_cl_clo_trm_u_9_1_t11_v1
-526956224,vem_loride_02_t19_v12
-526870866,packed_mp_veh_mod_idx_10_v180
-526742788,packed_mp_veh_mod_idx_10_v72
-526738720,f_cl_clo_fxf_ph_0_7_t14_v1
-526675089,packed_mp_veh_colour_extra1_0_v239
-526639296,vem_colour_1_mct_classic_dark_blue_t24_v33
-526627286,f_cl_clo_hst_f_a_0_t100_v0
-526614045,f_cl_clo_fxf_u_6_22_t11_v1
-526590282,packed_mp_veh_mod_idx_s_3_v136
-526580875,vem_cmod_neoncol_0_t21_v36
-526562252,m_cl_clo_hp_d_33_t100_v0
-526556450,packed_mp_veh_mod_idx_0_v405
-526498390,ve_stromberg_t1_v29
-526406045,packed_mp_veh_secondary_colour_group_v323
-526346692,packed_mp_veh_mod_idx_s_7_v57
-526180102,m_cl_clo_grm_b_2_13_t1_v1
-526167977,f_cl_clo_s1f_dec_2_t11_v1
-526165501,wp_wm_tint7_t2_v55
-526164564,vem_colour_2_mct_classic_cream_t25_v33
-526141836,packed_mp_veh_mod_idx_4_v96
-526076476,packed_mp_veh_mod_idx_4_v310
-525853134,packed_mp_veh_mod_idx_13_v135
-525810517,mp_stat_prop_office_gar2_var_v0
-525771959,packed_mp_veh_mod_idx_s_22_v66
-525735251,vem_colour_extra_1_mct_classic_blue_t24_v2
-525708658,packed_mp_veh_mod_idx_23_v296
-525621266,packed_mp_veh_livery2_0_v2
-525589935,packed_mp_veh_mod_idx_1_v330
-525430528,m_cl_clo_l2m_w_12_1_t14_v1
-525393954,packed_mp_veh_mod_idx_16_v352
-525216582,m_cl_clo_vwm_l_3_24_t4_v1
-525178600,vem_yacht_light_5_v0
-525161408,packed_mp_veh_mod_idx_7_v195
-524995164,m_cl_outfit_clo_awm_o_f_16_t12_v0
-524973774,vem_supermod_3_4_n1_t44_v27
-524844836,f_cl_clo_bhf_u_1_7_t11_v1
-524718803,packed_mp_veh_livery2_0_v153
-524714302,vem_bumper_f_3_t34_v35
-524672503,ve_furia_t0_v3
-524630051,packed_mp_veh_mod_idx_s_17_v151
-524477966,ve_firetruk_t0_v3
-524419545,packed_mp_veh_window_tint_0_v96
-524382087,autoshop_wal_6_t0_v0
-524303144,packed_mp_veh_mod_idx_s_7_v158
-524204298,packed_mp_veh_mod_idx_s_3_v236
-524181160,packed_mp_veh_mod_idx_1_v326
-524128430,vem_smod_whlv141_t66_v3
-524082839,m_cl_clo_ltsm_o_4_t8_v12
-524077657,packed_mp_veh_mod_idx_s_11_v296
-523969746,f_cl_outfit_clo_awf_o_g_5_t12_v0
-523956869,m_cl_clo_grm_l_3_11_t4_v1
-523919036,m_cl_clo_x6m_l_0_2_t4_v1
-523856885,f_cl_clo_h2f_b_5_7_t1_v1
-523768787,vem_smod4_whlv112_t66_v2
-523690840,packed_mp_veh_mod_idx_s_17_v79
-523667294,vem_loride_13_t19_v3
-523642653,vem_supermod_58_21_t58_v7
-523641088,pr_pm_bfont_13_t0_v0
-523513142,wp_ps_can_3_t2_v33
-523472662,f_cl_clo_ief_f_0_3_t6_v1
-523455394,wp_wct_c_tint_21_t2_v8_n2
-523449859,wp_wm_tint4_t2_v5
-523290247,vem_smod4_whlv20_t66_v3
-523274824,m_cl_clo_bhm_u_16_1_t11_v1
-523184684,m_cl_clo_vwm_u_8_20_t11_v1
-523174351,vem_brake_0_t2_v27
-523159056,f_cl_clo_val_decl_j_t11_v1
-523110689,f_cl_clo_bif_f_0_1_t6_v1
-523083131,m_cl_clo_busm_f_1_1_t6_v1
-523042832,kosatk_fla_25_t0_v0
-523040742,packed_mp_veh_mod_idx_18_v330
-523033884,packed_mp_veh_mod_idx_s_11_v107
-522832435,packed_mp_veh_mod_idx_13_v33
-522788161,ve_greenwood_t0_v38
-522731536,packed_mp_veh_mod_idx_6_v0
-522682762,vem_cmod_tyr_2_t30_v26
-522460462,packed_mp_veh_mod_idx_10_v353
-522341094,packed_mp_veh_mod_idx_8_v344
-522268298,f_cl_clo_h3f_b_12_1_t1_v1
-522265890,packed_mp_veh_mod_idx_8_v227
-522264988,vem_colour_extra_1_mct_matte_white_t24_v1
-522243244,vem_bumper_f_5_t34_v7
-522222140,packed_mp_veh_mod_var_1_v109
-522160444,vem_smod4_whlv61_t66_v1
-522160086,m_cl_clo_awm_decl_54_t100_v0
-522028158,packed_mp_veh_plate_id_v318
-521925018,packed_mp_veh_mod_idx_s_14_v196
-521826647,f_cl_clo_x3f_b_11_0_t1_v1
-521794738,vem_cmod_neoncol_10_t21_v35
-521723022,packed_mp_veh_mod_idx_s_13_v211
-521710720,packed_mp_veh_mod_idx_s_13_v387
-521702984,packed_mp_veh_plate_id_v253
-521676823,f_cl_clo_fxf_l_1_8_t4_v1
-521584205,f_cl_clo_sbf_ph_6_9_t14_v1
-521579622,packed_mp_veh_colour_extra1_0_v360
-521579076,packed_mp_veh_mod_idx_4_v260
-521457183,packed_mp_veh_mod_idx_s_4_v409
-521448837,mba_colour_2_t0_v0
-521402898,f_cl_clo_x6f_ph_8_25_t14_v1
-521034331,m_cl_clo_trm_ph_2_10_t14_v1
-521005775,m_cl_clo_smm_ph_8_8_t14_v1
-520962785,packed_mp_veh_colour1_0_v120
-520912990,wp_wct_c_tint_29_t2_v8_n2
-520897646,vem_colour_extra_1_mct_metallic_race_yellow_t24_v3
-520828557,vem_colour_mct_none_84
-520752601,m_cl_clo_valm_f_1_0_t6_v1
-520713939,vem_suspension_1_t15_v5
-520652138,packed_mp_veh_mod_idx_s_23_v254
-520403872,packed_mp_veh_mod_var_1_v30
-520315285,vem_cmod_col5_23_t29_v1
-520294230,packed_mp_veh_mod_idx_14_v335
-520255850,m_cl_clo_grm_u_8_9_t11_v1
-520252925,vem_colour_6_sandy_brown_t65_v3
-520217998,vem_yacht_flag_25_v0
-520214860,vem_spoiler_6_t14_v4
-520147746,wp_wm_tint5_t2_v72
-520143923,f_cl_clo_x4f_u_10_1_t11_v1
-520134147,packed_mp_veh_mod_idx_10_v302
-519909236,f_ta_tat_fm_013_t0_v0
-519871627,packed_mp_veh_mod_idx_s_7_v8
-519750863,m_cl_clo_stm_o_e_1_t11_v12
-519684873,m_cl_clo_grm_decl_0_t100_v0
-519601191,vem_insurance_sandkin2
-519535819,f_cl_clo_awf_u_7_2_t11_v1
-519523508,packed_mp_veh_mod_idx_23_v58
-519504455,vem_brake_0_t2_v35
-519504398,m_cl_clo_grm_l_0_0_t4_v1
-519413647,f_cl_outfit_clo_s2f_o_0_t12_v0
-519368602,vem_grill_6_t8_v27
-519340363,vem_exhaust_3_t6_v4
-519322859,wp_wct_no_liv_t1_v22_n2
-519260450,vem_colour_1_mct_metallic_sunset_red_t24_v33
-519247879,packed_mp_veh_plate_id_v130
-519150250,vem_rwd_musc_03_t19_v0
-519098928,vem_armour_3_t1_v29
-518986299,f_cl_clo_awf_l_5_10_t4_v1
-518882575,m_cl_clo_sum_g_1_4_t3_v1
-518849330,packed_mp_veh_mod_idx_s_4_v176
-518775775,packed_mp_veh_mod_idx_10_v206
-518758269,m_cl_clo_x6m_u_26_25_t11_v1
-518741171,packed_mp_veh_mod_idx_s_21_v103
-518708938,packed_ng_vehicle_neon_kit_v330
-518705046,packed_mp_veh_mod_idx_s_12_v219
-518651910,service_earn_collectables_signal_jammers
-518479979,f_cl_clo_h4f_b_2_6_t1_v1
-518471033,vem_colour_mct_none_160
-518384633,packed_mp_veh_mod_idx_22_v53
-518380144,vem_supermod_22_5_t63_v26
-518312113,vem_smod4_whlv113_t66_v2
-518279072,f_cl_clo_stf_o_15_t11_v12
-518258150,vem_insurance_tenf
-518154006,m_cl_outfit_clo_bim_o_16_t12_v0
-518128748,m_cl_outfit_clo_hstm_o_b_3_t12_v0
-518060108,f_cl_clo_valf_t_0_0_t7_v1
-517986980,vem_colour_extra_1_mct_classic_black_t24_v33
-517926722,packed_mp_veh_mod_idx_s_11_v93
-517865067,packed_mp_veh_mod_idx_s_14_v21
-517863631,m_cl_clo_h2m_ph_4_4_t14_v1
-517858538,packed_mp_veh_mod_idx_s_13_v338
-517797770,packed_mp_veh_mod_idx_s_8_v261
-517740303,packed_mp_veh_mod_idx_s_0_v185
-517619654,packed_mp_veh_mod_idx_14_v60
-517512041,vem_insurance_minivan2
-517447402,service_spend_request_heist
-517383514,packed_mp_veh_mod_idx_11_v237
-517344799,packed_mp_veh_mod_var_1_v164
-517334278,packed_mp_veh_mod_idx_22_v248
-517311945,f_cl_clo_h2f_o_c_0_t8_v12
-517272011,f_cl_clo_bif_u_8_0_t11_v1
-517219817,f_cl_clo_awf_decl_12_t100_v0
-517188096,vem_fender_r_5_t37_v30
-517138103,f_cl_clo_trf_ph_2_5_t14_v1
-517120133,packed_mp_veh_mod_var_0_v365
-517095555,packed_mp_veh_mod_idx_s_16_v30
-517037925,vem_smod_whlv161_t66_v0
-517004417,packed_ng_vehicle_bpt_v178
-516978908,packed_mp_veh_mod_idx_10_v119
-516955603,m_ta_tat_st_012_t0_v0
-516943135,vem_cmod_pla_3_t23_v10
-516934289,m_cl_outfit_clo_v2m_o_2_t12_v0
-516876069,packed_mp_veh_livery2_0_v67
-516828889,mp_stat_mpsv_model_206
-516752320,f_ha_cc_lipstick_7_t8_v1
-516741926,packed_mp_veh_mod_idx_2_v178
-516684651,fixer_hq_tnt_1_t0_v0
-516608865,vem_cmod_col5_19_t29_v2
-516589225,packed_mp_veh_mod_idx_s_16_v315
-516560262,vem_colour_extra_1_mct_classic_might_purple_t24_v0
-516479375,packed_mp_veh_mod_idx_s_8_v79
-516449912,packed_mp_veh_mod_idx_s_15_v353
-516445344,vem_engine_3_t5_v28
-516356070,m_cl_clo_fxm_u_10_4_t11_v1
-516294773,packed_mp_veh_mod_idx_18_v374
-516227955,m_cl_clo_halm_d_4_t11_v1
-516219046,service_spend_healthcare
-516126681,m_ha_none_t5_v1
-516080415,packed_mp_veh_mod_idx_14_v39
-515988304,m_cl_clo_x6m_u_0_24_t11_v1
-515974564,f_cl_clo_sbf_u_21_0_t11_v1
-515932971,vem_colour_extra_1_mct_matte_yellow_t24_v2
-515919861,mp_stat_mpsv_model_298
-515827517,packed_ng_vehicle_neon_v226
-515794412,packed_mp_veh_livery2_0_v70
-515723504,vem_trans_3_t16_v6
-515712975,m_cl_clo_x3m_b_1_2_t1_v1
-515674579,vem_cmod_col5_39_t29_v2
-515643528,m_cl_clo_indm_d_22_t100_v0
-515612995,packed_mp_veh_mod_var_0_v336
-515560682,vem_hood_9_t9_v1
-515549812,m_cl_clo_busm_g0_1_t14_v1
-515504366,m_cl_clo_smm_b_4_17_t1_v1
-515445935,packed_mp_veh_mod_idx_s_19_v333
-515428372,packed_mp_veh_mod_idx_0_v239
-515409961,f_cl_clo_x4f_u_12_7_t11_v1
-515338151,vem_supermod_23_0_t64_v22
-515288300,packed_mp_veh_mod_idx_4_v276
-515117825,f_ha_cc_eyebrw_20_t2_v0
-515060598,packed_mp_veh_mod_idx_6_v414
-515027482,vem_colour_extra_1_mct_metallic_lava_red_t24_v0
-514917215,m_cl_clo_stm_ht1513_t14_v1
-514858595,vem_horn_luxe3_t10_v10
-514834150,vem_horn_cnote_f0_t10_v32
-514819249,wp_wct_barr2_t1_v13_n2
-514734366,packed_mp_veh_mod_idx_15_v20
-514725083,f_cl_clo_v2f_l_0_10_t4_v1
-514627523,vem_supermod_62_9_t62_v7
-514586986,packed_mp_veh_mod_idx_s_1_v308
-514586362,m_cl_clo_lxm_o_6_t3_v12
-514483661,packed_mp_veh_colour_extra1_0_v246
-514438521,packed_mp_veh_mod_idx_s_16_v256
-514438067,f_cl_f_fmf_13_0_t6_v0
-514410015,packed_ng_vehicle_neon_v382
-514354689,packed_mp_veh_mod_idx_2_v340
-514201198,packed_mp_veh_livery2_0_v410
-514177325,packed_mp_veh_mod_idx_s_6_v95
-514059067,vem_spt_06_t19_v12
-513898272,f_cl_clo_bhf_u_15_6_t11_v1
-513844735,packed_mp_veh_colour_extra2_0_v356
-513831795,packed_mp_veh_mod_idx_s_5_v143
-513817877,packed_mp_veh_mod_idx_1_v58
-513812264,f_cl_clo_stf_ht1512_t14_v1
-513794642,packed_mp_veh_mod_idx_s_13_v316
-513746116,f_cl_clo_sbf_f_4_0_t6_v1
-513689160,mp_stat_ie_wh_owned_vehicle_21_v0
-513615054,vem_colour_extra_1_mct_classic_orange_t24_v3
-513584270,pr_mp_prop_off2_t0_v0
-513480860,vem_cmod_neoncol_4_t21_v0
-513470253,m_cl_clo_busm_s_0_2_t8_v2
-513435803,vem_colour_1_mct_metallic_harbor_blue_t24_v4
-513348184,vem_colour_2_mct_classic_dark_silver_t25_v3
-513267807,packed_mp_veh_mod_idx_s_12_v182
-513263200,vem_colour_1_mct_metallic_torino_red_t24_v1
-513262006,m_cl_outfit_clo_x6m_o_o_8_t12_v0
-513256845,packed_mp_veh_mod_idx_s_6_v283
-513256277,vem_supermod_20_13_t61_v3
-513246740,vem_supermod_3_33_t44_v3
-513219475,f_cl_clo_bhf_b_0_16_t1_v1
-513109908,f_cl_clo_bhf_decl_18_t100_v0
-513084045,f_cl_clo_grf_ph_5_22_t14_v1
-513058915,m_cl_clo_indm_d_13_t8_v1
-513028775,dec_vw_aw_wh_31
-513000562,vem_supermod_3_29_t44_v3
-512762944,f_cl_clo_bbf_u_3_3_t11_v1
-512704096,vem_colour_2_mct_metallic_olive_green_t25_v33
-512686634,packed_mp_veh_mod_idx_s_20_v180
-512674724,m_cl_clo_smm_b_2_19_t1_v1
-512646879,f_cl_clo_grf_l_3_17_t4_v1
-512641054,m_cl_u_fmm_12_4_t11_v0
-512487475,packed_mp_veh_livery2_0_v297
-512486662,vem_spt_09_t19_v2
-512466180,f_cl_clo_vwf_decl_38_t100_v0
-512427529,m_cl_outfit_clo_exm_ob_4_t12_v0
-512235375,m_cl_clo_fxm_ph_0_6_t14_v1
-512131091,m_ha_cc_eyebrw_5_t2_v1
-512108463,vem_bumper_f_7_t34_v0
-512064275,packed_mp_veh_mod_idx_s_10_v294
-511868696,f_cl_clo_hst_f_a_5_t11_v1
-511858257,vem_smod2_whlv48_t66_v3
-511840978,vem_colour_2_mct_classic_beechwood_brown_t25_v4
-511803759,packed_mp_veh_mod_idx_s_4_v146
-511782205,f_cl_clo_suf_b_3_9_t1_v1
-511772322,ve_blimp3_t1_v4
-511572680,m_cl_clo_h4m_b_4_4_t1_v1
-511494541,m_cl_clo_jam_h_5_0_t14_v1
-511485635,vem_smod4_whlv7_t66_v1
-511442477,f_cl_clo_grf_u_13_1_t11_v1
-511406517,packed_mp_veh_mod_idx_s_15_v16
-511402983,vem_supermod_21_5_t62_v27
-511323887,vem_drft_13_t19_v2
-511312913,m_cl_clo_vwm_l_2_0_t4_v1
-511075056,packed_mp_veh_mod_idx_10_v200
-510958658,vem_colour_extra_1_mct_pearlescent_dark_green_t24_v3
-510871672,packed_mp_veh_mod_idx_11_v263
-510796043,packed_mp_veh_mod_idx_16_v268
-510784624,m_cl_clo_exm_decl_16_t100_v0
-510745314,wp_wct_c_tint_20_t2_v47_n2
-510691151,f_cl_clo_jaf_o_2_t100_v0
-510529941,vem_supermod_1_5_t42_v10
-510479417,vem_livery_4_t26_v1
-510343954,mt_snk_item3_t0_v2
-510298791,vem_smod5_whlv4_t66_v3
-510293632,vem_cmod_neoncol_1_t21_v35
-510136395,vem_skirt_0_t13_v33
-510110283,mp_stat_mpsv_model_366
-510097758,m_cl_clo_hp_d_14_t11_v1
-510089794,packed_mp_veh_livery_0_v387
-510068950,f_cl_clo_x6f_ph_1_7_t14_v1
-509972364,vem_supermod_23_29_n1_t64_v33
-509808017,f_cl_f_fmf_15_10_t6_v0
-509703517,f_cl_clo_awf_u_4_3_t11_v1
-509646551,vem_mwt_supermod3_t11_v0
-509631294,packed_mp_veh_mod_idx_9_v9
-509625555,m_cl_clo_lxm_t_17_0_t7_v1
-509598720,vem_cmod_col5_9_t29_v4
-509491526,vem_bumper_f_0_t34_v32
-509281770,f_cl_clo_ief_b_9_4_t1_v1
-509263780,m_cl_clo_stm_l_3_16_t4_v1
-509044814,packed_mp_veh_mod_idx_s_1_v202
-508992514,m_cl_clo_hp_l_2_1_t4_v1
-508982551,packed_lr_vehicle_colour_5_v177
-508971151,f_cl_clo_bif_l_1_5_t4_v1
-508859459,m_cl_clo_h3m_decl_6_t11_v1
-508843645,ve_premier_t0_v0
-508835090,f_cl_clo_bif_pe_1_6_t14_v1
-508786288,vem_loride_04_t19_v1
-508730081,packed_mp_veh_mod_idx_s_11_v230
-508643412,vem_drft_02_t19_v2
-508595380,m_cl_outfit_clo_h4m_o_s2_m2_t12_v0
-508511562,packed_mp_veh_mod_idx_s_22_v188
-508508307,packed_mp_veh_mod_idx_s_8_v18
-508487173,vem_livery_3_t26_v0
-508444623,vem_colour_1_mct_metallic_sandy_brown_t24_v1
-508274950,packed_mp_veh_primary_colour_group_v330
-508256690,m_ta_tat_aw_000_t0_v0
-508231717,f_cl_clo_sbf_ph_8_0_t14_v1
-508153753,m_cl_clo_grm_u_13_20_t11_v1
-508058949,f_cl_outfit_clo_x17f_o_m_8_t12_v0
-508034579,f_ha_face_e_c_4_t4_v0
-508031340,packed_mp_veh_mod_var_0_v270
-508016410,vem_smod2_whlv107_t66_v3
-508016142,packed_mp_veh_mod_idx_4_v194
-507981300,m_cl_clo_grm_b_1_16_t1_v1
-507939165,packed_mp_veh_mod_idx_s_19_v239
-507918540,m_cl_clo_grm_u_0_10_t11_v1
-507793231,vem_loride_07_t19_v1
-507792322,vem_colour_1_mct_metallic_beechwood_brown_t24_v4
-507766429,vem_supermod_9_3_t50_v28
-507696217,packed_mp_veh_livery_0_v217
-507687846,packed_mp_veh_mod_idx_s_3_v245
-507493356,f_cl_clo_arf_o_30_t8_v12
-507492096,packed_mp_veh_mod_idx_s_12_v262
-507404819,packed_mp_veh_mod_idx_s_11_v121
-507363301,packed_mp_veh_mod_idx_s_2_v240
-507282824,packed_mp_veh_mod_idx_6_v111
-507216502,packed_ng_vehicle_insurance_v89
-507179350,f_cl_clo_fxf_pe_0_11_t14_v1
-507175327,wp_wct_tint_18_t2_v5_n2
-507138217,packed_mp_veh_mod_idx_s_13_v185
-507051089,packed_mp_veh_livery2_0_v249
-506762802,packed_mp_veh_mod_idx_s_23_v4
-506588801,vem_cmod_hrn_trk_t10_v28
-506513958,m_ha_cc_body_1_11_t3_v1
-506510993,packed_mp_veh_primary_colour_group_v278
-506487903,m_cl_clo_lxm_f_2_0_t6_v1
-506485732,f_cl_clo_busf_l_1_3_t4_v1
-506447621,packed_mp_veh_mod_idx_23_v98
-506409235,vem_insurance_voodoo2
-506401950,vem_cmod_win_1_t33_v27
-506319890,vem_roof_6_t12_v1
-506292992,packed_mp_veh_mod_idx_s_16_v174
-506283900,m_ta_tat_sb_023_t0_v0
-506279448,packed_ng_vehicle_neon_kit_v34
-506231656,packed_mp_veh_plate_id_v375
-505894787,vem_fender_r_5_n1_t37_v27
-505797479,vem_cmod_pla_4_t23_v32
-505728932,f_cl_l_fmf_11_15_t4_v0
-505727013,packed_mp_veh_mod_idx_13_v31
-505697719,packed_mp_veh_mod_idx_s_11_v177
-505573132,packed_mp_veh_mod_idx_s_14_v61
-505468892,packed_mp_veh_mod_idx_12_v220
-505349281,packed_mp_veh_mod_idx_18_v42
-505307155,f_cl_clo_h3f_b_14_17_t1_v1
-505276259,packed_mp_veh_mod_idx_s_15_v373
-505196552,packed_mp_veh_mod_idx_s_2_v318
-505191368,f_cl_clo_suf_decl_20_t100_v0
-505053091,vem_exhaust_3_t6_v1
-504970163,vem_chassis_16_t4_v39
-504955056,f_cl_clo_vwf_b_10_0_t1_v1
-504949883,vem_rwd_hiend_18_t19_v1
-504946090,vem_colour_2_mct_metallic_silver_t25_v2
-504926292,packed_mp_veh_mod_idx_s_0_v147
-504843580,m_cl_clo_s2m_d_24_t11_v1
-504802630,f_cl_clo_awf_o_h_5_t8_v12
-504723982,f_cl_l_fmf_1_12_t4_v0
-504714274,f_cl_clo_scf_ey_4_7_t14_v1
-504623440,m_cl_outfit_clo_hp_o_0_t12_v0
-504589288,packed_mp_veh_mod_idx_12_v69
-504563303,m_cl_clo_grm_decl_6_t100_v0
-504380196,vem_supermod_4_4_t45_v27
-504374538,m_cl_clo_exm_eu_10_4_t11_v1
-504306759,packed_mp_veh_mod_idx_3_v136
-503865145,ve_buzzard_t0_v0
-503783829,packed_ng_vehicle_insurance_v276
-503746929,m_cl_clo_iem_u_5_13_t11_v1
-503690356,packed_mp_veh_mod_idx_9_v358
-503684990,f_cl_clo_h4f_o_l2_f1_t3_v12
-503658517,m_cl_clo_x6m_u_20_16_t11_v1
-503588341,packed_mp_veh_mod_idx_11_v217
-503566177,f_cl_outfit_clo_bif_o_10_t12_v0
-503513040,m_ta_tat_hp_037_t0_v0
-503352397,packed_mp_veh_colour_extra2_0_v290
-503256102,packed_mp_veh_mod_idx_23_v163
-503167609,vem_horn_indi_1_t10_v28
-503167156,m_cl_clo_busm_g1_7_t14_v1
-503130568,f_cl_clo_h4f_b_4_10_t1_v1
-503092214,vem_rwd_bikew_30_t19_v4
-503056934,f_cl_clo_smf_b_9_0_t1_v1
-502928295,packed_ng_vehicle_neon_v79
-502896720,pr_pm_modshop_19_t88_v0
-502777666,packed_lr_vehicle_colour_6_v315
-502664301,vem_supermod_49_1_t49_v7
-502311975,packed_mp_veh_mod_idx_3_v227
-502279396,vem_supermod_17_3_t58_v28
-502248023,vem_colour_5_straw_brown_t38_v0
-502193273,m_cl_clo_smm_b_3_8_t1_v1
-501974464,vem_fender_l_0_t36_v3
-501853895,f_cl_clo_trf_decl_2_t11_v1
-501817328,m_cl_clo_trm_d_21_0_t10_v1
-501732058,wp_wct_tint_23_t2_v8_n2
-501681656,f_ta_tat_gr_024_t0_v0
-501634007,vem_chassis_4_t4_v6
-501630817,m_cl_clo_stm_ht8_9_t14_v1
-501568665,f_cl_clo_grf_u_7_5_t11_v1
-501546818,m_cl_clo_h2m_s_9_3_t8_v1
-501539486,ve_submers2_t1_v0
-501514417,f_cl_clo_exf_eu_11_2_t11_v1
-501480741,m_cl_clo_exm_eu_10_2_t11_v1
-501351400,packed_mp_veh_mod_idx_s_19_v275
-501295638,mp_stat_mpsv_model_357
-501254883,packed_mp_veh_mod_idx_s_17_v263
-501149000,packed_lr_vehicle_colour_5_v194
-501110471,mp_stat_arcade_dron_st_v0
-501092318,packed_lr_vehicle_colour_5_v108
-500941334,vem_brake_4_t2_v3
-500893999,packed_mp_veh_mod_idx_1_v189
-500870685,vem_colour_1_mct_metallic_bright_green_t24_v33
-500747317,vem_smod2_whlv179_t66_v3
-500738426,m_cl_clo_sum_u_15_11_t11_v1
-500683776,f_cl_clo_grf_u_10_17_t11_v1
-500648729,f_cl_outfit_clo_h4f_o_h1_f4_t12_v0
-500608520,packed_mp_veh_mod_idx_5_v223
-500448044,m_cl_clo_sum_u_6_4_t11_v1
-500445526,packed_mp_veh_mod_idx_s_16_v414
-500420577,packed_mp_veh_mod_idx_s_14_v268
-500393363,vem_supermod_0_7_t41_v26
-500388151,m_cl_clo_exm_g_17_9_t14_v1
-500368891,packed_mp_veh_mod_idx_s_8_v156
-500366969,packed_mp_veh_colour_extra1_0_v80
-500299545,ig_sell_3_t0_v0
-500256890,f_cl_clo_sbf_ph_7_0_t14_v1
-500223020,packed_ng_vehicle_insurance_v119
-500221388,vem_supermod_5_3_t46_v27
-500128626,packed_mp_veh_mod_idx_s_12_v145
-500126217,vem_smod4_whlv100_t66_v2
-500114085,f_cl_clo_awf_b_12_8_t1_v1
-500012340,packed_mp_veh_mod_idx_s_7_v226
-500011576,vem_insurance_scarab2
-499934182,mba_graphics_5_t0_v0
-499932048,wp_wct_tint_15_t2_v9_n2
-499884381,f_cl_o_fmf_s7_t8_v12
-499827924,wp_ps_bag_34_t1_v33
-499730095,packed_mp_veh_mod_idx_s_20_v212
-499675036,vem_trans_1_t16_v37
-499551970,packed_mp_veh_plate_id_v115
-499531284,vem_supermod_15_0_t56_v7
-499457585,vem_smod5_whlv36_t66_v3
-499246262,packed_mp_veh_mod_idx_7_v221
-499205085,vem_colour_2_mct_classic_bronze_t25_v33
-499133623,packed_mp_veh_colour_extra2_0_v19
-499119503,packed_mp_veh_mod_idx_3_v365
-499095771,f_cl_clo_apf_u_17_7_t11_v1
-499061952,kosatk_fla_24_t0_v1
-499058718,m_cl_clo_bim_pw_0_0_t14_v1
-499052820,packed_mp_veh_mod_idx_7_v277
-499035161,packed_mp_veh_mod_idx_8_v79
-499022669,packed_mp_veh_mod_idx_s_16_v391
-498909919,packed_mp_veh_mod_idx_s_21_v84
-498895348,packed_mp_veh_mod_idx_s_9_v98
-498866664,packed_ng_vehicle_insurance_v316
-498751601,f_cl_clo_x6f_u_1_22_t11_v1
-498634945,vem_spt_16_t19_v0
-498634632,f_cl_clo_lxf_lw_1_2_t14_v1
-498614391,packed_mp_veh_livery2_0_v102
-498599074,m_cl_clo_grm_u_2_7_t11_v1
-498580278,m_cl_clo_fxm_u_6_3_t11_v1
-498538470,m_cl_clo_bim_u_15_2_t11_v1
-498485086,vem_cmod_col5_8_t29_v0
-498455522,packed_mp_veh_window_tint_0_v178
-498338424,vem_armour_5_t1_v1
-498223433,m_cl_clo_smm_b_2_14_t1_v1
-498167422,f_cl_clo_x6f_u_26_13_t11_v1
-498110476,packed_mp_veh_mod_idx_s_9_v40
-498010416,mp_stat_businesshub_mod_2_v0
-497965833,packed_mp_veh_mod_idx_2_v369
-497958001,vem_colour_2_mct_classic_silver_t25_v4
-497909437,vem_exhaust_3_t6_v3
-497894691,m_cl_clo_x6m_ey_3_7_t14_v1
-497804733,packed_mp_veh_mod_idx_12_v30
-497777381,packed_mp_veh_mod_idx_22_v136
-497695965,mba_colour_3_t0_v0
-497609525,packed_mp_veh_window_tint_0_v274
-497561677,packed_mp_veh_wheel_type_0_v317
-497528550,m_cl_clo_h2m_f_5_12_t6_v1
-497522458,wp_wct_tint_15_t2_v13_n2
-497513912,packed_ng_vehicle_neon_kit_v390
-497504432,packed_mp_veh_mod_idx_s_14_v273
-497490724,f_cl_clo_ief_b_10_9_t1_v1
-497483083,packed_mp_veh_mod_idx_s_17_v366
-497462296,packed_mp_veh_mod_idx_s_18_v131
-497458001,m_cl_clo_x6m_l_6_13_t4_v1
-497433690,m_cl_clo_h2m_b_4_3_t1_v1
-497404399,packed_mp_veh_mod_idx_s_5_v6
-497345546,f_cl_clo_lxf_e_1_0_t14_v1
-497192151,dec_vw_aw_wv_64
-497185532,packed_mp_veh_colour1_0_v365
-497149878,f_cl_clo_hp_f_h_1_1_t14_v1
-497127077,vem_colour_2_mct_metallic_maple_brown_t25_v33
-496954608,f_cl_clo_vwf_u_2_0_t11_v1
-496881207,packed_mp_veh_mod_idx_5_v393
-496844264,vem_supermod_5_12_t46_v10
-496737949,packed_mp_veh_mod_var_0_v93
-496691940,vem_bumper_r_15_t35_v27
-496653272,packed_mp_int_hackertruck_interior_tint_v0
-496501379,m_cl_clo_trm_u_9_5_t11_v1
-496497800,f_cl_clo_bif_l_1_0_t4_v1
-496422957,vem_supermod_47_16_t47_v7
-496372628,packed_mp_veh_mod_idx_14_v340
-496328356,m_cl_clo_vwm_l_3_7_t4_v1
-496322006,packed_mp_veh_mod_idx_13_v40
-496292881,packed_mp_veh_mod_idx_2_v289
-496274467,packed_mp_veh_livery2_0_v126
-496261024,f_cl_clo_x6f_t_2_4_t7_v1
-496146912,dec_vw_aw_mt_17a
-496146118,packed_mp_veh_mod_idx_1_v224
-496128771,f_cl_clo_bbf_p3_4_t14_v1
-496121574,vem_supermod_1_12_t42_v26
-496083590,dec_vw_aw_mt_16d
-496050808,m_cl_clo_bim_decl_61_t10_v1
-495988536,f_cl_clo_grf_l_4_9_t4_v1
-495962661,vem_supermod_43_4_t43_v7
-495821383,m_cl_clo_awm_b_3_7_t1_v1
-495779085,m_cl_clo_vwm_u_23_0_t11_v1
-495772802,vem_smod4_whlv182_t66_v1
-495714678,packed_mp_veh_mod_idx_s_22_v230
-495667392,packed_mp_veh_mod_idx_s_14_v288
-495642236,m_cl_clo_grm_u_15_19_t11_v1
-495511737,vem_spoiler_3_t14_v3
-495478353,vem_colour_2_mct_matte_dark_red_t25_v0
-495436598,f_cl_clo_trf_d_11_0_t10_v1
-495187448,vem_cmod_tyr_10_t18_v26
-495140489,vem_insurance_schafter5
-495135947,f_cl_clo_smf_b_2_15_t1_v1
-495083873,packed_mp_veh_mod_idx_s_20_v55
-494901712,f_cl_u_fmf_5_0_t8_v0
-494887318,packed_mp_veh_mod_idx_12_v133
-494798114,f_cl_clo_sbf_l_2_9_t4_v1
-494704901,packed_mp_veh_mod_idx_4_v14
-494647918,packed_mp_veh_mod_idx_3_v6
-494614574,m_cl_clo_x6m_u_26_17_t11_v1
-494573452,packed_mp_veh_mod_idx_14_v208
-494565059,service_earn_ambient_job_rc_time_trial
-494504440,f_cl_clo_fxf_u_6_0_t11_v1
-494431958,vem_colour_1_mct_matte_matte_desert_t24_v33
-494409794,packed_mp_veh_mod_idx_s_17_v215
-494392725,f_cl_clo_awf_t_0_t7_v1
-494335206,f_cl_clo_h3f_u_9_19_t11_v1
-494241960,f_cl_outfit_clo_awf_o_b_10_t12_v0
-494120068,m_cl_clo_h2m_b_9_1_t1_v1
-494095560,m_cl_clo_halm_0_2_t1_v1
-494039462,mp_stat_casinoapt_owned_v0
-494022071,vem_colour_2_mct_matte_dark_blue_t25_v2
-494014625,packed_mp_veh_mod_idx_s_11_v319
-494012327,packed_mp_veh_mod_idx_7_v414
-493929463,packed_ng_vehicle_neon_kit_v17
-493891413,f_cl_clo_grf_u_20_0_t11_v1
-493835540,m_cl_clo_exm_el_0_3_t4_v1
-493731367,vem_supermod_23_39_t64_v33
-493629753,packed_mp_veh_mod_idx_s_13_v150
-493566154,vem_supermod_7_9_t48_v7
-493485884,packed_mp_veh_mod_idx_s_4_v140
-493435798,f_cl_clo_trf_decl_12_t11_v1
-493371677,packed_mp_veh_mod_idx_s_5_v315
-493317808,wp_wt_snip_hvy2_t1_v21
-493163641,m_cl_clo_bhm_decl_23_t100_v0
-493118684,vem_smod4_whlv149_t66_v0
-493059829,vem_hlight_6_t11_v3
-492785049,m_cl_u_fmm_0_0_t8_v0
-492731903,m_cl_clo_grm_b_2_4_t1_v1
-492701055,m_cl_ht_fmm_9_5_t14_v0
-492667856,m_ha_cc_body_1_10_t3_v1
-492648327,packed_mp_veh_secondary_colour_group_v235
-492618529,vem_spoiler_1_t14_v26
-492475120,vem_rwd_musc_12_t19_v2
-492432089,packed_mp_veh_mod_idx_7_v123
-492301704,m_cl_clo_vwm_decl_3_t100_v0
-492301699,vem_horn_clas7_t10_v6
-492262512,packed_mp_veh_mod_idx_s_8_v53
-492252121,packed_mp_veh_mod_idx_s_15_v57
-492235724,f_cl_clo_h3f_b_12_0_t1_v1
-492152459,vem_colour_1_mct_metallic_wine_red_t24_v2
-492136319,packed_mp_veh_colour_extra1_0_v280
-492104694,m_cl_clo_indm_d_18_t11_v1
-492016606,vem_supermod_61_17_t61_v7
-491972836,vem_supermod_20_2_t61_v28
-491923998,f_ha_cc_eyebrw_13_t2_v0
-491862715,vem_smod4_whlv180_t66_v1
-491858538,vem_supermod_15_6_n1_t56_v3
-491686963,packed_mp_veh_livery2_0_v403
-491663722,vem_supermod_2_15_t43_v3
-491646853,f_cl_clo_h2f_b_7_8_t1_v1
-491452009,packed_lr_vehicle_colour_5_v7
-491380259,vem_smod4_whlv177_t66_v1
-491250730,m_cl_clo_vwm_b_9_0_t1_v1
-491223005,packed_mp_veh_mod_idx_s_1_v313
-491196445,packed_mp_veh_secondary_colour_group_v107
-491101547,packed_mp_veh_mod_var_0_v366
-491071123,f_cl_clo_x6f_u_27_0_t11_v1
-491061256,wp_fw_tint11_t6_v1
-491022516,packed_mp_veh_mod_idx_24_v56
-491003728,f_ha_cc_f_hs_2_t0_v0
-490930239,wp_wct_clip1_t1_v13_n2
-490884983,m_cl_clo_fxm_u_2_1_t11_v1
-490884202,vem_colour_extra_1_mct_pearlescent_silver_t24_v3
-490756252,vem_insurance_slamvan5
-490652838,pr_mp_prop_84_t0_v0
-490633191,vem_supermod_6_0_t47_v28
-490595976,fixer_hq_tnt_8_t0_v0
-490466728,vem_suv_06_t19_v1
-490434581,packed_mp_veh_mod_idx_22_v128
-490150327,packed_mp_veh_mod_idx_6_v220
-490118463,f_cl_clo_bif_decl_31_t11_v1
-490089987,packed_ng_vehicle_neon_v408
-490085734,vem_colour_2_mct_metallic_shadow_silver_t25_v33
-490078890,pr_pm_modshop_1_t87_v0
-490026924,m_cl_outfit_clo_h2m_o_s_2_t12_v0
-490026457,packed_mp_veh_mod_idx_16_v227
-489895530,packed_mp_veh_mod_idx_8_v278
-489852186,m_cl_clo_h3m_s_1_8_t8_v1
-489752943,m_cl_clo_smm_ph_6_2_t14_v1
-489746351,m_cl_clo_vwm_s_2_5_t8_v2
-489671972,m_cl_clo_iem_l_2_4_t4_v1
-489628930,f_cl_clo_fxf_l_5_22_t4_v1
-489595982,f_cl_clo_grf_u_8_7_t11_v1
-489575676,packed_mp_veh_mod_idx_s_9_v386
-489573077,vem_colour_2_mct_classic_straw_brown_t25_v0
-489459738,packed_mp_veh_mod_var_0_v254
-489431617,packed_mp_veh_mod_idx_15_v161
-489367732,packed_mp_veh_livery_0_v400
-489344290,f_ha_clo_hp_f_hr_1_0_t0_v1
-489329834,m_cl_clo_bus_p_0_1_t14_v1
-489321901,vem_rwd_hiend_06_t19_v0
-488953528,m_cl_clo_sbm_f_3_11_t6_v1
-488947879,m_cl_l_fmm_3_8_t4_v0
-488840330,vem_cmod_tyr_7_t18_v30
-488712520,packed_mp_veh_mod_idx_s_10_v161
-488706819,packed_mp_veh_plate_id_v141
-488595065,m_cl_clo_h4m_decl_38_t100_v0
-488555373,packed_mp_veh_mod_idx_2_v264
-488461233,m_cl_clo_trm_u_11_8_t11_v1
-488431633,packed_mp_veh_mod_idx_s_3_v34
-488313326,vem_supermod_23_17_t64_v34
-488311400,packed_mp_veh_mod_idx_s_17_v256
-488259849,packed_mp_veh_mod_var_0_v2
-488171235,vem_colour_extra_1_mct_metallic_formula_red_t24_v0
-488155883,f_cl_clo_suf_u_9_5_t11_v1
-488096477,m_cl_outfit_clo_h4m_o_s1_m3_t12_v0
-488039773,f_cl_clo_grf_g_1_17_t3_v1
-487948189,packed_ng_vehicle_smoke_v174
-487460184,m_cl_clo_stm_o_1_t3_v12_cesp
-487401911,m_cl_clo_awm_b_12_6_t1_v1
-487342987,packed_mp_veh_colour1_0_v165
-487221262,vem_chassis_18_t4_v39
-487198883,packed_ng_vehicle_neon_v42
-487176065,vem_colour_extra_1_mct_metallic_maple_brown_t24_v1
-487098250,packed_mp_veh_colour2_0_v135
-487060010,vem_bumper_f_2_t34_v35
-486964247,dec_vw_aw_wv_84
-486900076,vem_smod3_whlv138_t66_v3
-486628788,packed_mp_veh_mod_var_0_v21
-486613195,mp_stat_mpsv_model_279
-486578358,m_cl_clo_h4m_prw_0_9_t14_v1
-486565635,f_cl_clo_scf_b_1_0_t1_v1
-486543626,vem_cmod_neonlay_1_t21_v26
-486520268,f_cl_clo_sbf_b_10_9_t1_v1
-486504351,m_cl_clo_sbm_f_3_8_t6_v1
-486503630,packed_mp_veh_livery2_0_v202
-486410165,m_ha_clo_bim_h_0_0_t0_v1
-486238891,packed_mp_veh_mod_idx_2_v346
-486009964,f_cl_clo_x6f_f_4_4_t6_v1
-485974677,packed_mp_veh_mod_idx_s_17_v48
-485889643,packed_mp_veh_livery_0_v74
-485826711,vem_suspension_0_t15_v1
-485761600,vem_rwd_hiend_16_t19_v3
-485547620,m_ta_tat_h27_022_t0_v0
-485530781,wp_wct_tint_19_t2_v22_n2
-485484758,packed_mp_veh_mod_idx_18_v268
-485422011,m_cl_clo_bhm_f_1_0_t6_v1
-485396091,packed_mp_veh_mod_idx_12_v159
-485266195,vem_engine_2_t5_v31
-485189483,m_cl_clo_s2m_d_24_t100_v0
-485172726,f_cl_clo_grf_ph_5_17_t14_v1
-485046649,f_ha_cc_f_hs_6_t0_v2
-484937939,m_cl_clo_awm_ph_2_3_t14_v1
-484912564,m_cl_clo_s2m_u_5_7_t11_v1
-484866293,wp_wct_tint_10_t2_v9_n2
-484866143,vem_supermod_23_8_t64_v39
-484781088,m_cl_clo_lxm_u_5_16_t11_v1
-484777236,packed_mp_veh_mod_idx_s_22_v91
-484716479,vem_trans_3_t16_v33
-484681380,packed_mp_veh_colour_extra1_0_v353
-484666895,vem_colour_1_mct_classic_orange_t24_v4
-484540312,m_ta_tat_sb_008_t0_v0
-484521151,m_cl_clo_trm_u_17_8_t11_v1
-484403687,vem_suspension_4_t15_v3
-484375110,f_cl_clo_busf_u_2_11_t11_v1
-484294830,vem_roof_1_t12_v5
-484147659,f_cl_clo_s2f_u_2_2_t11_v1
-484134043,packed_mp_veh_mod_idx_s_13_v172
-484068230,m_cl_clo_bbm_f_0_5_t6_v1
-483935801,f_cl_clo_h3f_u_11_1_t11_v1
-483849717,f_cl_clo_vwf_u_16_0_t11_v1
-483844775,vem_fender_r_8_t37_v0
-483827468,packed_mp_veh_mod_idx_16_v253
-483766002,f_cl_clo_grf_g_1_4_t3_v1
-483760710,vem_hiend_13_t19_v12
-483750660,f_ha_cc_lipstick_5_t8_v1
-483713512,m_cl_l_fmm_7_15_t4_v0
-483703470,packed_mp_veh_mod_idx_16_v302
-483676580,packed_mp_veh_livery_0_v110
-483648599,m_cl_clo_vwm_d_1_15_t10_v1
-483625808,packed_mp_veh_mod_idx_15_v190
-483625502,vem_cmod_hrn_mus1_t10_v7
-483606676,vem_colour_extra_1_mct_pearlescent_saddle_brown_t24_v0
-483523879,vem_hood_10_t9_v35
-483495884,m_cl_clo_ltsm_o_0_t8_v12
-483462741,packed_lr_vehicle_colour_6_v290
-483392278,vem_roof_3_t12_v1
-483361015,packed_mp_veh_colour_extra2_0_v214
-483344822,packed_mp_veh_mod_idx_s_10_v261
-483334895,m_cl_g_fmm_9_7_t14_v0
-483287806,ig_none_0_t0_v0
-483251427,vem_bumper_f_0_t34_v5
-483249998,packed_mp_veh_mod_idx_5_v56
-483242676,f_cl_clo_x6f_f_3_5_t6_v1
-483207210,packed_mp_veh_colour_extra1_0_v187
-483007204,packed_mp_veh_colour2_0_v245
-482862352,packed_mp_veh_mod_idx_s_20_v61
-482775963,packed_mp_veh_mod_idx_14_v118
-482768293,packed_mp_veh_mod_idx_15_v339
-482765031,vem_cmod_pla_2_t23_v11
-482743101,packed_mp_veh_mod_idx_s_3_v377
-482626767,m_cl_clo_hp_w_0_3_t14_v1
-482555984,packed_mp_veh_mod_idx_s_18_v46
-482464713,m_cl_u_fmm_13_13_t8_v0
-482450816,ve_deity_t0_v38
-482416665,f_cl_clo_exf_eu_5_2_t11_v1
-482354323,f_cl_clo_stf_o_15_t11_v12_cesp
-482328942,f_cl_ht_fmf_15_0_t14_v0
-482292478,packed_mp_veh_mod_idx_s_7_v188
-482257558,packed_mp_veh_mod_idx_s_6_v154
-482086926,f_cl_clo_trf_ph_1_10_t14_v1
-482053217,ve_moonbeam2_t0_v3
-482013142,packed_mp_veh_mod_idx_18_v380
-481955932,vem_colour_5_might_purple_t38_v0
-481944413,vem_horn_clas3_t10_v38
-481811471,packed_mp_veh_mod_idx_10_v250
-481774390,m_cl_clo_hstm_b_5_1_t1_v1
-481709713,packed_mp_veh_wheel_type_0_v388
-481683824,packed_mp_veh_mod_idx_s_4_v123
-481590997,m_cl_clo_vwm_pey_117_t14_v1
-481582666,f_cl_clo_h3f_ph_8_2_t14_v1
-481575792,f_cl_tat_fm_101_t100_v0
-481542902,mp_stat_prodtotalforfactory2_v0
-481447274,f_cl_clo_half_d_12_t100_v0
-481442438,packed_mp_veh_mod_idx_s_2_v227
-481420903,packed_mp_veh_mod_idx_24_v47
-481415398,packed_mp_veh_colour1_0_v193
-481393676,packed_mp_veh_mod_idx_22_v340
-481166995,vem_colour_1_mct_classic_dark_green_t24_v2
-481143792,packed_mp_veh_mod_idx_s_12_v256
-481079240,m_cl_clo_bim_u_16_3_t11_v1
-481057177,f_cl_clo_arf_o_1_t11_v12
-480955338,ve_boxville4_n1_t1_v0
-480943620,packed_mp_veh_colour1_0_v226
-480928691,m_cl_f_fmm_14_15_t6_v0
-480835050,f_ha_cc_eyebrw_2_t2_v1
-480784290,wp_wct_tint_20_t2_v5_n2
-480660483,packed_mp_veh_mod_idx_15_v283
-480564118,f_cl_clo_h4f_ph_1_6_t14_v1
-480470283,f_cl_clo_val_decl_k_t11_v1
-480466069,packed_mp_veh_mod_idx_2_v43
-480267288,packed_mp_veh_mod_idx_18_v102
-480259569,packed_mp_veh_mod_idx_9_v394
-480113458,vem_colour_extra_1_mct_metallic_chocolate_brown_t24_v33
-480002023,f_cl_clo_smf_b_5_3_t1_v1
-479970769,f_cl_clo_stf_l_3_8_t4_v1
-479864562,mp_stat_mpsv_model_69
-479818207,packed_mp_veh_colour1_0_v50
-479784173,packed_mp_veh_window_tint_0_v220
-479766560,m_cl_clo_jam_h_6_0_t14_v1
-479758400,packed_mp_veh_colour2_0_v92
-479703610,m_ta_tat_x2_009_t0_v0
-479630920,packed_mp_veh_plate_id_v68
-479609713,vem_supermod_5_15_t46_v26
-479556761,m_cl_clo_stm_h_9_2_t14_v1
-479471221,packed_mp_veh_colour2_0_v351
-479412481,packed_mp_veh_mod_idx_s_4_v75
-479322088,m_cl_clo_stm_o_15_t11_v12_cesp
-479282698,m_cl_clo_grm_u_20_0_t11_v1
-478766027,wp_wm_tint5_t2_v47
-478743042,vem_spt_23_t19_v12
-478709540,f_cl_clo_h2f_u_6_13_t11_v1
-478701682,vem_roof_7_t12_v26
-478679944,vem_horn_hips1_t10_v7
-478513714,vem_spt_21_t19_v3
-478500368,packed_mp_veh_mod_idx_s_8_v182
-478485775,vem_colour_extra_1_mct_pearlescent_harbor_blue_t24_v4
-478466224,pr_mp_prop_clubh1_t0_v0
-478416449,f_cl_clo_grf_u_3_17_t11_v1
-478405369,vem_horn_clas3_t10_v34
-478385025,m_cl_clo_awm_ph_2_5_t14_v1
-478346568,packed_ng_vehicle_bpt_v252
-478334850,vem_supermod_5_0_t46_v34
-478309604,vem_supermod_19_7_t60_v27
-478220638,packed_mp_veh_mod_idx_s_11_v202
-478032768,m_cl_clo_awm_b_12_1_t1_v1
-478000569,m_cl_clo_bbm_f_0_7_t6_v1
-477903110,vem_horn_hips4_t10_v4
-477886769,vem_colour_1_mct_classic_wine_red_t24_v33
-477877714,hangar_mod_floor_decal_0_t0_v0
-477836249,packed_mp_veh_mod_idx_16_v220
-477814407,packed_mp_veh_mod_idx_s_10_v144
-477760297,ve_granger2_t1_v38
-477747803,m_cl_clo_iem_o_3_t3_v12
-477743698,packed_mp_veh_mod_idx_s_4_v17
-477739516,vem_horn_cnote_d0_t10_v29
-477731578,packed_mp_veh_primary_colour_group_v311
-477646799,m_cl_clo_hp_d_36_t100_v0
-477610113,packed_mp_veh_mod_idx_s_2_v205
-477598927,packed_ng_vehicle_neon_v132
-477579142,f_cl_clo_x6f_ph_0_4_t14_v1
-477494869,packed_mp_veh_mod_idx_s_23_v235
-477402617,m_cl_clo_h4m_decl_49_t100_v0
-477344850,vem_skirt_4_t13_v35
-477192479,packed_mp_veh_mod_idx_s_16_v340
-477101423,m_cl_clo_scm_u_1_1_t11_v1
-477018466,m_cl_clo_grm_decl_7_t11_v1
-476983092,packed_mp_veh_mod_idx_16_v193
-476883368,packed_mp_veh_mod_idx_15_v236
-476866573,packed_mp_veh_secondary_colour_group_v252
-476832970,packed_mp_veh_mod_var_0_v410
-476817745,m_cl_outfit_clo_awm_o_d_11_t12_v0
-476763954,packed_ng_vehicle_neon_kit_v310
-476746284,m_cl_clo_vwm_pey_0_8_t14_v1
-476732299,vem_colour_5_black_t38_v3
-476582364,m_cl_clo_h4m_s_1_6_t8_v1
-476570458,packed_mp_veh_mod_idx_s_15_v411
-476546624,m_cl_clo_grm_u_11_4_t11_v1
-476503520,packed_mp_veh_mod_idx_s_13_v315
-476499144,packed_mp_veh_mod_idx_8_v168
-476489550,packed_lr_vehicle_colour_5_v287
-476361370,packed_mp_veh_mod_idx_s_5_v365
-476323569,vem_colour_extra_1_mct_matte_green_t24_v33
-476179930,packed_mp_veh_mod_idx_s_6_v195
-476138450,packed_mp_veh_mod_idx_0_v8
-476034436,packed_mp_veh_mod_idx_9_v233
-475909290,m_cl_clo_trm_u_8_8_t11_v1
-475712093,m_cl_clo_h3m_b_19_5_t1_v1
-475676845,packed_mp_veh_mod_idx_11_v118
-475638421,f_ta_tat_x6_001_t0_v0
-475599662,vem_horn_hips1_t10_v1
-475430260,f_cl_clo_h4f_b_0_23_t1_v1
-475344246,m_cl_clo_bim_u_17_0_t11_v1
-475325844,mp_stat_arenagarage_mod_interiorc_v0
-475305374,f_cl_clo_x6f_f_12_9_t6_v1
-475233736,packed_mp_veh_mod_idx_s_0_v388
-475178191,m_cl_clo_x6m_ph_8_25_t14_v1
-475149051,m_cl_clo_stm_ht6_2_t14_v1
-475060678,m_cl_clo_h2m_b_9_9_t1_v1
-475011460,m_cl_clo_x6m_ph_1_21_t14_v1
-474977748,packed_mp_veh_colour2_0_v195
-474943871,wp_wct_tint_26_t2_v8_n2
-474722688,candc_hacker_dec_24_t0_v0
-474696529,m_cl_clo_iem_l_2_5_t4_v1
-474673754,packed_mp_veh_mod_idx_15_v391
-474619391,wp_wct_tint_29_t2_v1_n2
-474518306,packed_mp_veh_mod_idx_s_3_v388
-474469900,packed_ng_vehicle_neon_kit_v303
-474403230,vem_smod_whlv194_t66_v0
-474305552,packed_mp_veh_mod_idx_4_v397
-474288236,m_cl_clo_fxm_ph_4_15_t14_v1
-474283214,f_cl_clo_half_d_7_t11_v1
-474230488,packed_mp_veh_mod_idx_16_v197
-474177951,ve_lectro_t0_v4
-474160191,f_cl_clo_x6f_u_26_22_t11_v1
-474143715,packed_mp_veh_mod_idx_8_v328
-474044594,packed_mp_veh_mod_idx_1_v328
-473991053,vem_armour_5_t1_v7
-473926407,m_cl_l_fmm_15_15_t4_v0
-473879372,vem_rwd_drft_22_t19_v1
-473817491,vem_supermod_4_0_t45_v38
-473785755,packed_mp_veh_mod_idx_16_v335
-473750356,m_cl_clo_sbm_ph_5_14_t14_v1
-473703929,f_cl_clo_fxf_l_5_8_t4_v1
-473650148,vem_supermod_3_37_t44_v11
-473650119,packed_mp_veh_mod_idx_s_21_v5
-473608093,f_cl_clo_smf_b_0_6_t1_v1
-473590839,wp_wm_tint6_t2_v72
-473565500,m_cl_sp_fmm_10_6_t8_v1
-473550139,m_ta_tat_hp_014_t0_v0
-473515860,packed_mp_veh_mod_idx_s_4_v414
-473488604,packed_lr_vehicle_colour_6_v35
-473485517,vem_colour_extra_1_mct_pearlescent_black_steel_t24_v4
-473449013,packed_mp_veh_mod_idx_s_5_v343
-473398175,packed_mp_veh_mod_idx_14_v388
-473267556,packed_mp_veh_mod_idx_22_v326
-473244344,f_cl_clo_suf_decl_24_t100_v0
-473162102,vem_insurance_halftrack
-473145643,fa_upgrade_fakeid_setup_1_t0_v0
-473129490,packed_mp_veh_plate_id_v336
-473123557,vem_horn_cnote_c0_t10_v34
-473117833,f_cl_clo_awf_o_h_1_t3_v12
-473112963,packed_lr_vehicle_colour_5_v278
-473111982,m_ha_cc_mkup_79_t5_v0
-473038465,vem_colour_1_mct_classic_midnight_silver_t24_v4
-472847573,packed_mp_veh_mod_idx_s_19_v169
-472831648,wp_wct_scope_pi_t1_v1_n2
-472831359,f_cl_clo_bif_ph_11_8_t14_v1
-472756242,m_cl_clo_exm_ah_1_1_t14_v1
-472710847,f_ta_tat_lx_020_t0_v0
-472706321,m_ta_tat_h4_000_t0_v0
-472700421,f_cl_clo_h2f_b_4_25_t1_v1
-472684587,m_cl_clo_exm_eu_16_3_t11_v1
-472594380,packed_mp_veh_mod_idx_s_8_v327
-472589313,packed_mp_veh_mod_idx_s_6_v393
-472564318,vem_smod2_whl3_t19_v12
-472529644,packed_mp_veh_mod_idx_s_10_v212
-472513946,packed_ng_vehicle_bpt_v240
-472373170,packed_mp_veh_mod_idx_s_14_v216
-472287158,packed_mp_veh_mod_idx_s_3_v323
-472237193,vem_engine_4_t5_v1
-472189227,m_cl_clo_hp_f_0_4_t6_v1
-472143968,vem_smod_whlv130_t66_v0
-472110389,packed_mp_veh_secondary_colour_group_v386
-472056641,packed_mp_veh_mod_idx_s_9_v309
-471905998,packed_mp_veh_mod_idx_3_v169
-471772722,f_cl_clo_grf_u_4_15_t11_v1
-471681447,packed_mp_veh_mod_idx_s_16_v204
-471654399,packed_mp_veh_mod_idx_4_v346
-471634159,f_ha_clo_sbf_h_1_0_t0_v2
-471601797,f_cl_clo_bhf_u_11_2_t11_v1
-471571565,m_cl_clo_h2m_b_3_13_t1_v1
-471570444,wp_wct_grip_t1_v56_n2
-471566402,f_cl_clo_x2f_o_6_t3_v12
-471439670,vem_smod4_whlv2_t66_v2
-471428561,mp_stat_inv_yacht_model_0
-471359829,vem_cmod_tyr_4_t18_v32
-471339960,vem_colour_1_mct_classic_racing_blue_t24_v0
-471235552,m_cl_outfit_clo_grm_o_10_t12_v0
-471204142,m_cl_clo_h4m_decl_29_t11_v1
-471032349,vem_rwd_musc_13_t19_v3
-470980559,packed_mp_veh_mod_idx_s_23_v140
-470898455,vem_colour_extra_1_mct_pearlescent_purple_t24_v2
-470841142,packed_mp_veh_mod_idx_s_16_v188
-470774186,packed_mp_veh_mod_idx_s_14_v312
-470772188,f_cl_clo_x6f_f_4_20_t6_v1
-470761659,packed_mp_veh_mod_idx_s_14_v5
-470716911,packed_mp_veh_mod_idx_s_9_v142
-470690505,packed_mp_veh_mod_idx_s_15_v163
-470616233,m_cl_clo_awm_decl_34_t100_v0
-470485138,m_cl_clo_awm_b_3_2_t1_v1
-470366689,vem_insurance_xa21
-470239778,m_cl_outfit_clo_h2m_o_s_13_t12_v0
-470206103,packed_mp_veh_mod_idx_s_14_v299
-470199111,packed_mp_veh_colour_extra1_0_v317
-470184373,vem_cmod_tyr_10_t18_v11
-470118285,packed_mp_veh_mod_idx_22_v401
-470028274,packed_mp_veh_mod_idx_s_2_v265
-470014476,packed_mp_veh_secondary_colour_group_v282
-469848922,vem_hlight_1_t11_v30
-469763859,vem_colour_extra_1_mct_pearlescent_shadow_silver_t24_v3
-469724505,vem_truck_tint_9_t0_v0
-469682409,vem_colour_1_mct_metallic_black_graphite_t24_v4
-469648967,packed_mp_veh_mod_idx_s_22_v386
-469572093,f_cl_clo_hstf_s_6_13_t8_v1
-469502259,packed_mp_veh_mod_idx_s_9_v52
-469480362,packed_mp_veh_mod_idx_4_v174
-469479616,f_cl_clo_h4f_pey_211_t14_v1
-469281374,m_ta_tat_bb_031_t0_v0
-469249677,mp_stat_mpsv_model_215
-469161720,vem_supermod_9_5_t50_v28
-469160071,m_cl_u_fmm_13_13_t11_v0
-469142243,m_cl_ht_fmm_7_4_t14_v0
-469070146,f_ta_tat_sm_024_t0_v0
-468843680,f_ha_cc_eyebrw_18_t2_v1
-468821872,packed_mp_veh_colour2_0_v375
-468816701,packed_mp_veh_mod_idx_14_v186
-468810846,vem_supermod_14_16_t55_v3
-468804754,vem_supermod_58_23_t58_v7
-468686498,vem_insurance_sultan
-468678419,packed_ng_vehicle_neon_kit_v198
-468594198,m_cl_clo_grm_ph_3_14_t14_v1
-468589099,packed_mp_veh_mod_idx_14_v230
-468507800,packed_mp_veh_mod_idx_s_11_v156
-468507356,kosatk_fla_4_t0_v0
-468492240,m_cl_f_fmm_9_13_t6_v0
-468462803,packed_mp_veh_mod_idx_s_2_v302
-468316469,packed_mp_veh_window_tint_0_v402
-468252040,packed_mp_veh_mod_idx_18_v236
-468159313,f_cl_clo_fxf_u_4_23_t11_v1
-468073297,f_cl_clo_x6f_f_1_4_t6_v1
-468047918,vem_smod_whl4_t19_v12
-467940101,f_cl_clo_h3f_b_14_8_t1_v1
-467729178,m_cl_clo_s1m_l_0_2_t4_v1
-467723296,packed_mp_veh_mod_idx_10_v368
-467698865,m_cl_clo_awm_l_1_8_t4_v1
-467632282,packed_mp_veh_mod_idx_11_v355
-467579178,packed_mp_veh_mod_idx_s_15_v103
-467540719,packed_mp_veh_plate_id_v286
-467490443,vem_colour_extra_1_mct_matte_yellow_t24_v33
-467445931,vem_rwd_drft_17_t19_v0
-467282556,vem_horn_lowrder1_t10_v0
-467271493,vem_horn_cnote_g0_t10_v11
-467139414,vem_colour_extra_1_mct_pearlescent_blue_silver_t24_v3
-467047215,packed_mp_veh_livery2_0_v171
-466948754,wp_wct_c_tint_18_t2_v48_n2
-466893930,packed_mp_veh_mod_idx_s_21_v69
-466854579,f_cl_clo_h3f_b_14_19_t1_v1
-466799538,packed_mp_veh_mod_idx_s_15_v2
-466783791,m_cl_clo_sbm_l_3_7_t4_v1
-466777731,f_cl_outfit_clo_h3f_o_dh_21_t12_v0
-466751252,vem_horn_cnote_c1_t10_v35
-466722126,vem_cmod_tyr_12_t18_v26
-466675436,vem_colour_extra_1_mct_classic_formula_red_t24_v3
-466527264,service_earn_casino_heist_award_in_plain_sight
-466501495,f_cl_clo_hstf_t_1_10_t7_v1
-466415356,packed_ng_vehicle_insurance_v124
-466411629,packed_mp_veh_colour1_0_v393
-466402626,m_cl_clo_busm_u_4_2_t11_v1
-466341007,vem_smod_whlv157_t66_v3
-466340075,vem_supermod_3_2_t44_v6
-466273793,m_cl_clo_exm_g_2_10_t14_v0
-466270596,packed_mp_veh_mod_idx_5_v234
-466254429,packed_mp_veh_mod_idx_15_v319
-466174987,m_ta_tat_vw_009_t0_v0
-466127151,packed_mp_veh_livery2_0_v407
-466108005,packed_mp_veh_mod_var_0_v7
-465933197,m_cl_clo_bim_s_11_11_t8_v1
-465907008,packed_mp_veh_mod_idx_14_v195
-465904538,vem_offr_08_t19_v12
-465904129,packed_mp_veh_mod_idx_s_6_v381
-465865323,m_cl_clo_smm_ph_6_3_t14_v1
-465827153,packed_mp_veh_mod_idx_22_v35
-465733371,f_cl_clo_s1f_ph_0_1_t14_v1_cesp
-465697148,vem_colour_extra_1_mct_pearlescent_sunrise_orange_t24_v3
-465659566,m_cl_clo_hstm_o_16_t4_v12
-465538543,packed_mp_veh_mod_idx_15_v406
-465487294,packed_ng_vehicle_neon_v392
-465468902,f_cl_clo_x6f_ph_8_9_t14_v1
-465358945,vem_supermod_14_14_t55_v3
-465330538,f_cl_clo_awf_o_e_6_t8_v12
-465289902,m_cl_clo_sbm_ph_5_13_t14_v1
-465247873,m_ha_cc_m_hs_4_t0_v1
-465243843,vem_hood_2_t9_v6
-465229624,vem_rwd_suv_04_t19_v2
-465063651,m_cl_clo_grm_u_7_16_t11_v1
-465056007,vem_colour_mct_none_94
-464975427,f_cl_clo_ief_u_14_4_t11_v1
-464970221,f_cl_clo_ief_b_10_0_t1_v1
-464943101,vem_livery_2_n1_t26_v3
-464841748,f_cl_clo_fxf_l_4_0_t4_v1
-464835462,m_cl_clo_smm_u_4_3_t11_v1
-464658998,vem_horn_indi_4_t10_v33
-464622033,f_cl_clo_smf_u_1_1_t11_v1
-464515293,packed_mp_veh_mod_idx_22_v75
-464513579,vem_supermod_9_2_t50_v26
-464381828,vem_smod4_whlv159_t66_v0
-464360357,f_cl_clo_awf_decl_104_t100_v0
-464285956,f_cl_clo_s1f_dec_10_t11_v1
-464101372,packed_mp_veh_mod_idx_11_v246
-463975583,m_cl_clo_smm_f_0_5_t6_v1
-463960169,f_ta_tat_bb_015_t0_v0
-463957903,m_cl_clo_scm_u_48_19_t11_v1
-463948761,packed_mp_veh_mod_idx_s_4_v41
-463880122,m_cl_clo_smm_ph_1_13_t14_v1
-463869210,m_cl_clo_awm_f_0_5_t6_v1
-463825209,packed_mp_veh_mod_idx_22_v227
-463791132,f_cl_clo_fxf_l_1_12_t4_v1
-463413789,f_cl_clo_h3f_decl_4_t100_v0
-463384420,f_cl_clo_grf_u_22_14_t11_v1
-463327175,vem_smod_whlv102_t66_v3
-463290446,m_cl_clo_x6m_u_27_0_t11_v1
-463287651,packed_mp_veh_mod_idx_s_20_v103
-463249189,m_cl_clo_bhm_u_5_9_t11_v1
-463098707,m_ta_tat_st_045_t0_v0
-463092483,vem_truck_slot_1_mod_3_t0_v0
-462874846,m_cl_u_fmm_1_7_t11_v0
-462689777,vem_insurance_neo
-462632196,f_cl_clo_h3f_u_14_5_t11_v1
-462606645,packed_mp_veh_mod_idx_s_12_v172
-462568540,packed_mp_veh_mod_idx_13_v246
-462564811,f_cl_clo_h2f_f_7_2_t6_v1
-462282434,m_ta_tat_bi_038_t0_v0_cesp
-462278442,vem_supermod_22_3_t63_v3
-462227634,vem_insurance_omnis
-462193434,fcarcade_b_up3_c_17
-462183847,m_cl_clo_arm_o_29_t11_v12
-462135177,vem_supermod_4_3_t45_v27
-462082526,vem_supermod_13_3_t54_v3
-462030990,m_cl_clo_hp_h_1_5_t14_v1
-462004842,packed_mp_veh_primary_colour_group_v382
-461997726,packed_mp_veh_mod_var_1_v152
-461913358,packed_mp_veh_mod_idx_15_v93
-461883185,packed_lr_vehicle_colour_6_v139
-461858021,vem_rwd_spt_19_t19_v3
-461813354,packed_mp_veh_mod_idx_s_17_v125
-461790387,m_cl_clo_hstmb_17_6_t1_v1
-461783901,ve_pbus_n1_t1_v0
-461772746,vem_supermod_5_8_t46_v10
-461751558,packed_mp_veh_mod_idx_23_v248
-461718537,vem_cmod_hrn_mus2_t10_v26
-461714343,f_cl_clo_h2f_u_6_10_t11_v1
-461576173,m_cl_clo_h2m_u_3_18_t11_v1
-461574540,vem_colour_1_mct_metallic_midnight_silver_t24_v4
-461570248,packed_ng_vehicle_bpt_v203
-461564266,mp_stat_mpsv_model_314
-461560023,f_cl_clo_grf_u_12_8_t11_v1
-461459862,packed_mp_veh_mod_idx_s_3_v59
-461334553,m_cl_clo_x6m_f_12_17_t6_v1
-461189396,m_cl_clo_x6m_u_20_18_t11_v1
-461130540,packed_ng_vehicle_smoke_v14
-461105680,f_cl_clo_hstf_o_15_t4_v12
-461099019,f_cl_clo_awf_decl_63_t100_v0
-461068362,packed_mp_veh_mod_idx_1_v312
-460787635,f_cl_clo_awf_l_3_8_t4_v1
-460704350,packed_mp_veh_mod_idx_5_v72
-460686822,packed_mp_veh_mod_idx_9_v174
-460671766,vem_supermod_43_8_t43_v7
-460597553,m_cl_clo_trm_f_1_17_t6_v1
-460401020,packed_mp_veh_mod_idx_s_10_v15
-460272331,packed_mp_veh_mod_idx_9_v329
-460263261,f_cl_clo_x4f_ph_1_2_t14_v1
-460195947,f_cl_clo_fxf_l_5_13_t4_v1
-460172910,vem_rwd_loride_03_t19_v12
-460015836,m_cl_clo_sbm_l_0_2_t4_v1
-459901363,m_cl_clo_lxm_e_26_1_t14_v1
-459883668,m_cl_clo_h2m_u_7_11_t11_v1
-459881128,packed_mp_veh_wheel_type_0_v262
-459837943,packed_mp_veh_mod_idx_14_v180
-459837403,packed_mp_veh_mod_idx_6_v329
-459796759,packed_mp_veh_mod_idx_7_v329
-459786881,f_cl_clo_hp_f_t_1_1_t7_v1
-459779093,f_cl_he_fmf_16_0_t14_v0
-459740984,f_cl_clo_hp_f_d_7_t11_v1
-459688201,m_cl_clo_vwm_l_1_2_t4_v1
-459686453,vem_supermod_7_0_t48_v3
-459647500,f_cl_clo_trf_u_14_15_t11_v1
-459599776,m_cl_clo_lxm_e_7_0_t14_v1
-459588727,packed_mp_veh_mod_idx_8_v374
-459485728,vem_supermod_21_2_t62_v6
-459453637,packed_mp_veh_mod_idx_s_7_v147
-459349853,vem_supermod_17_0_t58_v6
-459107962,packed_mp_veh_window_tint_0_v245
-459083285,packed_mp_veh_secondary_colour_group_v160
-458917650,packed_mp_veh_mod_var_0_v223
-458873485,vem_insurance_rumpo3
-458863270,vem_cmod_hrn_mus5_t10_v29
-458839208,f_ha_cc_f_hs_16_t0_v1
-458731138,vem_colour_2_mct_metallic_formula_red_t25_v33
-458627385,packed_mp_veh_mod_idx_13_v7
-458549087,f_cl_u_fmf_0_4_t11_v0
-458539007,packed_mp_veh_mod_idx_11_v287
-458437681,f_cl_clo_grf_u_2_14_t11_v1
-458369997,packed_mp_veh_mod_idx_s_12_v231
-458345355,m_cl_clo_stm_u_6_3_t11_v1
-458335666,vem_colour_2_mct_matte_black_t25_v1
-458328044,packed_mp_veh_mod_idx_1_v214
-458299913,packed_mp_veh_mod_idx_24_v32
-458237121,packed_mp_veh_colour_extra1_0_v364
-458101109,vem_cmod_col5_4_t29_v0
-458060772,vem_supermod_20_0_n1_t61_v3
-457849599,packed_mp_veh_mod_idx_s_4_v60
-457812198,f_cl_clo_stf_ht1518_t14_v1
-457796246,m_cl_outfit_clo_iem_o_7_t12_v0
-457660330,f_cl_clo_h3f_ph_6_2_t14_v1
-457561296,packed_mp_veh_mod_idx_s_13_v216
-457555809,m_cl_clo_x6m_rw_2_2_t14_v1
-457541109,m_cl_clo_x17m_b_10_3_t1_v1
-457514323,mp_stat_mpsv_model_278
-457473459,packed_ng_vehicle_smoke_v197
-457451683,wp_wm_tint4_t2_v28
-457440862,vem_rwd_spt_16_t19_v0
-457439316,packed_mp_veh_mod_idx_s_16_v377
-457400887,vem_smod4_whlv13_t66_v2
-457326582,wp_wct_tint_5_t2_v5_n2
-457300872,packed_mp_veh_mod_idx_2_v390
-457273357,m_cl_clo_s1m_u_2_14_t11_v1
-457028668,packed_mp_veh_mod_idx_s_17_v110
-456883701,m_cl_clo_scm_o_9_t3_v12
-456880961,wp_wct_tint_4_t2_v13_n2
-456798372,f_cl_clo_stf_o_12_t11_v12
-456458353,service_earn_smuggler_ops
-456408792,vem_colour_extra_1_mct_metallic_black_t24_v2
-456338222,f_cl_clo_h4f_o_l2_f3_t8_v12
-456312105,m_cl_clo_x2m_t_0_2_t7_v1
-456223462,vem_colour_2_mct_metallic_galaxy_blue_t25_v3
-456144548,packed_mp_veh_mod_idx_15_v376
-456111398,packed_mp_veh_window_tint_0_v101
-456078608,packed_mp_veh_mod_idx_0_v110
-456073903,m_cl_clo_h4m_decl_39_t100_v0
-456020409,packed_mp_veh_mod_idx_s_21_v157
-455934033,f_cl_clo_vwf_u_15_2_t11_v1
-455920870,m_cl_clo_smm_ph_0_1_t14_v1
-455911104,vem_engine_0_t5_v34
-455817489,vem_colour_extra_1_mct_classic_sandy_brown_t24_v2
-455802028,packed_mp_veh_colour1_0_v4
-455748889,m_ta_tat_st_043_t0_v0
-455729242,packed_mp_veh_mod_idx_s_0_v43
-455714556,vem_rwd_suv_03_t19_v12
-455686700,m_cl_clo_h4m_b_4_6_t1_v1
-455618815,vem_trans_0_t16_v31
-455602078,f_cl_crew_logo_1_t10_v1
-455593792,packed_mp_veh_mod_idx_s_22_v133
-455566393,vem_supermod_23_6_t64_v38
-455551945,wp_wm_tint4_t2_v13
-455524656,packed_mp_veh_mod_idx_9_v18
-455522808,vem_supermod_13_6_t54_v26
-455521944,vem_colour_1_mct_classic_shadow_silver_t24_v2
-455451956,packed_mp_veh_window_tint_0_v56
-455404443,packed_mp_veh_mod_idx_10_v45
-455360397,packed_lr_vehicle_colour_5_v79
-455334629,f_ta_tat_s1_033_t0_v0
-455302696,m_cl_clo_x6m_b_4_0_t1_v1
-455232962,vem_rwd_musc_04_t19_v0
-455194025,vem_hood_0_t9_v11
-455097188,packed_mp_veh_colour1_0_v84
-455093541,vem_rwd_musc_10_t19_v12
-455059813,m_cl_clo_indm_d_9_t100_v0
-455023059,f_cl_clo_grf_b_3_10_t1_v1
-455021289,f_cl_clo_sbf_u_13_18_t11_v1
-455017251,m_cl_clo_x6m_f_4_0_t6_v1
-454781387,vem_cmod_pla_4_t23_v1
-454668269,m_ta_tat_sb_011_t0_v0
-454641127,packed_mp_veh_secondary_colour_group_v315
-454620427,f_cl_clo_og_decl_7_t8_v1
-454526929,f_cl_clo_suf_decl_29_t11_v1
-454513304,packed_mp_veh_mod_idx_11_v33
-454493838,vem_insurance_chernobog
-454476519,m_cl_clo_trm_u_15_17_t11_v1
-454463906,packed_mp_veh_colour2_0_v145
-454437066,packed_mp_veh_mod_idx_s_10_v17
-454295469,packed_mp_veh_mod_idx_s_2_v150
-454260298,f_cl_clo_vwf_u_12_4_t11_v1
-454242401,packed_mp_veh_colour_extra2_0_v81
-454183184,m_cl_clo_awm_decl_123_t100_v0
-454117602,f_cl_clo_h3f_decl_19_t11_v1
-454090198,wp_wm_tint3_t2_v63
-454018639,f_cl_clo_lxf_e_6_1_t14_v1
-453942979,m_cl_clo_sbm_u_9_2_t11_v1
-453909898,packed_mp_veh_mod_idx_0_v167
-453878278,vem_supermod_22_4_t63_v38
-453842341,m_cl_clo_exm_eu_1112_t11_v1
-453811813,wp_wm_tint7_t2_v24
-453643325,vem_brake_1_t2_v35
-453437232,packed_mp_veh_mod_idx_18_v284
-453366088,ve_cargobob2_t0_v0
-453341635,packed_mp_veh_plate_id_v162
-453329905,f_cl_clo_bhf_l_4_8_t4_v1
-453311259,packed_mp_veh_mod_idx_s_0_v376
-453173058,vem_rwd_hiend_07_t19_v12
-453107029,vem_hood_5_t9_v1
-453078234,f_cl_clo_fxf_pe_0_3_t14_v1
-452896019,m_cl_clo_x6m_ey_3_19_t14_v1
-452827221,m_cl_clo_h2m_b_7_8_t1_v1
-452821859,packed_mp_veh_mod_idx_s_1_v265
-452653498,vem_colour_1_mct_classic_mariner_blue_t24_v0
-452634583,m_cl_u_fmm_1_3_t8_v1
-452617581,f_cl_clo_bbf_p2_6_t14_v1
-452438260,vem_colour_2_mct_metallic_white_t25_v3
-452368019,vem_insurance_jetmax
-452281926,packed_mp_veh_mod_idx_5_v376
-452279795,f_cl_clo_ief_u_5_25_t11_v1_cesp
-452210111,vem_supermod_17_2_t58_v26
-452168502,vem_supermod_15_3_t56_v6
-452134399,m_cl_clo_vwm_l_3_1_t4_v1
-451997300,packed_lr_vehicle_colour_5_v174
-451992435,packed_mp_veh_mod_idx_s_23_v90
-451974134,packed_mp_veh_colour2_0_v186
-451966934,wp_wct_tint_30_t2_v48_n2
-451953706,packed_mp_veh_mod_idx_7_v74
-451921590,wp_wct_muzz4_t1_v48_n2
-451905447,packed_mp_veh_mod_idx_23_v141
-451744401,m_cl_outfit_clo_x6m_o_o_23_t12_v0
-451714875,m_ta_tat_fm_234_t0_v0
-451682810,packed_mp_veh_mod_idx_s_6_v248
-451657479,packed_mp_veh_mod_idx_2_v261
-451621587,kosatk_fla_35_t0_v0
-451586380,packed_mp_veh_mod_idx_16_v216
-451552514,m_cl_clo_sum_decl_28_t100_v0
-451530099,vem_colour_1_mct_classic_bleeched_brown_t24_v3
-451519845,packed_mp_veh_mod_idx_5_v140
-451513679,packed_ng_vehicle_neon_v122
-451485423,packed_lr_vehicle_colour_5_v279
-451417944,mp_stat_multstorey_gar_tint_f5_v0
-451394444,ve_stunt_t0_v0
-451376431,packed_mp_veh_mod_idx_s_10_v284
-451361269,vem_cmod_neoncol_8_t21_v38
-451342954,ve_tribike2_t0_v4
-451304378,f_cl_clo_l2f_u_7_5_t11_v1
-451252237,f_cl_clo_stf_ht11_4_t14_v1
-451250478,packed_mp_veh_mod_idx_s_9_v75
-451154324,f_ta_tat_bi_024_t0_v0
-451073350,m_cl_clo_busm_s_0_10_t8_v2
-451008058,vem_colour_2_mct_metallic_sandy_brown_t25_v33
-450997623,wp_wt_sg_asl_t0_v0
-450922940,m_cl_clo_hstmb_23_3_t1_v1
-450921092,f_cl_clo_h3f_u_9_4_t11_v1
-450904204,f_ha_clo_grf_h_1_0_t0_v0
-450871197,vem_smod4_whlv95_t66_v1
-450838950,f_ha_cc_mkup_7_t7_v1
-450802058,vem_colour_extra_1_mct_classic_mariner_blue_t24_v0
-450770636,vem_supermod_14_18_t55_v3
-450765884,autoshop_tnt_1_t0_v0
-450707515,m_cl_clo_grm_u_0_17_t11_v1
-450701918,m_cl_g_fmm_13_4_t14_v0
-450701100,m_cl_clo_s2m_d_10_t100_v0
-450622227,packed_mp_veh_mod_idx_18_v168
-450590159,vem_colour_extra_1_mct_classic_stone_silver_t24_v0
-450564258,f_ta_tat_gr_021_t0_v0
-450539952,packed_mp_veh_livery_0_v33
-450469849,m_cl_clo_sbm_ph_5_8_t14_v1
-450442190,vem_cmod_pla_text_new_t23_v4
-450325648,vem_smod4_whlv71_t66_v1
-450308029,packed_mp_veh_mod_idx_15_v240
-450230135,vem_bikew_12_t19_v3
-450221146,packed_mp_veh_mod_idx_12_v237
-450203539,vem_supermod_47_5_t47_v7
-449960706,vem_spoiler_3_t14_v38
-449957583,packed_mp_veh_livery_0_v104
-449928683,wp_wct_tint_1_t2_v1_n2
-449856742,vem_hiend_10_t19_v12
-449755336,vem_horn_hween2_t10_v32
-449698925,f_cl_clo_fxf_pe_5_5_t14_v1
-449647150,m_cl_clo_bus_p_1_0_t14_v1
-449635293,m_cl_g_fmm_9_0_t14_v0
-449623061,vem_supermod_16_6_t57_v28
-449616866,f_cl_clo_awf_u_9_8_t11_v1
-449598207,packed_mp_veh_mod_idx_s_22_v313
-449589563,pr_pm_font_1_t1_v0
-449504801,packed_mp_veh_colour1_0_v19
-449423695,packed_lr_vehicle_colour_5_v373
-449344148,wp_wct_camo_10_t1_v46_n2
-449311409,packed_mp_veh_mod_idx_s_16_v166
-449193994,vem_colour_1_mct_classic_surf_blue_t24_v1
-449149250,vem_rwd_loride_12_t19_v3
-449028383,mp_stat_ie_wh_owned_vehicle_31_v0
-449016021,f_cl_clo_x6f_rw_1_1_t14_v1
-448984458,f_cl_clo_h3f_ph_11_3_t14_v1
-448978031,packed_mp_veh_mod_idx_s_8_v408
-448966290,f_cl_clo_grf_u_21_15_t11_v1
-448936501,packed_mp_veh_mod_idx_s_20_v276
-448926939,f_cl_clo_bhf_u_19_7_t11_v1
-448922593,vem_colour_5_dark_blue_t38_v3
-448781975,vem_supermod_4_0_t45_v33
-448728664,packed_mp_veh_mod_idx_s_9_v139
-448665315,packed_mp_veh_mod_idx_s_14_v391
-448650721,m_cl_clo_hp_d_4_t8_v2
-448640118,wp_wct_c_tint_22_t2_v13_n2
-448608816,m_cl_clo_scm_u_0_24_t11_v1
-448603864,packed_mp_veh_mod_idx_s_22_v46
-448518246,vem_colour_extra_1_mct_classic_woodbeech_brown_t24_v1
-448457707,packed_mp_veh_mod_idx_s_17_v394
-448362014,m_cl_clo_h2m_u_6_0_t11_v1
-448291535,wp_wct_c_tint_28_t2_v1_n2
-448290902,f_cl_clo_awf_o_d_1_t8_v12
-448283586,packed_mp_veh_mod_idx_6_v31
-448275105,m_cl_clo_s1m_u_2_11_t11_v1
-448111826,f_cl_clo_h3f_o_jan_5_t8_v12
-448067580,m_cl_clo_grm_ph_5_10_t14_v1
-448061295,mp_stat_mpsv_model_138
-448047690,m_cl_clo_exm_af_4_3_t6_v1
-448046326,f_cl_clo_bhf_u_16_5_t11_v1
-447945697,ve_vetir_t0_v3
-447933008,f_cl_clo_hp_f_d_34_t100_v0
-447922078,m_cl_clo_smm_ph_8_5_t14_v1
-447878799,packed_mp_veh_mod_idx_7_v7
-447627541,f_cl_clo_x6f_ph_0_14_t14_v1
-447564667,packed_ng_vehicle_neon_v340
-447400879,packed_mp_veh_mod_idx_s_8_v43
-447343963,f_cl_clo_h4f_pey_1_1_t14_v1
-447234870,f_cl_clo_x3f_b_1_1_t1_v1
-447208923,packed_ng_vehicle_neon_v215
-447186585,packed_mp_veh_mod_idx_s_17_v241
-447112795,vem_bumper_r_15_t35_v35
-447074050,f_cl_clo_v2f_u_1_2_t11_v1
-447011750,vem_colour_extra_1_mct_classic_blaze_red_t24_v4
-446970559,m_cl_clo_hstm_o_m_1_t3_v12
-446955911,packed_mp_veh_mod_idx_s_9_v314
-446701353,packed_mp_veh_mod_idx_s_7_v285
-446621007,packed_mp_veh_mod_idx_12_v401
-446619602,m_cl_clo_fxm_d_6_0_t10_v1
-446452853,vem_supermod_13_8_t54_v26
-446383063,m_cl_clo_hp_b_2_0_t1_v1
-446374852,vem_supermod_23_13_t64_v27
-446321460,wh_index_13_t0_v0
-446270241,packed_mp_veh_mod_idx_s_17_v280
-446267172,m_cl_clo_vwm_u_15_12_t11_v1
-446200001,f_cl_clo_exf_el_0_5_t4_v1
-446140069,cf_mission_passed_arcade
-445993103,packed_mp_veh_window_tint_0_v369
-445866530,f_cl_l_fmf_0_6_t4_v0
-445725959,f_cl_clo_l2f_t_0_0_t7_v1
-445724914,f_cl_clo_trf_b_1_1_t1_v1
-445693975,vem_smod5_whlv16_t66_v3
-445581422,vem_offr_12_t19_v3
-445564119,packed_mp_veh_mod_idx_6_v27
-445552886,packed_mp_veh_mod_idx_11_v9
-445528295,vem_colour_extra_1_mct_metallic_sunset_red_t24_v4
-445393454,f_cl_clo_hp_f_d_20_t100_v0
-445378374,packed_mp_veh_mod_idx_18_v203
-445315697,packed_mp_veh_mod_idx_s_9_v331
-445211464,vem_spoiler_18_t14_v1
-445165069,m_cl_u_fmm_7_11_t11_v0
-445116014,m_cl_clo_h4m_b_0_3_t1_v1
-445046848,packed_mp_veh_mod_idx_s_21_v278
-445036038,packed_mp_veh_mod_idx_s_15_v216
-444974562,m_cl_clo_grm_ph_3_2_t14_v1
-444971544,vem_colour_1_mct_classic_harbor_blue_t24_v3
-444953354,vem_skirt_0_t13_v0
-444861588,m_cl_clo_sum_u_0_1_t11_v1
-444793215,vem_smod5_whlv124_t66_v3
-444682476,f_cl_clo_hst_f_a_2_t100_v0
-444659388,packed_mp_veh_mod_idx_s_22_v272
-444532675,m_cl_clo_x2m_ht_0_3_t14_v1
-444524118,wp_wm_tint5_t2_v20
-444352947,packed_mp_veh_mod_idx_12_v284
-444301254,f_cl_clo_h2f_u_3_10_t11_v1
-444183022,packed_mp_veh_mod_idx_4_v239
-444120869,f_cl_clo_trf_u_14_2_t11_v1
-444067052,packed_ng_vehicle_smoke_v211
-443737342,f_cl_clo_grf_o_7_t3_v12
-443737050,f_cl_clo_grf_ph_6_4_t14_v1
-443654342,packed_mp_veh_mod_idx_s_2_v380
-443649675,m_cl_clo_bim_ph_1_6_t14_v1
-443640347,f_cl_clo_grf_ph_1_19_t14_v1
-443602205,vem_hlight_0_t11_v7
-443478133,packed_mp_veh_colour_extra1_0_v57
-443438109,f_cl_clo_h3f_u_5_5_t11_v1
-443431471,vem_cmod_tyr_stt_t30_v10
-443328172,packed_mp_veh_mod_idx_s_9_v222
-443184308,m_cl_outfit_clo_arm_o_1_t12_v0
-443119834,fcncl_djcho_0_t0_v0
-443062879,wp_wct_clip_inc_t0_v48_n2
-443034637,m_cl_clo_busm_t_0_11_t7_v1
-442933847,packed_mp_veh_mod_idx_15_v79
-442919575,m_cl_clo_apm_u_1_0_t11_v1
-442915633,vem_smod_whlv32_t66_v0
-442902874,f_cl_clo_h4f_pey_3_3_t14_v1
-442754118,f_cl_outfit_clo_grf_o_8_t12_v0
-442667155,f_cl_clo_hstf_t_3_7_t7_v1
-442661526,packed_mp_veh_mod_idx_22_v312
-442613549,wp_wct_grip_t1_v55
-442597820,f_cl_clo_suf_u_4_4_t11_v1
-442591049,m_cl_clo_stm_o_9_t11_v12_cesp
-442590486,m_cl_clo_vwm_l_3_10_t4_v1
-442547494,f_cl_clo_grf_ph_1_23_t14_v1
-442541968,f_cl_clo_bhf_f_1_22_t6_v1
-442476745,packed_mp_veh_mod_idx_2_v226
-442369532,vem_supermod_0_4_t41_v27
-442333561,vem_horn_clas1_t10_v39
-442282225,vem_colour_extra_1_mct_matte_matte_od_t24_v4
-442172883,packed_mp_veh_colour2_0_v156
-442135090,vem_smod_whl20_t19_v3
-441963310,m_cl_clo_bim_prw_4_0_t14_v1
-441885753,vem_cmod_neonlay_2_t21_v5
-441801583,vem_cmod_neoncol_6_t21_v29
-441688555,f_cl_clo_h4f_b_4_11_t1_v1
-441685555,packed_mp_veh_mod_var_0_v352
-441617741,f_cl_clo_bhf_u_16_16_t11_v1
-441427670,vem_colour_5_orange_t38_v3
-441358629,vem_hood_7_t9_v1
-441349489,vem_yacht_flag_9_v0
-441306855,f_cl_clo_hstf_o_e_1_t8_v12
-441295688,vem_horn_cnote_g0_t10_v1
-441272512,packed_ng_vehicle_neon_kit_v294
-441220282,f_cl_clo_sbf_u_19_0_t11_v1
-441155165,packed_ng_vehicle_bpt_v207
-441132663,packed_mp_veh_mod_idx_23_v329
-441100842,m_cl_clo_h3m_b_14_16_t1_v1
-441047030,packed_mp_veh_mod_idx_s_1_v385
-441036885,f_cl_clo_stf_h_1019_t14_v1
-441009441,packed_ng_vehicle_insurance_v113
-440933000,m_cl_clo_sbm_pe_1_12_t14_v1
-440900798,packed_mp_veh_primary_colour_group_v52
-440875090,packed_mp_veh_colour_extra1_0_v225
-440856625,packed_mp_veh_mod_idx_10_v116
-440838106,packed_mp_veh_mod_idx_3_v105
-440740780,packed_mp_veh_mod_idx_24_v110
-440727024,m_cl_clo_bhm_l_0_3_t4_v1
-440647801,wp_ps_bag_41_t1_v33
-440627239,packed_mp_veh_plate_id_v166
-440610690,f_cl_u_fmf_13_4_t11_v0
-440534014,m_cl_clo_h2m_f_5_13_t6_v1
-440271140,vem_colour_extra_1_mct_pearlescent_garnet_red_t24_v3
-440252806,vem_smod5_whl_21_t19_v3
-440238989,packed_lr_vehicle_colour_5_v134
-440160311,packed_mp_veh_mod_idx_14_v103
-440148203,m_cl_clo_sum_u_0_4_t11_v1
-440119115,vem_cmod_tyr_1_t32_v35
-440106035,packed_mp_veh_mod_idx_s_3_v410
-440090369,packed_mp_veh_mod_idx_23_v253
-440032866,packed_mp_veh_mod_idx_16_v4
-440004104,m_cl_clo_bim_pw_5_0_t14_v1
-439987042,packed_mp_veh_colour_extra2_0_v72
-439922132,m_cl_clo_grm_u_10_3_t11_v1
-439832589,f_cl_clo_grf_u_21_8_t11_v1
-439774854,vem_drft_05_t19_v12
-439514931,packed_mp_veh_mod_var_0_v106
-439514282,vem_skirt_7_t13_v0
-439466366,vem_colour_extra_1_mct_classic_white_t24_v3
-439341147,mp_stat_mpsv_model_402
-439128179,wp_wct_c_tint_26_t2_v1_n2
-439071456,packed_mp_veh_mod_idx_3_v167
-439024758,packed_mp_veh_mod_idx_s_19_v278
-438963698,packed_mp_veh_mod_idx_13_v409
-438865736,f_ha_cc_mkup_54_t5_v0
-438785222,m_cl_clo_grf_decl_32_t11_v1
-438775285,vem_smod3_whlv14_t66_v3
-438718316,m_cl_clo_valm_u_0_3_t11_v1
-438628312,dec_vw_aw_wh_12
-438542269,m_cl_clo_hilf_u_3_0_t11_v1
-438525086,f_cl_clo_grf_u_6_13_t11_v1
-438470705,packed_mp_veh_colour2_0_v286
-438450657,m_cl_clo_indm_d_11_t100_v0
-438427051,vem_livery_3_t26_v1
-438395401,packed_ng_vehicle_insurance_v184
-438392949,f_cl_clo_v2f_u_0_5_t11_v1
-438314701,vem_insurance_brickade2
-438268565,m_cl_clo_fxm_pe_3_7_t14_v1
-438243217,packed_mp_veh_colour1_0_v299
-438191357,packed_mp_veh_primary_colour_group_v151
-438120186,m_cl_clo_apm_u_1_4_t11_v1
-438079797,pr_mp_prop_40_t0_v1
-437947248,packed_mp_veh_mod_idx_s_7_v414
-437933671,packed_mp_veh_mod_idx_12_v241
-437891284,mp_stat_fixer_hq_owned_v0
-437778481,packed_mp_veh_mod_idx_s_23_v245
-437747718,f_cl_u_fmf_0_3_t11_v0
-437747270,packed_mp_veh_mod_idx_6_v107
-437717253,packed_mp_veh_mod_idx_9_v134
-437636384,m_cl_f_fmm_14_4_t6_v0
-437606825,m_cl_clo_h4m_decl_15_t100_v0
-437568996,packed_mp_veh_mod_idx_s_5_v94
-437537925,packed_mp_veh_mod_idx_s_8_v225
-437481736,packed_mp_veh_mod_idx_13_v328
-437478853,m_cl_clo_bbm_e_0_1_t14_v1
-437386657,dec_vw_aw_ls_1c
-437381652,vem_colour_2_mct_metallic_harbor_blue_t25_v1
-437359857,packed_mp_veh_mod_idx_s_23_v131
-437352086,packed_mp_veh_mod_idx_s_4_v254
-437272317,packed_lr_vehicle_colour_5_v52
-437251092,f_cl_clo_ief_u_6_8_t11_v1
-437150619,m_cl_clo_grm_ph_4_19_t14_v1
-437136425,packed_mp_veh_mod_idx_s_15_v112
-437068573,packed_mp_veh_primary_colour_group_v88
-437012399,packed_mp_veh_mod_idx_s_0_v8
-436916577,m_cl_clo_h4m_b_0_6_t1_v1
-436913172,vem_colour_2_mct_metallic_diamond_blue_t25_v1
-436818763,vem_supermod_13_8_t54_v28
-436726429,vem_supermod_0_13_t41_v28
-436660293,f_cl_outfit_clo_hstf_o_f_0_t12_v0
-436635176,vem_supermod_17_2_t58_v6
-436627277,mp_stat_mpsv_model_326
-436593026,packed_mp_veh_mod_idx_s_0_v16
-436496882,m_ha_brd_hp_6_t1_v1
-436442140,f_cl_outfit_clo_stf_o_11_t12_v0_cesp
-436396696,vem_supermod_19_0_n1_t60_v38
-436378572,wp_wct_flash_t1_v9_n2
-436364576,packed_mp_veh_mod_idx_10_v169
-436292668,m_cl_clo_grm_u_13_12_t11_v1
-436258381,f_cl_clo_bif_u_21_0_t11_v1
-436251435,packed_ng_vehicle_bpt_v358
-436075856,m_cl_g_fmm_15_6_t14_v0
-436058964,wp_wct_tint_23_t2_v5_n2
-435890582,m_cl_clo_grm_l_3_12_t4_v1
-435825334,m_cl_u_fmm_5_0_t11_v0
-435661529,packed_mp_veh_mod_idx_5_v174
-435639324,f_ta_tat_hp_039_t0_v0
-435504514,packed_mp_veh_mod_idx_24_v377
-435473318,f_ta_tat_lx_000_t0_v0
-435464782,packed_mp_veh_mod_idx_s_13_v156
-435444993,ve_lectro_t0_v3
-435371777,vem_colour_extra_1_mct_classic_garnet_red_t24_v1
-435317607,f_cl_clo_h3f_o_fib_3_t3_v12
-435103297,m_cl_clo_smm_b_1_15_t1_v1
-435029377,packed_mp_veh_mod_var_0_v214
-435024796,packed_mp_veh_mod_idx_13_v354
-435023369,vem_insurance_manana
-434983757,wp_ps_bag_64_t1_v33
-434976096,f_cl_clo_h3f_b_14_7_t1_v1
-434926424,f_cl_g_fmf_9_7_t14_v0
-434922246,vem_chassis_2_t4_v29
-434869500,vem_livery_2_t26_v3
-434816065,vem_colour_2_mct_metallic_stone_silver_t25_v3
-434766406,vem_loride_08_t19_v12
-434724733,packed_mp_veh_mod_idx_s_15_v402
-434691327,packed_mp_veh_mod_idx_s_7_v341
-434674267,vem_rwd_suv_05_t19_v3
-434590105,m_cl_clo_s2m_d_3_t11_v1
-434558897,f_cl_clo_l2f_t_1_1_t7_v1
-434534928,packed_mp_veh_plate_id_v313
-434523258,f_cl_clo_vwf_u_13_25_t11_v1
-434515871,m_cl_clo_x6m_ph_2_24_t14_v1
-434480984,packed_mp_veh_mod_idx_s_15_v158
-434373695,m_cl_clo_x4m_u_11_2_t11_v1
-434264521,f_cl_clo_scf_u_1_3_t11_v1
-434156751,vem_colour_extra_1_mct_metallic_grace_red_t24_v2
-434063324,vem_supermod_23_1_t64_v39
-434009370,vem_smod4_whlv83_t66_v1
-433997999,ve_stretch_t0_v0
-433962444,packed_ng_vehicle_insurance_v389
-433955099,f_cl_clo_bus_f_o_2_t3_v12
-433904531,m_cl_clo_x4m_u_12_6_t11_v1
-433813146,wp_ps_bag_67_t1_v33
-433741213,m_cl_clo_bim_prw_7_1_t14_v1
-433719489,vem_rwd_musc_16_t19_v2
-433590148,packed_ng_vehicle_neon_v130
-433498582,packed_mp_veh_wheel_type_0_v348
-433457722,m_cl_clo_vwm_u_20_3_t11_v1
-433441106,vem_armour_3_t1_v33
-433420154,m_ta_tat_h27_000_t0_v0
-433419131,m_cl_clo_hp_l_2_13_t4_v1
-433415795,vem_insurance_barracks
-433312648,f_cl_clo_h3f_ph_2_2_t14_v1
-433290831,wp_gsa_type_c_t0_v0
-433265093,vem_supermod_19_0_t60_v27
-433245929,vem_bumper_f_0_t34_v4
-433238509,packed_mp_veh_mod_idx_s_2_v58
-433219227,f_cl_clo_smf_b_8_21_t1_v1
-433187884,m_ha_cc_m_hs_12_t0_v1
-433187134,packed_mp_veh_mod_idx_22_v122
-433178238,packed_mp_veh_mod_idx_8_v152
-433085599,packed_mp_veh_mod_idx_s_21_v257
-432833054,packed_mp_veh_livery2_0_v358
-432828705,packed_mp_veh_mod_idx_13_v339
-432782509,packed_ng_vehicle_neon_kit_v14
-432633787,m_cl_clo_arm_o_13_t11_v12
-432604233,f_cl_clo_x6f_u_1_0_t11_v1
-432563845,m_ta_tat_lx_019_t0_v0
-432470939,f_cl_clo_busf_f_1_6_t6_v1
-432433073,f_cl_clo_ief_b_4_4_t1_v1
-432212012,packed_mp_veh_mod_idx_s_2_v295
-432197866,packed_mp_veh_mod_idx_s_13_v225
-432130321,packed_mp_veh_mod_idx_s_2_v1
-432099272,packed_mp_veh_mod_idx_s_23_v17
-432085237,packed_mp_veh_mod_idx_s_0_v151
-431980548,f_cl_clo_smf_ph_0_5_t14_v1
-431929219,packed_mp_veh_wheel_type_0_v234
-431814246,vem_supermod_10_6_t51_v27
-431789431,packed_mp_veh_mod_idx_s_5_v173
-431764690,vem_horn_clas4_t10_v33
-431708096,vem_rwd_drft_03_t19_v12
-431677934,packed_mp_veh_mod_idx_s_11_v47
-431676717,m_cl_clo_h3m_u_10_10_t11_v1
-431663720,packed_mp_veh_mod_idx_s_21_v310
-431448969,vem_horn_clas1_t10_v4
-431251223,packed_mp_veh_mod_idx_s_15_v408
-431239357,packed_mp_veh_mod_idx_3_v196
-431142222,vem_spt_03_t19_v2
-431016170,fcarcade_c_up3_c_15
-430959583,vem_cmod_smoke_5_t18_v31
-430947644,m_cl_clo_arm_o_22_t3_v12
-430935053,vem_supermod_22_16_t63_v3
-430859872,f_cl_clo_fxf_u_13_2_t11_v1
-430829126,vem_skirt_2_t13_v7
-430819405,m_ha_clo_bim_h_1_0_t0_v1
-430530604,f_cl_f_fmf_2_13_t6_v0
-430515097,mp_stat_contotalforwhouse2_v0
-430443776,packed_ng_vehicle_neon_v147
-430326779,f_cl_clo_grf_decl_35_t100_v0
-430235796,packed_mp_veh_mod_idx_s_0_v14
-430219352,f_cl_clo_h4f_t_0_1_t7_v1
-430192280,packed_mp_veh_primary_colour_group_v267
-430146399,vem_insurance_l35
-430111866,m_cl_outfit_clo_stm_o_7_t12_v0_cesp
-430081807,f_cl_clo_h3f_u_11_5_t11_v1
-430011478,packed_mp_veh_mod_idx_6_v182
-429850888,f_ha_cc_blush_32_t5_v0
-429761432,dec_cpm_bjack_5
-429747729,vem_colour_2_mct_matte_matte_desert_t25_v4
-429646844,f_cl_clo_stf_ht1516_t14_v1
-429620111,m_cl_outfit_clo_x2m_o_6_t12_v0
-429452554,vem_mwt_invalid_t255_v0
-429377150,packed_mp_veh_plate_id_v200
-429349770,f_cl_g_fmf_7_3_t14_v0
-429310705,vem_colour_1_mct_metallic_frost_white_t24_v3
-429272135,packed_mp_veh_window_tint_0_v154
-429262885,packed_mp_veh_mod_var_0_v269
-429157039,packed_mp_veh_mod_idx_s_21_v370
-429154287,ve_barracks_t1_v3
-429108362,vem_smod2_whlv176_t66_v3
-429092675,vem_colour_extra_1_mct_classic_salmon_pink_t24_v2
-429013153,vem_armour_1_t1_v35
-428990209,wp_fw_tint2_t6_v1
-428900870,packed_mp_veh_wheel_type_0_v180
-428885848,f_cl_clo_bif_s_17_12_t8_v1
-428883970,wp_wct_scope_max_t1_v20
-428581994,casweb_lounge_1_t0_v0
-428571530,packed_mp_veh_mod_idx_24_v401
-428492470,packed_lr_vehicle_colour_6_v169
-428365959,m_cl_clo_grm_ph_0_4_t14_v1
-428358574,vem_colour_extra_1_mct_classic_umber_brown_t24_v4
-428273295,packed_mp_veh_mod_idx_13_v317
-428049963,mp_stat_casinoapt_mod_h_v0
-428043888,vem_supermod_22_0_t63_v27
-427956369,m_cl_clo_hstm_o_16_t3_v12
-427947658,f_cl_clo_v2f_o_3_t6_v12
-427819275,f_cl_clo_fxf_ph_0_24_t14_v1
-427600140,packed_mp_veh_mod_idx_s_16_v76
-427533788,packed_mp_veh_mod_idx_s_7_v201
-427347244,vem_insurance_starling
-427340306,vem_cmod_tyr_4_t18_v6
-427320424,mp_stat_char_fm_stored_hairdo_sa_v0
-427272478,packed_mp_veh_mod_idx_s_16_v74
-427192524,packed_mp_veh_mod_idx_24_v70
-427177556,vem_drft_09_t19_v3
-427141888,vem_livery_255_t26_v3
-427093145,vem_exhaust_0_t6_v0
-427041622,packed_mp_veh_mod_idx_7_v26
-427004633,f_cl_outfit_clo_s1f_o_4_t12_v0
-426979088,f_cl_clo_fxf_pe_5_1_t14_v1
-426895979,f_cl_clo_hstfb_22_7_t1_v1
-426830438,packed_mp_veh_mod_idx_s_10_v339
-426778929,vem_horn_cnote_g0_t10_v7
-426601402,packed_mp_veh_mod_idx_3_v393
-426575214,wp_gsa_type_r_t0_v79
-426572925,m_cl_clo_s1m_u_8_0_t11_v1
-426542072,vem_supermod_15_0_t56_v35
-426416636,f_cl_g_fmf_14_3_t14_v0
-426329391,f_cl_clo_smf_b_4_9_t1_v1
-426323627,packed_mp_veh_mod_idx_s_17_v139
-426181581,wp_wm_tint1_t2_v50
-426168528,pr_mp_prop_62_t0_v0_cesp
-426074519,packed_mp_veh_mod_idx_13_v386
-426055197,f_cl_clo_grf_g_0_18_t3_v1
-426034800,f_cl_clo_smf_b_9_2_t1_v1
-426026994,packed_mp_veh_mod_idx_9_v284
-426008176,packed_mp_veh_mod_idx_s_1_v206
-426004379,f_cl_clo_s1f_o_5_t3_v12
-425942975,wp_wm_tint5_t2_v64
-425941223,vem_smod_whlv192_t66_v0
-425925312,packed_lr_vehicle_colour_6_v5
-425923773,packed_mp_veh_mod_idx_11_v395
-425888411,m_ta_tat_gr_020_t0_v0
-425812320,vem_spt_17_t19_v1
-425757215,packed_mp_veh_mod_idx_14_v99
-425727576,vem_loride_14_t19_v2
-425708991,packed_mp_veh_livery_0_v262
-425677933,packed_lr_vehicle_colour_6_v357
-425625080,packed_mp_veh_secondary_colour_group_v129
-425475566,vem_smod4_whlv141_t66_v0
-425409054,packed_mp_veh_mod_idx_13_v260
-425374075,f_ta_tat_x6_019_t0_v0
-425330593,packed_mp_veh_mod_idx_s_3_v333
-425329079,m_cl_clo_bim_ph_6_3_t14_v1
-425215647,vem_colour_2_mct_matte_yellow_t25_v4
-425156408,packed_mp_veh_mod_idx_s_0_v283
-425085976,vem_colour_1_mct_classic_saxon_blue_t24_v1
-425016245,vem_fender_r_15_t37_v3
-424881227,packed_mp_veh_secondary_colour_group_v243
-424866991,f_cl_clo_x6f_u_2_3_t11_v1
-424839697,vem_colour_1_mct_metallic_orange_t24_v3
-424804790,vem_smod_whlv213_t66_v3
-424799049,vem_rwd_suv_18_t19_v1
-424785550,m_cl_clo_sum_decl_18_t100_v0
-424771768,vem_supermod_3_32_t44_v10
-424729702,m_cl_clo_s2m_f_1_2_t6_v1
-424567024,m_cl_clo_h3m_b_18_17_t1_v1
-424492432,packed_mp_veh_mod_idx_11_v276
-424481454,packed_mp_veh_mod_idx_s_11_v215
-424454755,f_cl_clo_scf_ey_1_1_t14_v1
-424453891,vem_insurance_stinger
-424344830,wp_wct_tint_2_t2_v56_n2
-424331538,vem_cmod_col5_17_t29_v1
-424307767,packed_ng_vehicle_insurance_v141
-424240594,vem_rwd_loride_10_t19_v1
-424228548,vem_cmod_exp_1_t20_v4
-424193500,packed_mp_veh_mod_idx_s_14_v366
-424155984,m_cl_clo_sbm_f_0_9_t6_v1
-424154334,m_cl_u_fmm_7_3_t11_v0
-424149819,m_cl_clo_smm_b_6_6_t1_v1
-424110857,packed_mp_veh_mod_var_0_v184
-424102454,m_ta_tat_h3_011_t0_v0
-424091913,fchub_equ_0_t0_v0
-424076917,packed_mp_veh_mod_idx_4_v114
-423972291,packed_mp_veh_mod_idx_s_13_v242
-423947907,packed_mp_veh_mod_idx_s_16_v138
-423920523,m_cl_clo_trm_u_17_9_t11_v1
-423908316,wp_wm_tint3_t2_v4
-423905772,packed_mp_veh_mod_idx_s_9_v399
-423897180,m_cl_clo_awm_l_3_1_t4_v1
-423710574,packed_ng_vehicle_smoke_v95
-423669401,vem_spoiler_4_t14_v26
-423527129,pr_pm_font_13_t0_v0
-423503927,packed_mp_veh_colour_extra2_0_v46
-423489509,dec_vw_aw_wh_4
-423211636,wp_wct_c_tint_21_t2_v9_n2
-423081782,vem_supermod_58_0_t58_v7
-423079608,packed_mp_veh_mod_idx_3_v186
-423045623,f_cl_clo_h3f_b_14_10_t1_v1
-423011777,vem_supermod_2_11_t43_v27
-422930965,packed_mp_veh_mod_idx_s_17_v227
-422885803,packed_mp_veh_mod_idx_s_1_v148
-422846632,vem_colour_1_mct_classic_frost_white_t24_v1
-422826296,vem_suv_02_t19_v3
-422765981,packed_mp_veh_colour1_0_v320
-422726147,vem_spt_12_t19_v12
-422599689,vem_musc_20_t19_v1
-422569700,m_cl_clo_smm_b_9_21_t1_v1
-422551893,packed_mp_veh_mod_idx_16_v145
-422516321,packed_mp_veh_mod_var_1_v3
-422492532,vem_supermod_48_1_t48_v7
-422442014,packed_mp_veh_mod_idx_s_1_v358
-422381127,packed_mp_veh_mod_idx_s_19_v341
-422316630,packed_mp_veh_mod_idx_12_v182
-422307891,f_ha_cc_f_hs_9_t0_v0
-422233310,m_cl_clo_x6m_u_10_11_t11_v1
-422120293,f_cl_clo_fxf_ph_1_13_t14_v1
-422025985,packed_mp_veh_mod_idx_s_6_v215
-421947002,packed_mp_veh_mod_idx_7_v160
-421859728,vem_musc_17_t19_v2
-421764639,f_cl_clo_grf_u_23_4_t11_v1
-421692038,packed_mp_veh_mod_idx_15_v188
-421690982,m_cl_clo_busm_t_2_6_t7_v1
-421549023,f_cl_clo_awf_l_1_0_t4_v1
-421515272,m_cl_outfit_clo_exm_ob_10_t12_v0
-421475132,packed_mp_veh_wheel_type_0_v220
-421470567,pr_mp_prop_92_t0_v0
-421445243,f_ta_tat_s2_022_t0_v0
-421396232,packed_mp_veh_mod_idx_s_19_v234
-421338712,packed_mp_veh_colour_extra2_0_v326
-421322691,mp_stat_multstorey_gar_sty_f4_v0
-421275768,vem_colour_extra_1_mct_metallic_silver_t24_v0
-421078986,packed_ng_vehicle_smoke_v325
-421065347,mba_graphics_3_t0_v0
-421060633,packed_mp_veh_mod_idx_s_1_v227
-420967330,f_cl_clo_stf_o_15_t3_v12
-420944132,m_cl_clo_grm_ph_0_19_t14_v1
-420931956,packed_mp_veh_mod_idx_s_6_v171
-420887918,packed_mp_veh_mod_idx_8_v354
-420816317,m_cl_clo_smm_b_1_23_t1_v1
-420707338,f_cl_clo_s2f_d_24_t100_v0
-420588790,packed_mp_veh_livery_0_v25
-420492534,packed_mp_veh_mod_idx_s_1_v180
-420401959,wp_wt_smg_mcr_t0_v1
-420381564,f_cl_clo_ltsft_1_3_t3_v1
-420302949,packed_lr_vehicle_colour_6_v368
-420183730,m_cl_clo_x6m_ph_0_22_t14_v1
-420045878,hangar_mod_savebed_1_t0_v1
-420042547,m_ha_cc_eyebrw_33_t2_v0
-420036325,f_cl_clo_v2f_o_8_t3_v12
-419975128,f_cl_clo_sbf_u_0_19_t11_v1
-419974899,packed_mp_veh_mod_idx_3_v76
-419945260,m_cl_clo_x6m_ph_0_19_t14_v1
-419932195,packed_mp_veh_mod_idx_8_v67
-419842993,ve_osiris_t0_v3
-419776864,vem_smod2_whl17_t19_v12
-419729916,wp_wm_tint1_t2_v64
-419721402,packed_mp_veh_mod_idx_s_17_v310
-419692147,m_cl_clo_xmas_m_1_0_t1_v1
-419641131,vem_colour_extra_1_mct_metallic_dark_silver_t24_v1
-419527158,packed_mp_veh_mod_idx_0_v322
-419437111,packed_mp_veh_mod_idx_s_6_v367
-419333852,packed_mp_veh_mod_idx_9_v131
-419324872,packed_mp_veh_mod_idx_s_14_v72
-419237439,packed_mp_veh_mod_idx_23_v353
-419220735,ve_brawler_t0_v0
-419143885,mp_stat_mpsv_model_37
-419100150,f_cl_clo_smf_b_5_14_t1_v1
-419003484,packed_ng_vehicle_smoke_v232
-418976591,packed_lr_vehicle_colour_5_v211
-418945936,m_cl_clo_x4m_ph_1_0_t14_v1
-418868880,m_cl_clo_exm_ef_0_1_t6_v1
-418724490,f_cl_clo_trf_u_9_7_t11_v1
-418717891,packed_mp_veh_mod_idx_s_6_v130
-418593629,m_cl_ht_fmm_12_1_t14_v0
-418556298,packed_mp_veh_mod_idx_s_11_v8
-418297215,f_cl_clo_suf_u_14_3_t11_v1
-418266723,vem_supermod_9_20_t50_v3
-418216893,packed_mp_veh_mod_idx_s_18_v359
-418199181,vem_colour_mct_none_25
-418181661,f_cl_clo_h3f_o_sl_22_t8_v12
-418128942,dec_vw_aw_wv_39
-418127874,packed_mp_veh_mod_idx_s_6_v53
-418096760,f_ta_tat_hp_010_t0_v0
-418036238,vem_supermod_7_13_t48_v3
-417900302,vem_smod_whl11_t19_v3
-417891140,vem_smod4_whlv52_t66_v2
-417793579,packed_mp_veh_mod_idx_s_11_v309
-417715003,vem_supermod_6_12_t47_v26
-417696056,f_ta_tat_h27_021_t0_v0
-417575301,m_cl_clo_s1m_ph_0_19_t14_v1
-417571340,dec_cpm_bjack_1
-417562948,f_cl_clo_awf_o_b_15_t8_v12
-417562660,vem_rwd_suv_13_t19_v3
-417454370,f_cl_clo_stf_h_1013_t14_v1
-417297778,vem_colour_extra_1_mct_metallic_torino_red_t24_v3
-417216750,f_cl_clo_ief_b_10_2_t1_v1
-417156752,packed_mp_veh_mod_idx_6_v67
-417153724,packed_lr_vehicle_colour_6_v147
-417114828,packed_mp_veh_colour_extra2_0_v99
-417112983,vem_colour_2_mct_metallic_light_blue_t25_v2
-417059329,vem_offr_23_t19_v0
-417038766,packed_mp_veh_mod_idx_s_9_v89
-416940911,packed_mp_veh_mod_idx_5_v313
-416849399,packed_lr_vehicle_colour_5_v152
-416808426,f_cl_clo_grf_b_5_0_t1_v1
-416797029,f_cl_clo_x6f_f_10_4_t6_v1
-416792506,f_cl_clo_awf_u_17_10_t11_v1
-416720202,packed_mp_veh_wheel_type_0_v325
-416673943,vem_colour_1_mct_classic_graphite_t24_v0
-416627846,packed_mp_veh_mod_idx_24_v312
-416588474,vem_truck_slot_1_mod_1_t0_v0
-416566402,packed_mp_veh_wheel_type_0_v70
-416558813,f_cl_clo_ltsf_o_3_t8_v12
-416557849,f_cl_clo_hstf_o_h_2_t8_v12
-416553876,f_cl_f_fmf_13_1_t6_v0
-416530723,packed_mp_veh_mod_idx_24_v358
-416431822,m_ta_tat_lx_002_t0_v0
-416425750,packed_mp_veh_livery_0_v414
-416395216,packed_mp_veh_mod_idx_s_20_v105
-416367974,vem_supermod_62_21_t62_v7
-416324128,vem_trans_2_t16_v0
-416319352,vem_smod_whlv50_t66_v3
-416310492,packed_mp_veh_window_tint_0_v282
-416292476,m_cl_clo_h2m_u_6_2_t11_v1
-416277010,vem_cmod_pla_2_t23_v26
-416265266,packed_mp_veh_colour1_0_v146
-416098886,vem_colour_1_mct_classic_sandy_brown_t24_v4
-416069600,packed_mp_veh_mod_idx_s_6_v317
-416047641,f_ta_tat_vw_030_t0_v0
-415959560,vem_smod4_whlv81_t66_v2
-415909229,wp_wm_tint5_t2_v88
-415873825,f_ta_tat_h27_006_t0_v0
-415836148,wp_wct_tint_6_t2_v5_n2
-415729151,vem_supermod_10_14_t51_v10
-415726251,vem_aam_interior_1_t0_v0
-415620983,wp_wct_tint_7_t2_v13_n2
-415558731,vem_drft_04_t19_v2
-415538114,wp_wct_c_tint_4_t2_v47_n2
-415530809,packed_mp_veh_mod_idx_s_1_v269
-415502141,ve_firetruk_n1_t1_v0
-415497367,f_cl_clo_hst_f_a_4_t100_v0
-415490737,f_cl_clo_s2f_o_7_t100_v0
-415484126,f_cl_clo_bif_pe_0_5_t14_v1
-415436199,packed_mp_veh_mod_idx_s_7_v243
-415312328,packed_mp_veh_colour_extra2_0_v373
-415227039,vem_offr_25_t19_v2
-415209590,f_cl_clo_awf_o_h_3_t8_v12
-415106401,f_cl_clo_stf_ht1510_t14_v1
-415103673,f_cl_clo_scf_f_0_23_t6_v1
-415070945,m_cl_u_fmm_1_6_t8_v0
-415032961,packed_mp_veh_mod_idx_12_v366
-414964448,vem_smod4_whlv182_t66_v2
-414953754,packed_mp_veh_mod_idx_5_v257
-414866475,packed_mp_veh_mod_idx_s_8_v7
-414844417,f_cl_clo_h3f_b_19_6_t1_v1
-414813714,vem_smod3_whlv130_t66_v3
-414791668,vem_rwd_drft_07_t19_v2
-414749874,f_cl_clo_vwf_d_1_0_t10_v1
-414741676,vem_cmod_tyr_2_t30_v29
-414664294,packed_mp_veh_mod_idx_s_15_v309
-414656609,vem_colour_mct_none_118
-414519827,f_cl_clo_grf_u_3_2_t11_v1
-414114762,vem_colour_2_mct_classic_yellow_t25_v1
-414026871,f_cl_clo_x3f_u_1_10_t11_v1
-413833770,vem_supermod_10_7_t51_v3
-413825979,wp_wct_tint_6_t2_v48_n2
-413770783,mp_stat_mpsv_model_393
-413765807,packed_mp_veh_mod_idx_s_13_v271
-413644975,packed_ng_vehicle_bpt_v189
-413626574,vem_colour_1_mct_matte_matte_for_t24_v1
-413560519,packed_mp_veh_mod_idx_s_18_v387
-413529424,f_cl_clo_h4f_decl_43_t11_v1
-413481845,m_cl_clo_awm_u_7_3_t11_v1
-413456106,vem_offr_15_t19_v2
-413425935,kosatk_fla_17_t0_v1
-413402832,packed_mp_veh_colour_extra1_0_v410
-413310093,m_cl_clo_hstmb_14_24_t1_v1
-413252753,wp_wct_c_tint_11_t2_v47_n2
-413096234,packed_mp_veh_mod_idx_8_v26
-412911906,m_cl_clo_h4m_b_4_13_t1_v1
-412881288,m_cl_outfit_clo_s1m_o_2_t12_v0
-412878361,packed_mp_veh_mod_idx_s_19_v396
-412689344,packed_mp_veh_mod_idx_s_10_v171
-412662424,packed_mp_veh_mod_idx_9_v22
-412605504,vem_colour_2_mct_classic_cast_iron_sil_t25_v3
-412547898,f_cl_clo_sbf_l_4_12_t4_v1
-412545349,packed_mp_veh_mod_idx_7_v351
-412526955,vem_insurance_rapidgt
-412460669,f_cl_clo_bif_s_16_1_t8_v1
-412292881,packed_mp_veh_colour1_0_v234
-412245064,vem_supermod_46_20_t46_v7
-412228263,m_cl_clo_trm_u_12_13_t11_v1
-412217707,packed_mp_veh_mod_idx_7_v404
-412062672,packed_mp_veh_mod_idx_13_v5
-412057692,m_cl_clo_x6m_ph_1_20_t14_v1
-412057189,packed_mp_veh_mod_idx_s_18_v322
-411997882,vem_supermod_53_20_t53_v7
-411850761,vem_supermod_21_5_t62_v26
-411723158,vem_roof_14_t12_v38
-411700326,wp_wct_camo_8_t1_v21_n2
-411684942,m_cl_clo_grm_u_15_21_t11_v1
-411634741,packed_mp_veh_mod_idx_3_v399
-411531146,packed_mp_veh_mod_idx_s_9_v346
-411460745,f_cl_clo_h3f_ph_6_13_t14_v1
-411439334,f_cl_clo_sbf_b_10_22_t1_v1
-411434405,vem_smod_whlv25_t66_v3
-411351381,m_cl_clo_vwm_l_3_11_t4_v1
-411265451,m_cl_clo_ltsml_0_0_t4_v1
-411251329,packed_mp_veh_mod_idx_s_9_v243
-411205471,m_cl_clo_trm_u_16_1_t11_v1
-411158340,packed_mp_veh_mod_idx_s_20_v165
-411122339,m_cl_clo_h2m_b_5_1_t1_v1
-411092903,wp_wct_c_tint_26_t2_v8_n2
-411070688,packed_mp_veh_mod_idx_7_v355
-410865294,packed_ng_vehicle_neon_v287
-410761523,m_cl_clo_bhm_u_1_4_t11_v1
-410750315,m_cl_clo_h4m_pey_011_t14_v1
-410723832,m_cl_clo_h3m_o_bs_2_t11_v12
-410653362,f_cl_clo_arf_o_14_n0_t14_v12
-410643539,f_cl_clo_suf_u_19_12_t11_v1
-410611855,packed_mp_veh_colour_extra2_0_v4
-410452250,m_cl_clo_h4m_pey_310_t14_v1
-410377561,packed_mp_veh_mod_idx_s_7_v41
-410124574,packed_lr_vehicle_colour_5_v146
-410088435,vem_colour_extra_1_mct_metallic_blue_silver_t24_v0
-410032922,vem_cmod_tyr_11_t18_v11
-410022016,packed_mp_veh_mod_idx_3_v335
-409854804,m_cl_outfit_clo_iem_o_4_t12_v0
-409838113,packed_mp_veh_mod_idx_s_10_v185
-409718634,vem_colour_1_mct_matte_dark_blue_t24_v3
-409677269,vem_supermod_23_11_t64_v38
-409673289,f_cl_clo_busf_u_0_4_t11_v1
-409609060,f_cl_clo_bhf_u_5_19_t11_v1
-409512908,packed_mp_veh_mod_idx_14_v252
-409489218,packed_mp_veh_mod_idx_9_v3
-409461152,vem_smod_whl30_t19_v3
-409432673,f_cl_clo_smf_u_2_16_t11_v1
-409432653,wp_wct_none_t1_v48_n2
-409386833,packed_mp_veh_mod_idx_16_v48
-409297696,multistorey_garage_style_0_v1
-409286578,packed_mp_veh_mod_idx_s_10_v256
-409212969,vem_cmod_hrn_mus3_t10_v4
-409133136,vem_exhaust_0_t6_v37
-409043371,packed_mp_veh_mod_idx_23_v133
-409034160,wp_ps_bag_23_t1_v33
-408867393,packed_mp_veh_mod_idx_10_v243
-408844794,packed_mp_veh_mod_idx_s_6_v129
-408807236,m_cl_clo_grm_u_10_19_t11_v1
-408668678,packed_mp_veh_mod_idx_s_5_v45
-408664170,vem_colour_extra_1_mct_pearlescent_moss_brown_t24_v0
-408639652,f_cl_outfit_clo_h2f_o_c_0_t12_v0
-408477544,packed_mp_veh_mod_idx_s_5_v198
-408472580,f_ha_cc_mkup_73_t5_v0
-408449218,ve_longfin_t0_v3
-408394033,packed_mp_veh_mod_var_1_v364
-408372382,vem_colour_extra_1_mct_pearlescent_spin_purple_t24_v1
-407981337,f_cl_clo_x6f_f_6_8_t6_v1
-407941212,packed_mp_veh_mod_idx_23_v272
-407858690,packed_mp_veh_livery2_0_v229
-407773558,vem_truck_tint_10_t0_v0
-407751630,packed_mp_veh_mod_idx_s_22_v331
-407697296,packed_mp_veh_mod_var_0_v139
-407630425,packed_mp_veh_mod_idx_s_23_v222
-407597651,f_cl_clo_scf_f_0_18_t6_v1
-407578362,vem_colour_1_mct_classic_grace_red_t24_v33
-407574624,f_cl_clo_h3f_t_1_0_t7_v1
-407527520,m_cl_clo_x6m_t_6_0_t7_v1
-407522581,f_cl_clo_vwf_u_7_5_t11_v1
-407483152,packed_mp_veh_mod_idx_16_v316
-407482322,f_cl_clo_stf_ht13_3_t14_v1
-407469830,m_ta_tat_x6_047_t0_v0
-407432034,vem_smod4_whlv4_t66_v1
-407326478,packed_mp_veh_livery_0_v236
-407316609,packed_mp_veh_mod_idx_s_4_v99
-407201236,service_spend_cops_turn_eye
-407146604,f_cl_clo_x6f_ph_8_23_t14_v1
-407098654,f_cl_clo_smf_ph_0_16_t14_v1
-407056060,m_cl_clo_stm_h_1015_t14_v1
-406892081,f_cl_f_fmf_3_3_t6_v0
-406886703,packed_mp_veh_mod_idx_s_6_v213
-406872038,packed_ng_vehicle_neon_kit_v218
-406788484,packed_mp_veh_mod_idx_s_22_v84
-406745970,f_cl_clo_sbf_u_22_17_t11_v1
-406707996,wp_wt_tacrifle_t0_v0
-406552864,packed_mp_veh_mod_idx_1_v200
-406369796,fcclub_stor_3_t2_v0
-406365964,f_cl_clo_s1f_dec_13_t100_v0
-406319799,packed_mp_veh_mod_idx_7_v339
-406289575,vem_colour_2_mct_metallic_black_t25_v2
-406285306,packed_mp_veh_mod_idx_24_v94
-406107019,packed_mp_veh_wheel_type_0_v245
-406098951,vem_hood_0_t9_v26
-406007618,vem_horn_lowrder1_t10_v32
-405936752,packed_ng_vehicle_smoke_v309
-405779757,vem_supermod_23_7_t64_v39
-405763903,m_cl_clo_vwm_u_17_6_t11_v1
-405694884,f_cl_clo_bhf_decl_59_t100_v0
-405598669,vem_supermod_3_24_t44_v11
-405584901,m_cl_clo_trm_d_15_0_t10_v1
-405563605,vem_colour_2_mct_classic_sunrise_orange_t25_v3
-405451384,wp_wct_c_tint_23_t2_v8_n2
-405379959,mp_stat_mpsv_model_381
-405369167,packed_mp_veh_mod_idx_s_8_v389
-405367324,wp_wct_c_tint_2_t2_v1_n2
-405307579,dec_vw_aw_wv_59
-405254312,m_cl_clo_h3m_ph_9_3_t14_v1
-405209823,f_cl_clo_grf_b_2_18_t1_v1
-405131895,vem_supermod_9_11_t50_v26
-405074291,packed_mp_veh_colour_extra2_0_v145
-404901657,packed_mp_veh_window_tint_0_v356
-404869982,packed_mp_veh_mod_idx_13_v133
-404709567,packed_ng_vehicle_neon_kit_v410
-404700954,f_cl_clo_grf_g_1_14_t3_v1
-404689462,vem_colour_1_mct_classic_graphite_t24_v33
-404582291,m_cl_clo_fxm_ph_1_23_t14_v1
-404567285,vem_supermod_52_21_t52_v7
-404515485,f_cl_clo_hp_f_u_2_4_t11_v1
-404473691,f_cl_outfit_clo_awf_o_g_4_t12_v0
-404357301,f_cl_clo_h4f_u_2_18_t11_v1
-404318065,packed_lr_vehicle_colour_6_v404
-404063903,ve_jester4_t0_v3
-404026210,vem_hood_23_t9_v38
-403955086,packed_mp_veh_mod_idx_s_21_v294
-403930517,packed_lr_vehicle_colour_5_v129
-403897675,f_cl_outfit_clo_bus_f_o_22_t12_v0
-403812627,packed_mp_veh_mod_idx_s_13_v45
-403588371,f_cl_clo_x6f_f_12_2_t6_v1
-403550533,m_cl_clo_fxm_l_0_8_t4_v1
-403528863,m_ta_tat_sb_012_t0_v0
-403498372,packed_mp_veh_mod_idx_2_v0
-403479429,f_cl_clo_smf_u_4_11_t11_v1
-403384162,m_ta_tat_vw_022_t0_v0
-403351447,vem_chassis_13_t4_v35
-403304143,packed_mp_veh_mod_idx_7_v364
-403298470,mp_stat_mpsv_model_1
-403289714,packed_mp_veh_livery2_0_v119
-403179115,packed_mp_veh_mod_idx_s_19_v180
-403031603,packed_mp_veh_mod_idx_s_20_v341
-402860169,f_cl_clo_bif_l_5_2_t4_v1
-402683403,packed_ng_vehicle_smoke_v187
-402631354,packed_mp_veh_mod_idx_4_v211
-402607506,vem_supermod_20_16_t61_v3
-402602850,packed_mp_veh_mod_idx_2_v243
-402524923,vem_colour_extra_1_mct_classic_maple_brown_t24_v1
-402518758,f_cl_clo_grf_ph_3_1_t14_v1
-402501213,f_cl_clo_indf_d_11_t8_v1
-402423716,wp_wct_c_tint_1_t2_v56_n2
-402411082,m_cl_clo_x6m_f_3_0_t6_v1
-402344017,m_cl_outfit_clo_l2m_o_1_t12_v0
-402296863,m_cl_clo_scm_f_0_7_t6_v1
-402230872,packed_mp_veh_mod_idx_s_0_v394
-402200687,wp_wct_camo_1_t1_v21_n2
-402119702,pr_pm_glight_1_t0_v0
-402021237,vem_rwd_loride_04_t19_v3
-402003950,packed_mp_veh_mod_idx_0_v156
-401924362,m_cl_u_fmm_6_0_t11_v0
-401896473,vem_turbo_0_t17_v4
-401891519,vem_exhaust_0_t6_v26
-401801467,m_cl_he_fmm_16_1_t14_v0
-401776363,mt_snk_item5_t0_v3
-401737463,vem_exhaust_7_t6_v26
-401707397,m_cl_clo_h4m_decl_33_t100_v0
-401628960,f_cl_clo_awf_l_5_11_t4_v1
-401543437,casino_heist_vehicle_livery_v1
-401476952,f_cl_clo_awf_decl_78_t100_v0
-401375778,packed_mp_veh_mod_idx_23_v363
-401349204,m_cl_clo_h3m_o_bs_3_t11_v12
-401260009,vem_hiend_13_t19_v1
-401249612,packed_mp_veh_mod_idx_s_0_v157
-401239684,m_cl_clo_grm_u_14_23_t11_v1
-401196859,vem_cmod_hrn_sad_t10_v36
-401175507,m_ha_cc_lipstick_3_t8_v1
-401000203,wp_wct_c_tint_15_t2_v22_n2
-400989383,m_cl_clo_hp_l_2_5_t4_v1
-400824833,packed_mp_veh_mod_idx_23_v330
-400765227,m_cl_clo_bhm_decl_25_t100_v0
-400575913,m_ta_tat_h27_009_t0_v0
-400574877,packed_mp_veh_mod_idx_s_22_v149
-400571693,packed_mp_veh_wheel_type_0_v376
-400394635,m_cl_clo_bhm_decl_4_t100_v0
-400387638,packed_mp_veh_livery2_0_v236
-400365264,vem_smod2_whlv209_t66_v3
-400357279,f_cl_clo_h2f_b_7_6_t1_v1
-400353694,vem_colour_extra_1_mct_classic_candy_red_t24_v4
-400335527,vem_colour_extra_1_mct_pearlescent_cabernet_red_t24_v2
-400260040,vem_colour_5_frost_white_t38_v3
-400167534,pr_pm_off_var_5_t0_v0
-400165760,vem_smod4_whlv11_t66_v3
-400089295,vem_colour_1_mct_metallic_white_t24_v0
-400039098,packed_mp_veh_mod_idx_s_6_v67
-400032741,f_cl_clo_h3f_ph_9_0_t14_v1
-399906133,packed_mp_veh_mod_idx_15_v145
-399808343,vem_spt_07_t19_v12
-399792701,m_cl_outfit_clo_scm_o_9_t12_v0
-399606724,m_cl_clo_awm_u_10_8_t11_v1
-399460246,m_cl_clo_grm_ph_1_6_t14_v1
-399370601,m_cl_clo_bhm_u_14_12_t11_v1
-399365011,packed_mp_veh_mod_idx_16_v70
-399337729,vem_colour_1_mct_classic_white_t24_v4
-399271698,vem_colour_extra_1_mct_metallic_bright_green_t24_v3
-399223880,m_cl_clo_vwm_u_2_18_t11_v1
-399140466,packed_mp_veh_mod_idx_s_11_v321
-399129825,m_cl_clo_hilf_u_3_6_t11_v1
-399117643,fcclub_lght_3_t0_v0
-399049291,f_cl_clo_indf_d_15_t100_v0
-399017682,packed_mp_veh_mod_var_0_v240
-399011344,packed_mp_veh_livery2_0_v230
-398856893,vem_colour_1_mct_classic_red_t24_v0
-398822753,m_cl_u_fmm_3_7_t11_v0
-398794480,packed_mp_veh_mod_idx_s_16_v406
-398731596,packed_mp_veh_mod_idx_s_2_v91
-398651175,m_cl_clo_sum_decl_1_t11_v1
-398598426,m_ta_tat_bi_011_t0_v0
-398506708,packed_lr_vehicle_colour_6_v318
-398467064,f_ta_tat_vw_024_t0_v0
-398465071,m_cl_clo_smm_ph_3_20_t14_v1
-398463398,m_cl_clo_l2m_e_29_0_t14_v1
-398392446,f_cl_clo_scf_l_0_5_t4_v1
-398374429,m_cl_outfit_clo_smm_o_7_t12_v0
-398306923,f_cl_clo_grf_u_23_5_t11_v1
-398264592,m_cl_clo_val_decl_j_t8_v2
-398259023,packed_mp_veh_mod_idx_1_v112
-398255558,vem_hood_11_t9_v26
-398219157,f_cl_clo_indf_f_0_0_t6_v1
-398213396,packed_mp_veh_mod_idx_24_v375
-398187222,vem_supermod_3_42_t44_v6
-398183087,f_cl_clo_s2f_d_9_t100_v0
-398147074,ve_tampa_t0_v3
-398127010,vem_smod2_whlv66_t66_v3
-398102972,packed_mp_veh_mod_idx_24_v22
-398053935,vem_supermod_11_1_t52_v27
-398040211,f_cl_clo_grf_f_3_2_t6_v1
-398005266,packed_mp_veh_mod_idx_8_v247
-397961305,f_cl_outfit_clo_trf_o_r2_t12_v0
-397860637,m_cl_clo_s2m_u_6_2_t11_v1
-397846621,m_cl_clo_v2m_f_0_1_t6_v1
-397744796,f_cl_clo_x6f_ey_0_8_t14_v1
-397694837,packed_mp_veh_mod_idx_s_21_v183
-397681067,packed_mp_veh_mod_idx_s_15_v21
-397560792,packed_ng_vehicle_neon_v273
-397486283,vem_colour_extra_1_mct_matte_lime_green_t24_v33
-397476121,packed_mp_veh_colour2_0_v39
-397450970,vem_spoiler_7_t14_v28
-397427723,packed_mp_veh_mod_idx_14_v163
-397341464,packed_mp_veh_mod_var_0_v168
-397339199,packed_mp_veh_mod_idx_s_0_v251
-397298971,f_cl_clo_ief_u_6_1_t11_v1
-397286569,packed_mp_veh_colour2_0_v354
-397244505,vem_supermod_3_41_t44_v7
-397236730,m_cl_clo_hstm_g_6_0_t3_v1
-397201647,m_cl_clo_sbm_u_9_8_t11_v1
-397199434,f_cl_clo_hstf_u_12_6_t11_v1
-397194543,vem_horn_xm15_2_t10_v36
-397119635,f_cl_ht_fmf_15_1_t14_v0
-396990258,f_cl_clo_grf_u_10_6_t11_v1
-396814493,f_cl_outfit_clo_s2f_o_10_t12_v0
-396760473,packed_mp_veh_mod_idx_s_7_v298
-396752593,vem_supermod_2_7_t43_v26
-396737039,packed_ng_vehicle_bpt_v197
-396715344,f_cl_clo_bif_ph_11_7_t14_v1
-396694877,f_cl_clo_arf_ph_0_14_t14_v1
-396623809,packed_mp_veh_mod_idx_18_v322
-396577536,vem_insurance_bfinject
-396490870,m_cl_f_fmm_5_3_t6_v0
-396446708,mp_stat_mpsv_model_156
-396365165,f_cl_clo_busf_u_3_1_t8_v1
-396356945,m_cl_clo_sbm_f_3_22_t6_v1
-396345343,f_cl_u_fmf_0_12_t8_v0
-396242149,packed_mp_veh_mod_idx_3_v190
-396164945,packed_mp_veh_colour2_0_v84
-396051741,f_cl_clo_h3f_u_8_0_t11_v1
-396010287,vem_smod5_whlv10_t66_v0
-396008613,m_cl_clo_smm_u_2_9_t11_v1
-395972075,wp_wm_tint1_t2_v98
-395965823,f_cl_clo_smf_b_1_9_t1_v1
-395964957,f_cl_clo_grf_u_6_2_t11_v1
-395631421,vem_colour_1_mct_metallic_silver_t24_v4
-395599779,m_cl_clo_bhm_u_9_6_t11_v1
-395585792,vem_supermod_23_14_t64_v33
-395529555,vem_insurance_baller7
-395444122,dec_vw_aw_wv_55
-395289421,wp_wct_tint_25_t2_v22_n2
-395285132,m_cl_clo_hstmb_22_18_t1_v1
-395258928,m_cl_clo_smm_u_2_21_t11_v1
-395223659,f_cl_clo_indf_o_0_t8_v12
-395157806,mp_stat_ie_wh_owned_vehicle_16_v0
-395103543,m_cl_clo_h3m_s_1_10_t8_v1
-395062273,packed_mp_veh_mod_idx_9_v312
-394841533,m_ha_clo_s2m_h_0_0_t0_v2
-394824599,ve_kanjosj_t1_v3
-394799654,packed_mp_veh_mod_idx_24_v138
-394584825,packed_mp_veh_mod_idx_4_v110
-394574330,m_cl_clo_hp_l_2_0_t4_v1
-394535518,m_cl_clo_halm_2_0_t1_v1
-394411106,f_ta_tat_sb_033_t0_v0
-394169823,m_cl_outfit_clo_h2m_o_g_17_t12_v0
-394152208,packed_mp_veh_livery_0_v274
-394078135,f_cl_clo_awf_ph_3_3_t14_v1
-394051753,packed_mp_veh_mod_idx_2_v412
-393927008,packed_mp_veh_mod_idx_s_23_v191
-393905700,m_cl_clo_awm_f_0_3_t6_v1
-393583611,packed_mp_veh_mod_idx_s_20_v316
-393559017,vem_cmod_hrn_mus2_t10_v27
-393550024,packed_mp_veh_colour_extra2_0_v343
-393541434,packed_mp_veh_mod_idx_s_4_v197
-393462127,packed_mp_veh_mod_idx_5_v355
-393431994,packed_mp_veh_mod_idx_4_v127
-393346198,vem_supermod_46_10_t46_v7
-393319614,packed_mp_veh_primary_colour_group_v352
-393092489,packed_mp_veh_colour2_0_v341
-393046050,m_cl_clo_pim_d_1_t8_v2
-393030763,f_cl_clo_h3f_u_9_16_t11_v1
-393012682,vem_musc_04_t19_v1
-393009607,wp_wct_c_tint_21_t2_v13_n2
-392963248,ve_marshall_t1_v15
-392851768,f_cl_clo_s1f_dec_6_t100_v0
-392835378,packed_mp_veh_mod_idx_s_21_v40
-392823722,packed_mp_veh_mod_idx_s_17_v297
-392818536,vem_skirt_4_t13_v6
-392728121,packed_mp_veh_mod_var_0_v326
-392708355,packed_mp_veh_plate_id_v270
-392676547,packed_ng_vehicle_smoke_v34
-392621164,vem_insurance_zeno
-392593441,m_cl_outfit_clo_awm_o_c_5_t12_v0
-392560102,packed_lr_vehicle_colour_5_v136
-392551026,f_cl_clo_bif_pw_7_2_t14_v1
-392449364,packed_mp_veh_livery_0_v352
-392306723,packed_mp_veh_secondary_colour_group_v91
-392233379,f_cl_clo_indf_d_2_t8_v1
-392143160,f_cl_clo_sbf_u_20_1_t11_v1
-392100355,vem_brake_3_t2_v35
-392080372,vem_cmod_hrn_mus5_t10_v39
-392048679,packed_mp_veh_colour1_0_v156
-391938070,vem_colour_2_mct_matte_matte_dirt_t25_v1
-391936715,packed_mp_veh_mod_idx_s_18_v336
-391855366,m_cl_clo_arm_o_30_t3_v12
-391847908,vem_grill_5_t8_v38
-391787452,m_cl_outfit_clo_stm_o_e_5_t12_v0
-391726696,f_ha_cc_mkup_5_t7_v1
-391688383,m_cl_clo_fxm_u_6_16_t11_v1
-391598700,vem_exhaust_1_t6_v38
-391558419,packed_ng_vehicle_neon_kit_v73
-391488822,f_cl_clo_grf_u_7_7_t11_v1
-391383150,m_ta_tat_x6_021_t0_v0
-391373643,f_cl_clo_x6f_l_7_5_t4_v1
-391351541,m_cl_clo_h3m_o_jan_5_t11_v12
-391326849,vem_colour_1_mct_metallic_bronze_t24_v3
-391197664,packed_mp_veh_wheel_type_0_v254
-391147347,packed_mp_veh_mod_idx_s_1_v324
-391049043,mp_stat_multi_property_1_v0
-391047456,m_ha_cc_mkup_28_t5_v0
-391043108,vem_bumper_r_11_t35_v30
-391036616,vem_colour_2_mct_metallic_bright_orange_t25_v33
-391036431,mba_floor0_5_t0_v0
-390965967,vem_smod_whl8_t19_v3
-390710171,m_cl_clo_x6m_f_3_20_t6_v1
-390702345,vem_insurance_gauntlet2
-390625800,f_cl_clo_bhf_decl_7_t11_v1
-390590617,dec_cpm_claw_5
-390542872,vem_smod5_whlv159_t66_v3
-390525899,packed_mp_veh_mod_idx_6_v275
-390471593,f_cl_clo_scf_u_55_9_t11_v1
-390420166,m_ta_tat_st_029_t0_v0
-390291092,m_cl_clo_vwm_ph_1_0_t14_v1
-390289868,packed_mp_veh_mod_idx_12_v21
-390218692,vem_truck_type_2_t0_v0
-390129951,m_cl_clo_scm_ph_5_2_t14_v1
-390122880,packed_mp_veh_mod_idx_s_23_v54
-390083262,vem_colour_extra_1_mct_metallic_harbor_blue_t24_v33
-390077556,m_ta_tat_bi_001_t0_v0_cesp
-390057339,f_cl_clo_jaf_decl_1_t100_v0
-389955538,f_cl_clo_awf_o_h_7_t3_v12
-389949569,vem_supermod_17_4_t58_v28
-389916556,f_ha_face_e_c_23_t4_v0
-389900651,mp_stat_factorysetup4_v0
-389846096,packed_mp_veh_primary_colour_group_v350
-389809196,f_cl_clo_stf_o_15_t8_v12_cesp
-389675011,packed_mp_veh_mod_idx_0_v90
-389665567,wp_wt_knife_t1_v0
-389641989,vem_cmod_neonlay_2_t21_v30
-389633192,vem_supermod_12_0_t53_v3
-389614154,wp_wt_hvyshot_t0_v0
-389370032,packed_mp_veh_mod_idx_8_v314
-389366445,m_cl_clo_indm_u_1_1_t11_v1
-389299912,m_cl_outfit_clo_iem_o_10_t12_v0
-389296807,f_cl_clo_exf_eu_9_5_t8_v2
-389190308,packed_mp_veh_mod_idx_16_v263
-389164747,vem_rwd_loride_04_t19_v12
-389046046,f_cl_clo_hstfb_22_3_t1_v1
-389033767,packed_mp_veh_mod_idx_23_v283
-389026092,packed_ng_vehicle_insurance_v357
-388685434,mp_stat_mpsv_model_338
-388661210,packed_mp_veh_mod_idx_s_0_v340
-388646067,packed_mp_veh_mod_idx_s_5_v57
-388632923,f_cl_clo_sbf_l_4_0_t4_v1
-388630601,vem_supermod_2_8_n1_t43_v3
-388606329,ve_zombieb_t0_v3_cesp
-388554784,f_cl_clo_h4f_s_2_18_t8_v1
-388526352,packed_mp_veh_mod_idx_6_v159
-388448125,vem_cmod_neoncol_255_t21_v35
-388427062,vem_smod_whlv73_t66_v3
-388414817,ve_seabreeze_t1_v33
-388320011,f_cl_clo_h4f_b_0_22_t1_v1
-388293017,wp_wct_flash_t1_v56_n2
-388248681,m_cl_clo_hstm_t_1_15_t7_v1
-388215510,f_ha_clo_bif_h_6_0_t0_v1
-388182996,m_cl_clo_awm_o_h_3_t3_v12
-388110942,vem_colour_extra_1_mct_metallic_sunrise_orange_t24_v2
-388078213,packed_lr_vehicle_colour_5_v150
-388050784,vem_colour_extra_1_mct_metallic_galaxy_blue_t24_v2
-388017433,packed_mp_veh_mod_idx_s_2_v42
-388013427,vem_insurance_scorcher
-388011233,f_cl_clo_lxf_u_6_13_t11_v1
-387861229,m_cl_clo_hilf_l_0_3_t4_v1
-387792093,m_cl_clo_hp_d_21_t8_v1
-387752292,packed_mp_veh_mod_idx_15_v256
-387738167,m_cl_clo_exm_at_0_2_t7_v1
-387714785,m_ha_cc_mkup_14_t7_v0
-387657589,f_cl_clo_x6f_l_1_10_t4_v1
-387649518,packed_mp_veh_mod_var_0_v301
-387617645,f_cl_g_fmf_14_1_t14_v0
-387513691,packed_mp_veh_wheel_type_0_v189
-387496155,m_cl_clo_smm_ph_8_16_t14_v1
-387454704,f_cl_clo_grf_ph_3_22_t14_v1
-387445001,f_cl_outfit_clo_h3f_o_grp_4_t12_v0
-387357720,m_cl_clo_v2m_u_0_8_t11_v1
-387354792,m_cl_clo_x6m_f_1_8_t6_v1
-387327954,vem_cmod_win_0_t33_v37
-387243663,vem_colour_1_mct_classic_flur_yellow_t24_v33
-387175096,m_cl_clo_h3m_o_bs_3_t4_v12
-387173072,packed_ng_vehicle_neon_kit_v100
-386963101,m_cl_clo_bim_u_10_1_t11_v1
-386940184,packed_lr_vehicle_colour_5_v300
-386931408,vem_spoiler_2_t14_v27
-386911413,m_cl_clo_s1m_ph_0_1_t14_v1
-386909184,vem_rwd_drft_03_t19_v1
-386888226,wp_wct_muzz5_t1_v13_n2
-386859182,packed_mp_veh_colour_extra2_0_v233
-386856373,packed_mp_veh_mod_idx_0_v81
-386848952,packed_mp_veh_mod_idx_s_18_v172
-386842270,vem_horn_hween1_t10_v5
-386732474,packed_mp_veh_mod_idx_4_v22
-386696271,packed_mp_veh_mod_idx_s_1_v103
-386681698,vem_supermod_13_18_t54_v3
-386673377,f_cl_clo_x6f_b_2_12_t1_v1
-386596435,vem_rwd_musc_05_t19_v3
-386553287,packed_mp_veh_mod_idx_s_17_v32
-386544594,packed_mp_veh_mod_idx_s_1_v91
-386507570,vem_colour_extra_1_mct_metallic_shadow_silver_t24_v1
-386459783,m_cl_clo_og_decl_2_t8_v2
-386386132,ve_z190_t0_v3
-386352306,vem_horn_cnote_e0_t10_v33
-386015735,vem_colour_mct_none_41
-385999656,m_cl_clo_h3m_u_9_20_t11_v1
-385950981,packed_mp_veh_mod_var_1_v57
-385932591,vem_spoiler_0_t14_v36
-385931343,m_cl_clo_stm_o_20_t3_v12_cesp
-385903537,vem_cmod_hrn_mus4_t10_v36
-385882068,m_cl_clo_hstm_o_n_3_t3_v12
-385831653,f_cl_clo_l2f_dec_24_t100_v0
-385806226,vem_supermod_9_12_t50_v11
-385714084,packed_lr_vehicle_colour_5_v263
-385657505,candc_hacker_dec_15_t0_v0
-385641354,packed_ng_vehicle_neon_kit_v381
-385632258,vem_smod_whlv122_t66_v0
-385583922,f_cl_clo_x6f_f_4_15_t6_v1
-385563928,m_cl_clo_exm_af_2_1_t6_v1
-385548363,packed_mp_veh_mod_idx_18_v301
-385526883,m_ta_tat_h4_006_t0_v0
-385460074,vem_supermod_23_26_n1_t64_v34
-385434486,m_cl_clo_s2m_f_2_5_t6_v1
-385357262,f_cl_clo_x6f_f_3_16_t6_v1
-385343612,packed_mp_veh_mod_idx_s_11_v83
-385333943,packed_lr_vehicle_colour_5_v327
-385201179,vem_supermod_46_3_t46_v7
-385139214,packed_mp_veh_wheel_type_0_v350
-385111371,vem_insurance_le7b
-385030450,m_cl_clo_awm_f_7_0_t6_v1
-385023780,f_cl_clo_smf_b_8_15_t1_v1
-384990624,f_ta_tat_x6_043_t0_v0
-384971097,m_cl_f_fmm_8_13_t6_v0
-384949300,f_cl_clo_s2f_d_1_t11_v1
-384925604,vem_supermod_4_18_t45_v3
-384881520,m_cl_clo_fxm_l_0_11_t4_v1
-384838483,packed_mp_veh_mod_idx_5_v277
-384742022,vem_horn_cnote_d0_t10_v35
-384713750,f_cl_clo_trf_f_1_16_t6_v1
-384687196,packed_mp_veh_mod_idx_13_v380
-384660640,f_cl_clo_bhf_decl_43_t11_v1
-384591880,packed_mp_veh_mod_idx_14_v410
-384546088,vem_supermod_10_15_t51_v10
-384540339,vem_colour_2_mct_classic_diamond_blue_t25_v4
-384539940,packed_mp_veh_mod_idx_s_7_v216
-384528585,m_ta_tat_x6_010_t0_v0
-384508288,f_cl_clo_s2f_o_10_t100_v0
-384489272,vem_supermod_3_13_t44_v27
-384435331,vem_colour_1_mct_metallic_black_t24_v2
-384299702,f_cl_clo_grf_l_3_0_t4_v1
-384215132,packed_mp_veh_mod_idx_24_v0
-384151460,packed_mp_veh_mod_idx_s_15_v204
-384110482,m_cl_clo_awm_u_7_15_t11_v1
-384036455,f_cl_clo_hstfb_18_5_t1_v1
-384031097,packed_mp_veh_mod_idx_s_0_v279
-384013788,m_cl_clo_l2m_w_9_2_t14_v1
-383963577,packed_mp_veh_mod_idx_16_v76
-383859645,packed_mp_veh_mod_idx_23_v242
-383737887,mp_stat_mpsv_model_316
-383699241,packed_ng_vehicle_bpt_v167
-383621954,vem_drft_20_t19_v3
-383542820,packed_mp_veh_mod_idx_s_14_v320
-383527794,f_cl_clo_scf_u_10_0_t11_v1
-383479287,vem_smod_whlv6_t66_v3
-383407772,vem_smod4_whlv126_t66_v0
-383393192,packed_mp_veh_mod_idx_16_v177
-383358489,vem_chassis_25_t4_v3
-383304103,vem_musc_03_t19_v3
-383233287,vem_supermod_14_8_t55_v27
-383174809,ve_bullet_t0_v3
-382913209,m_cl_clo_lxm_e_14_1_t14_v1
-382903190,packed_mp_veh_mod_idx_9_v388
-382888233,m_cl_clo_sum_u_0_7_t11_v1
-382881464,vem_supermod_9_11_t50_v11
-382849549,m_ha_cc_blush_29_t5_v0
-382831461,m_cl_clo_smm_ph_0_10_t14_v1
-382765939,packed_mp_veh_mod_idx_10_v322
-382736110,packed_mp_veh_mod_idx_s_1_v44
-382699911,m_cl_clo_h3m_u_9_12_t11_v1
-382682178,m_cl_u_fmm_14_10_t8_v2
-382589864,f_cl_clo_bif_o_13_t3_v12
-382579626,f_cl_clo_hp_f_u_5_0_t8_v1
-382483623,vem_horn_cnote_c0_t10_v29
-382364962,f_cl_clo_bhf_u_10_6_t11_v1
-382289558,vem_colour_2_mct_metallic_blue_silver_t25_v1
-382243996,packed_mp_veh_primary_colour_group_v348
-382189400,packed_mp_veh_wheel_type_0_v331
-382132995,f_cl_outfit_clo_trf_o_r8_t12_v0
-382127702,packed_mp_veh_mod_idx_2_v141
-382124327,m_ha_hair_beard14_t1_v1
-382001259,m_cl_clo_busm_g0_2_t14_v1
-381857773,vem_cmod_pla_text_t23_v5
-381822033,f_cl_clo_x3f_b_4_1_t1_v1
-381664295,f_cl_clo_bif_u_5_1_t11_v1
-381662443,m_cl_clo_x6m_f_6_24_t6_v1
-381652826,m_cl_f_fmm_1_7_t6_v0
-381477638,m_cl_clo_busm_t_2_2_t7_v1
-381432607,f_cl_clo_hstf_o_m_3_t3_v12
-381392175,m_cl_clo_awm_o_b_10_t3_v12
-381331443,vem_cmod_hrn_mus5_t10_v3
-381285150,vem_colour_extra_1_mct_matte_yellow_t24_v3
-381239460,f_cl_l_fmf_11_0_t4_v0
-381218916,m_cl_u_fmm_1_12_t8_v1
-381192297,m_cl_clo_valm_t_0_2_t7_v1
-381079881,packed_mp_veh_mod_idx_s_1_v231
-381054738,vem_loride_10_t19_v3
-380940572,vem_supermod_41_1_t41_v7
-380923572,f_cl_clo_h3f_b_18_11_t1_v1
-380921750,vem_cmod_hrn_trk_t10_v37
-380836632,vem_cmod_neonlay_6_t21_v11
-380828145,wp_wm_tint4_t2_v52
-380802346,m_cl_clo_h4m_b_0_7_t1_v1
-380766553,vem_offr_19_t19_v2
-380649170,vem_colour_1_mct_matte_matte_foil_t24_v4
-380627912,f_cl_outfit_clo_awf_o_c_3_t12_v0
-380564778,f_cl_clo_hp_f_u_6_3_t11_v1
-380513166,f_cl_clo_fxf_b_2_0_t1_v1
-380491245,m_cl_clo_halm_d_1_t100_v0
-380437394,wp_wct_c_tint_21_t2_v47_n2
-380393524,f_cl_clo_arf_ph_0_23_t14_v1
-380345389,mp_stat_mpsv_model_36
-380272981,packed_mp_veh_colour2_0_v281
-380265435,vem_colour_1_mct_classic_blaze_red_t24_v2
-380230809,vem_horn_luxe1_t10_v11
-380156584,m_cl_clo_h4m_ph_2_4_t14_v1
-380106159,m_cl_clo_x6m_f_5_11_t6_v1
-379968131,m_cl_outfit_clo_stm_o_11_t12_v0
-379962538,packed_mp_veh_window_tint_0_v186
-379908937,packed_ng_vehicle_insurance_v84
-379896932,vem_supermod_17_6_t58_v27
-379876062,m_cl_u_fmm_9_0_t11_v0
-379742169,wp_wct_c_tint_13_t2_v48_n2
-379739183,m_cl_clo_bhm_u_3_7_t11_v1
-379530182,f_cl_clo_x6f_u_24_1_t11_v1
-379508384,packed_mp_veh_mod_idx_s_18_v161
-379481200,packed_mp_veh_mod_idx_s_18_v295
-379481057,packed_mp_veh_mod_idx_s_16_v385
-379305333,f_ha_cc_f_hs_14_t0_v0
-379242824,packed_mp_veh_mod_idx_s_12_v388
-379176118,packed_mp_veh_mod_idx_2_v70
-379144877,packed_mp_veh_mod_idx_2_v27
-379109068,f_cl_clo_bhf_u_6_11_t11_v1
-379072219,packed_mp_veh_mod_idx_9_v212
-378945882,f_cl_clo_bhf_u_17_4_t11_v1
-378925574,vem_supermod_7_11_t48_v26
-378909381,m_cl_clo_halm_10_1_t1_v1
-378852170,vem_armour_2_t1_v6
-378804919,m_cl_clo_bim_ht_8_2_t14_v1
-378774994,wp_wct_camo_5_t1_v48_n2
-378773808,f_cl_clo_l2f_h_0_0_t14_v1
-378763869,vem_cmod_tyr_8_t18_v38
-378657538,packed_mp_veh_mod_idx_7_v263
-378634038,m_cl_clo_indm_d_8_t8_v2
-378623055,f_cl_f_fmf_2_10_t6_v0
-378616464,packed_ng_vehicle_bpt_v312
-378533078,packed_ng_vehicle_bpt_v226
-378501362,packed_mp_veh_mod_idx_0_v73
-378491939,ve_sparrow_t0_v33
-378366586,packed_mp_veh_mod_idx_3_v353
-378362748,vem_supermod_19_0_t60_v7
-378321520,f_cl_clo_hstf_o_k_1_t3_v12
-378315792,vem_colour_mct_none_112
-378193600,m_cl_clo_h4m_b_0_23_t1_v1
-378181680,wp_wm_tint6_t2_v7
-378111807,wp_wct_clip_fmj_t0_v1_n2
-377975596,packed_mp_veh_mod_idx_6_v284
-377968554,mlr_eventid_v0
-377967362,vem_smod5_whlv103_t66_v3
-377954968,mp_stat_mpsv_model_99
-377906336,packed_mp_veh_mod_idx_s_4_v236
-377759608,vem_supermod_23_38_n1_t64_v34
-377724593,vem_chassis_1_t4_v39
-377693056,packed_mp_veh_mod_idx_3_v219
-377660818,f_cl_clo_ief_u_20_14_t11_v1
-377578421,packed_mp_veh_mod_idx_s_17_v233
-377565930,packed_mp_veh_colour_extra1_0_v151
-377542966,vem_supermod_11_4_t52_v3
-377497387,vem_colour_mct_none_125
-377483201,m_cl_sp_fmm_10_1_t8_v1
-377477180,m_cl_f_fmm_1_1_t6_v0
-377397982,packed_mp_veh_mod_idx_9_v380
-377366035,packed_mp_veh_mod_var_1_v70
-377296034,f_cl_clo_x6f_f_12_7_t6_v1
-377236298,packed_mp_veh_mod_idx_s_6_v77
-377138367,m_cl_clo_bim_decl_23_t11_v1
-377126420,vem_supermod_15_0_t56_v34
-376991591,vem_drft_21_t19_v0
-376964958,packed_mp_veh_mod_idx_10_v319
-376734741,f_cl_clo_sbf_u_18_10_t11_v1
-376701730,f_cl_clo_hstfb_17_0_t1_v1
-376600146,m_cl_clo_awm_f_0_20_t6_v1
-376485469,m_cl_l_fmm_3_7_t4_v0
-376477264,vem_spoiler_2_t14_v0
-376441230,f_cl_clo_hstf_s_6_0_t8_v1
-376335717,f_cl_clo_fxf_d_10_0_t10_v1
-376306329,ve_bagger_t0_v4
-376305508,packed_mp_veh_mod_idx_14_v397
-376245589,packed_mp_veh_plate_id_v31
-376212022,packed_mp_veh_mod_idx_s_18_v246
-375979104,vem_cmod_tyr_8_t18_v10
-375871354,packed_mp_veh_livery2_0_v98
-375767686,f_ta_tat_hp_007_t0_v0
-375746853,vem_colour_5_bright_orange_t38_v3
-375739138,vem_colour_2_mct_metallic_yellow_t25_v0
-375721929,packed_mp_veh_livery_0_v13
-375663633,f_cl_clo_s2f_f_0_7_t6_v1
-375625854,m_cl_clo_bbm_l_1_0_t4_v1
-375597329,m_cl_clo_hp_l_1_4_t4_v1
-375499760,packed_mp_veh_mod_idx_s_3_v270
-375496669,f_cl_clo_vwf_pw_1_1_t14_v1
-375495423,m_cl_clo_exm_g_16_9_t14_v1
-375488035,f_cl_clo_v2f_u_0_6_t11_v1
-375404918,vem_bumper_f_4_t34_v35
-375395107,m_cl_clo_busm_s_1_11_t8_v1
-375386225,vem_colour_extra_1_mct_classic_purple_t24_v2
-375306678,f_cl_clo_hstf_u_6_3_t11_v1
-375237420,packed_mp_veh_mod_idx_s_19_v328
-375221256,ve_rapidgt3_t0_v3
-375180636,fa_upgrade_weapons_setup_0_t0_v0
-375118236,packed_mp_veh_mod_idx_s_4_v117
-375072902,vem_cmod_tyr_1_t32_v29
-374954922,packed_mp_veh_livery_0_v158
-374913326,packed_mp_veh_mod_idx_s_20_v204
-374828302,packed_mp_veh_mod_idx_7_v408
-374779215,packed_mp_veh_mod_idx_s_8_v318
-374745872,vem_roof_5_t12_v26
-374597505,vem_racecar_whl8_t19_v3
-374581709,packed_mp_veh_mod_idx_s_6_v82
-374556333,packed_mp_veh_mod_idx_3_v45
-374552471,vem_supermod_50_10_t50_v7
-374462531,m_cl_clo_hstm_o_14_t11_v12
-374384011,packed_mp_veh_wheel_type_0_v293
-374373359,packed_mp_veh_mod_idx_s_21_v359
-374230887,vem_colour_1_mct_classic_petrol_green_t24_v3
-374190594,vem_hlight_7_t11_v3
-374090692,pr_pm_modshop_6_t89_v0
-374030948,m_cl_clo_h3m_u_5_4_t11_v1
-374030832,packed_mp_veh_mod_idx_11_v52
-374029935,packed_mp_veh_secondary_colour_group_v337
-373970967,m_cl_clo_iem_b_10_2_t1_v1
-373961693,f_cl_clo_sbf_u_22_15_t11_v1
-373961381,packed_mp_veh_mod_idx_s_15_v240
-373933910,packed_mp_veh_mod_idx_11_v403
-373933196,vem_rwd_spt_23_t19_v0
-373913854,wp_gsa_type_r_t0_v6
-373867023,packed_mp_veh_wheel_type_0_v41
-373843026,m_cl_clo_hilf_o_6_t3_v12
-373790057,m_cl_clo_bim_u_16_0_t11_v1
-373696692,f_ha_cc_mkup_3_t7_v0
-373663474,packed_mp_veh_mod_idx_24_v6
-373651427,m_cl_clo_bim_s_10_0_t8_v1
-373649670,packed_ng_vehicle_smoke_v0
-373573242,m_cl_clo_hp_d_36_t8_v2
-373571001,service_earn_avenger_operations
-373551967,wp_wct_c_tint_20_t2_v56_n2
-373537357,packed_mp_veh_mod_idx_23_v89
-373428598,f_cl_clo_h2f_b_3_5_t1_v1
-373353479,vem_hood_4_t9_v3
-373268885,packed_ng_vehicle_bpt_v377
-373260814,m_cl_clo_grm_u_14_0_t11_v1
-373134027,f_cl_clo_grf_u_19_21_t11_v1
-373111083,f_cl_clo_fxf_pe_4_9_t14_v1
-373098902,vem_suspension_3_t15_v31
-373089655,packed_mp_veh_colour_extra2_0_v401
-373051314,vem_hiend_18_t19_v3
-372977029,m_cl_clo_sbm_u_12_15_t11_v1
-372921762,mp_stat_mpsv_model_142
-372906295,packed_mp_veh_secondary_colour_group_v56
-372897148,packed_mp_veh_mod_idx_s_19_v284
-372882033,f_ta_tat_fm_227_t0_v0
-372822077,vem_suspension_2_t15_v5
-372816000,packed_mp_veh_mod_idx_s_12_v114
-372734059,m_cl_clo_h4m_plw_010_t14_v1
-372725549,f_cl_clo_scf_ey_0_7_t14_v1
-372712841,packed_mp_veh_mod_var_1_v76
-372710240,f_cl_clo_smf_ph_6_13_t14_v1
-372657808,m_cl_clo_s1m_u_6_2_t11_v1
-372651895,vem_supermod_20_5_t61_v27
-372532290,packed_mp_veh_mod_idx_s_0_v220
-372375023,f_cl_clo_l2f_dec_14_t11_v1
-372344616,vem_suv_16_t19_v2
-372306799,vem_hiend_14_t19_v2
-372306224,vem_drft_19_t19_v3
-372184507,veu_youga3_t0_v0
-372077683,vem_offr_02_t19_v3
-371986629,f_cl_clo_scf_u_24_1_t11_v1
-371986323,packed_mp_veh_primary_colour_group_v302
-371915297,f_ha_clo_s2f_h_0_0_t0_v0
-371859742,vem_colour_extra_1_mct_classic_silver_t24_v2
-371854206,m_cl_clo_bim_decl_22_t11_v1
-371739926,vem_colour_2_mct_classic_dark_blue_t25_v2
-371699990,f_cl_clo_grf_l_4_3_t4_v1
-371683405,packed_ng_vehicle_smoke_v168
-371667948,packed_mp_veh_mod_idx_s_1_v172
-371621669,vem_turbo_0_t17_v31
-371575226,m_cl_clo_x6m_l_0_9_t4_v1
-371564054,f_cl_clo_bif_decl_33_t11_v1
-371547250,packed_mp_veh_mod_idx_s_1_v248
-371501477,packed_mp_veh_primary_colour_group_v230
-371385019,f_cl_clo_h2f_o_s_12_t3_v12
-371383651,vem_colour_1_mct_metallic_white_t24_v1
-371362194,f_cl_clo_suf_u_18_16_t11_v1
-371337183,packed_mp_veh_mod_idx_5_v295
-371313244,mp_stat_ie_wh_owned_vehicle_29_v0
-371295909,packed_mp_veh_livery2_0_v181
-371282636,vem_colour_extra_1_mct_metallic_light_blue_t24_v0
-371267841,f_cl_clo_h3f_ph_5_10_t14_v1
-371235371,f_cl_clo_xmas_m_0_1_t1_v1
-371212772,f_ta_tat_sm_008_t0_v0
-371000749,f_cl_clo_jaf_u_1_0_t11_v1
-370985109,packed_mp_veh_livery_0_v375
-370975023,m_cl_u_fmm_1_14_t11_v0
-370967558,packed_ng_vehicle_smoke_v275
-370907037,packed_mp_veh_mod_idx_0_v128
-370809227,packed_mp_veh_mod_idx_s_18_v148
-370733056,f_cl_clo_grf_u_4_3_t11_v1
-370722358,vem_colour_1_mct_classic_black_graphite_t24_v3
-370692429,m_cl_clo_hstm_o_m_3_t3_v12
-370691143,packed_ng_vehicle_bpt_v409
-370686794,f_cl_clo_scf_d_25_7_t10_v1
-370425027,packed_mp_veh_mod_idx_8_v173
-370396253,vem_rwd_drft_01_t19_v3
-370378877,m_cl_clo_smm_u_8_4_t11_v1
-370303864,packed_mp_veh_colour_extra1_0_v62
-370296640,f_cl_clo_x6f_ph_8_2_t14_v1
-370246158,f_cl_clo_scf_ey_4_6_t14_v1
-370244759,f_ta_tat_l2_028_t0_v0
-370215130,vem_drft_22_t19_v3
-370184303,m_cl_l_fmm_3_13_t4_v0
-370134432,packed_mp_veh_mod_idx_16_v351
-370102505,f_cl_clo_bhf_u_0_4_t11_v1
-370028458,packed_mp_veh_mod_idx_s_21_v58
-369991070,f_cl_clo_bhf_decl_3_t11_v1
-369959911,m_ha_cc_mkup_90_t5_v0
-369920794,f_cl_clo_s2f_d_10_t11_v1
-369740314,packed_mp_veh_mod_idx_s_23_v168
-369702288,f_cl_clo_fxf_u_9_2_t11_v1
-369657442,f_cl_clo_h2f_u_3_8_t11_v1
-369630134,packed_mp_veh_mod_idx_3_v233
-369595229,packed_mp_veh_mod_idx_s_11_v414
-369559470,packed_mp_veh_colour2_0_v213
-369551986,packed_mp_veh_mod_idx_s_20_v176
-369425066,vem_fender_l_3_t36_v0
-369313639,vem_supermod_20_1_t61_v28
-369201722,ve_hauler2_t0_v32
-369162154,m_cl_clo_fxm_u_10_0_t11_v1
-369152408,f_cl_outfit_clo_bus_f_o_13_t12_v0
-369100699,m_cl_clo_x6m_rw_1_4_t14_v1
-369095722,packed_mp_veh_wheel_type_0_v201
-368979388,packed_mp_veh_mod_idx_6_v1
-368907833,packed_mp_veh_primary_colour_group_v397
-368797496,f_cl_g_fmf_4_5_t14_v0
-368795630,m_cl_outfit_clo_awm_o_c_0_t12_v0
-368653752,wp_wct_c_tint_29_t2_v5_n2
-368636219,f_cl_clo_grf_ph_6_1_t14_v1
-368579485,packed_mp_veh_mod_idx_s_7_v264
-368538981,vem_colour_extra_1_mct_pearlescent_saxon_blue_t24_v4
-368483583,packed_mp_veh_mod_idx_22_v365
-368437015,packed_mp_veh_mod_idx_18_v140
-368376697,packed_mp_veh_mod_var_1_v158
-368374376,packed_mp_veh_mod_idx_8_v406
-368353953,f_cl_u_fmf_13_10_t8_v0
-368319091,m_cl_clo_iem_u_17_7_t11_v1
-368305466,m_cl_clo_awm_decl_11_t100_v0
-368293585,f_cl_clo_exf_decl_5_t100_v0
-368213343,hangar_index_1_t0_v0
-368010880,packed_mp_veh_mod_idx_13_v308
-368000660,fa_upgrade_weapons_setup_1_t0_v0
-367948385,vem_truck_slot_2_mod_1_t0_v0
-367899278,f_cl_clo_bus_p_1_1_t14_v1
-367866373,packed_mp_veh_colour1_0_v189
-367686642,f_cl_clo_bus_f_o_3_t3_v12
-367665457,m_cl_outfit_clo_bim_o_7_t12_v0
-367639110,m_ha_face_e_c_21_t4_v0
-367527546,f_cl_clo_trf_u_14_12_t11_v1
-367513139,vem_skirt_2_t13_v38
-367492555,packed_mp_veh_mod_idx_s_22_v4
-367481957,f_cl_clo_grf_u_13_14_t11_v1
-367438108,vem_colour_mct_none_142
-367430800,service_earn_avenger_ops_bonus
-367377832,m_cl_clo_bim_u_9_0_t11_v1
-367371793,packed_mp_veh_mod_idx_s_10_v101
-367358281,f_cl_f_fmf_8_10_t6_v0
-367347522,f_cl_clo_l2f_dec_16_t100_v0
-367275780,m_cl_clo_iem_u_5_14_t11_v1
-367258607,multistorey_garage_style_1_v0
-367245219,packed_mp_veh_mod_idx_13_v30
-367160414,vem_supermod_7_3_t48_v6
-367002287,packed_mp_veh_mod_idx_s_9_v65
-366988923,m_cl_outfit_clo_h3m_o_dh_36_t12_v0
-366985853,m_cl_clo_apm_u_17_8_t11_v1
-366982605,f_cl_clo_hstfb_23_9_t1_v1
-366924935,vem_smod4_whlv146_t66_v1
-366917218,packed_lr_vehicle_colour_5_v89
-366878313,f_cl_clo_trf_u_5_0_t11_v1
-366840705,packed_mp_veh_mod_idx_16_v112
-366835575,vem_smod4_whlv34_t66_v2
-366777995,vem_horn_indi_4_t10_v34
-366698351,mp_stat_mpsv_model_322
-366610799,vem_exhaust_21_t6_v3
-366600915,f_cl_clo_hstf_o_14_t11_v12
-366554655,packed_mp_veh_mod_idx_16_v314
-366511359,m_cl_clo_exm_al_7_0_t4_v1
-366488805,f_ta_tat_fm_233_t0_v0
-366484086,packed_ng_vehicle_insurance_v8
-366453825,m_cl_clo_grm_l_2_3_t4_v1
-366411059,vem_horn_clas7_t10_v30
-366391027,packed_mp_veh_mod_idx_s_5_v396
-366324647,vem_horn_indi_1_t10_v4
-366264064,packed_mp_veh_mod_idx_s_21_v223
-366182300,vem_rwd_hiend_02_t19_v1
-366160277,m_cl_clo_bhm_u_14_4_t11_v1
-366158464,packed_mp_veh_wheel_type_0_v277
-366088500,packed_ng_vehicle_smoke_v343
-365994911,vem_armour_0_t1_v4
-365939955,f_ta_tat_fm_215_t0_v0
-365926781,packed_mp_veh_mod_idx_16_v156
-365878464,packed_mp_veh_mod_idx_18_v283
-365846809,vem_smod5_whlv8_t66_v0
-365841281,vem_colour_extra_1_mct_pearlescent_ultra_blue_t24_v0
-365805809,vem_insurance_formula
-365786370,vem_armour_4_t1_v26
-365730870,packed_mp_veh_mod_idx_23_v312
-365685394,packed_mp_veh_mod_idx_s_14_v133
-365586915,f_cl_clo_ief_l_0_1_t4_v1_cesp
-365478299,f_cl_clo_grf_u_10_9_t11_v1
-365407664,m_cl_clo_trm_u_5_2_t11_v1
-365383101,m_cl_clo_x6m_f_4_12_t6_v1
-365297240,vem_supermod_6_3_t47_v6
-365259369,packed_mp_veh_mod_idx_s_9_v402
-365128703,vem_colour_1_mct_metals_gold_s_t24_v3
-365083104,f_cl_clo_hstf_l_5_1_t4_v1
-365020176,vem_colour_1_mct_metallic_petrol_green_t24_v2
-364959128,m_cl_clo_exm_g_16_8_t14_v1
-364948970,wp_wct_tint_9_t2_v46_n2
-364943474,vem_cmod_tyr_lg_t30_v35
-364934782,vem_smod4_whlv61_t66_v0
-364878956,packed_mp_veh_colour2_0_v363
-364863842,packed_mp_veh_colour_extra1_0_v43
-364856034,vem_supermod_20_21_t61_v3
-364797368,packed_mp_veh_mod_idx_10_v199
-364789727,vem_bikew_18_t19_v4
-364686313,f_cl_clo_x2f_u_0_0_t11_v1
-364552153,packed_ng_vehicle_smoke_v393
-364516306,packed_mp_veh_mod_idx_s_1_v77
-364394607,packed_mp_veh_mod_idx_s_9_v275
-364355453,packed_mp_veh_mod_idx_2_v224
-364290365,vem_colour_extra_1_mct_classic_wine_red_t24_v0
-364156470,m_cl_ht_fmm_14_5_t14_v0
-364142662,f_cl_clo_smf_ph_6_19_t14_v1
-364126705,vem_trans_4_t16_v4
-364112549,f_cl_clo_bbf_p0_3_t14_v1
-364103481,vem_colour_2_mct_metallic_petrol_green_t25_v33
-364096040,m_cl_clo_s1m_f_1_0_t6_v1
-364077515,packed_mp_veh_mod_var_1_v90
-364047158,m_cl_clo_bbm_h_1_0_t14_v1
-364012783,m_cl_clo_h3m_b_14_5_t1_v1
-363975202,packed_mp_veh_mod_idx_s_0_v31
-363939163,vem_smod4_whlv17_t66_v1
-363918658,vem_bumper_f_16_t34_v26
-363819664,m_cl_clo_h3m_b_12_0_t1_v1
-363754146,f_cl_clo_awf_decl_28_t100_v0
-363751718,vem_supermod_51_8_t51_v7
-363618782,f_cl_clo_bif_f_0_4_t6_v1
-363583311,wp_wct_scope_lrg_t1_v20
-363543422,m_cl_outfit_clo_lxm_o_0_t12_v0
-363506646,f_cl_clo_h3f_decl_20_t100_v0
-363422412,packed_mp_veh_mod_idx_s_8_v342
-363405372,f_cl_clo_x6f_ph_0_2_t14_v1
-363372774,f_cl_clo_ief_f_0_2_t6_v1_cesp
-363368216,m_cl_clo_h2m_o_g_9_t3_v12
-363339176,packed_lr_vehicle_colour_5_v368
-363246976,packed_lr_vehicle_colour_6_v326
-363245273,m_cl_clo_awm_u_17_10_t11_v1
-363229782,m_cl_clo_stm_ht6_11_t14_v1
-363184269,f_cl_clo_grf_l_3_19_t4_v1
-363155729,vem_insurance_tenf2
-363126667,m_cl_clo_iem_l_5_0_t4_v1
-363103974,m_cl_clo_vwm_ph_0_7_t14_v1
-363103802,wp_ps_bag_24_t1_v33
-363078359,m_cl_outfit_clo_hstm_o_l_2_t12_v0
-363033788,packed_mp_veh_mod_idx_s_18_v228
-363032817,vem_hood_18_t9_v38
-363009217,packed_mp_veh_secondary_colour_group_v85
-362974823,vem_rwd_hiend_19_t19_v1
-362918074,vem_hiend_02_t19_v2
-362912425,f_cl_clo_grf_ph_5_24_t14_v1
-362900579,packed_mp_veh_mod_idx_s_6_v408
-362861703,packed_mp_veh_plate_id_v402
-362718878,packed_mp_veh_mod_idx_s_5_v377
-362717851,packed_mp_veh_colour_extra2_0_v385
-362709006,wp_wct_clip1_t1_v98
-362704162,packed_mp_veh_mod_idx_10_v92
-362704024,vem_spoiler_11_t14_v28
-362608689,m_cl_clo_hstm_u_8_1_t11_v1
-362287595,packed_mp_veh_colour1_0_v408
-362201351,f_cl_clo_suf_decl_28_t100_v0
-362168982,vem_colour_2_mct_metallic_sea_green_t25_v33
-362139307,vem_supermod_4_0_t45_v28
-362087616,vem_smod5_whlv208_t66_v3
-362045720,packed_mp_veh_colour_extra1_0_v41
-362015861,m_cl_clo_grm_b_2_22_t1_v1
-362015513,vem_colour_extra_1_mct_metallic_cream_t24_v2
-361980945,vem_colour_extra_1_mct_pearlescent_rolled_steel_t24_v3
-361936272,packed_mp_veh_mod_idx_s_15_v74
-361838799,m_cl_clo_hstmb_18_8_t1_v1
-361765723,f_cl_clo_grf_l_2_9_t4_v1
-361755799,m_cl_clo_sum_decl_31_t11_v1
-361694709,vem_smod4_whlv77_t66_v2
-361665547,vem_spoiler_14_t14_v3
-361651209,m_cl_clo_hilf_u_2_2_t11_v1
-361630282,f_cl_clo_awf_decl_23_t100_v0
-361515703,packed_mp_veh_mod_idx_3_v55
-361505291,m_cl_clo_bhm_decl_58_t11_v1
-361458870,m_cl_outfit_clo_bim_o_0_t12_v0
-361457313,dec_vw_aw_wh_14
-361424024,packed_lr_vehicle_colour_5_v186
-361401000,f_cl_clo_smf_b_7_9_t1_v1
-361367303,fcncl_style_6_t0_v0
-361350376,m_cl_clo_hstmb_22_20_t1_v1
-361262441,vem_supermod_15_1_t56_v3
-361228470,f_cl_clo_trf_u_7_0_t11_v1
-361212832,vem_supermod_43_0_t43_v7
-361188235,packed_mp_veh_window_tint_0_v329
-361187583,f_cl_clo_sbf_ph_5_19_t14_v1
-361186725,vem_colour_2_mct_metallic_ultra_blue_t25_v3
-361185158,packed_mp_veh_livery_0_v306
-361184115,vem_supermod_8_15_t49_v3
-361151857,m_cl_clo_h4m_b_4_19_t1_v1
-360985660,vem_cmod_neoncol_7_t21_v36
-360953904,packed_mp_veh_mod_idx_s_2_v413
-360865818,vem_colour_1_mct_matte_yellow_t24_v4
-360728473,packed_mp_veh_mod_idx_s_21_v128
-360693463,packed_mp_veh_mod_idx_24_v395
-360612123,m_cl_clo_bim_s_9_1_t8_v2
-360554931,f_cl_clo_vwf_u_4_6_t11_v1
-360551741,f_cl_clo_bif_u_7_2_t11_v1
-360503497,packed_mp_veh_window_tint_0_v250
-360456784,packed_mp_veh_mod_idx_6_v408
-360437931,packed_mp_veh_mod_idx_10_v158
-360308497,packed_mp_veh_mod_idx_s_7_v366
-360295714,m_cl_clo_hstm_b_15_7_t1_v1
-360288668,f_cl_outfit_clo_bus_f_o_2_t12_v0
-360269761,vem_supermod_23_12_t64_v26
-360229696,m_cl_clo_indm_d_23_t8_v2
-360220954,packed_lr_vehicle_colour_5_v222
-360213718,m_cl_clo_l2m_e_20_1_t14_v1
-360178154,vem_insurance_locust
-360168919,vem_smod4_whlv113_t66_v1
-360120552,packed_mp_veh_mod_idx_6_v355
-359974842,packed_mp_veh_mod_idx_24_v226
-359954808,packed_mp_veh_mod_idx_s_0_v110
-359898689,mp_stat_mpsv_model_70
-359749860,vem_smod3_whlv47_t66_v3
-359695742,packed_lr_vehicle_colour_5_v237
-359691170,f_ha_clo_trf_h_0_0_t0_v1
-359621166,vem_truck_slot_1_mod_2_t0_v0
-359537954,m_cl_clo_l2m_w_12_0_t14_v1
-359499754,packed_mp_veh_secondary_colour_group_v198
-359483083,packed_mp_veh_mod_idx_24_v215
-359479811,vem_cmod_tyr_6_t18_v26
-359448409,vem_cmod_tyr_7_t18_v5
-359273228,f_cl_clo_bif_s_17_5_t8_v1
-359025065,ve_vagner_t0_v3
-359013040,packed_mp_veh_mod_idx_s_2_v19
-358859414,f_cl_clo_awf_ph_2_12_t14_v1
-358809427,packed_mp_veh_plate_id_v105
-358707481,packed_mp_veh_colour1_0_v7
-358641085,packed_ng_vehicle_insurance_v410
-358632225,f_cl_clo_half_9_2_t1_v1
-358576732,m_cl_clo_s2m_d_20_t100_v0
-358549952,m_ta_tat_hp_007_t0_v0
-358500836,vem_supermod_56_8_t56_v7
-358388131,vem_bumper_r_15_t35_v6
-358367869,wp_wct_tint_21_t2_v56_n2
-358336110,vem_smod5_whlv91_t66_v3
-358250641,f_cl_clo_ief_u_20_0_t11_v1
-358198943,vem_spoiler_15_t14_v27
-358197006,vem_colour_mct_none_158
-358119876,f_cl_clo_apf_u_17_6_t11_v1
-358105896,packed_mp_veh_mod_idx_s_3_v79
-358065549,m_cl_outfit_clo_h2m_o_s_0_t12_v0
-358026760,vem_colour_extra_1_mct_matte_white_t24_v2
-357916685,wp_wct_tint_4_t2_v9_n2
-357684937,wp_wm_tint2_t2_v20
-357533879,m_cl_clo_awm_ph_3_2_t14_v1
-357484463,m_cl_clo_exm_ah_1_2_t14_v1
-357426255,packed_mp_veh_mod_idx_24_v81
-357384144,packed_mp_veh_mod_idx_7_v190
-357370820,packed_mp_veh_mod_idx_10_v339
-357313238,m_cl_clo_bim_ph_6_4_t14_v1
-357233615,m_cl_clo_h2m_o_s_12_t3_v12
-357139762,vem_colour_extra_1_mct_metallic_yellow_t24_v4
-357083910,packed_mp_veh_mod_idx_s_20_v129
-357070116,m_cl_outfit_clo_awm_o_d_5_t12_v0
-357064440,packed_mp_veh_window_tint_0_v231
-356947849,f_cl_clo_ief_l_4_1_t4_v1
-356770021,vem_grill_2_t8_v37
-356760983,packed_mp_veh_mod_idx_0_v7
-356684340,m_cl_clo_hilf_s_2_1_t8_v1
-356649957,f_cl_clo_h4f_decl_14_t100_v0
-356596048,f_ta_tat_bus_f_008_t0_v0
-356585914,packed_ng_vehicle_smoke_v350
-356552627,packed_mp_veh_mod_idx_s_5_v160
-356522120,vem_roof_1_t12_v38
-356471021,packed_mp_veh_mod_idx_s_4_v379
-356381253,m_cl_clo_sbm_ph_6_3_t14_v1
-356330537,packed_mp_veh_mod_idx_9_v214
-356281072,f_cl_clo_busf_u_4_12_t11_v1
-356100366,packed_mp_veh_mod_idx_5_v247
-356096637,m_cl_clo_smm_ph_0_18_t14_v1
-356073163,vem_colour_2_mct_classic_creek_brown_t25_v33
-356045956,packed_mp_veh_mod_idx_s_0_v40
-356007705,fcarcade_c_up3_c_21
-355976423,packed_ng_vehicle_smoke_v74
-355822651,f_cl_clo_s2f_u_0_0_t100_v0
-355772624,vem_supermod_3_33_t44_v11
-355649565,m_cl_clo_x6m_ey_3_1_t14_v1
-355537197,vem_colour_extra_1_mct_metallic_dark_green_t24_v0
-355474168,packed_mp_veh_mod_idx_8_v78
-355384188,packed_mp_veh_plate_id_v229
-355358500,packed_mp_veh_mod_var_1_v408
-355312422,vem_exhaust_12_t6_v35
-355296259,packed_mp_veh_mod_idx_s_12_v18
-355061859,vem_truck_tint_4_t0_v0
-354969643,vem_colour_2_mct_metallic_racing_green_t25_v2
-354937909,m_cl_clo_x4m_u_10_11_t11_v1
-354903783,vem_smod2_whlv93_t66_v3
-354870521,packed_mp_veh_mod_idx_s_14_v301
-354869286,packed_mp_veh_plate_id_v196
-354781384,m_cl_clo_smm_ph_0_0_t14_v1
-354708395,f_cl_clo_suf_l_5_0_t4_v1
-354654299,f_cl_clo_x6f_ph_0_12_t14_v1
-354610734,vem_fender_r_17_t37_v3
-354585515,f_cl_clo_vwf_u_18_6_t11_v1
-354406937,f_cl_clo_bhf_u_2_1_t11_v1
-354249996,m_cl_clo_grm_decl_29_t10_v1
-354182175,m_cl_clo_hstm_b_9_0_t1_v1
-354158335,vem_hood_8_t9_v3
-354116160,m_cl_clo_h2m_f_3_12_t6_v1
-354077407,wp_wm_tint2_t2_v48
-354075288,m_cl_clo_fxm_l_5_15_t4_v1
-354046768,vem_smod_whlv180_t66_v3
-354035428,packed_mp_veh_primary_colour_group_v284
-354010335,vem_smod4_whlv89_t66_v1
-353992957,f_cl_clo_scf_u_55_5_t11_v1
-353940144,m_cl_clo_smm_ph_6_25_t14_v1
-353805062,m_cl_clo_scm_l_10_0_t4_v1
-353778156,vem_fender_l_9_t36_v35
-353714277,m_cl_clo_v2m_l_1_3_t4_v1
-353701592,m_cl_clo_awm_u_9_11_t11_v1
-353687569,f_cl_clo_valf_u_1_4_t8_v1
-353527655,f_cl_clo_h3f_o_bs_1_t3_v12
-353467939,vem_supermod_3_17_t44_v27
-353466185,vem_supermod_62_14_t62_v7
-353338513,packed_mp_veh_wheel_type_0_v402
-353332315,m_cl_clo_x6m_ph_1_18_t14_v1
-353237532,wp_gsa_type_r_t0_v11
-353138752,packed_mp_veh_mod_idx_0_v57
-353022637,packed_mp_veh_mod_idx_13_v256
-352964881,f_cl_clo_stf_h_1011_t14_v1
-352848054,m_cl_clo_hp_d_11_t8_v2
-352847051,f_ta_tat_st_005_t0_v0
-352582960,vem_colour_1_mct_classic_cast_iron_sil_t24_v1
-352577836,f_cl_clo_grf_u_17_11_t11_v1
-352574991,packed_mp_veh_livery2_0_v21
-352546582,vem_colour_1_mct_classic_sunset_red_t24_v4
-352521232,m_cl_clo_stm_o_5_t3_v12
-352437535,f_cl_clo_grf_u_2_17_t11_v1
-352400167,f_cl_clo_ltsfb_1_1_t1_v1
-352356931,service_earn_lester_target_kill
-352327543,m_cl_clo_exm_eu_6_2_t11_v1
-352307089,mp_stat_mpsv_model_165
-352179863,packed_mp_veh_mod_idx_10_v124
-352129338,vem_supermod_47_9_t47_v7
-352023444,f_cl_clo_exf_al_4_4_t4_v1
-351883964,vem_supermod_23_8_n1_t64_v33
-351870790,m_cl_clo_s1m_u_2_12_t11_v1
-351845657,m_cl_clo_vwm_u_17_7_t11_v1
-351801901,f_cl_f_fmf_1_2_t6_v0
-351774533,m_cl_clo_trm_u_9_10_t11_v1
-351748355,vem_rwd_drft_24_t19_v1
-351702881,f_cl_clo_vwf_f_3_7_t6_v1
-351691851,f_cl_clo_busf_u_2_6_t8_v2
-351655616,vem_fender_r_5_t37_v3
-351504181,f_cl_clo_vwf_u_19_14_t11_v1
-351474431,mp_stat_mpsv_model_254
-351473975,m_cl_clo_hp_l_0_1_t4_v1
-351451262,f_cl_clo_apf_u_17_3_t11_v1
-351435700,vem_colour_extra_1_mct_pearlescent_dark_blue_t24_v4
-351415925,ve_penumbra_t0_v1
-351390539,vem_colour_2_mct_classic_sienna_brown_t25_v3
-351379096,vem_colour_extra_1_mct_metallic_lava_red_t24_v1
-351158861,f_cl_clo_trf_d_25_0_t10_v1
-351142895,ve_buffalo02_t0_v1
-351134574,packed_mp_veh_mod_idx_s_5_v131
-351122321,m_ha_brd_hp_8_t1_v0
-351096860,f_ta_tat_l2_027_t0_v0
-350966730,packed_mp_veh_mod_idx_12_v109
-350941179,ie_wh_index_8_t0_v0
-350931055,vem_sub_heli_c_21
-350922914,packed_mp_veh_mod_idx_16_v321
-350910956,packed_mp_veh_mod_idx_9_v169
-350840031,wp_wct_c_tint_27_t2_v21_n2
-350830328,packed_mp_veh_mod_idx_7_v198
-350694028,f_cl_clo_x6f_f_1_10_t6_v1
-350638007,m_cl_clo_x6m_u_3_7_t11_v1
-350635909,vem_supermod_16_14_t57_v26
-350564773,m_cl_clo_vwm_d_1_2_t10_v1
-350539098,f_cl_clo_bhf_u_6_1_t11_v1
-350507919,packed_mp_veh_mod_idx_s_17_v53
-350482022,m_cl_clo_grm_b_5_3_t1_v1
-350405273,m_cl_clo_lxm_dec_34_t11_v1
-350401589,vem_supermod_23_22_t64_v3
-350178461,m_cl_clo_x6m_u_10_14_t11_v1
-350149702,m_ta_tat_bi_020_t0_v0
-350149124,f_cl_outfit_clo_trf_o_ms_0_t12_v0
-350124572,m_cl_clo_stm_u_6_19_t11_v1
-350103273,packed_mp_veh_mod_idx_s_13_v135
-350061325,packed_mp_veh_livery2_0_v194
-349860007,m_cl_clo_h4m_decl_26_t11_v1
-349852570,packed_mp_veh_mod_idx_16_v5
-349834880,f_ha_cc_f_hs_2_t0_v2
-349779108,packed_mp_veh_mod_idx_s_1_v22
-349633975,packed_mp_veh_colour2_0_v119
-349275014,m_cl_sp_fmm_6_5_t8_v1
-349274424,packed_mp_veh_mod_idx_s_19_v414
-349250295,m_cl_clo_vwm_pey_110_t14_v1
-349234649,packed_mp_veh_mod_idx_18_v197
-349209702,f_cl_clo_h2f_b_4_9_t1_v1
-349116894,wp_wct_supp_t1_v9_n2
-349110192,wp_wct_tint_17_t2_v46_n2
-349057648,m_cl_clo_lxm_w_2_1_t14_v1
-349046548,m_cl_clo_h4m_b_0_16_t1_v1
-348959346,packed_mp_veh_mod_idx_11_v121
-348958332,bhub_index_8_t0_v0
-348926452,m_cl_clo_bbm_l_1_3_t4_v1
-348871434,vem_colour_2_mct_metallic_straw_brown_t25_v33
-348857197,vem_colour_mct_none_135
-348802352,f_ha_clo_scf_h_0_0_t0_v1
-348710055,packed_mp_veh_mod_idx_s_0_v308
-348700511,m_cl_clo_stm_o_6_t11_v12
-348673585,mp_stat_mpsv_model_303
-348585607,packed_mp_veh_mod_var_0_v265
-348552271,packed_mp_veh_mod_idx_s_21_v384
-348517458,pr_pm_modshop_1_t90_v0
-348489917,vem_supermod_21_4_t62_v26
-348411266,vem_colour_1_mct_metallic_blue_silver_t24_v1
-348397191,packed_mp_veh_mod_idx_s_2_v300
-348323884,vem_colour_1_mct_classic_woodbeech_brown_t24_v0
-348257326,m_ha_cc_mkup_7_t7_v0
-348216585,packed_mp_veh_mod_idx_22_v204
-348164760,packed_mp_veh_primary_colour_group_v367
-348123648,m_cl_outfit_o_fmm_s4_t12_v0
-348077183,packed_mp_veh_primary_colour_group_v176
-348029006,m_cl_clo_fxm_l_0_5_t4_v1
-347877992,vem_supermod_6_5_t47_v26
-347826393,m_cl_clo_hp_w_0_1_t14_v1
-347767006,packed_mp_veh_mod_idx_1_v175
-347719051,packed_ng_vehicle_neon_v263
-347638001,vem_rwd_loride_02_t19_v1
-347635995,vem_cmod_neoncol_6_t21_v7
-347608293,wp_wct_tint_2_t2_v8_n2
-347565426,f_cl_clo_grf_f_0_16_t6_v1
-347417374,vem_supermod_8_6_t49_v28
-347339697,packed_mp_veh_mod_idx_23_v365
-347267069,packed_mp_veh_colour1_0_v356
-347162735,f_cl_outfit_clo_stf_o_13_t12_v0_cesp
-347023342,m_cl_clo_bim_decl_12_t11_v1
-346998484,f_cl_o_fmf_s5_t3_v12
-346978683,ve_kosatka_t1_v0
-346862759,vem_colour_extra_1_mct_metallic_pink_t24_v3
-346801860,candc_hacker_dec_20_t0_v0
-346716778,packed_mp_veh_mod_idx_s_11_v357
-346689903,m_cl_clo_lxm_e_11_0_t14_v1
-346594782,packed_mp_veh_mod_idx_1_v35
-346505356,vem_supermod_6_2_t47_v3
-346492292,f_cl_clo_vwf_decl_20_t100_v0
-346414040,packed_mp_veh_mod_idx_s_11_v82
-346413325,m_cl_clo_vwm_ph_0_5_t14_v1
-346370632,packed_mp_veh_mod_idx_s_1_v161
-346360282,vem_engine_2_t5_v2
-346273779,f_cl_clo_smf_ph_1_6_t14_v1
-346271588,vem_colour_extra_1_mct_classic_light_blue_t24_v0
-346204668,packed_mp_veh_colour1_0_v151
-346186574,packed_mp_veh_mod_idx_s_10_v300
-346174556,vem_colour_2_mct_classic_petrol_green_t25_v3
-346159407,wp_wm_tint1_t2_v48
-346157536,packed_mp_veh_mod_idx_s_3_v401
-346153374,vem_supermod_10_4_t51_v27
-346029205,packed_mp_veh_plate_id_v112
-345980195,f_cl_clo_suf_u_19_5_t11_v1
-345969326,m_cl_clo_sum_u_17_9_t11_v2
-345943755,f_cl_clo_fxf_u_6_16_t11_v1
-345939155,m_cl_clo_h4m_s_2_16_t8_v1
-345879952,packed_ng_vehicle_neon_v375
-345824368,vem_cmod_neoncol_10_t21_v11
-345594752,packed_ng_vehicle_neon_kit_v207
-345399414,f_ta_tat_bi_049_t0_v0
-345379684,wp_wm_tint1_t2_v13
-345089915,vem_colour_1_mct_classic_dark_silver_t24_v4
-345044788,vem_rwd_musc_09_t19_v12
-345036171,m_cl_ht_fmm_2_6_t14_v0
-344993283,m_cl_clo_ltsmu_0_1_t11_v1
-344987767,f_cl_clo_grf_ph_4_21_t14_v1
-344926170,packed_mp_veh_primary_colour_group_v221
-344768494,m_cl_clo_ltsmh_0_3_t14_v1
-344727858,f_ha_cc_blush_18_t5_v0
-344606567,vem_fender_r_12_t37_v28
-344603977,packed_mp_veh_mod_idx_s_13_v188
-344522050,m_cl_clo_iem_f_0_4_t6_v1
-344476642,packed_mp_veh_mod_idx_s_23_v34
-344354892,packed_mp_veh_mod_idx_11_v332
-344326005,f_cl_clo_hstf_o_11_t3_v12
-344310833,m_cl_clo_awm_ph_2_9_t14_v1
-344301604,packed_mp_veh_mod_idx_s_15_v294
-344261037,vem_supermod_15_4_n1_t56_v3
-344220607,vem_smod4_whlv164_t66_v3
-344173793,packed_mp_veh_mod_idx_s_6_v28
-344103377,m_cl_he_fmm_17_2_t14_v0
-344084356,vem_trans_2_t16_v34
-344052383,packed_mp_veh_mod_idx_5_v29
-344019877,m_cl_clo_h3m_ph_2_2_t14_v1
-343893398,m_cl_clo_hp_d_18_t11_v1
-343876500,vem_rwd_drft_04_t19_v2
-343762384,f_cl_clo_vwf_ph_0_12_t14_v1
-343725791,vem_spoiler_12_t14_v28
-343720557,packed_mp_veh_mod_idx_s_9_v373
-343700302,packed_mp_veh_mod_idx_s_18_v218
-343637130,packed_lr_vehicle_colour_6_v284
-343630053,vem_spoiler_14_t14_v27
-343620990,f_ta_tat_x2_011_t0_v0
-343500314,packed_mp_veh_mod_idx_s_14_v90
-343351360,vem_supermod_16_12_t57_v28
-343294898,vem_skirt_8_t13_v27
-343277779,packed_mp_veh_mod_idx_s_19_v20
-343161091,packed_mp_veh_plate_id_v213
-343114182,packed_ng_vehicle_neon_v61
-343054388,packed_mp_veh_mod_idx_s_21_v326
-342996312,mp_stat_fixer_contraband_mission_v0
-342995538,vem_smod_whlv67_t66_v0
-342925459,vem_smod4_whlv183_t66_v2
-342913083,f_cl_clo_stf_o_e_2_t8_v12
-342856294,m_cl_clo_x6m_u_26_2_t11_v1
-342739826,m_cl_outfit_clo_h2m_o_g_7_t12_v0
-342718759,wp_wct_tint_5_t2_v9_n2
-342683522,packed_mp_veh_mod_idx_s_4_v162
-342611569,f_cl_outfit_o_fmf_b8_t12_v0
-342481974,packed_mp_veh_mod_idx_s_14_v197
-342462875,vem_cmod_win_1_t33_v2
-342347754,packed_mp_veh_mod_idx_22_v157
-342334949,packed_ng_vehicle_bpt_v376
-342319541,f_cl_clo_busf_f_1_4_t6_v1
-342302927,packed_mp_veh_mod_idx_9_v270
-342250655,ve_hotring_t1_v3
-341957110,mp_stat_spcontotalforwhouse1_v0
-341936798,packed_mp_veh_mod_idx_s_19_v129
-341782756,vem_supermod_3_28_t44_v10
-341736078,f_cl_clo_h3f_o_sl_15_t8_v12
-341715248,vem_suv_18_t19_v0
-341697920,vem_smod_whlv204_t66_v0
-341659456,packed_mp_veh_mod_idx_s_7_v93
-341581509,m_cl_clo_s1m_dec_8_t11_v1
-341564107,m_cl_clo_sbm_f_3_5_t6_v1
-341458440,vem_supermod_14_6_t55_v27
-341412352,packed_lr_vehicle_colour_5_v213
-341392620,packed_mp_veh_mod_idx_s_14_v263
-341309161,m_ha_cc_m_hs_0_t0_v0
-341276200,packed_mp_veh_mod_idx_1_v187
-341246255,m_cl_clo_fxm_l_3_4_t4_v1
-341241841,pr_pm_person_0_t0_v0
-341142251,f_cl_clo_half_5_2_t1_v1
-341125174,m_ta_tat_h3_028_t0_v0
-341056881,packed_mp_veh_secondary_colour_group_v206
-340928281,f_cl_clo_s2f_d_16_t100_v0
-340851934,packed_mp_veh_mod_idx_8_v9
-340788614,vem_smod4_whlv53_t66_v2
-340627454,dec_vw_aw_mt_16a
-340589086,m_cl_t_fmm_12_0_t7_v0
-340547740,f_cl_clo_fxf_d_11_0_t10_v1
-340509809,packed_mp_veh_mod_idx_s_8_v170
-340305763,vem_fender_r_5_n0_t37_v38
-340243008,vem_horn_clas5_t10_v4
-340216422,f_cl_clo_smf_ph_2_2_t14_v1
-340185020,packed_mp_veh_mod_idx_s_13_v335
-340165621,packed_ng_vehicle_neon_kit_v111
-340153599,f_cl_clo_sbf_pe_1_11_t14_v1
-340092507,packed_ng_vehicle_neon_kit_v166
-340090504,vem_sub_heli_c_30
-340080958,packed_mp_veh_mod_idx_s_11_v250
-340031812,packed_mp_veh_colour1_0_v283
-340026817,m_cl_l_fmm_5_4_t4_v0
-340008844,f_cl_clo_smf_ph_1_10_t14_v1
-339975393,packed_mp_veh_colour_extra1_0_v342
-339934956,packed_mp_veh_primary_colour_group_v412
-339839169,m_cl_clo_l2m_e_18_1_t14_v1
-339822250,packed_mp_veh_mod_idx_14_v406
-339811184,vem_colour_extra_1_mct_pearlescent_cabernet_red_t24_v1
-339774961,f_cl_clo_smf_b_9_15_t1_v1
-339668888,m_cl_clo_sum_decl_2_t100_v0
-339620736,packed_mp_veh_mod_idx_16_v18
-339610370,f_cl_outfit_clo_h3f_o_dh_26_t12_v0
-339514631,mp_stat_mpsv_model_14
-339484756,f_ha_cc_f_hs_1_t0_v2
-339434759,vem_colour_extra_1_mct_pearlescent_woodbeech_brown_t24_v4
-339434022,vem_cmod_pla_3_t23_v32
-339363933,kosatk_fla_7_t0_v1
-339248918,packed_mp_veh_mod_idx_s_15_v189
-339220426,packed_mp_veh_mod_idx_s_6_v41
-339172874,f_cl_clo_h4f_u_2_5_t11_v1
-339041668,f_cl_clo_vwf_pey_1_3_t14_v1
-338958012,mp_stat_mpsv_model_358
-338829303,m_cl_clo_valm_u_2_0_t8_v1_cesp
-338700949,m_cl_clo_bus_m_o_12_t3_v12
-338668944,packed_mp_veh_mod_idx_s_15_v253
-338427316,m_ta_tat_sb_029_t0_v0
-338379546,m_cl_clo_l2m_w_15_0_t14_v1
-338349079,m_cl_clo_bhm_decl_29_t100_v0
-338213955,vem_musc_03_t19_v0
-338200694,vem_smod5_whlv86_t66_v3
-338163118,vem_colour_5_sea_green_t38_v3
-337927536,packed_mp_veh_mod_idx_8_v134
-337874898,f_cl_clo_lxf_dec_30_t11_v1
-337744278,packed_mp_veh_primary_colour_group_v25
-337665078,mp_stat_ie_wh_owned_vehicle_39_v0
-337562377,m_cl_outfit_clo_ltsm_o_11_t12_v0
-337562017,vem_supermod_6_12_t47_v27
-337523727,packed_mp_veh_mod_idx_23_v260
-337406004,vem_smod4_whlv163_t66_v0
-337359647,pr_pm_modshop_14_t90_v0
-337337597,vem_rwd_musc_02_t19_v1
-337228432,vem_exhaust_2_t6_v33
-337191847,m_cl_clo_x6m_o_o_1_t3_v12
-337139483,fcarcade_c_up0
-336985902,m_cl_outfit_clo_h3m_o_sh_16_t12_v0
-336978452,packed_mp_veh_mod_idx_s_10_v357
-336965997,wp_wct_tint_23_t2_v56_n2
-336904300,m_cl_clo_bim_s_9_0_t8_v2
-336861510,dec_vw_aw_wv_21
-336856179,f_cl_ht_fmf_14_7_t14_v0
-336841442,m_cl_u_fmm_7_7_t11_v0
-336803850,service_spend_ba_vp_bullshark
-336784674,packed_ng_vehicle_neon_kit_v141
-336764710,packed_mp_veh_mod_idx_s_17_v176
-336720506,f_cl_clo_x6f_b_2_13_t1_v1
-336620622,packed_mp_veh_colour_extra2_0_v184
-336564990,m_cl_clo_grm_decl_16_t11_v1
-336512496,packed_mp_veh_mod_idx_s_23_v65
-336481202,m_cl_outfit_clo_h2m_o_g_19_t12_v0
-336468346,packed_mp_veh_mod_idx_s_22_v47
-336420281,packed_mp_veh_mod_idx_22_v127
-336344974,vem_fender_r_10_t37_v34
-336308455,m_cl_clo_x6m_ph_8_6_t14_v1
-336200908,m_cl_clo_hstm_b_12_3_t1_v1
-336188294,packed_mp_veh_mod_idx_7_v201
-336082255,m_ha_cc_eyebrw_18_t2_v0
-336032040,f_cl_clo_sbf_f_2_3_t6_v1
-335988442,m_cl_clo_awm_b_2_9_t1_v1
-335860605,m_cl_clo_awm_decl_69_t100_v0
-335824155,vem_supermod_21_14_t62_v27
-335761907,vem_smod5_whl_8_t19_v3
-335727341,f_cl_clo_fxf_ph_4_5_t14_v1
-335636847,packed_ng_vehicle_neon_kit_v136
-335526196,vem_supermod_11_4_t52_v27
-335467357,f_cl_clo_h3f_o_sl_23_t3_v12
-335422770,packed_mp_veh_mod_idx_s_8_v301
-335140952,f_cl_clo_indf_ht_5_0_t14_v1
-335128949,packed_mp_veh_mod_idx_15_v55
-335090925,packed_mp_veh_mod_idx_s_2_v330
-335057116,vem_smod_whlv14_t66_v0
-334985044,packed_mp_veh_mod_idx_6_v204
-334934676,m_cl_clo_smm_b_0_20_t1_v1
-334908787,f_cl_clo_bif_decl_48_t11_v1
-334877288,packed_mp_veh_mod_idx_s_16_v320
-334783715,m_cl_clo_busm_f_1_9_t6_v1
-334733552,vem_drft_16_t19_v3
-334520906,packed_mp_veh_mod_idx_s_11_v397
-334409994,m_cl_clo_fxm_l_1_1_t4_v1
-334409223,f_cl_clo_suf_decl_8_t11_v1
-334274028,m_cl_clo_h4m_decl_24_t100_v0
-334268303,f_cl_clo_x6f_ey_3_9_t14_v1
-334213006,m_cl_clo_arm_o_12_t11_v12
-334204979,vem_colour_1_mct_metallic_dark_silver_t24_v2
-334203402,m_cl_clo_hp_d_1_t8_v1
-334172979,m_cl_m_fmm_3_0_t1_v0
-334158685,packed_mp_veh_colour1_0_v38
-334002067,packed_mp_veh_mod_var_1_v303
-333996233,wp_wct_clip1_t1_v13
-333988575,packed_mp_veh_mod_idx_s_22_v333
-333978854,autoshop_st1_1_t0_v0
-333921089,packed_mp_veh_mod_idx_5_v79
-333856192,packed_ng_vehicle_smoke_v32
-333739374,wp_wct_tint_16_t2_v21_n2
-333688867,f_cl_f_fmf_7_1_t6_v0
-333649021,packed_mp_veh_mod_idx_s_6_v328
-333572885,vem_insurance_cargobob
-333495756,packed_mp_veh_mod_idx_s_11_v188
-333492785,packed_mp_veh_colour_extra1_0_v117
-333469226,f_cl_clo_grf_u_15_10_t11_v1
-333462707,packed_mp_veh_mod_idx_0_v212
-333397851,f_cl_clo_pif_d_1_t11_v1
-333307844,packed_mp_veh_mod_idx_15_v129
-333304813,m_cl_clo_v2m_l_1_12_t4_v1
-333265422,m_cl_clo_grm_u_15_17_t11_v1
-333209527,vem_colour_2_mct_metallic_salmon_pink_t25_v0
-333178548,m_cl_clo_bhm_u_1_2_t11_v1
-333131079,vem_cmod_col3_c_t24_v2
-333130053,vem_cmod_pla_1_t23_v27
-333087711,vem_cmod_pla_0_t23_v2
-333064508,packed_mp_veh_mod_idx_s_5_v226
-333028882,vem_colour_mct_none_61
-333028471,m_ta_tat_hp_021_t0_v0
-332975090,packed_mp_veh_secondary_colour_group_v268
-332940716,vem_supermod_15_2_t56_v3
-332792841,f_cl_clo_s1f_dec_2_t100_v0
-332684391,packed_mp_veh_mod_idx_s_15_v17
-332653483,packed_mp_veh_mod_idx_18_v6
-332437500,packed_mp_veh_colour_extra2_0_v20
-332375058,packed_mp_veh_window_tint_0_v163
-332238686,m_cl_clo_awm_f_2_1_t6_v1
-332238241,vem_supermod_23_9_t64_v28
-332238168,vem_loride_15_t19_v2
-332192055,m_cl_clo_h3m_ph_11_3_t14_v1
-332188035,m_cl_clo_h3m_decl_16_t100_v0
-332147744,vem_rwd_drft_12_t19_v0
-332045328,ve_felon_t0_v0
-332039508,vem_smod4_whlv10_t66_v2
-332017107,m_ta_tat_fm_209_t0_v0
-332011649,vem_cmod_tyr_11_t18_v33
-331981076,service_spend_casino_heist_vault_door
-331964729,packed_ng_vehicle_smoke_v154
-331861574,m_cl_clo_sbm_pe_1_5_t14_v1
-331854308,f_cl_clo_bif_u_25_2_t11_v1
-331852348,packed_mp_veh_mod_idx_s_15_v239
-331825171,packed_mp_veh_mod_idx_s_13_v262
-331821624,pr_pm_accom_1_t0_v0
-331779555,m_ta_tat_vw_014_t0_v0
-331619606,vem_fender_l_4_t36_v3
-331567812,f_cl_clo_h3f_l_5_10_t4_v1
-331506621,packed_mp_veh_mod_idx_s_10_v379
-331489193,packed_mp_veh_mod_idx_s_3_v213
-331373282,f_cl_clo_x6f_l_7_0_t4_v1
-331292415,vem_rwd_loride_05_t19_v3
-331283808,packed_mp_veh_mod_idx_s_17_v287
-331191593,m_cl_clo_smm_b_2_16_t1_v1
-331140042,m_ta_tat_sb_020_t0_v0
-331105258,packed_mp_veh_mod_idx_s_7_v61
-330987715,packed_mp_veh_mod_idx_s_17_v246
-330911183,packed_mp_veh_mod_idx_s_20_v56
-330780783,vem_colour_5_rolled_steel_t38_v0
-330742026,packed_mp_veh_mod_idx_s_13_v165
-330732367,packed_mp_veh_mod_var_1_v392
-330701034,f_cl_clo_x6f_f_12_16_t6_v1
-330689531,vem_colour_6_default_t65_v3
-330684048,packed_mp_veh_mod_idx_s_4_v133
-330621435,packed_mp_veh_mod_idx_s_16_v144
-330439485,f_cl_clo_x6f_l_0_17_t4_v1
-330425906,vem_horn_cnote_b0_t10_v7
-330333333,m_cl_clo_bhm_u_2_12_t11_v1
-330306022,packed_mp_veh_mod_idx_s_16_v296
-330304559,packed_mp_veh_primary_colour_group_v321
-330196512,vem_supermod_3_45_t44_v10
-330195764,packed_mp_veh_livery2_0_v212
-330158359,vem_hood_24_t9_v3
-330145206,packed_mp_veh_mod_idx_s_16_v61
-330055563,packed_mp_veh_mod_idx_14_v156
-330040385,packed_mp_veh_mod_idx_3_v140
-329937740,f_ta_tat_x6_044_t0_v0
-329924550,m_cl_outfit_clo_h3m_o_sh_13_t12_v0
-329902737,m_cl_clo_h3m_u_11_19_t11_v1
-329824814,packed_mp_veh_secondary_colour_group_v326
-329700176,f_cl_clo_smf_ph_6_11_t14_v1
-329602672,vem_hiend_19_t19_v2
-329585269,wp_wm_tint6_t2_v1
-329558521,vem_cmod_col5_16_t29_v3
-329538838,f_cl_clo_grf_ph_1_20_t14_v1
-329536173,vem_smod_whlv156_t66_v0
-329508104,packed_ng_vehicle_neon_kit_v161
-329461098,f_cl_clo_suf_decl_34_t11_v1
-329391646,packed_mp_veh_wheel_type_0_v274
-329388840,packed_mp_veh_mod_idx_s_20_v323
-329366348,packed_mp_veh_mod_var_0_v297
-329289153,wp_wm_tint7_t2_v86
-329203506,packed_mp_veh_window_tint_0_v204
-329177893,packed_mp_veh_mod_idx_12_v373
-329082508,vem_smod2_whl21_t19_v3
-329040716,f_cl_clo_scf_l_0_23_t4_v1
-329011516,packed_mp_veh_mod_idx_s_15_v345
-328960539,packed_mp_veh_mod_var_0_v364
-328941265,m_cl_clo_bbm_h_1_2_t14_v1
-328811346,vem_colour_2_mct_classic_purple_t25_v33
-328780321,m_cl_clo_bim_prw_7_2_t14_v1
-328733060,packed_mp_veh_mod_idx_s_3_v164
-328611614,f_cl_clo_ief_f_0_5_t6_v1_cesp
-328593640,packed_mp_veh_mod_idx_s_4_v183
-328485677,f_cl_clo_grf_b_1_11_t1_v1
-328479673,f_ta_tat_h4_017_t0_v0
-328449082,packed_mp_veh_mod_idx_s_5_v82
-328431700,m_ha_cc_eyebrw_29_t2_v0
-328373747,packed_mp_veh_mod_idx_22_v385
-328366190,packed_mp_veh_mod_idx_1_v215
-328346230,f_cl_clo_fxf_pe_0_1_t14_v1
-328305904,vem_cmod_exp_1_t20_v28
-328258811,vem_colour_extra_1_mct_classic_straw_brown_t24_v2
-328204592,vem_supermod_17_15_t58_v3
-328076016,packed_ng_vehicle_neon_v165
-328058073,m_cl_clo_h3m_b_18_6_t1_v1
-327943944,vem_roof_2_n1_t12_v31
-327918414,service_earn_ambient_mugging
-327897638,f_cl_clo_fxf_ph_7_2_t14_v1
-327770078,m_cl_clo_hstmb_14_25_t1_v1
-327669344,packed_mp_veh_mod_idx_s_11_v32
-327642458,packed_mp_veh_colour2_0_v14
-327527737,vem_supermod_23_7_t64_v26
-327520804,packed_mp_veh_mod_idx_23_v345
-327452631,vem_horn_cnote_e0_t10_v6
-327403005,f_cl_clo_h3f_u_14_1_t11_v1
-327361424,packed_mp_veh_mod_idx_s_18_v66
-327344677,packed_mp_veh_mod_idx_3_v376
-327338872,packed_mp_veh_mod_idx_s_0_v99
-327309262,vem_rwd_hiend_03_t19_v1
-327265354,packed_mp_veh_mod_idx_13_v411
-327232765,vem_chassis_12_t4_v3
-327182060,m_cl_clo_grm_b_5_22_t1_v1
-327072000,m_cl_clo_hstm_o_c_3_t3_v12
-327055928,packed_mp_veh_secondary_colour_group_v124
-327051482,m_cl_clo_smm_u_4_0_t11_v1
-327039874,m_cl_clo_bim_ph_6_1_t14_v1
-327015225,m_cl_clo_exm_eu_9_2_t11_v1
-327013394,m_ha_cc_body_1_16_t3_v0
-326970670,wp_wt_crowbar_t1_v0
-326954967,mp_stat_tuner_client_vehicle_0_v0
-326950032,packed_mp_veh_mod_idx_7_v276
-326781471,f_cl_clo_x6f_f_0_0_t6_v1
-326710621,vem_horn_cnote_c0_t10_v2
-326611461,packed_mp_veh_mod_var_0_v55
-326588278,packed_mp_veh_mod_idx_12_v324
-326554401,vem_rwd_drft_20_t19_v1
-326502892,vem_smod4_whlv40_t66_v0
-326467027,m_cl_clo_grm_ph_1_20_t14_v1
-326432971,m_cl_clo_grm_g_0_19_t3_v1
-326432889,packed_ng_vehicle_insurance_v27
-326430283,packed_mp_veh_mod_idx_s_0_v367
-326412691,f_cl_clo_bif_decl_7_t100_v0
-326380283,m_cl_clo_grm_u_10_12_t11_v1
-326346650,f_cl_clo_h4f_pey_0_5_t14_v1
-326199157,ve_cyclone_t0_v3
-326126739,f_cl_clo_x6f_u_30_9_t11_v1
-326066123,packed_mp_veh_mod_idx_s_10_v343
-326064951,f_cl_clo_smf_b_2_8_t1_v1
-326061012,m_cl_clo_v2m_h_0_5_t14_v1
-326050706,packed_mp_veh_primary_colour_group_v282
-325967111,packed_mp_veh_mod_idx_12_v356
-325942189,vem_smod4_whlv67_t66_v1
-325918091,m_cl_clo_grm_l_0_15_t4_v1
-325758673,packed_mp_veh_mod_idx_s_7_v172
-325745409,packed_ng_vehicle_neon_v188
-325699405,vem_colour_1_mct_classic_stone_silver_t24_v2
-325655234,wp_wct_none_t1_v21_n2
-325640711,packed_mp_veh_mod_idx_s_17_v341
-325624978,m_ta_tat_x2_027_t0_v0
-325603177,f_cl_clo_x6f_ph_0_13_t14_v1
-325597899,packed_mp_veh_mod_idx_8_v163
-325584806,vem_supermod_16_6_t57_v6
-325564875,packed_mp_veh_mod_idx_5_v391
-325303739,f_cl_clo_x17f_o_m_7_t3_v12
-325298791,f_cl_outfit_clo_v2f_o_6_t12_v0
-325295471,m_cl_clo_vwm_pey_113_t14_v1
-325224712,vem_cmod_tyr_12_t18_v33
-325217258,m_cl_clo_hp_d_34_t8_v1
-325195241,mp_stat_mpsv_model_227
-325166657,packed_mp_veh_mod_idx_s_8_v328
-325091274,vem_colour_1_mct_matte_grey_t24_v33
-325056477,packed_mp_veh_colour2_0_v157
-325034709,m_cl_m_fmm_4_2_t1_v0
-324971573,vem_chassis_0_t4_v0
-324959371,packed_mp_veh_secondary_colour_group_v412
-324820777,m_cl_clo_smm_ph_4_23_t14_v1
-324786486,packed_mp_veh_mod_idx_22_v219
-324708964,vem_cmod_tyr_stt_t30_v33
-324707608,vem_supermod_3_33_t44_v10
-324598286,m_cl_outfit_clo_stm_o_10_t12_v0
-324596313,vem_colour_2_mct_classic_grace_red_t25_v33
-324549799,packed_mp_veh_mod_idx_14_v179
-324422669,m_ha_hair_beard11_t1_v0
-324265772,m_cl_clo_fxm_b_2_2_t1_v1
-324215806,m_cl_clo_l2m_t_2_0_t7_v1
-324201002,m_cl_clo_hp_d_31_t8_v2
-324179200,m_cl_clo_bhm_u_11_3_t11_v1
-324103877,m_cl_clo_hstmb_16_8_t1_v1
-324084912,m_cl_clo_bhm_u_10_7_t11_v1
-324026972,packed_mp_veh_mod_idx_10_v236
-323978212,m_cl_clo_x6m_ey_3_24_t14_v1
-323788328,vem_rwd_spt_10_t19_v1
-323687112,packed_mp_veh_mod_idx_s_6_v240
-323612993,packed_mp_veh_mod_idx_s_8_v151
-323571456,packed_mp_veh_mod_idx_s_23_v327
-323536175,f_cl_l_fmf_0_8_t4_v0
-323530054,packed_mp_veh_mod_idx_s_5_v311
-323523157,m_cl_clo_valm_b_1_0_t1_v1
-323494070,m_cl_clo_sum_u_18_4_t11_v1
-323438216,f_cl_clo_bif_ph_3_0_t14_v1
-323383266,packed_mp_veh_wheel_type_0_v114
-323370405,packed_mp_veh_mod_idx_s_5_v302
-323348942,vem_supermod_11_13_t52_v27
-323342305,packed_mp_veh_wheel_type_0_v25
-323330019,m_cl_clo_sum_u_7_23_t11_v1
-323302405,vem_supermod_56_0_t56_v7
-323218156,m_cl_clo_bim_u_8_5_t11_v1
-323134895,wp_wct_tint_17_t2_v22_n2
-323133087,packed_mp_veh_mod_idx_15_v0
-323115163,f_cl_clo_vwf_b_11_2_t1_v1
-322981671,packed_mp_veh_mod_idx_s_17_v47
-322904504,vem_rwd_spt_12_t19_v3
-322896917,wp_wm_tint1_t2_v86
-322828406,f_cl_clo_suf_l_2_3_t4_v1
-322799405,packed_mp_veh_mod_idx_s_5_v123
-322734398,m_cl_clo_indm_d_14_t8_v1
-322487376,f_cl_clo_awf_o_g_5_t8_v12
-322475744,packed_mp_veh_mod_idx_s_21_v330
-322188132,packed_mp_veh_mod_idx_13_v21
-322138646,m_cl_clo_valm_f_0_0_t6_v1
-321993526,wp_wt_pipebomb_t2_v0
-321974393,wp_wt_pist_t0_v0
-321890625,packed_mp_veh_mod_idx_15_v46
-321872842,m_cl_clo_l2m_e_29_1_t14_v1
-321776787,f_cl_clo_grf_decl_15_t100_v0
-321743402,f_cl_clo_hstfb_18_6_t1_v1
-321723539,f_ta_tat_vw_028_t0_v0
-321596144,packed_ng_vehicle_neon_kit_v54
-321571940,packed_lr_vehicle_colour_6_v58
-321538505,packed_mp_veh_secondary_colour_group_v279
-321268889,packed_mp_veh_mod_idx_s_5_v314
-321151125,service_earn_tuner_award_meth_job
-321117824,wp_wct_tint_25_t2_v9_n2
-321009444,f_cl_clo_bhf_u_0_19_t11_v1
-320954635,packed_mp_veh_mod_idx_18_v341
-320875323,vem_supermod_23_19_t64_v34
-320809952,f_cl_clo_h2f_u_3_25_t11_v1
-320772227,packed_mp_veh_mod_idx_s_22_v34
-320741939,m_cl_clo_awm_b_8_3_t1_v1
-320729690,f_cl_clo_awf_decl_108_t100_v0
-320702618,vem_cmod_tyr_12_t18_v35
-320573901,packed_mp_veh_mod_idx_0_v121
-320446764,f_cl_clo_smf_ph_0_11_t14_v1
-320386925,f_cl_clo_exf_decl_12_t11_v1
-320377649,packed_mp_veh_mod_idx_s_6_v7
-320375719,f_cl_clo_suf_u_10_5_t11_v1
-320304500,vem_chassis_1_t4_v3
-320176211,f_cl_clo_lxf_dec_3_t100_v0
-320151743,m_cl_outfit_clo_arm_o_2_t12_v0
-320144936,vem_colour_extra_1_mct_classic_graphite_t24_v33
-320016424,f_cl_u_fmf_0_1_t8_v0
-320015720,packed_mp_veh_mod_var_1_v351
-320000600,wp_wct_shell_hp_t1_v22_n2
-319931112,ve_schwarze_t0_v1
-319845948,packed_mp_veh_mod_idx_s_0_v102
-319813895,packed_mp_veh_mod_var_1_v142
-319810343,packed_mp_veh_mod_idx_18_v59
-319693215,f_cl_clo_h3f_b_16_1_t1_v1
-319645878,m_cl_clo_arm_ph_0_3_t14_v1
-319585887,f_ha_clo_bif_h_4_0_t0_v1
-319568673,vem_supermod_42_22_t42_v7
-319396857,packed_mp_veh_mod_idx_s_9_v194
-319357127,vem_colour_5_moss_brown_t38_v0
-319306689,service_earn_casino_heist_award_smash_n_grab
-319270907,vem_supermod_15_4_t56_v11
-319189609,vem_supermod_23_3_t64_v38
-319155278,packed_mp_veh_colour1_0_v0
-319109104,vem_colour_extra_1_mct_pearlescent_silver_t24_v2
-319092537,m_cl_clo_fxm_l_5_4_t4_v1
-319079350,vem_colour_2_mct_metallic_chocolate_brown_t25_v33
-319073919,packed_mp_veh_mod_idx_s_21_v91
-319066943,wp_wct_clip1_t1_v5
-318874425,m_cl_clo_l2m_dec_13_t11_v1
-318866795,m_cl_clo_bhm_l_0_6_t4_v1
-318788723,m_cl_clo_stm_o_17_t11_v12_cesp
-318665198,vem_colour_extra_1_mct_classic_graphite_t24_v4
-318537004,packed_mp_veh_secondary_colour_group_v403
-318504818,vem_hood_0_t9_v34
-318462154,vem_musc_08_t19_v12
-318414461,vem_cmod_pla_2_t23_v5
-318172352,f_cl_clo_suf_l_2_23_t4_v1
-318122459,m_cl_crew_logo_2_t10_v1
-318109860,vem_chassis_11_t4_v35
-318097495,packed_mp_veh_mod_idx_1_v303
-318072996,packed_mp_veh_mod_idx_22_v346
-317946586,vem_yacht_flag_24_v0
-317883859,m_cl_clo_hstm_o_13_t8_v12
-317846048,f_cl_clo_awf_b_3_3_t1_v1
-317835372,packed_mp_veh_mod_idx_24_v280
-317593850,f_cl_clo_ief_u_14_8_t11_v1
-317472233,packed_mp_veh_window_tint_0_v378
-317433832,vem_colour_2_mct_classic_shadow_silver_t25_v4
-317322981,packed_mp_veh_livery2_0_v382
-317317677,f_cl_clo_fxf_u_2_3_t11_v1
-317212657,packed_mp_veh_mod_idx_2_v387
-317135192,vem_chassis_24_t4_v35
-316982209,f_cl_clo_awf_f_8_10_t6_v1
-316940420,packed_mp_veh_mod_idx_0_v386
-316646219,f_cl_crew_logo_0_t10_v1
-316594425,packed_mp_veh_livery_0_v191
-316550576,m_cl_clo_s1m_dec_16_t100_v0
-316478981,vem_smod4_whlv102_t66_v3
-316335734,vem_cmod_hrn_mus4_t10_v29
-316335486,packed_mp_veh_mod_idx_13_v358
-316279432,m_cl_clo_grm_u_17_6_t11_v1
-316246511,m_cl_clo_x6m_u_0_9_t11_v1
-316098579,m_cl_outfit_clo_awm_o_f_6_t12_v0
-316094899,vem_colour_extra_1_mct_matte_black_t24_v0
-316081952,vem_cmod_col5_29_t29_v2
-315973938,wp_wct_knife_xm305_t1_v34
-315624127,m_cl_g_fmm_15_0_t14_v0
-315520955,m_cl_clo_hstm_u_7_0_t11_v1
-315446962,packed_mp_veh_window_tint_0_v265
-315392961,packed_mp_veh_mod_idx_4_v13
-315374753,m_cl_clo_h3m_b_18_14_t1_v1
-315294920,f_cl_clo_vwf_u_16_2_t11_v1
-315181628,packed_mp_veh_mod_idx_s_10_v136
-315126802,f_cl_clo_hstfb_22_21_t1_v1
-315078409,vem_cmod_col5_3_t29_v1
-315059045,packed_mp_veh_mod_var_0_v146
-314951373,packed_mp_veh_mod_var_0_v44
-314940500,wp_wct_clip_drm_t1_v46
-314926594,dec_vw_aw_mf_4g
-314917281,f_cl_clo_bbf_u_3_5_t8_v1
-314867725,vem_cmod_neonlay_3_t21_v35
-314857418,packed_mp_veh_mod_idx_22_v14
-314794868,packed_mp_veh_colour_extra2_0_v171
-314736619,packed_mp_veh_livery2_0_v188
-314676015,vem_armour_2_t1_v38
-314611618,vem_roof_0_t12_v26
-314551534,m_ta_tat_h27_025_t0_v0
-314542550,packed_mp_veh_mod_idx_s_0_v165
-314454502,packed_mp_veh_mod_var_0_v82
-314367286,packed_mp_veh_mod_idx_18_v395
-314300661,vem_chassis_8_t4_v1
-314242514,vem_colour_extra_1_mct_pearlescent_blaze_red_t24_v3
-314019671,m_cl_clo_busm_t_1_0_t7_v1
-314012428,packed_mp_veh_wheel_type_0_v155
-313873611,packed_mp_veh_mod_idx_16_v391
-313869823,packed_mp_veh_mod_idx_24_v265
-313827944,packed_mp_veh_mod_idx_s_16_v94
-313482725,vem_colour_1_mct_matte_might_purple_t24_v2
-313418429,vem_cmod_neoncol_13_t21_v2
-313409471,f_cl_clo_fxf_ph_2_16_t14_v1
-313221526,packed_mp_veh_mod_idx_18_v192
-313155845,f_cl_clo_indf_d_21_t100_v0
-313107741,packed_mp_veh_mod_idx_0_v108
-313105894,packed_mp_veh_livery_0_v45
-313073631,packed_mp_veh_mod_idx_s_3_v231
-313062519,packed_mp_veh_mod_idx_15_v174
-313050426,packed_mp_veh_mod_idx_2_v159
-312982187,packed_ng_vehicle_smoke_v28
-312903133,vem_insurance_avisa
-312878307,vem_insurance_swift
-312856765,f_cl_outfit_clo_x6f_o_o_8_t12_v0
-312845806,f_cl_clo_grf_ph_2_19_t14_v1
-312752162,mp_stat_businesshub_mod_4_v0
-312742344,vem_colour_extra_1_mct_metallic_sienna_brown_t24_v33
-312722770,packed_mp_veh_mod_idx_s_1_v376
-312679476,f_cl_clo_hp_f_f_1_9_t6_v1
-312650431,vem_hlight_14_t11_v3
-312640942,f_cl_clo_bhf_u_4_18_t11_v1
-312610357,m_ha_cc_mkup_34_t7_v0
-312586064,vem_supermod_3_19_t44_v7
-312583356,f_cl_clo_exf_eu_9_1_t11_v1
-312443546,fcarcade_b_up1
-312338190,vem_supermod_63_17_t63_v7
-312135864,packed_mp_veh_mod_idx_s_18_v390
-312097752,m_cl_u_fmm_14_10_t8_v1
-312096525,m_ta_tat_hp_038_t0_v0
-311992275,packed_mp_veh_mod_idx_15_v31
-311970349,m_cl_clo_busm_g1_3_t14_v0
-311859480,f_cl_clo_hp_f_d_18_t8_v1
-311808370,packed_mp_veh_mod_idx_s_21_v280
-311760808,vem_colour_1_mct_classic_surf_blue_t24_v0
-311745148,vem_horn_cnote_f0_t10_v11
-311717952,vem_cmod_hrn_cop_t10_v31
-311555510,f_cl_clo_x6f_o_1_t8_v12
-311435524,f_cl_clo_trf_u_15_7_t11_v1
-311409367,m_cl_clo_h4m_ph_1_6_t14_v1
-311368469,f_cl_clo_bif_l_0_5_t4_v1
-311305868,packed_mp_veh_mod_idx_s_10_v209
-311172008,f_ha_cc_blush_17_t5_v0
-311163378,packed_mp_veh_mod_idx_s_2_v299
-311123251,m_cl_clo_h2m_b_1115_t1_v1
-311112675,service_earn_gangops_award_loyalty_award_3
-311019046,packed_mp_veh_mod_idx_12_v211
-310988478,packed_mp_veh_plate_id_v335
-310847889,f_cl_clo_x6f_u_1_1_t11_v1
-310807766,m_cl_clo_hilf_o_10_t3_v12
-310674084,m_ta_tat_l2_005_t0_v0
-310644527,packed_mp_veh_mod_idx_24_v16
-310580088,vem_supermod_17_0_t58_v26
-310545644,f_cl_clo_vwf_decl_43_t100_v0
-310458050,m_cl_clo_x6m_o_o_17_t3_v12
-310420105,vem_smod4_whlv98_t66_v2
-310295177,vem_horn_cnote_e0_t10_v29
-310277119,m_cl_clo_sbm_l_3_5_t4_v1
-310217857,packed_mp_veh_mod_idx_s_6_v202
-310214925,packed_mp_veh_mod_idx_s_9_v127
-310208007,wp_wct_clip_ap_t0_v46_n2
-310046784,m_cl_clo_hilf_o_23_t3_v12
-309939806,m_cl_clo_awm_decl_104_t100_v0
-309936378,vem_rwd_bikew_21_t19_v3
-309805582,f_cl_clo_grf_u_4_18_t11_v1
-309780957,m_cl_clo_awm_f_8_5_t6_v1
-309763978,vem_smod3_whlv109_t66_v3
-309743246,m_cl_clo_grm_b_5_17_t1_v1
-309703174,ve_microlight_t1_v33
-309635269,f_cl_clo_smf_u_3_10_t11_v1
-309633896,packed_mp_veh_mod_idx_0_v226
-309625155,m_cl_clo_scm_d_22_9_t10_v1
-309447450,packed_mp_veh_mod_idx_s_13_v326
-309440664,vem_exhaust_2_t6_v26
-309418592,m_cl_u_fmm_1_0_t11_v0
-309414182,packed_mp_veh_mod_idx_12_v115
-309324270,m_cl_clo_h3m_ph_6_0_t14_v1
-309301617,mp_stat_mpsv_model_16
-309279397,vem_supermod_21_13_t62_v26
-309264755,packed_mp_veh_mod_idx_3_v142
-309262117,packed_mp_veh_mod_idx_9_v145
-309259476,mp_stat_prop_office_locker_cash_v0
-309106060,packed_mp_veh_mod_idx_s_9_v211
-309046126,vem_colour_extra_1_mct_pearlescent_bright_purple_t24_v4
-308906289,vem_insurance_besra
-308847283,packed_mp_veh_mod_idx_3_v262
-308826175,service_earn_gangops_award_mastermind_3
-308825578,vem_colour_2_mct_classic_graphite_t25_v0
-308790935,packed_mp_veh_mod_idx_18_v110
-308777079,vem_supermod_6_12_t47_v3
-308686126,vem_cmod_neoncol_7_t21_v3
-308596094,f_cl_f_fmf_1_13_t6_v0
-308525829,f_cl_clo_sbf_f_3_13_t6_v1
-308444285,packed_ng_vehicle_neon_v176
-308417152,vem_armour_2_t1_v31
-308329754,packed_mp_veh_secondary_colour_group_v368
-308181434,vem_insurance_hakuchou
-308126975,packed_mp_veh_mod_idx_s_5_v276
-308065895,f_ta_tat_fx_027_t0_v0
-308033116,autoshop_st2_1_t0_v0
-307958248,vem_rwd_drft_19_t19_v0
-307954058,packed_mp_veh_mod_idx_s_13_v290
-307939039,m_cl_clo_x6m_b_0_1_t1_v1
-307870687,f_cl_clo_hp_f_d_33_t8_v1
-307699268,f_cl_clo_s1f_u_6_1_t100_v0
-307618487,vem_skirt_5_t13_v0
-307614250,packed_mp_veh_mod_idx_10_v375
-307567520,vem_bumper_r_11_t35_v3
-307512610,f_cl_clo_trf_ph_1_5_t14_v1
-307402710,packed_mp_veh_colour2_0_v389
-307317535,m_cl_clo_x6m_ph_1021_t14_v1
-306919131,m_cl_clo_sum_decl_22_t100_v0
-306893270,fcarcade_c_up3_c_4
-306855475,vem_suv_01_t19_v12
-306853887,packed_mp_veh_mod_idx_s_4_v35
-306725277,packed_mp_veh_mod_idx_24_v234
-306709094,packed_mp_veh_mod_idx_10_v328
-306689516,packed_ng_vehicle_neon_v307
-306668923,packed_mp_veh_mod_idx_s_5_v287
-306586004,m_cl_clo_vwm_pw_6_1_t14_v1
-306575315,vem_insurance_double
-306562080,vem_smod_whlv110_t66_v0
-306532772,f_cl_clo_h3f_u_13_15_t11_v1
-306473128,pm_weapon_discount_gun_van_0_1
-306371528,packed_mp_veh_mod_idx_s_6_v173
-306340041,f_cl_clo_h3f_ph_11_0_t14_v1
-306288414,m_cl_clo_grm_l_2_12_t4_v1
-306256624,m_cl_clo_scm_ph_6_3_t14_v1
-306229618,vem_colour_2_mct_metallic_sandy_brown_t25_v1
-306180659,vem_supermod_8_1_t49_v6
-306025593,pr_mp_prop_57_t0_v0
-305978042,packed_mp_veh_mod_idx_s_12_v84
-305958830,packed_mp_veh_mod_idx_15_v154
-305946583,vem_supermod_54_0_t54_v7
-305910805,m_cl_clo_trm_u_17_11_t11_v1
-305909149,packed_mp_veh_mod_idx_4_v351
-305907729,vem_cmod_hrn_sad_t10_v3
-305724561,packed_mp_veh_mod_idx_s_0_v190
-305666343,packed_mp_veh_mod_idx_1_v9
-305641169,packed_mp_veh_mod_var_1_v249
-305630924,fa_upgrade_weed_sec_1_t0_v0
-305532271,vem_supermod_11_9_t52_v28
-305259736,m_cl_outfit_clo_bim_o_6_t12_v0
-305257629,packed_mp_veh_mod_idx_s_11_v339
-305236788,m_cl_clo_exm_af_3_3_t6_v1
-305211053,wp_wct_var_wood_t1_v49
-305159653,f_cl_outfit_clo_awf_o_c_4_t12_v0
-305146470,vem_supermod_56_5_t56_v7
-305052331,kosatk_fla_0_t0_v1
-305022950,f_cl_clo_vwf_pw_5_0_t14_v1
-305003956,vem_cmod_hrn_clo_t10_v3
-304988074,m_cl_clo_fxm_b_1_3_t1_v1
-304950054,m_cl_outfit_clo_awm_o_e_7_t12_v0
-304945268,m_cl_clo_bhm_u_2_1_t11_v1
-304896136,vem_supermod_5_3_t46_v6
-304814069,packed_ng_vehicle_insurance_v231
-304799783,m_cl_outfit_clo_v2m_o_5_t12_v0
-304733386,packed_mp_veh_mod_idx_13_v147
-304659894,vem_supermod_16_9_t57_v27
-304591658,m_cl_clo_hstm_o_b_3_t3_v12
-304348174,f_cl_clo_vwf_l_2_3_t4_v1
-304304513,f_cl_clo_vef_dec_47_t11_v1
-304298506,vem_rwd_offr_07_t19_v2
-304129466,vem_colour_1_mct_metallic_candy_red_t24_v3
-304074481,m_cl_clo_hstm_b_15_8_t1_v1
-304058197,f_cl_outfit_clo_exf_ob_9_t12_v0
-304018541,vem_supermod_1_8_t42_v10
-303971530,m_cl_f_fmm_12_13_t6_v0
-303945852,ve_contender_t0_v2
-303936277,f_cl_clo_vwf_u_4_16_t11_v1
-303897069,m_cl_clo_smm_b_5_17_t1_v1
-303893155,vem_supermod_19_2_t60_v28
-303806223,packed_mp_veh_mod_idx_18_v100
-303750308,m_cl_clo_scm_u_0_9_t11_v1
-303660616,f_cl_outfit_clo_h4f_o_s1_f4_t12_v0
-303633366,m_cl_clo_bhm_u_14_2_t11_v1
-303550073,m_cl_outfit_clo_smm_o_8_t12_v0
-303529374,packed_mp_veh_colour1_0_v207
-303429922,wp_wt_snspistol_t0_v0
-303311198,packed_mp_veh_mod_idx_s_6_v15
-303305041,packed_mp_veh_mod_idx_11_v208
-303234217,vem_bumper_r_12_t35_v34
-302933269,m_cl_clo_hp_l_2_10_t4_v1
-302853609,f_cl_clo_ief_u_7_16_t11_v1
-302808668,wp_wct_tint_5_t2_v46_n2
-302786918,packed_mp_veh_mod_idx_s_1_v198
-302777020,vem_colour_extra_1_mct_metallic_black_graphite_t24_v3
-302775007,m_cl_clo_bim_u_18_1_t11_v1
-302763181,vem_supermod_18_4_t59_v27
-302656234,m_cl_clo_hstm_o_b_2_t8_v12
-302624511,f_cl_clo_sbf_f_6_13_t6_v1
-302600693,vem_rwd_spt_21_t19_v0
-302563681,mp_stat_mpsv_model_411
-302293920,packed_mp_veh_mod_idx_14_v296
-302198016,m_ta_tat_x2_020_t0_v0
-302194549,packed_mp_veh_mod_idx_16_v226
-302119030,vem_cmod_neoncol_9_t21_v0
-302051214,f_cl_clo_x6f_t_10_1_t7_v1
-301964553,packed_mp_veh_mod_idx_s_21_v401
-301947972,packed_mp_veh_mod_idx_s_16_v127
-301913601,vem_smod2_whl30_t19_v3
-301656271,vem_smod4_whlv166_t66_v0
-301524818,m_cl_clo_exm_au_6_0_t8_v1
-301407266,packed_mp_veh_primary_colour_group_v241
-301327460,packed_mp_veh_mod_idx_s_17_v1
-301305032,m_cl_clo_halm_0_0_t1_v1
-301264942,m_cl_clo_x6m_f_10_14_t6_v1
-301205600,packed_mp_veh_mod_idx_1_v384
-301132551,vem_colour_extra_1_mct_pearlescent_blue_t24_v1
-301112567,vem_supermod_18_4_t59_v3
-301053777,m_cl_clo_lxm_dec_36_t100_v0
-301039996,packed_mp_veh_colour2_0_v166
-300890598,vem_insurance_everon
-300885741,vem_colour_mct_none_28
-300851811,vem_colour_extra_1_mct_metallic_racing_green_t24_v4
-300829603,packed_mp_veh_mod_idx_s_21_v244
-300789562,pr_pm_bfont_13_t1_v0
-300705561,f_cl_clo_h2f_u_3_20_t11_v1
-300663364,packed_mp_veh_mod_idx_24_v243
-300609657,packed_mp_veh_plate_id_v241
-300573020,vem_colour_extra_1_mct_metallic_red_t24_v33
-300289504,vem_smod_whlv214_t66_v0
-300183952,f_cl_clo_bif_ph_1_7_t14_v1
-300073180,packed_mp_veh_mod_idx_s_12_v316
-299984565,f_cl_clo_x6f_l_1_15_t4_v1
-299916937,packed_mp_veh_mod_idx_18_v344
-299686969,packed_mp_veh_mod_idx_s_14_v59
-299685553,vem_cmod_hrn_mus1_t10_v31
-299622571,packed_mp_veh_colour1_0_v379
-299616294,vem_colour_1_mct_classic_creek_brown_t24_v33
-299532860,f_cl_clo_x6f_u_1_10_t11_v1
-299468455,vem_colour_1_mct_classic_blue_t24_v1
-299428486,vem_supermod_23_4_n1_t64_v38
-299412395,packed_mp_veh_mod_idx_8_v386
-299378518,vem_livery_0_t26_v3
-299352581,m_cl_g_fmm_2_2_t14_v0
-299333418,packed_mp_veh_mod_idx_s_9_v74
-299268961,m_cl_clo_h3m_b_19_3_t1_v1
-299256367,m_ta_tat_s2_035_t0_v0
-299253997,vem_suspension_1_t15_v32
-299250555,f_cl_clo_vwf_u_20_21_t11_v1
-299227204,m_cl_clo_smm_b_5_11_t1_v1
-299174298,f_cl_clo_ltsf_o_13_t3_v12
-298983301,packed_mp_veh_mod_idx_s_12_v41
-298906055,ve_fugitive_t0_v0
-298832572,vem_horn_clas2_t10_v4
-298815222,packed_mp_veh_primary_colour_group_v381
-298688425,vem_colour_extra_1_mct_metallic_bronze_t24_v1
-298651515,packed_mp_veh_colour_extra1_0_v381
-298478460,packed_mp_veh_mod_idx_6_v126
-298444699,m_cl_clo_iem_u_7_22_t11_v1
-298389487,vem_fender_r_5_t37_v35
-298374035,m_ha_face_e_c_1_t4_v0
-298331829,f_cl_clo_hp_f_g_0_0_t14_v0
-298320295,packed_mp_veh_plate_id_v53
-298311847,f_cl_f_fmf_1_9_t6_v0
-298307266,packed_mp_veh_mod_idx_13_v180
-298288659,packed_mp_veh_mod_idx_s_3_v137
-298256870,vem_supermod_17_4_t58_v6
-298195969,packed_mp_veh_mod_idx_s_12_v286
-298151901,packed_lr_vehicle_colour_5_v113
-298107700,vem_smod2_whlv1_t66_v3
-298086959,packed_mp_veh_mod_idx_s_14_v114
-298007430,m_cl_clo_grm_u_14_14_t11_v1
-297869159,packed_mp_veh_secondary_colour_group_v227
-297857923,packed_mp_veh_wheel_type_0_v175
-297834512,f_cl_clo_bhf_l_4_3_t4_v1
-297821017,f_cl_clo_grf_f_3_0_t6_v1
-297787922,packed_mp_veh_mod_idx_1_v411
-297737596,packed_mp_veh_mod_idx_24_v146
-297734333,packed_mp_veh_mod_idx_4_v259
-297653504,packed_mp_veh_mod_idx_s_11_v92
-297643538,m_cl_clo_h4m_u_3_10_t11_v1
-297629223,packed_mp_veh_mod_idx_14_v329
-297605174,m_cl_clo_stm_o_4_t3_v12
-297586023,vem_colour_2_mct_metallic_midnight_blue_t25_v1
-297546244,f_cl_clo_bif_s_16_7_t8_v1
-297538561,m_cl_clo_smm_o_6_t3_v12
-297508263,packed_mp_veh_mod_idx_s_22_v193
-297383197,vem_supermod_19_2_t60_v3
-297268070,f_cl_outfit_clo_l2f_o_0_t12_v0
-297149814,m_cl_clo_h2m_b_9_13_t1_v1
-297133432,f_ta_tat_h27_004_t0_v0
-297101451,f_cl_clo_h4f_t_13_5_t7_v1
-297088903,m_cl_clo_halm_d_10_t11_v1
-297059377,m_cl_clo_smm_b_8_21_t1_v1
-297049857,packed_mp_veh_mod_idx_0_v399
-297049202,vem_drft_16_t19_v2
-296985180,packed_mp_veh_mod_idx_1_v44
-296908069,f_cl_clo_s1f_u_8_8_t11_v1
-296852750,f_cl_clo_x6f_t_8_1_t7_v1
-296789461,vem_cmod_neoncol_7_t21_v10
-296702644,vem_colour_extra_1_mct_metallic_salmon_pink_t24_v3
-296618319,f_ha_cc_mkup_35_t7_v0
-296581121,candc_hacker_dec_8_t0_v0
-296566235,f_cl_ht_fmf_13_3_t14_v0
-296442695,packed_ng_vehicle_smoke_v214
-296369019,vem_smod3_whlv15_t66_v3
-296352041,packed_mp_veh_mod_idx_1_v256
-296097813,f_cl_clo_l2f_dec_19_t100_v0
-296014077,vem_cmod_tyr_2_t30_v11
-295974104,vem_insurance_chino
-295948735,f_cl_clo_awf_b_9_0_t1_v1
-295943688,f_ta_tat_fm_022_t0_v0
-295935440,packed_mp_veh_wheel_type_0_v307
-295872018,vem_colour_2_mct_classic_stone_silver_t25_v1
-295871543,vem_colour_extra_1_mct_metallic_cast_iron_sil_t24_v4
-295871368,m_cl_f_fmm_14_14_t6_v0
-295815584,wp_wm_tint3_t2_v54
-295815180,vem_armour_1_t1_v0
-295780227,vem_smod_whlv79_t66_v3
-295668038,packed_mp_veh_primary_colour_group_v35
-295639012,vem_supermod_8_16_t49_v11
-295615655,packed_mp_veh_livery2_0_v3
-295605137,vem_colour_2_mct_metallic_saddle_brown_t25_v2
-295565820,packed_mp_veh_mod_idx_23_v156
-295563998,vem_supermod_6_13_t47_v26
-295530267,vem_smod_whlv140_t66_v3
-295498219,packed_mp_veh_mod_idx_s_8_v116
-295284749,packed_mp_veh_mod_idx_s_1_v138
-295177031,packed_mp_veh_mod_idx_0_v268
-295170893,vem_spoiler_9_t14_v3
-295071585,vem_insurance_elegy
-295021681,m_cl_clo_x6m_lw_1_3_t14_v1
-295000114,packed_mp_veh_mod_idx_4_v106
-294991154,f_cl_clo_sbf_l_3_22_t4_v1
-294918606,vem_roof_4_n2_t12_v3
-294828288,m_cl_clo_bhm_u_10_14_t11_v1
-294780910,m_cl_clo_hstmb_14_10_t1_v1
-294727112,packed_mp_veh_mod_idx_4_v325
-294726587,packed_mp_veh_mod_idx_s_14_v0
-294675076,packed_mp_veh_mod_var_1_v138
-294647488,m_cl_clo_exm_eu_13_1_t11_v1
-294519471,packed_mp_veh_mod_idx_s_19_v101
-294509584,packed_mp_veh_mod_idx_s_8_v258
-294500319,vem_colour_2_mct_metallic_flur_yellow_t25_v4
-294490358,vem_smod3_whlv80_t66_v3
-294453827,f_cl_clo_suf_u_2_2_t11_v1
-294450302,packed_mp_veh_colour_extra2_0_v262
-294329800,packed_ng_vehicle_neon_kit_v40
-294115801,packed_ng_vehicle_neon_kit_v240
-294090457,f_cl_clo_grf_u_2_6_t11_v1
-294080824,dec_vw_aw_ss_39a
-294036917,packed_mp_veh_mod_idx_s_5_v211
-293959356,packed_mp_veh_mod_idx_s_3_v365
-293938854,packed_mp_veh_colour_extra1_0_v132
-293911983,packed_mp_veh_mod_idx_4_v389
-293906994,vem_supermod_0_21_t41_v3
-293830497,vem_supermod_15_4_t56_v3
-293829409,packed_mp_veh_mod_idx_6_v335
-293630394,vem_insurance_pfister811
-293629062,f_cl_clo_bif_u_10_11_t11_v1
-293516932,m_cl_clo_grm_u_3_10_t11_v1
-293430916,packed_mp_veh_mod_idx_22_v330
-293426929,f_cl_clo_x6f_ey_3_22_t14_v1
-293339653,m_cl_clo_grm_u_16_23_t11_v1
-293312980,packed_mp_veh_mod_idx_9_v370
-293292004,m_cl_outfit_clo_h2m_o_s_19_t12_v0
-293237751,vem_horn_clas1_t10_v26
-293187081,vem_skirt_3_t13_v26
-293110560,vem_horn_clas2_t10_v36
-293062800,m_cl_clo_vwm_u_19_6_t11_v1
-293060240,service_earn_from_vehicle_export
-293039322,packed_mp_veh_mod_idx_11_v345
-292790830,packed_mp_veh_mod_idx_s_6_v334
-292633982,packed_mp_veh_mod_idx_s_9_v385
-292402805,f_cl_clo_fxf_l_0_1_t4_v1
-292396474,packed_lr_vehicle_colour_5_v414
-292386055,m_cl_clo_sbm_l_0_25_t4_v1
-292326824,packed_mp_veh_mod_idx_s_2_v393
-292221205,packed_mp_veh_mod_idx_5_v300
-292097558,f_ta_tat_sb_053_t0_v0
-292080291,mp_stat_mpsv_model_192
-292077855,packed_mp_veh_mod_idx_s_23_v397
-292075269,vem_supermod_14_6_t55_v38
-291892249,packed_mp_veh_mod_idx_s_8_v107
-291784255,packed_mp_veh_mod_idx_12_v276
-291764051,packed_mp_veh_mod_idx_s_19_v19
-291604445,packed_mp_veh_mod_idx_s_22_v78
-291537202,m_cl_clo_fxm_l_2_1_t4_v1
-291526797,m_cl_clo_h3m_ph_6_2_t14_v1
-291516691,vem_supermod_50_20_t50_v7
-291454287,packed_mp_veh_mod_idx_24_v201
-291415042,m_cl_clo_sbm_b_1_2_t1_v1
-291365131,packed_mp_veh_mod_idx_s_14_v84
-291280734,f_cl_clo_exf_eu_16_0_t11_v1
-291250769,m_cl_clo_sbm_f_6_2_t6_v1
-291135325,f_cl_clo_x3f_u_1_4_t11_v1
-291066698,packed_mp_veh_colour1_0_v18
-291025730,f_cl_clo_l2f_dec_6_t100_v0
-290945605,f_cl_clo_h3f_o_bs_4_t11_v12
-290932429,vem_supermod_15_13_t56_v27
-290916372,f_ha_clo_indf_h_0_0_t0_v1
-290896062,m_cl_clo_x6m_ey_3_23_t14_v1
-290800054,wp_gsa_type_c_t0_v22
-290777528,f_cl_clo_awf_ph_2_4_t14_v1
-290693275,m_cl_clo_busm_s_1_10_t8_v1
-290607236,packed_mp_veh_mod_idx_s_1_v222
-290605559,vem_cmod_tyr_1_t32_v7
-290505687,wp_wct_c_tint_26_t2_v21_n2
-290490989,packed_mp_veh_mod_idx_8_v212
-290489432,f_cl_clo_x6f_u_26_3_t11_v1
-290483085,f_cl_clo_busf_f_0_6_t6_v1
-290275646,vem_smod4_whlv90_t66_v0
-290245854,m_ta_tat_bi_055_t0_v0_cesp
-290143553,f_cl_clo_l2f_u_7_11_t11_v1
-290056697,packed_mp_veh_mod_idx_s_0_v369
-289958080,packed_mp_veh_mod_idx_6_v164
-289894150,wp_wm_tint4_t2_v50
-289858352,packed_mp_veh_mod_idx_22_v143
-289831398,ve_marshall_n1_t1_v14
-289735200,packed_mp_veh_mod_idx_s_5_v150
-289667787,f_cl_l_fmf_8_12_t4_v0
-289664502,packed_mp_veh_mod_idx_s_22_v204
-289661519,f_cl_clo_h4f_decl_11_t100_v0
-289551198,packed_mp_veh_mod_idx_s_23_v356
-289402949,vem_smod_whlv95_t66_v3
-289340984,m_cl_clo_x6m_lw_0_0_t14_v1
-289306416,packed_lr_vehicle_colour_6_v294
-289218216,packed_mp_veh_mod_idx_24_v169
-289154812,f_cl_clo_fxf_pe_2_4_t14_v1
-289142919,packed_mp_veh_mod_idx_9_v125
-289111316,packed_lr_vehicle_colour_5_v230
-289017938,packed_mp_veh_mod_idx_s_18_v53
-288955637,vem_fender_r_0_t37_v27
-288849849,vem_supermod_6_5_t47_v6
-288778769,f_ta_tat_ar_003_t0_v0
-288770808,packed_mp_veh_mod_idx_12_v393
-288637175,vem_smod4_whlv28_t66_v1
-288583710,f_cl_clo_stf_o_e_5_t3_v12
-288529334,packed_mp_veh_mod_idx_s_3_v260
-288467553,m_cl_clo_valm_u_1_1_t11_v1
-288454641,m_cl_clo_awm_decl_100_t100_v0
-288391959,vem_insurance_seminole2
-288272788,vem_cmod_col5_15_t29_v1
-288253908,packed_mp_veh_mod_idx_7_v384
-288247023,m_cl_clo_ltsmb_1_3_t1_v1
-288102167,hangar_mod_lighting_12_t0_v0
-288057273,packed_mp_veh_mod_idx_s_18_v316
-287950477,packed_mp_veh_mod_idx_s_12_v308
-287897407,m_cl_clo_sum_u_15_19_t11_v1
-287827595,packed_mp_veh_mod_idx_s_9_v323
-287718762,vem_supermod_12_2_t53_v27
-287626745,packed_mp_veh_livery2_0_v17
-287588959,m_cl_clo_h4m_s_2_13_t8_v1
-287558298,vem_supermod_23_6_t64_v28
-287424365,vem_colour_1_mct_metallic_purple_t24_v33
-287414220,vem_suspension_2_t15_v32
-287396014,f_cl_clo_hst_f_a_1_t100_v0
-287335102,vem_smod2_whlv217_t66_v3
-287309573,fa_upgrade_meth_equip_0_t0_v0
-287306385,m_cl_clo_lxm_e_10_1_t14_v1
-287239393,m_cl_clo_h2m_f_5_9_t6_v1
-287172267,f_cl_clo_x2f_o_4_t3_v12
-287152834,f_cl_clo_bif_decl_35_t100_v0
-287152382,f_cl_clo_x6f_ph_2_20_t14_v1
-287123530,f_cl_clo_bbf_u_1_4_t8_v1
-287019908,vem_smod5_whlv131_t66_v3
-286946900,vem_colour_2_mct_classic_racing_green_t25_v3
-286945408,m_cl_clo_h4m_b_0_1_t1_v1
-286933658,m_cl_clo_hp_d_22_t8_v1
-286907515,packed_mp_veh_mod_idx_7_v328
-286901003,m_cl_clo_sbm_f_3_10_t6_v1
-286891378,vem_supermod_56_3_t56_v7
-286877430,packed_ng_vehicle_insurance_v90
-286818150,packed_mp_veh_colour2_0_v194
-286794073,vem_supermod_13_10_t54_v27
-286781912,ve_dominator3_t0_v3
-286719378,packed_ng_vehicle_neon_kit_v117
-286681380,vem_colour_1_mct_matte_red_t24_v2
-286675361,f_cl_clo_smf_b_0_1_t1_v1
-286674709,vem_musc_16_t19_v0
-286639340,packed_mp_veh_mod_idx_2_v370
-286612468,vem_loride_04_t19_v2
-286554470,packed_mp_veh_mod_idx_s_19_v331
-286473581,m_cl_clo_h3m_u_10_13_t11_v1
-286378026,packed_mp_veh_mod_idx_s_14_v235
-286268890,vem_colour_2_mct_metallic_purple_t25_v0
-286153693,vem_supermod_23_0_t64_v34
-285976307,packed_mp_veh_mod_idx_s_10_v232
-285958962,vem_truck_tint_3_t0_v0
-285931191,vem_insurance_cerberus
-285867221,m_cl_clo_s1m_u_7_7_t11_v1
-285823520,packed_mp_veh_mod_idx_12_v406
-285740236,m_cl_clo_awm_decl_35_t100_v0
-285729866,vem_rwd_hiend_14_t19_v3
-285712992,packed_mp_veh_mod_idx_s_22_v117
-285712107,f_cl_clo_hstf_o_l_0_t3_v12
-285625692,mp_stat_hangar_owned_v0
-285608878,m_cl_clo_scm_u_48_21_t11_v1
-285579193,packed_mp_veh_mod_idx_s_16_v413
-285558218,packed_mp_veh_mod_idx_12_v120
-285428595,packed_mp_veh_mod_idx_s_21_v193
-285398788,m_cl_clo_fxm_ph_1_8_t14_v1
-285385925,vem_hood_17_t9_v1
-285319514,packed_mp_veh_mod_idx_s_12_v100
-285313881,packed_mp_veh_mod_idx_s_1_v42
-285289464,m_cl_clo_indm_b_5_1_t1_v1
-285273879,vem_hiend_06_t19_v12
-285251279,m_cl_clo_x6m_f_5_14_t6_v1
-285221874,vem_horn_indi_1_t10_v34
-285210911,packed_mp_veh_mod_idx_9_v110
-285195854,f_cl_clo_x6f_f_6_22_t6_v1
-285181961,packed_mp_veh_mod_idx_s_22_v65
-285163366,packed_mp_veh_livery_0_v249
-285035270,f_cl_clo_scf_u_4_16_t11_v1
-284998288,packed_mp_veh_mod_idx_s_12_v355
-284932726,packed_mp_veh_window_tint_0_v177
-284878320,packed_mp_veh_mod_idx_s_22_v256
-284818510,packed_mp_veh_mod_idx_6_v315
-284813802,m_cl_clo_sum_b_3_14_t1_v1
-284617070,factory_index_5_t0_v0
-284601521,f_cl_clo_h4f_s_2_8_t8_v1
-284591343,m_cl_clo_bim_decl_38_t11_v1
-284404138,packed_mp_veh_mod_idx_s_4_v71
-284248778,packed_mp_veh_mod_idx_s_15_v352
-284203996,f_cl_clo_h2f_o_g_17_t3_v12
-284040321,f_cl_clo_indf_o_1_t8_v12
-283982748,packed_mp_veh_mod_idx_s_8_v52
-283972989,packed_mp_veh_colour_extra2_0_v33
-283888527,f_cl_clo_sbf_e_0_11_t14_v1
-283848249,packed_lr_vehicle_colour_6_v340
-283815533,m_ta_tat_hp_032_t0_v0
-283812307,wp_wm_tint2_t2_v98
-283520450,f_cl_clo_awf_decl_82_t100_v0
-283511737,packed_mp_veh_mod_idx_11_v216
-283441369,m_cl_clo_v2m_l_0_9_t4_v1
-283421576,m_cl_clo_bim_decl_3_t11_v1
-283386604,f_ha_cc_mkup_32_t7_v0
-283311889,vem_horn_cnote_b0_t10_v11
-283296500,f_cl_clo_grf_b_3_5_t1_v1
-283274060,f_cl_clo_trf_u_7_9_t11_v1
-283179484,vem_engine_2_t5_v26
-283106309,packed_mp_veh_colour_extra2_0_v120
-283065709,packed_mp_veh_secondary_colour_group_v34
-283043055,packed_mp_veh_mod_idx_s_17_v358
-283006921,vem_colour_2_mct_metallic_garnet_red_t25_v33
-282907770,vem_cmod_tyr_10_t18_v36
-282830206,vem_supermod_4_10_t45_v3
-282723715,m_cl_clo_vwm_u_15_1_t11_v1
-282720408,vem_supermod_1_15_t42_v27
-282661418,vem_supermod_45_12_t45_v7
-282649768,packed_mp_veh_mod_idx_s_22_v222
-282644739,f_cl_clo_grf_u_0_18_t11_v1
-282575274,packed_mp_veh_mod_idx_s_11_v112
-282459524,vem_cmod_neonlay_3_t21_v29
-282425709,packed_mp_veh_mod_idx_14_v135
-282413541,f_cl_clo_scf_l_0_14_t4_v1
-282271512,wp_wct_camo_5_t1_v5_n2
-282132079,packed_lr_vehicle_colour_5_v255
-281987312,wp_wm_tint6_t3_v4
-281853891,m_cl_clo_s1m_ph_0_0_t14_v1
-281705237,f_cl_clo_scf_d_11_0_t10_v1
-281680856,packed_mp_veh_mod_idx_s_7_v135
-281645185,vem_colour_1_mct_classic_diamond_blue_t24_v3
-281567062,vem_cmod_neoncol_0_t21_v35
-281535620,f_cl_clo_grf_l_3_4_t4_v1
-281493626,packed_mp_veh_mod_idx_s_13_v27
-281436979,packed_mp_veh_mod_var_0_v119
-281330968,vem_cmod_col5_23_t29_v2
-281284974,vem_colour_2_mct_classic_maple_brown_t25_v3
-281206235,f_cl_clo_smf_u_4_6_t11_v1
-281183787,f_cl_clo_scf_ey_0_6_t14_v1
-281171104,packed_mp_veh_livery2_0_v296
-281119882,packed_mp_veh_mod_idx_s_9_v202
-281111568,packed_mp_veh_wheel_type_0_v146
-281089248,mp_stat_mpsv_model_76
-281055435,packed_mp_veh_mod_idx_7_v34
-280999012,packed_mp_veh_mod_idx_s_13_v170
-280839556,vem_horn_hips1_t10_v31
-280805427,m_cl_clo_smm_ph_1_3_t14_v1
-280502559,packed_mp_veh_mod_idx_3_v99
-280473793,packed_mp_veh_mod_var_1_v208
-280467412,packed_mp_veh_mod_idx_s_13_v155
-280454263,packed_mp_veh_mod_idx_s_4_v157
-280431056,m_cl_clo_hst_e_2_0_t14_v1
-280428418,packed_mp_veh_mod_idx_4_v15
-280421155,f_cl_clo_h3f_b_16_2_t1_v1
-280394286,packed_mp_veh_plate_id_v143
-280385296,packed_mp_veh_livery_0_v170
-280381300,packed_mp_veh_mod_idx_10_v207
-280359196,f_cl_clo_smf_ph_3_23_t14_v1
-280344656,vem_insurance_windsor2
-280247266,m_cl_clo_fxm_u_2_3_t11_v1
-280219710,packed_mp_veh_mod_idx_10_v387
-280185068,m_cl_clo_x6m_f_3_17_t6_v1
-280183433,packed_mp_veh_mod_idx_s_1_v369
-280180829,vem_colour_1_mct_metallic_olive_green_t24_v3
-280162145,f_cl_clo_s1f_ph_0_23_t14_v1
-280115208,vem_horn_cnote_e0_t10_v32
-280010653,mt_snk_item3_t0_v1
-280006379,packed_mp_veh_mod_idx_15_v78
-279898018,packed_mp_veh_colour_extra2_0_v242
-279821973,wp_wm_tint6_t2_v54
-279792198,vem_colour_2_mct_classic_blue_silver_t25_v1
-279695409,vem_spoiler_0_t14_v32
-279654359,packed_mp_veh_primary_colour_group_v130
-279432431,packed_mp_veh_mod_idx_s_1_v201
-279430995,packed_mp_veh_mod_idx_10_v201
-279420667,m_ta_tat_bi_019_t0_v0_cesp
-279236119,packed_mp_veh_mod_idx_22_v41
-279153310,packed_mp_veh_mod_idx_s_6_v372
-279091206,packed_mp_veh_mod_idx_9_v372
-279089520,f_cl_clo_fxf_l_5_19_t4_v1
-279086706,m_cl_clo_awm_u_10_9_t11_v1
-279050302,packed_mp_veh_mod_idx_6_v346
-278998612,vem_supermod_19_8_t60_v27
-278912355,f_cl_clo_fxf_l_1_24_t4_v1
-278892295,m_cl_clo_sbm_e_0_3_t14_v1
-278875143,f_cl_u_fmf_13_4_t8_v0
-278835049,f_cl_clo_h2f_ph_210_t14_v1
-278771152,f_cl_clo_h4f_u_6_4_t11_v1
-278756076,packed_mp_veh_mod_idx_s_3_v371
-278728418,m_cl_clo_h3m_ph_5_5_t14_v1
-278670041,m_cl_clo_stm_ht1510_t14_v1
-278661411,m_cl_clo_bhm_u_2_9_t11_v1
-278661319,f_cl_clo_h3f_ph_6_15_t14_v1
-278632263,packed_mp_veh_mod_idx_6_v413
-278500680,ve_scarab3_t1_v38
-278494418,m_cl_outfit_clo_hstm_o_n_2_t12_v0
-278410047,packed_mp_veh_mod_idx_s_21_v215
-278330530,vem_supermod_1_4_t42_v38
-278329866,wp_wct_none_t1_v22_n2
-278111436,f_cl_clo_fxf_u_4_11_t11_v1
-278071162,f_cl_clo_bif_pw_0_0_t14_v1
-277956481,packed_mp_veh_mod_idx_s_12_v399
-277880301,packed_mp_veh_secondary_colour_group_v238
-277873833,f_cl_clo_awf_decl_36_t100_v0
-277832463,m_cl_clo_grm_u_15_20_t11_v1
-277758460,packed_mp_veh_livery_0_v335
-277716387,wp_wct_tint_10_t2_v56_n2
-277684914,f_cl_clo_bif_ht_8_4_t14_v1
-277586548,m_cl_clo_bim_decl_62_t10_v1
-277540825,wp_wct_camo_6_t1_v22_n2
-277509512,packed_ng_vehicle_neon_v29
-277477890,packed_mp_veh_mod_idx_s_16_v0
-277368316,m_cl_clo_h3m_o_clb_3_t3_v12
-277312525,m_cl_clo_bim_u_10_14_t11_v1
-277205122,m_cl_clo_sum_u_5_4_t11_v1
-277200963,packed_mp_veh_mod_idx_s_3_v92
-277197798,packed_mp_veh_mod_idx_8_v150
-277180142,vem_supermod_42_15_t42_v7
-277175723,packed_mp_veh_mod_idx_13_v341
-277091288,packed_mp_veh_mod_idx_13_v216
-277066319,m_cl_clo_bhm_u_12_4_t11_v1
-277051673,f_cl_clo_x6f_f_15_0_t6_v1
-276961717,vem_grill_3_t8_v26
-276878111,vem_cmod_hrn_trk_t10_v27
-276717848,vem_colour_2_mct_classic_bronze_t25_v0
-276628777,m_cl_clo_x3m_b_2_0_t1_v1
-276593542,packed_mp_veh_mod_idx_4_v4
-276565553,f_cl_clo_ief_b_10_12_t1_v1
-276442950,packed_mp_veh_mod_idx_6_v32
-276439657,packed_mp_veh_mod_idx_s_3_v298
-276406554,m_cl_clo_hstm_o_a_0_t8_v12
-276284630,packed_mp_veh_mod_idx_22_v230
-276277150,ve_zentorno_t0_v3
-276011648,packed_mp_veh_mod_idx_s_17_v150
-275955049,packed_mp_veh_mod_idx_s_12_v157
-275924808,packed_mp_veh_plate_id_v342
-275873777,m_cl_clo_scm_t_4_1_t7_v1
-275720587,m_cl_clo_sum_u_18_5_t11_v1
-275715068,f_cl_u_fmf_0_3_t8_v0
-275593828,packed_mp_veh_mod_idx_8_v398
-275525984,m_cl_clo_bhm_u_7_8_t11_v1
-275508503,packed_mp_veh_mod_idx_s_9_v311
-275462392,m_cl_clo_x2m_ht_5_6_t14_v1
-275449826,wp_wct_tint_1_t2_v21_n2
-275363763,m_cl_clo_grm_ph_2_11_t14_v1
-275302249,packed_mp_veh_mod_idx_12_v132
-275251402,vem_skirt_1_t13_v33
-275239232,packed_mp_veh_colour_extra1_0_v297
-275236239,f_ta_tat_sb_040_t0_v0
-275228143,packed_mp_veh_mod_idx_24_v300
-275055146,f_cl_clo_h3f_b_18_22_t1_v1
-274927726,packed_mp_veh_mod_idx_13_v225
-274879518,packed_mp_veh_mod_idx_s_7_v373
-274875823,packed_mp_veh_mod_idx_s_17_v76
-274756937,m_cl_clo_h4m_b_3_8_t1_v1
-274675991,vem_hiend_17_t19_v3
-274672500,f_cl_clo_bif_decl_8_t11_v1
-274649576,packed_mp_veh_mod_idx_18_v282
-274644366,packed_mp_veh_mod_idx_24_v223
-274556756,hangar_mod_lighting_19_t0_v0
-274480899,packed_lr_vehicle_colour_6_v369
-274237931,mp_stat_mpsv_model_29
-274221498,packed_mp_veh_mod_var_0_v31
-274213583,packed_mp_veh_mod_idx_s_5_v17
-274014584,m_cl_clo_h2m_b_9_7_t1_v1
-274000427,ve_marshall_t1_v4
-273995332,packed_mp_veh_mod_idx_22_v121
-273969977,packed_mp_veh_colour2_0_v298
-273913421,vem_supermod_13_23_t54_v3
-273831838,packed_mp_veh_mod_idx_7_v144
-273788593,f_cl_clo_grf_f_1_5_t6_v1
-273696050,vem_horn_xm15_3_t10_v3
-273668641,f_cl_clo_h4f_b_0_14_t1_v1
-273642692,m_cl_clo_smm_u_6_3_t11_v1
-273544495,vem_cmod_neonlay_6_t21_v1
-273514980,m_cl_clo_sbm_b_10_23_t1_v1
-273486784,f_cl_clo_arf_o_29_n0_t14_v12
-273458017,m_cl_clo_grm_u_15_18_t11_v1
-273384227,vem_hlight_1_t11_v11
-273363891,m_cl_l_fmm_7_2_t4_v0
-273289223,m_cl_clo_x6m_f_12_8_t6_v1
-273223406,wp_wct_c_tint_10_t2_v8_n2
-273202494,packed_mp_veh_mod_idx_2_v187
-273193288,f_cl_clo_h3f_o_bs_1_t8_v12
-273179165,packed_ng_vehicle_insurance_v400
-273105057,m_cl_clo_vwm_b_3_0_t1_v1
-273061388,dec_vw_aw_wh_30
-272995541,vem_loride_12_t19_v12
-272907660,packed_mp_veh_mod_idx_s_20_v367
-272859115,packed_mp_veh_mod_idx_s_13_v270
-272806909,packed_mp_veh_mod_idx_2_v290
-272723436,f_cl_clo_h3f_ph_6_7_t14_v1
-272560208,vem_exhaust_11_t6_v35
-272557330,ve_rloader2_t1_v2
-272514232,vem_smod4_whlv50_t66_v2
-272513330,m_cl_clo_bhm_u_16_2_t11_v1
-272500999,vem_supermod_22_4_t63_v27
-272371911,f_cl_clo_x6f_f_4_3_t6_v1
-272213133,f_cl_clo_bhf_decl_28_t11_v1
-272151604,f_cl_clo_h3f_u_9_12_t11_v1
-272125124,f_cl_outfit_clo_awf_o_b_14_t12_v0
-272115436,mba_floor0_6_t0_v1
-271990595,packed_mp_veh_mod_idx_12_v231
-271987237,packed_lr_vehicle_colour_6_v213
-271893354,packed_mp_veh_mod_idx_2_v379
-271644370,m_cl_clo_h2m_o_g_8_t3_v12
-271339147,m_cl_clo_h4m_ph_2_2_t14_v1
-271132336,vem_hiend_03_t19_v2
-271111257,packed_mp_veh_colour1_0_v21
-270891443,vem_colour_extra_1_mct_classic_racing_green_t24_v4
-270881878,f_ha_cc_mkup_69_t5_v0
-270745558,f_cl_clo_exf_decl_3_t11_v1
-270657373,m_cl_l_fmm_7_1_t4_v0
-270617053,vem_bumper_r_11_t35_v33
-270580398,m_cl_g_fmm_7_2_t14_v0
-270536796,packed_lr_vehicle_colour_5_v380
-270371051,vem_colour_extra_1_mct_metallic_garnet_red_t24_v4
-270232318,packed_mp_veh_mod_idx_0_v47
-270196549,packed_mp_veh_plate_id_v374
-270034813,m_cl_clo_hp_l_1_1_t4_v1
-269929955,packed_mp_veh_mod_idx_12_v45
-269887944,packed_mp_veh_mod_idx_24_v341
-269760260,packed_mp_veh_livery_0_v121
-269715327,f_cl_clo_x6f_u_12_8_t11_v1
-269365795,vem_horn_hween1_t10_v31
-269268630,vem_cmod_col5_17_t29_v4
-269246368,f_cl_clo_sbf_u_22_16_t11_v1
-269237649,casino_heist_vehicle_upgrade_v3
-269214542,m_cl_clo_smm_ph_0_19_t14_v1
-269193613,packed_mp_veh_mod_idx_s_9_v155
-269137925,m_cl_clo_sbm_u_9_10_t11_v1
-269137701,vem_engine_3_t5_v27
-269070058,m_cl_sp_fmm_3_2_t8_v0
-269012071,packed_mp_veh_mod_idx_12_v55
-268962571,m_cl_clo_bim_l_2_3_t4_v1
-268863956,f_cl_clo_grf_ph_3_25_t14_v1
-268862770,m_cl_clo_bhm_f_1_18_t6_v1
-268769067,packed_mp_veh_mod_idx_s_3_v244
-268743741,f_cl_clo_ief_u_4_19_t11_v1
-268738129,packed_mp_veh_mod_idx_s_2_v59
-268735501,f_ha_cc_mkup_36_t7_v1
-268718087,packed_mp_veh_mod_idx_10_v396
-268612467,wp_ps_bag_32_t1_v33
-268604611,m_cl_clo_x6m_ph_1023_t14_v1
-268418854,f_cl_clo_smf_u_2_15_t11_v1
-268388799,m_cl_clo_bhm_decl_12_t100_v0
-268327763,m_cl_clo_hstm_t_1_12_t7_v1
-268198916,m_cl_clo_exm_g_15_10_t14_v0
-267943149,m_cl_clo_grm_ph_2_6_t14_v1
-267917560,m_cl_clo_fxm_l_3_16_t4_v1
-267886543,vem_colour_extra_1_mct_metallic_orange_t24_v1
-267866207,m_cl_clo_h2m_f_3_19_t6_v1
-267719605,packed_mp_veh_mod_idx_5_v261
-267629041,wp_wct_c_tint_12_t2_v48_n2
-267588657,packed_mp_veh_mod_idx_15_v268
-267570282,m_cl_clo_s2m_t_2_1_t7_v1
-267506733,vem_supermod_12_9_t53_v26
-267444925,vem_supermod_3_25_t44_v27
-267415277,vem_armour_5_t1_v2
-267376213,packed_mp_veh_mod_idx_s_17_v393
-267344815,m_ta_tat_st_006_t0_v0
-267289933,f_cl_clo_x6f_l_7_3_t4_v1
-267271868,packed_ng_vehicle_bpt_v179
-267263592,vem_smod_whl24_t19_v3
-267195577,f_cl_clo_hp_f_l_2_5_t4_v1
-267132778,f_cl_clo_h2f_f_5_7_t6_v1
-266977903,f_cl_clo_bhf_u_20_3_t11_v1
-266921166,f_cl_clo_grf_ph_5_1_t14_v1
-266868107,packed_mp_veh_colour_extra2_0_v47
-266718833,packed_mp_veh_mod_idx_s_16_v177
-266718027,m_cl_clo_iem_u_17_17_t11_v1_cesp
-266686151,packed_mp_veh_mod_idx_s_20_v196
-266683641,packed_mp_veh_mod_idx_s_4_v302
-266613156,packed_mp_veh_mod_idx_s_20_v388
-266558431,packed_mp_veh_mod_idx_18_v350
-266483128,vem_horn_cnote_a0_t10_v36
-266471754,m_cl_clo_h4m_s_2_0_t8_v1
-266386647,hangar_mod_colour_8_t0_v0
-266382506,vem_rwd_spt_18_t19_v1
-266377528,vem_supermod_23_26_n1_t64_v33
-266369312,vem_cmod_col5_34_t29_v0
-266103347,f_cl_clo_l2f_o_1_t8_v12
-265947478,packed_ng_vehicle_bpt_v82
-265858192,vem_supermod_23_40_n1_t64_v3
-265803699,packed_mp_veh_mod_idx_10_v145
-265744493,packed_mp_veh_colour1_0_v285
-265687931,packed_mp_veh_mod_idx_s_2_v319
-265597972,packed_mp_veh_mod_idx_5_v42
-265562841,f_cl_clo_h2f_b_8_8_t1_v1
-265552846,f_cl_u_fmf_14_11_t11_v0
-265466926,packed_mp_veh_window_tint_0_v382
-265344493,vem_colour_extra_1_mct_classic_dark_blue_t24_v2
-265300077,packed_ng_vehicle_neon_v383
-265238489,f_cl_clo_fxf_pe_4_3_t14_v1
-265229427,packed_mp_veh_mod_idx_s_17_v199
-265201577,packed_mp_veh_mod_idx_2_v237
-265181786,m_cl_clo_trm_u_5_4_t11_v1
-265055776,m_cl_clo_h4m_b_0_20_t1_v1
-265045189,m_cl_clo_bhm_u_5_10_t11_v1
-264937113,vem_supermod_4_4_t45_v26
-264911736,packed_mp_veh_mod_idx_s_3_v46
-264862129,f_ta_tat_x6_026_t0_v0
-264787969,vem_colour_2_mct_classic_sunrise_orange_t25_v1
-264770966,packed_mp_veh_colour_extra2_0_v391
-264687656,vem_smod_whlv142_t66_v0
-264580667,m_cl_clo_indm_b_3_0_t1_v1
-264331053,packed_mp_veh_mod_idx_s_18_v368
-264276511,m_ta_tat_gr_027_t0_v0
-264263246,packed_mp_veh_mod_idx_s_7_v383
-264219904,f_cl_clo_vwf_u_18_5_t11_v1
-264214609,m_cl_clo_vwm_u_21_25_t11_v1
-264078888,vem_suspension_0_t15_v4
-263857295,f_cl_clo_awf_b_2_13_t1_v1
-263764965,packed_ng_vehicle_neon_v270
-263735645,m_cl_clo_hp_l_2_12_t4_v1
-263684112,vem_supermod_23_35_n1_t64_v3
-263654592,packed_mp_veh_mod_idx_s_6_v250
-263639024,m_cl_clo_smm_f_0_3_t6_v1
-263455440,m_cl_clo_vem_dec_43_t11_v1
-263436979,f_cl_clo_sbf_u_22_0_t11_v1
-263436809,packed_mp_veh_mod_idx_6_v53
-263429055,packed_mp_veh_mod_idx_s_13_v84
-263393633,vem_drft_13_t19_v1
-263326163,packed_mp_veh_primary_colour_group_v75
-263278115,m_cl_clo_fxm_ph_0_12_t14_v1
-263260424,packed_ng_vehicle_bpt_v80
-263218427,f_cl_clo_fxf_pe_1_1_t14_v1
-263215940,packed_mp_veh_mod_idx_8_v114
-263182212,f_cl_clo_vwf_u_16_9_t11_v1
-263020777,m_ta_tat_bb_028_t0_v0
-262972307,f_cl_clo_grf_u_23_8_t11_v1
-262945955,wp_wct_camo_2_t1_v1_n2
-262938254,f_cl_clo_h3f_b_19_3_t1_v1
-262930889,m_cl_clo_sum_u_0_3_t11_v1
-262713155,packed_mp_veh_wheel_type_0_v99
-262634991,vem_colour_2_mct_matte_dark_blue_t25_v33
-262543008,packed_mp_veh_mod_idx_6_v406
-262512436,packed_mp_veh_mod_idx_3_v179
-262465025,packed_mp_veh_mod_idx_6_v138
-262421595,packed_mp_veh_mod_idx_3_v71
-262401209,m_cl_clo_grm_f_0_0_t6_v1
-262306692,vem_fender_r_7_t37_v38
-262201840,vem_supermod_51_22_t51_v7
-262152332,packed_mp_veh_mod_idx_2_v126
-262114253,vem_insurance_neon
-262112336,packed_lr_vehicle_colour_5_v204
-262109818,f_cl_clo_h4f_decl_46_t100_v0
-262088614,vem_spoiler_1_t14_v27
-262082256,vem_supermod_13_0_t54_v26
-261933521,vem_trans_0_t16_v1
-261871587,packed_mp_veh_colour1_0_v330
-261866470,ve_mule4_t0_v0
-261841187,f_cl_clo_s2f_f_1_6_t6_v1
-261823926,vem_supermod_4_22_t45_v3
-261769992,packed_mp_veh_window_tint_0_v298
-261679408,m_ta_tat_vw_017_t0_v0
-261578368,f_cl_clo_lxf_dec_1_t100_v0
-261408664,f_cl_f_fmf_1_1_t6_v0
-261357430,m_cl_clo_bhm_decl_41_t100_v0
-261309694,packed_mp_veh_mod_idx_s_3_v33
-261118770,f_cl_clo_x6f_u_24_8_t11_v1
-260968935,f_cl_clo_indf_d_26_t8_v1
-260854462,packed_mp_veh_mod_idx_s_7_v21
-260837126,packed_mp_veh_mod_idx_22_v358
-260797406,vem_supermod_12_12_t53_v27
-260738469,packed_mp_veh_colour_extra1_0_v188
-260604453,f_ta_tat_lx_007_t0_v0
-260547390,vem_colour_mct_none_36
-260473973,packed_mp_veh_mod_idx_1_v370
-260408008,vem_horn_lowrder2_t10_v0
-260405375,vem_spt_01_t19_v0
-260307629,f_cl_clo_fxf_ph_0_20_t14_v1
-260304111,packed_mp_veh_mod_idx_9_v184
-260221685,m_cl_clo_bim_u_10_4_t11_v1
-260201613,packed_mp_veh_mod_idx_13_v338
-260133410,packed_mp_veh_livery2_0_v290
-260083413,mp_stat_ie_wh_owned_vehicle_30_v0
-260047713,vem_hood_2_t9_v29
-260016577,packed_mp_veh_mod_var_1_v380
-259999662,vem_rwd_offr_03_t19_v2
-259986090,packed_mp_veh_mod_idx_13_v98
-259950121,f_cl_clo_v2f_f_1_10_t6_v1
-259874201,packed_mp_veh_mod_idx_s_18_v370
-259658760,m_cl_clo_vwm_b_11_1_t1_v1
-259605837,m_cl_clo_vwm_decl_13_t100_v0
-259425028,vem_colour_2_mct_metallic_bright_purple_t25_v1
-259170268,vem_hiend_15_t19_v3
-259140408,mp_stat_businesshub_mod_5_v0
-259119347,packed_mp_veh_mod_idx_3_v366
-259056631,vem_smod5_whl_3_t19_v3
-259035185,m_cl_clo_exm_eu_8_2_t11_v1
-258748692,f_cl_clo_h4f_decl_45_t11_v1
-258665127,packed_mp_veh_mod_idx_1_v126
-258614237,m_cl_clo_h3m_u_9_7_t11_v1
-258556752,m_cl_clo_smm_u_2_5_t11_v1
-258528202,packed_mp_veh_mod_idx_15_v118
-258500578,fixer_hq_wal_5_t0_v0
-258365762,m_cl_clo_exm_eu_1_0_t11_v1
-258347067,f_cl_clo_bus_f_o_25_t3_v12
-258144492,f_cl_cu_sum23_clothe_t3_v12
-258110402,fcarcade_wall_5_t0_v0
-258090749,m_cl_clo_grm_g_1_0_t3_v1
-258023656,packed_mp_veh_mod_idx_s_2_v214
-257974499,m_cl_outfit_clo_h3m_o_dh_24_t12_v0
-257893260,mp_stat_hangar_lighting_v0
-257735714,m_cl_clo_l2m_dec_23_t11_v1
-257711667,wp_wt_wrench_t1_v0
-257668094,vem_supermod_14_12_t55_v38
-257660473,f_cl_clo_sbf_f_0_10_t6_v1
-257607687,vem_colour_5_umber_brown_t38_v3
-257558113,packed_mp_veh_mod_idx_11_v232
-257462975,vem_insurance_ellie
-257429965,m_cl_clo_bhm_decl_60_t100_v0
-257319827,f_cl_clo_trf_u_13_2_t11_v1
-257307226,vem_supermod_62_16_t62_v7
-257290925,f_cl_clo_x6f_u_1_4_t11_v1
-257197116,f_cl_clo_bif_ph_11_2_t14_v1
-257099574,wp_wct_tint_11_t2_v70_n2
-257062787,f_cl_clo_trf_o_r4_t3_v12
-256948994,wp_wct_c_tint_10_t2_v22_n2
-256921167,vem_bumper_r_15_t35_v28
-256890455,packed_mp_veh_colour1_0_v366
-256885704,wp_wm_tint3_t2_v89
-256811385,f_cl_clo_hstf_u_0_0_t11_v1
-256773995,packed_mp_veh_mod_idx_15_v237
-256764535,f_cl_clo_vwf_u_15_22_t11_v1
-256739622,packed_mp_veh_mod_idx_s_6_v388
-256711049,vem_racecar_whl18_t19_v3
-256624973,packed_mp_veh_wheel_type_0_v17
-256614769,vem_rwd_hiend_12_t19_v3
-256604304,m_cl_clo_awm_l_1_1_t4_v1
-256598758,vem_fender_l_11_t36_v35
-256594313,m_cl_outfit_clo_awm_o_c_2_t12_v0
-256575564,f_cl_clo_x6f_t_6_2_t7_v1
-256477559,vem_colour_2_mct_metallic_cream_t25_v3
-256444150,packed_mp_veh_mod_idx_s_22_v404
-256376139,dec_vw_aw_mt_17b
-256370704,vem_chassis_0_t4_v37
-256320867,f_cl_clo_h3f_o_jan_3_t11_v12
-256254435,f_cl_clo_awf_o_b_3_t8_v12
-256220083,packed_mp_veh_colour_extra1_0_v204
-256163096,f_cl_clo_l2f_dec_18_t100_v0
-256126871,packed_mp_veh_wheel_type_0_v7
-256020834,m_cl_outfit_clo_awm_o_h_6_t12_v0
-255996092,packed_mp_veh_livery_0_v324
-255869889,vem_bumper_f_11_t34_v6
-255704268,packed_mp_veh_mod_idx_24_v248
-255663363,vem_rwd_drft_18_t19_v1
-255621958,f_cl_clo_trf_u_9_15_t11_v1
-255554354,f_cl_clo_h4f_decl_13_t100_v0
-255495506,wp_wct_c_tint_11_t2_v5_n2
-255453341,packed_mp_veh_mod_idx_22_v1
-255309888,vem_colour_2_mct_metallic_petrol_green_t25_v2
-255226492,packed_mp_veh_mod_var_1_v196
-255200445,vem_horn_cnote_g0_t10_v6
-255108071,m_cl_clo_bhm_u_6_2_t11_v1
-255096048,m_cl_l_fmm_6_0_t4_v0
-255094802,vem_colour_2_mct_matte_matte_dirt_t25_v4
-255085880,m_cl_clo_grm_b_2_0_t1_v1
-255077644,packed_mp_veh_mod_idx_s_5_v5
-254974046,vem_bumper_f_4_t34_v6
-254906581,vem_chassis_29_t4_v35
-254816714,packed_mp_veh_mod_idx_s_23_v373
-254809187,vem_grill_16_t8_v3
-254772106,packed_mp_veh_mod_idx_4_v280
-254704268,f_cl_clo_bif_u_31_4_t11_v1
-254650030,m_cl_clo_sbm_b_10_13_t1_v1
-254649820,f_cl_clo_awf_u_7_8_t11_v1
-254621719,packed_mp_veh_mod_idx_s_8_v210
-254566351,vem_roof_3_t12_v0
-254313104,m_ha_clo_s1m_h_2_0_t0_v1
-254149643,m_cl_clo_vwm_u_10_12_t11_v1
-254138540,f_ta_tat_fx_012_t0_v0
-254133666,packed_mp_veh_mod_idx_s_13_v334
-254103591,f_cl_clo_h2f_f_5_11_t6_v1
-254068725,packed_mp_veh_mod_idx_12_v384
-254044173,vem_rwd_offr_08_t19_v2
-253940313,packed_mp_veh_mod_idx_8_v126
-253860868,packed_mp_veh_mod_idx_s_17_v115
-253845875,packed_mp_veh_colour_extra2_0_v251
-253820369,packed_mp_veh_mod_idx_s_19_v108
-253811924,vem_supermod_23_8_t64_v38
-253785464,m_cl_clo_bhm_u_11_5_t11_v1
-253767391,f_cl_clo_smf_decl_17_t100_v0
-253715714,vem_supermod_3_1_t44_v11
-253688457,vem_colour_2_mct_matte_matte_foil_t25_v0
-253676305,wp_gsa_type_c_t0_v53
-253529412,vem_colour_2_mct_metals_br_aluminium_t25_v3
-253489848,m_cl_clo_stm_o_0_t3_v12_cesp
-253476947,vem_supermod_21_0_t62_v11
-253371873,f_cl_clo_ief_u_4_10_t11_v1
-253352811,f_cl_clo_hp_f_f_0_3_t6_v1
-253262603,vem_supermod_8_15_t49_v26
-253243016,f_cl_clo_hp_f_d_28_t8_v1
-253235972,vem_supermod_18_7_t59_v3
-253171323,f_cl_outfit_clo_arf_o_19_t12_v0
-253158755,packed_mp_veh_mod_idx_11_v99
-253158203,packed_mp_veh_mod_idx_1_v104
-253141348,packed_mp_veh_mod_idx_s_14_v378
-253121076,m_cl_clo_l2m_t_13_4_t7_v1
-253056386,m_ha_cc_eyebrw_0_t2_v0
-252951313,packed_mp_veh_secondary_colour_group_v387
-252929193,packed_ng_vehicle_bpt_v232
-252901541,packed_mp_veh_mod_idx_s_0_v171
-252886092,m_cl_clo_trm_u_15_6_t11_v1
-252580883,vem_trans_3_t16_v34
-252533460,packed_ng_vehicle_neon_kit_v372
-252396963,f_cl_clo_suf_u_19_3_t11_v1
-252144892,f_cl_clo_h3f_o_jan_5_t11_v12
-252074158,packed_mp_veh_mod_idx_13_v303
-251876768,vem_bikew_25_t19_v3
-251872054,vem_colour_1_mct_metallic_salmon_pink_t24_v4
-251849520,packed_mp_veh_mod_idx_s_14_v143
-251808431,packed_mp_veh_mod_idx_s_23_v175
-251783414,packed_mp_veh_mod_idx_s_18_v344
-251742293,packed_mp_veh_mod_idx_7_v211
-251679665,f_cl_clo_suf_decl_7_t11_v1
-251582616,f_cl_clo_h3f_b_18_4_t1_v1
-251489345,m_cl_l_fmm_15_14_t4_v0
-251474463,packed_mp_veh_wheel_type_0_v355
-251420978,packed_mp_veh_mod_idx_s_23_v215
-251347705,packed_lr_vehicle_colour_6_v382
-251291538,packed_mp_veh_mod_idx_s_2_v143
-251287605,packed_mp_veh_mod_idx_11_v170
-251234754,f_cl_clo_grf_u_13_7_t11_v1
-251223018,m_cl_clo_trm_o_r7_t3_v12
-251190003,f_cl_clo_awf_f_0_0_t6_v1
-251158948,m_cl_clo_trm_u_19_8_t11_v1
-251087555,packed_mp_veh_colour_extra1_0_v281
-251047207,vem_colour_1_mct_metallic_beechwood_brown_t24_v3
-251027307,vem_roof_3_t12_v4
-250993388,packed_mp_veh_mod_idx_s_10_v388
-250981055,f_cl_clo_x5f_o_a_1_t3_v12
-250890194,vem_horn_clas3_t10_v37
-250741281,vem_colour_2_mct_metallic_umber_brown_t25_v2
-250732091,vem_supermod_58_7_t58_v7
-250727439,packed_mp_veh_mod_idx_24_v57
-250607923,packed_mp_veh_colour1_0_v295
-250583769,f_cl_clo_x6f_l_8_6_t4_v1
-250549769,vem_horn_clas3_t10_v6
-250515390,packed_mp_veh_mod_idx_23_v328
-250285824,m_cl_clo_vwm_b_7_0_t1_v1
-250261229,packed_mp_veh_livery_0_v317
-250212945,m_cl_clo_s1m_dec_24_t100_v0
-250176634,packed_mp_veh_mod_idx_7_v372
-250127513,vem_smod2_whlv160_t66_v3
-250111429,f_cl_clo_s2f_t_0_0_t7_v1
-250057421,f_cl_clo_scf_b_0_2_t1_v1
-250003500,packed_lr_vehicle_colour_6_v397
-249946681,f_cl_clo_busf_u_2_11_t8_v2
-249941060,packed_mp_veh_mod_idx_s_11_v46
-249895008,vem_rwd_drft_04_t19_v3
-249873544,wp_wt_gnade_stk_t2_v2
-249847112,vem_colour_1_mct_matte_matte_for_t24_v0
-249738545,vem_cmod_hrn_sad_t10_v31
-249728203,packed_mp_veh_mod_idx_s_10_v160
-249674526,f_cl_clo_s2f_u_4_9_t11_v1
-249663454,wp_wm_tint4_t2_v27
-249539421,m_cl_clo_bim_ht_8_9_t14_v1
-249523228,vem_rwd_suv_13_t19_v0
-249495108,f_cl_clo_h2f_f_3_0_t6_v1
-249407278,packed_mp_veh_colour1_0_v166
-249407241,f_cl_clo_h3f_s_1_7_t8_v1
-249339286,vem_supermod_3_38_t44_v3
-249315950,f_ta_tat_bi_032_t0_v0
-249271129,packed_ng_vehicle_bpt_v388
-249244673,packed_mp_veh_mod_idx_s_22_v383
-249232049,f_cl_clo_sbf_u_14_8_t11_v1
-249188472,m_cl_clo_x4m_u_10_3_t11_v1
-249141028,m_cl_clo_x6m_l_0_18_t4_v1
-249084484,m_cl_clo_s2m_d_4_t11_v1
-249010863,f_cl_clo_smf_b_8_20_t1_v1
-248900795,packed_mp_veh_colour2_0_v93
-248723606,packed_ng_vehicle_neon_v253
-248633733,packed_mp_veh_mod_idx_s_0_v265
-248557477,wp_wct_c_tint_26_t2_v56_n2
-248401568,packed_mp_veh_livery_0_v135
-248357143,vem_smod4_whl_26_t19_v3
-248294225,packed_mp_veh_mod_idx_s_1_v400
-248282413,f_cl_clo_awf_l_0_4_t4_v1
-248184028,vem_musc_17_t19_v1
-247941033,packed_mp_veh_mod_idx_13_v199
-247808949,m_cl_clo_x6m_f_3_16_t6_v1
-247742549,m_cl_clo_apm_u_1_6_t11_v1
-247701558,vem_horn_cnote_f0_t10_v28
-247509529,m_cl_clo_h2m_s_9_11_t8_v1
-247461185,packed_mp_veh_mod_idx_s_11_v374
-247391535,packed_mp_veh_mod_idx_s_21_v19
-247385266,packed_mp_veh_secondary_colour_group_v251
-247311223,vem_smod4_whlv160_t66_v1
-247263102,f_cl_u_fmf_13_3_t11_v0
-247218001,f_cl_clo_suf_u_19_17_t11_v1
-247213241,m_cl_clo_smm_ph_0_7_t14_v1
-247157675,f_cl_outfit_clo_hstf_o_m_1_t12_v0
-247142215,packed_mp_veh_mod_idx_s_5_v368
-247050055,f_cl_clo_h3f_ph_5_2_t14_v1
-246895852,f_cl_clo_x6f_rw_1_3_t14_v1
-246804896,packed_mp_veh_mod_idx_8_v0
-246728165,packed_mp_veh_mod_idx_5_v39
-246620812,vem_colour_1_mct_matte_matte_dirt_t24_v0
-246581367,f_cl_clo_xmasf_u_1_0_t11_v1
-246369936,vem_colour_extra_1_mct_classic_olive_green_t24_v0
-246293340,vem_supermod_3_11_t44_v11
-246268269,f_cl_clo_exf_ob_3_t3_v12
-245965253,wp_wt_poolcue_t1_v0
-245883845,vem_smod2_whlv64_t66_v3
-245875927,wp_wt_dbshgn_t0_v0
-245804233,packed_mp_veh_mod_idx_24_v353
-245723995,f_cl_clo_smf_b_4_10_t1_v1
-245691658,f_cl_clo_grf_u_19_4_t11_v1
-245683045,f_cl_clo_scf_l_13_10_t4_v1
-245591834,f_cl_clo_grf_u_9_15_t11_v1
-245260210,m_cl_clo_awm_decl_28_t100_v0
-245250456,packed_mp_veh_livery_0_v370
-245248935,packed_mp_veh_mod_idx_2_v61
-245127885,m_cl_clo_grm_ph_5_21_t14_v1
-245017595,packed_mp_veh_mod_idx_23_v55
-244985941,packed_mp_veh_mod_idx_s_12_v205
-244977790,f_ta_tat_bi_011_t0_v0_cesp
-244941774,packed_mp_veh_plate_id_v298
-244936606,vem_colour_2_mct_metallic_rolled_steel_t25_v33
-244830500,packed_mp_veh_mod_var_0_v280
-244807980,f_cl_clo_awf_decl_14_t100_v0
-244767063,f_cl_clo_grf_u_15_7_t8_v2
-244766136,vem_insurance_panto
-244726675,m_cl_clo_sum_u_15_9_t11_v1
-244707047,packed_mp_veh_mod_idx_5_v316
-244687183,vem_supermod_7_6_t48_v28
-244657246,vem_insurance_serrano
-244441496,packed_lr_vehicle_colour_6_v267
-244387309,f_cl_l_fmf_3_4_t4_v0
-244375217,f_cl_clo_suf_g_1_5_t3_v1
-244364397,packed_mp_veh_mod_idx_s_15_v323
-244162456,packed_mp_veh_mod_idx_16_v319
-244155284,m_cl_clo_smm_b_8_18_t1_v1
-244153955,packed_mp_veh_colour2_0_v242
-244150136,packed_mp_veh_mod_idx_s_19_v379
-244031959,packed_mp_veh_colour_extra1_0_v148
-244015304,packed_mp_veh_mod_idx_s_8_v132
-243887479,packed_mp_veh_mod_idx_14_v341
-243881687,packed_mp_veh_mod_idx_15_v392
-243783545,packed_ng_vehicle_neon_kit_v391
-243640502,packed_mp_veh_mod_idx_s_9_v298
-243612736,pr_pm_modshop_9_t87_v0
-243490448,f_cl_clo_grf_l_2_19_t4_v1
-243232168,packed_mp_veh_mod_idx_1_v203
-243166514,packed_ng_vehicle_smoke_v287
-243112329,f_cl_clo_sbf_ph_6_4_t14_v1
-243071985,vem_smod4_whlv207_t66_v0
-242944612,ve_furia_t1_v3
-242908928,vem_colour_1_mct_classic_torino_red_t24_v3
-242898430,packed_mp_veh_mod_idx_s_11_v387
-242772891,f_cl_clo_x6f_o_o_14_t3_v12
-242736146,f_cl_clo_suf_decl_3_t11_v1
-242677602,m_cl_clo_h3m_o_jan_2_t4_v12
-242665188,vem_rwd_musc_13_t19_v2
-242575407,pr_mp_prop_5_t0_v0
-242502612,f_cl_clo_exf_eu_1613_t11_v1
-242452427,vem_supermod_41_7_t41_v7
-242259553,packed_mp_veh_mod_idx_s_7_v189
-242236364,vem_cmod_neonlay_3_t21_v6
-241927352,vem_cmod_neoncol_2_t21_v1
-241867476,f_cl_clo_h4f_u_2_2_t11_v1
-241844019,packed_lr_vehicle_colour_6_v399
-241800232,packed_mp_veh_mod_idx_s_11_v0
-241763728,packed_mp_veh_colour_extra2_0_v351
-241757846,packed_mp_veh_mod_idx_23_v142
-241693610,packed_mp_veh_mod_idx_14_v147
-241674505,vem_engine_4_t5_v6
-241671707,m_cl_clo_l2m_t_7_0_t7_v1
-241663698,ve_chernobog_t0_v33
-241587501,vem_colour_extra_1_mct_metals_br_aluminium_t24_v33
-241504824,wp_wct_supp_t1_v9
-241504500,m_cl_clo_bim_decl_9_t100_v0
-241464007,packed_mp_veh_mod_idx_6_v350
-241462669,m_cl_sp_fmm_10_6_t8_v0
-241330225,m_cl_clo_awm_u_9_18_t11_v1
-241204060,m_cl_clo_arm_ph_0_0_t14_v1
-241185859,packed_mp_veh_colour1_0_v196
-241173773,m_cl_clo_x6m_f_0_3_t6_v1
-241113714,f_cl_clo_h3f_ph_6_11_t14_v1
-241061892,vem_cmod_col5_20_t29_v3
-241040597,wp_wct_c_tint_18_t2_v70_n2
-240972187,packed_mp_veh_mod_idx_s_19_v392
-240956314,vem_horn_indi_4_t10_v6
-240945084,m_cl_clo_h3m_u_9_18_t11_v1
-240846852,m_cl_clo_h3m_l_4_10_t4_v1
-240836216,packed_mp_veh_mod_idx_s_1_v357
-240818470,m_cl_clo_val_decl_t_t8_v1
-240798152,m_cl_clo_lxm_t_10_0_t7_v1
-240771263,pm_weapon_discount_gun_van_0_9
-240634697,f_cl_clo_x6f_ph_0_8_t14_v1
-240592033,vem_smod_whlv36_t66_v0
-240496796,vem_supermod_11_19_t52_v3
-240455236,vem_horn_clas4_t10_v7
-240329784,packed_mp_veh_mod_idx_s_2_v206
-240239510,f_cl_clo_h3f_b_14_24_t1_v1
-240143649,packed_ng_vehicle_neon_kit_v413
-239990845,packed_mp_veh_mod_idx_1_v228
-239888995,service_earn_ambient_job_gang_convoy
-239868048,ve_blimp3_n1_t1_v2
-239848621,packed_mp_veh_mod_idx_s_7_v13
-239821210,packed_mp_veh_mod_idx_18_v53
-239820170,f_cl_clo_fxf_decl_0_t100_v0
-239819354,vem_supermod_1_0_t42_v38
-239788603,vem_horn_cnote_g0_t10_v32
-239751419,m_cl_clo_grm_decl_12_t11_v1
-239732157,packed_lr_vehicle_colour_5_v272
-239703546,m_cl_clo_x6m_u_26_20_t11_v1
-239627405,f_cl_outfit_clo_hp_f_o_8_t12_v0
-239552775,vem_colour_2_mct_classic_dark_silver_t25_v33
-239342831,f_cl_clo_sbf_l_4_7_t4_v1
-239308415,f_cl_clo_hp_f_d_4_t8_v1
-239277261,m_cl_clo_x4m_u_11_7_t11_v1
-239277029,vem_supermod_0_9_t41_v11
-239224438,vem_horn_clas3_t10_v33
-239200744,vem_colour_1_mct_metallic_bison_brown_t24_v3
-239164505,f_ha_cc_eyebrw_6_t2_v1
-239146416,m_cl_g_fmm_10_3_t14_v0
-239094044,f_cl_clo_vwf_u_20_17_t11_v1
-239052839,packed_lr_vehicle_colour_5_v312
-238998243,packed_mp_veh_mod_idx_s_0_v214
-238952748,f_cl_clo_indf_g_0_0_t14_v1
-238855015,vem_colour_extra_1_mct_pearlescent_saddle_brown_t24_v1
-238784902,packed_mp_veh_mod_idx_s_16_v84
-238641619,packed_mp_veh_mod_idx_14_v364
-238620588,packed_mp_veh_colour_extra1_0_v318
-238533099,m_cl_clo_h4m_o_l1_m3_t3_v12
-238523792,wp_wct_barr_t1_v56_n2
-238181463,m_cl_clo_x6m_u_1_10_t11_v1
-238169690,m_cl_clo_h3m_o_pr_4_t3_v12
-238142427,vem_colour_extra_1_mct_classic_bison_brown_t24_v3
-237990763,m_cl_clo_hilf_l_1_6_t4_v1
-237915776,hangar_mod_savebed_1_t0_v0
-237888795,f_cl_clo_bhf_decl_40_t11_v1
-237867631,packed_mp_veh_mod_idx_8_v66
-237807816,f_cl_clo_trf_d_16_0_t10_v1
-237802056,packed_mp_veh_mod_idx_s_21_v308
-237774969,wp_wct_clip_hp_t0_v70_n2
-237699465,f_cl_clo_s1f_u_3_4_t11_v1
-237637219,packed_mp_veh_mod_idx_15_v241
-237633807,packed_mp_veh_mod_idx_5_v412
-237603120,packed_mp_veh_colour_extra1_0_v354
-237454049,packed_mp_veh_mod_idx_s_17_v26
-237393382,ve_apc_t1_v29
-237351885,vem_cmod_tyr_10_t18_v3
-237309008,packed_mp_veh_mod_idx_s_22_v56
-237298246,f_cl_clo_ief_b_2_1_t1_v1
-237281289,f_cl_clo_ief_u_3_10_t11_v1
-237232792,vem_cmod_col5_22_t29_v1
-237179342,vem_cmod_col5_30_t29_v1
-237173005,vem_hood_8_t9_v0
-237135788,f_cl_l_fmf_4_9_t4_v0
-237118207,packed_mp_veh_mod_idx_s_4_v81
-237061001,packed_mp_veh_mod_idx_22_v247
-236988922,m_cl_clo_jam_u_2_0_t11_v1
-236941736,packed_mp_veh_colour2_0_v108
-236876402,m_cl_clo_awm_l_3_4_t4_v1
-236821002,f_cl_clo_ief_u_4_20_t11_v1
-236799685,packed_mp_veh_mod_idx_s_15_v412
-236704724,f_cl_clo_awf_o_b_14_t3_v12
-236620431,packed_mp_veh_colour_extra2_0_v304
-236601841,vem_spt_04_t19_v12
-236523289,ve_insurgent2_t1_v3
-236443391,packed_mp_veh_livery2_0_v205
-236442257,packed_mp_veh_mod_idx_s_0_v216
-236424924,packed_mp_veh_mod_idx_s_15_v166
-236422144,mp_stat_mpsv_model_287
-236399237,packed_mp_veh_mod_idx_8_v194
-236306947,vem_exhaust_6_t6_v38
-236287202,m_cl_clo_fxm_u_4_11_t11_v1
-236183384,packed_mp_veh_mod_idx_14_v385
-236150855,packed_mp_veh_mod_idx_s_8_v371
-236145144,vem_supermod_7_2_t48_v3
-236070623,packed_mp_veh_mod_idx_23_v250
-236042343,m_cl_clo_hst_e_0_0_t14_v1
-236019657,vem_colour_extra_1_mct_pearlescent_blue_silver_t24_v4
-235973535,mp_stat_spcontotalforwhouse4_v0
-235935284,f_cl_clo_h2f_b_3_18_t1_v1
-235923964,m_cl_clo_h4m_decl_28_t100_v0
-235878834,packed_ng_vehicle_neon_v285
-235828316,packed_mp_veh_mod_idx_9_v107
-235814341,packed_mp_veh_mod_idx_24_v272
-235792337,f_cl_clo_awf_ph_1_0_t14_v1
-235778059,vem_colour_extra_1_mct_pearlescent_spin_purple_t24_v0
-235736693,packed_mp_veh_mod_idx_5_v220
-235735997,f_cl_clo_vwf_u_20_13_t11_v1
-235701040,vem_supermod_23_4_t64_v26
-235632556,vem_supermod_12_0_t53_v10
-235604932,vem_cmod_neoncol_3_t21_v7
-235474951,packed_mp_veh_mod_idx_s_12_v249
-235460965,f_cl_clo_stf_ht8_12_t14_v1
-235383187,vem_colour_extra_1_mct_metallic_ultra_blue_t24_v4
-235149104,m_cl_clo_hstmb_21_1_t1_v1
-235026207,packed_mp_veh_mod_idx_s_14_v258
-234997347,m_ta_tat_l2_028_t0_v0
-234838929,packed_mp_veh_mod_idx_s_22_v299
-234817240,packed_mp_veh_mod_idx_5_v183
-234816648,m_cl_clo_lxm_dec_15_t100_v0
-234802483,packed_mp_veh_mod_idx_12_v90
-234703333,vem_supermod_23_6_t64_v39
-234691254,packed_mp_veh_primary_colour_group_v222
-234670180,m_cl_clo_iem_b_2_2_t1_v1
-234551918,packed_mp_veh_mod_idx_14_v5
-234460287,m_cl_clo_smm_b_7_1_t1_v1
-234308802,packed_mp_veh_colour1_0_v394
-234308084,m_cl_clo_l2m_e_32_0_t14_v1
-234303956,packed_lr_vehicle_colour_6_v187
-234296088,packed_mp_veh_mod_idx_7_v88
-234261466,vem_insurance_blazer03
-234158343,vem_cmod_tyr_13_t18_v38
-234127239,wp_wct_c_tint_28_t2_v56_n2
-234111351,m_cl_clo_fxm_ph_1_22_t14_v1
-234042021,vem_smod2_whlv111_t66_v3
-234039694,vem_horn_cnote_a0_t10_v26
-233894394,m_cl_clo_hstmb_14_20_t1_v1
-233885730,m_cl_clo_apm_u_17_3_t11_v1
-233871409,f_ha_clo_s1f_h_3_0_t0_v0
-233860632,m_cl_clo_grm_u_3_19_t11_v1
-233834226,vem_supermod_17_0_t58_v33
-233779149,vem_colour_2_mct_matte_yellow_t25_v1
-233696269,packed_mp_veh_livery2_0_v398
-233655760,vem_cmod_neonlay_4_t21_v30
-233651889,packed_lr_vehicle_colour_6_v21
-233641277,packed_mp_veh_mod_idx_4_v191
-233559161,packed_mp_veh_mod_idx_s_0_v237
-233420028,packed_mp_veh_window_tint_0_v341
-233406087,packed_mp_veh_colour2_0_v270
-233404841,packed_mp_veh_mod_idx_10_v326
-233376325,packed_mp_veh_mod_idx_15_v295
-233376003,f_cl_clo_suf_u_0_14_t11_v1
-233287795,vem_smod4_whlv103_t66_v1
-233273932,m_cl_clo_smm_ph_6_22_t14_v1
-233260501,packed_mp_veh_mod_idx_s_0_v44
-233232238,packed_mp_veh_plate_id_v165
-233179766,packed_mp_veh_mod_idx_15_v68
-233153105,vem_racecar_whl6_t19_v3
-233069967,mp_stat_auto_shop_car_lift_v0
-233059530,packed_mp_veh_mod_idx_11_v17
-232923446,packed_mp_veh_mod_var_1_v296
-232887806,packed_mp_veh_colour_extra2_0_v82
-232830934,packed_mp_veh_mod_idx_s_22_v125
-232796578,packed_lr_vehicle_colour_6_v189
-232629899,packed_mp_veh_mod_idx_4_v92
-232600436,vem_supermod_49_11_t49_v7
-232556072,vem_cmod_win_3_t33_v26
-232541710,multistorey_garage_style_0_v0
-232539555,packed_mp_veh_mod_idx_s_21_v269
-232508838,packed_mp_veh_mod_idx_22_v226
-232454058,m_ta_tat_sb_006_t0_v0
-232434978,packed_mp_veh_mod_idx_s_16_v205
-232377265,m_cl_clo_s2m_u_6_0_t11_v1
-232351111,vem_smod2_whl25_t19_v3
-232292949,f_cl_clo_arf_o_11_t11_v12
-232141842,m_cl_clo_sbm_f_6_7_t6_v1
-232096228,f_cl_clo_x6f_l_1_22_t4_v1
-232096103,vem_hiend_20_t19_v1
-232073159,packed_mp_veh_primary_colour_group_v102
-232008702,m_cl_clo_h4m_s_1_3_t8_v1
-231881079,packed_mp_veh_mod_idx_s_23_v67
-231698823,vem_supermod_1_15_t42_v10
-231697619,f_cl_clo_x6f_f_12_10_t6_v1
-231665274,f_cl_clo_awf_l_3_2_t4_v1
-231517967,vem_trans_3_t16_v0
-231484424,vem_racecar_whl4_t19_v3
-231432386,f_cl_clo_smf_b_3_4_t1_v1
-231373090,m_cl_clo_x3m_u_1_0_t11_v1
-231203873,m_cl_clo_sbm_b_5_2_t1_v1
-231187796,packed_mp_veh_mod_idx_s_5_v346
-231159478,m_cl_clo_x6m_f_6_5_t6_v1
-231127329,vem_armour_3_t1_v0
-231087092,packed_mp_veh_mod_idx_13_v207
-231081274,packed_mp_veh_mod_idx_3_v242
-231018965,wp_wct_c_tint_12_t2_v70_n2
-231003413,packed_mp_veh_mod_idx_s_14_v313
-230953157,packed_mp_veh_colour_extra1_0_v304
-230812947,packed_ng_vehicle_insurance_v26
-230749332,bhub_index_0_t0_v0
-230706653,f_ta_tat_x6_013_t0_v0
-230624229,vem_smod4_whlv64_t66_v3
-230604664,packed_mp_veh_mod_idx_22_v233
-230596713,m_cl_clo_sum_u_14_20_t11_v1
-230555036,f_cl_clo_grf_f_0_9_t6_v1
-230543186,m_cl_clo_bim_decl_39_t11_v1
-230538447,packed_mp_veh_mod_idx_1_v313
-230435978,f_cl_clo_indf_g_1_0_t14_v0
-230375801,m_cl_clo_awm_u_17_7_t11_v1
-230338131,vem_bumper_r_13_t35_v38
-230334923,vem_colour_extra_1_mct_metallic_race_yellow_t24_v4
-230309346,dec_vw_aw_mt_7b
-230288007,vem_colour_extra_1_mct_pearlescent_shadow_silver_t24_v2
-230264928,packed_mp_veh_mod_idx_s_15_v149
-230250250,packed_mp_veh_colour_extra1_0_v56
-230196194,f_cl_clo_stf_u_5_1_t11_v1
-230172216,f_cl_clo_grf_u_0_17_t11_v1
-230126929,ve_rloader2_t0_v2
-230102844,vem_horn_clas4_t10_v29
-230077892,packed_mp_veh_mod_idx_2_v32
-230004784,packed_mp_veh_mod_idx_9_v234
-229951421,f_cl_clo_bif_u_23_3_t11_v1
-229913436,packed_mp_veh_mod_idx_2_v257
-229909204,packed_mp_veh_mod_idx_24_v321
-229880759,packed_mp_veh_mod_idx_s_15_v316
-229874154,m_cl_outfit_clo_trm_o_l4_t12_v0
-229871162,vem_colour_2_mct_matte_dark_blue_t25_v3
-229840046,vem_colour_1_mct_metallic_racing_blue_t24_v4
-229766320,pm_coupon_casino_boat_site
-229759300,f_cl_clo_bhf_u_14_5_t11_v1
-229747074,vem_fender_r_13_n1_t37_v27
-229618646,vem_insurance_comet4
-229584399,vem_smod4_whlv41_t66_v1
-229415257,packed_mp_veh_mod_idx_s_7_v146
-229411290,m_cl_clo_bim_ph_0_0_t14_v1
-229314916,f_cl_g_fmf_2_7_t14_v0
-229284003,packed_mp_veh_mod_idx_24_v150
-229237358,service_earn_agency_story_prep
-229172808,vem_colour_extra_1_mct_classic_racing_blue_t24_v1
-229153695,m_cl_clo_sbm_u_12_16_t11_v1
-229116087,f_cl_clo_sbf_l_3_3_t4_v1
-229101813,m_cl_clo_exm_g_17_10_t14_v1
-229096493,f_cl_clo_vwf_u_17_6_t11_v1
-229077028,f_cl_clo_stf_u_4_2_t11_v1
-228989662,packed_mp_veh_mod_var_0_v197
-228898450,vem_spoiler_6_t14_v7
-228833759,vem_supermod_18_6_t59_v28
-228781287,packed_mp_veh_mod_var_0_v211
-228763975,f_cl_clo_awf_b_12_1_t1_v1
-228757570,packed_mp_veh_wheel_type_0_v316
-228728115,packed_mp_veh_mod_idx_5_v237
-228565301,packed_mp_veh_mod_idx_15_v99
-228519926,packed_mp_veh_mod_idx_s_19_v226
-228506138,packed_mp_veh_mod_idx_s_21_v104
-228438017,vem_supermod_57_14_t57_v7
-228375658,m_cl_clo_h3m_ph_9_6_t14_v1
-228304739,casweb_style_3_t0_v0
-228191460,f_cl_clo_s2f_u_3_11_t11_v1
-228085137,mp_stat_mpsv_model_317
-228084544,packed_mp_veh_mod_idx_10_v175
-228032555,packed_mp_veh_mod_idx_s_3_v118
-228003772,f_cl_clo_exf_decl_17_t100_v0
-227924194,f_ha_cc_mkup_50_t5_v0
-227872261,vem_colour_2_mct_matte_dark_blue_t25_v0
-227822851,f_cl_clo_stf_ht13_2_t14_v1_cesp
-227809617,packed_mp_veh_mod_idx_s_20_v104
-227793848,vem_skirt_4_t13_v0
-227752874,f_cl_u_fmf_2_8_t11_v0
-227558011,packed_mp_veh_mod_idx_22_v249
-227539337,packed_mp_veh_mod_idx_6_v219
-227518081,packed_ng_vehicle_bpt_v334
-227481673,pr_pm_bhidesinage_1_t0_v0
-227461461,m_cl_clo_scm_l_10_6_t4_v1
-227388886,packed_mp_veh_mod_idx_15_v286
-227326119,m_cl_clo_trm_u_7_5_t11_v1
-227294325,m_cl_clo_v2m_h_0_11_t14_v1
-227255056,packed_mp_veh_mod_idx_11_v119
-227204341,packed_ng_vehicle_insurance_v40
-227194664,packed_mp_veh_mod_idx_s_12_v389
-227156520,packed_mp_veh_colour_extra1_0_v162
-227148376,wp_wm_tint7_t2_v56
-227121561,vem_colour_extra_1_mct_metallic_racing_green_t24_v1
-227103816,packed_mp_veh_mod_idx_s_10_v316
-226992792,packed_mp_veh_mod_idx_s_5_v328
-226932016,vem_offr_10_t19_v2
-226900226,f_ha_cc_f_hs_16_t0_v2
-226882708,m_cl_clo_smm_u_1_2_t11_v1
-226878767,packed_mp_veh_mod_idx_0_v300
-226877432,vem_smod_whlv168_t66_v3
-226817076,f_cl_clo_awf_b_4_3_t1_v1
-226785775,packed_mp_veh_mod_idx_10_v352
-226776166,packed_mp_veh_mod_idx_s_16_v113
-226731035,packed_mp_veh_mod_idx_s_7_v163
-226717261,vem_colour_1_mct_classic_lime_green_t24_v3
-226684093,packed_mp_veh_colour2_0_v38
-226680277,f_ta_tat_sm_013_t0_v0
-226666367,vem_smod4_whlv88_t66_v2
-226651728,fcarcade_ne1_t0_v0
-226618579,m_cl_clo_hstmb_17_9_t1_v1
-226607979,m_cl_clo_smm_b_7_6_t1_v1
-226575310,packed_mp_veh_mod_idx_s_15_v355
-226450679,vem_colour_extra_1_mct_pearlescent_sunrise_orange_t24_v4
-226396556,packed_mp_veh_mod_idx_s_18_v153
-226372760,packed_mp_veh_mod_idx_24_v374
-226351644,m_cl_clo_s1m_u_7_11_t11_v1
-226346668,vem_smod4_whlv13_t66_v3
-226322624,m_cl_clo_grm_ph_4_14_t14_v1
-226300947,vem_colour_2_mct_matte_matte_od_t25_v4
-226273702,packed_mp_veh_mod_idx_s_13_v410
-226251399,f_cl_clo_suf_u_6_1_t11_v1
-226228910,vem_supermod_18_13_t59_v26
-226189703,m_cl_clo_hp_l_2_9_t4_v1
-226155868,packed_mp_veh_mod_idx_18_v28
-226019215,m_cl_clo_s2m_f_2_0_t6_v1
-225973636,m_cl_clo_bbm_u_2_1_t11_v1
-225886389,packed_ng_vehicle_bpt_v118
-225864724,packed_mp_veh_mod_idx_9_v152
-225847390,f_cl_clo_exf_decl_10_t11_v1
-225806985,packed_mp_veh_mod_idx_s_16_v402
-225793678,packed_mp_veh_mod_idx_10_v117
-225754225,packed_mp_veh_mod_idx_10_v246
-225693978,packed_mp_veh_mod_idx_s_5_v140
-225692734,packed_mp_veh_mod_idx_s_12_v414
-225625678,m_ta_tat_bi_027_t0_v0
-225573830,m_cl_l_fmm_0_6_t4_v0
-225551082,packed_lr_vehicle_colour_6_v301
-225361668,m_cl_outfit_clo_awm_o_b_13_t12_v0
-225335386,dec_vw_aw_wh_1
-225161617,packed_mp_veh_wheel_type_0_v34
-225146854,packed_mp_veh_secondary_colour_group_v196
-225065609,packed_mp_veh_mod_idx_4_v407
-225034377,vem_rwd_bikew_17_t19_v3
-225011969,m_cl_outfit_clo_hilf_o_13_t12_v0
-224986491,m_cl_clo_awm_u_1_10_t11_v1
-224972121,m_cl_clo_vwm_u_15_16_t11_v1
-224952104,packed_mp_veh_mod_idx_s_0_v169
-224927355,vem_supermod_13_6_t54_v27
-224897928,m_ta_tat_fm_241_t0_v0
-224803215,packed_mp_veh_mod_idx_s_11_v106
-224782375,m_cl_clo_v2m_u_0_6_t11_v1
-224737178,packed_mp_veh_window_tint_0_v7
-224716568,packed_lr_vehicle_colour_5_v119
-224701110,packed_mp_veh_primary_colour_group_v128
-224621982,vem_smod4_whlv77_t66_v1
-224603063,m_cl_outfit_o_fmm_s2_t12_v0
-224582351,f_cl_clo_half_10_1_t1_v1
-224578332,packed_mp_veh_mod_idx_s_17_v19
-224504805,m_cl_outfit_clo_assm_o_3_t12_v0
-224347822,vem_colour_extra_1_mct_classic_light_blue_t24_v33
-224286392,packed_mp_veh_mod_var_1_v108
-224195572,packed_mp_veh_mod_idx_6_v327
-224145582,f_cl_clo_x6f_ph_1020_t14_v1
-224103531,f_cl_clo_hp_f_g_1_5_t14_v1
-224066232,packed_mp_veh_mod_idx_10_v303
-224046090,ve_brutus3_t0_v38
-223997480,f_cl_clo_x2f_ht_3_3_t14_v1
-223938165,vem_supermod_16_9_t57_v6
-223924893,vem_smod4_whlv14_t66_v3
-223795196,packed_mp_veh_mod_idx_s_1_v318
-223710349,m_cl_u_fmm_1_3_t8_v0
-223682184,packed_mp_veh_wheel_type_0_v266
-223655766,packed_ng_vehicle_neon_kit_v103
-223619681,packed_mp_veh_wheel_type_0_v398
-223600565,packed_mp_veh_mod_idx_1_v103
-223590038,packed_mp_veh_mod_idx_s_12_v386
-223489728,vem_colour_2_mct_metallic_beechwood_brown_t25_v33
-223456201,vem_colour_1_mct_classic_blaze_red_t24_v33
-223419252,f_cl_clo_scf_u_55_24_t11_v1
-223412650,m_cl_f_fmm_14_3_t6_v0
-223372840,vem_colour_extra_1_mct_classic_chocolate_brown_t24_v33
-223305922,packed_mp_veh_mod_idx_11_v326
-223190177,m_cl_clo_x6m_f_1_7_t6_v1
-223057852,m_cl_outfit_clo_hstm_o_j_0_t12_v0
-223034233,m_cl_clo_hstm_o_i_0_t3_v12
-223003603,m_cl_clo_s1m_u_9_2_t11_v1
-222906473,vem_rwd_spt_19_t19_v2
-222888604,vem_musc_11_t19_v12
-222861388,packed_mp_veh_window_tint_0_v117
-222801175,packed_mp_veh_mod_idx_5_v358
-222648118,vem_cmod_tyr_pat_t18_v30
-222618731,pr_pm_modshop_7_t0_v0
-222496608,m_cl_m_fmm_5_2_t1_v0
-222411783,packed_mp_veh_mod_idx_10_v240
-222376788,vem_chassis_30_t4_v3
-222363842,service_spend_cash_gift
-222320212,packed_lr_vehicle_colour_5_v2
-222290481,f_cl_clo_arf_o_15_t7_v12
-222279456,f_cl_clo_fxf_pe_0_8_t14_v1
-222239800,packed_mp_veh_mod_idx_10_v0
-222147554,vem_colour_1_mct_metallic_stone_silver_t24_v3
-222109965,vem_smod4_whlv178_t66_v2
-222060740,packed_mp_veh_colour_extra1_0_v73
-221950421,m_cl_clo_x2m_b_1_0_t1_v1
-221802193,vem_colour_1_mct_classic_bronze_t24_v2
-221750567,vem_colour_2_mct_metallic_gold_t25_v4
-221653546,packed_mp_veh_mod_idx_6_v29
-221274551,f_cl_clo_fxf_u_4_6_t11_v1
-221113272,vem_supermod_5_4_t46_v28
-221095420,m_cl_clo_awm_decl_94_t100_v0
-221089830,m_cl_clo_vwm_u_18_5_t11_v1
-220900365,packed_mp_veh_mod_idx_2_v413
-220848276,packed_mp_veh_mod_idx_14_v357
-220748372,packed_mp_veh_mod_idx_6_v198
-220715484,m_cl_clo_bhm_u_6_3_t11_v1
-220699633,vem_horn_clas4_t10_v30
-220694041,f_cl_clo_vwf_pw_2_6_t14_v1
-220667426,f_cl_clo_valf_b_1_2_t1_v1
-220667052,packed_mp_veh_mod_idx_s_21_v41
-220651206,m_cl_clo_smm_ph_4_19_t14_v1
-220590845,packed_mp_veh_mod_idx_s_7_v250
-220553258,vem_smod4_whlv111_t66_v1
-220460374,packed_mp_veh_mod_idx_s_23_v107
-220373937,vem_colour_1_mct_classic_nautical_blue_t24_v3
-220311385,vem_fender_r_6_n0_t37_v38
-220240573,vem_suv_18_t19_v3
-220196196,f_cl_u_fmf_12_8_t8_v0
-220083086,vem_supermod_45_21_t45_v7
-219986811,packed_mp_veh_mod_var_0_v43
-219906190,f_cl_clo_smf_b_1_23_t1_v1
-219854947,vem_smod2_whlv49_t66_v3
-219673743,m_cl_clo_l2m_w_6_0_t14_v1
-219605303,packed_mp_veh_livery2_0_v369
-219540294,ve_tailgater2_t0_v3
-219481846,f_cl_clo_hp_f_d_27_t100_v0
-219322014,m_cl_outfit_clo_awm_o_c_10_t12_v0
-219318308,vem_supermod_3_2_n1_t44_v27
-219302368,packed_mp_veh_livery2_0_v269
-219245291,vem_roof_26_n2_t12_v3
-219230628,packed_mp_veh_mod_idx_s_8_v39
-219189595,vem_cmod_airhorn_01_t10_v39
-219048486,packed_mp_veh_wheel_type_0_v171
-218988253,packed_mp_veh_mod_idx_0_v183
-218896534,vem_horn_indi_1_t10_v29
-218843542,vem_cmod_pla_3_t23_v11
-218785152,wp_wm_tint4_t2_v67
-218767378,f_cl_clo_h4f_u_2_25_t11_v1
-218759311,vem_colour_2_mct_metallic_rolled_steel_t25_v4
-218755331,packed_lr_vehicle_colour_6_v277
-218751554,f_cl_clo_grf_l_2_3_t4_v1
-218626137,f_cl_clo_hp_f_o_4_t3_v12
-218611207,packed_mp_veh_mod_idx_16_v71
-218599178,packed_mp_veh_mod_idx_s_2_v303
-218478488,packed_mp_veh_mod_idx_2_v173
-218374024,f_cl_clo_hp_f_h_1_0_t14_v1
-218361399,packed_mp_veh_mod_idx_s_0_v141
-218298467,packed_mp_veh_mod_idx_0_v406
-218226618,m_cl_clo_sum_u_7_1_t11_v1
-218217951,packed_mp_veh_mod_idx_s_1_v230
-218208613,m_cl_clo_vwm_l_2_1_t4_v1
-218002972,f_cl_clo_s1f_u_5_1_t11_v1
-217987054,vem_supermod_10_10_t51_v11
-217895627,m_cl_clo_vwm_f_1_7_t6_v1
-217889416,vem_supermod_3_5_t44_v3
-217831507,f_cl_clo_suf_l_1_12_t4_v1
-217788028,packed_lr_vehicle_colour_6_v179
-217759571,packed_mp_veh_mod_idx_4_v307
-217662386,packed_ng_vehicle_neon_v227
-217628093,vem_suspension_2_t15_v2
-217624539,ve_cheetah_t0_v3
-217568302,f_ta_tat_bus_f_007_t0_v0
-217520196,packed_mp_veh_mod_idx_24_v182
-217479160,m_cl_clo_bhm_u_3_3_t11_v1
-217402231,vem_rwd_spt_05_t19_v2
-217357908,packed_mp_veh_mod_idx_s_4_v61
-217346554,vem_smod4_whlv136_t66_v0
-217343300,m_cl_clo_h2m_b_8_3_t1_v1
-217326972,vem_smod4_whlv203_t66_v1
-217323753,wp_wct_tint_24_t2_v22_n2
-217233238,packed_mp_veh_mod_idx_24_v238
-217227906,packed_mp_veh_mod_idx_s_14_v6
-217185060,vem_supermod_22_1_t63_v38
-217069129,f_cl_clo_scf_ey_0_13_t14_v1
-217048261,packed_mp_veh_mod_idx_s_2_v101
-217027322,m_cl_ht_fmm_6_0_t14_v0
-217010269,vem_cmod_neoncol_10_t21_v36
-216958917,m_cl_clo_ltsmb_1_2_t1_v1
-216845382,vem_colour_2_mct_classic_yellow_t25_v0
-216843836,packed_ng_vehicle_insurance_v198
-216782664,vem_insurance_sabregt2
-216763190,packed_ng_vehicle_insurance_v216
-216732011,wp_wm_tint4_t2_v1
-216274441,packed_mp_veh_mod_idx_s_5_v389
-216272343,vem_colour_mct_none_46
-216266717,packed_mp_veh_colour2_0_v183
-216225874,f_cl_l_fmf_8_5_t4_v0
-216179382,f_cl_clo_h3f_l_5_5_t4_v1
-216174967,packed_mp_veh_mod_idx_s_10_v53
-216161130,m_cl_clo_iem_b_1_1_t1_v1
-216137511,vem_smod_whlv126_t66_v0
-216067231,vem_supermod_4_19_t45_v3
-215976142,vem_colour_2_mct_matte_black_t25_v2
-215934661,packed_mp_veh_mod_idx_0_v22
-215825434,packed_ng_vehicle_bpt_v102
-215815788,wp_wt_cmprifle_t0_v0
-215765831,f_cl_clo_smf_b_6_21_t1_v1
-215738170,f_cl_clo_smf_ph_3_19_t14_v1
-215728237,f_cl_clo_scf_u_24_0_t11_v1
-215714901,packed_mp_veh_mod_idx_s_10_v16
-215710341,packed_mp_veh_mod_idx_s_23_v130
-215641696,packed_mp_veh_mod_idx_s_9_v43
-215586442,packed_mp_veh_colour1_0_v117
-215568242,vem_colour_extra_1_mct_pearlescent_maple_brown_t24_v0
-215461840,packed_ng_vehicle_neon_v341
-215457594,f_cl_clo_bhf_u_4_10_t11_v1
-215365641,packed_mp_veh_mod_idx_s_13_v210
-215264148,m_cl_clo_sum_u_8_4_t11_v1
-215113141,packed_mp_veh_mod_idx_14_v379
-215110409,f_cl_clo_suf_b_2_1_t1_v1
-215087589,vem_suv_11_t19_v3
-215011743,vem_supermod_22_0_t63_v39
-214927296,packed_mp_veh_colour_extra1_0_v363
-214878313,f_cl_l_fmf_12_4_t4_v0
-214848803,vem_insurance_youga
-214780297,vem_spt_09_t19_v3
-214690256,packed_mp_veh_mod_idx_s_19_v260
-214559404,vem_colour_1_mct_metallic_rolled_steel_t24_v33
-214403788,mp_stat_mpsv_model_209
-214281951,pr_pm_bfcolour_1_t0_v0
-214280652,vem_supermod_13_2_t54_v3
-214179436,packed_mp_veh_colour_extra1_0_v219
-214116881,packed_ng_vehicle_insurance_v118
-213909976,f_cl_clo_smf_b_9_21_t1_v1
-213759653,packed_mp_veh_mod_idx_s_23_v303
-213701393,f_cl_clo_grf_decl_34_t100_v0
-213700595,ve_mesa3_t0_v2
-213623689,m_cl_clo_iem_ph_0_7_t14_v1
-213559508,vem_livery_4_t26_v0
-213419304,packed_mp_veh_mod_idx_s_15_v394
-213389718,packed_mp_veh_mod_idx_s_16_v257
-213289991,packed_mp_veh_mod_idx_s_10_v14
-213286989,packed_mp_veh_mod_idx_8_v228
-212967850,m_cl_clo_h4m_f_0_0_t6_v1
-212901386,vem_horn_cnote_d0_t10_v36
-212826673,vem_skirt_1_t13_v29
-212754067,f_cl_clo_busf_u_2_4_t11_v1
-212743626,f_cl_clo_h3f_o_bs_5_t11_v12
-212607085,service_earn_ambient_job_king
-212399428,vem_supermod_20_10_t61_v27
-212379913,vem_colour_extra_1_mct_metallic_dark_blue_t24_v4
-212354814,mp_stat_mpsv_model_102
-212248461,vem_supermod_52_4_t52_v7
-212203351,vem_cmod_col5_0_t29_v4
-212179444,vem_smod4_whlv139_t66_v3
-212119599,f_cl_clo_exf_g_14_8_t14_v0
-212093916,packed_mp_int_hackertruck_missile_launcher_v0
-212028002,f_cl_clo_grf_u_6_17_t11_v1
-211811686,f_cl_clo_smf_b_2_12_t1_v1
-211706133,packed_mp_veh_mod_idx_s_1_v297
-211663465,vem_supermod_17_0_n1_t58_v38
-211653369,packed_ng_vehicle_neon_kit_v35
-211621167,packed_mp_veh_mod_idx_s_8_v17
-211607788,f_ha_cc_mkup_62_t5_v0
-211600370,wp_wm_tint5_t2_v46
-211555284,f_cl_clo_fxf_l_5_0_t4_v1
-211295323,vem_horn_hween2_t10_v31
-211284602,f_cl_clo_scf_u_0_16_t11_v1
-211227799,m_cl_outfit_clo_lxm_o_8_t12_v0
-211169865,packed_mp_veh_mod_idx_s_21_v170
-210997246,f_cl_clo_x6f_f_15_2_t6_v1
-210939705,f_cl_clo_hstf_g_2_0_t3_v1
-210914728,packed_mp_veh_livery_0_v180
-210881198,packed_lr_vehicle_colour_5_v193
-210847508,m_cl_clo_val_decl_c_t100_v0
-210814696,packed_ng_vehicle_insurance_v183
-210700235,vem_horn_cnote_g0_t10_v0
-210686599,packed_mp_veh_colour_extra2_0_v134
-210622111,f_cl_clo_fxf_u_14_4_t11_v1
-210497170,m_cl_clo_s1m_o_1_t3_v12
-210441046,f_cl_clo_h4f_u_10_0_t11_v1
-210407205,wp_wct_c_tint_11_t2_v22_n2
-210311079,vem_colour_1_mct_metallic_galaxy_blue_t24_v1
-210309077,m_cl_clo_fxm_u_6_17_t11_v1
-210168942,packed_mp_veh_mod_idx_s_19_v214
-210056722,m_cl_clo_hp_d_16_t100_v0
-209954073,m_cl_clo_awm_u_3_6_t11_v1
-209896013,m_cl_clo_h4m_t_13_7_t7_v1
-209793483,vem_cmod_tyr_5_t18_v39
-209760024,vem_supermod_21_13_t62_v28
-209670618,packed_mp_veh_mod_idx_s_3_v27
-209626280,packed_mp_veh_mod_idx_23_v263
-209607665,m_cl_clo_scm_ey_0_2_t14_v1
-209559371,f_cl_clo_suf_u_8_3_t11_v1
-209543320,wp_wct_tint_7_t2_v8_n2
-209531882,m_cl_clo_bhm_decl_46_t11_v1
-209531086,packed_mp_veh_livery_0_v218
-209451763,packed_mp_veh_mod_idx_11_v390
-209414727,f_cl_u_fmf_2_5_t11_v0
-209359661,wp_wct_camo_9_t1_v46_n2
-209315374,m_cl_clo_stm_ht11_0_t14_v1
-209229011,packed_mp_veh_mod_idx_s_6_v94
-209127704,packed_mp_veh_mod_idx_5_v151
-209117466,packed_mp_veh_mod_idx_0_v344
-209050832,vem_colour_extra_1_mct_metallic_galaxy_blue_t24_v33
-208988323,f_cl_clo_h4f_ph_2_5_t14_v1
-208893613,vem_smod4_whlv162_t66_v2
-208846853,f_cl_clo_suf_u_3_4_t11_v1
-208789678,vem_colour_1_mct_metallic_race_yellow_t24_v1
-208761234,f_cl_clo_smf_b_1_14_t1_v1
-208690100,packed_mp_veh_colour_extra1_0_v83
-208418936,f_cl_clo_bif_u_33_0_t11_v1
-208366823,f_cl_clo_smf_decl_18_t100_v0
-208292917,m_cl_clo_x6m_l_0_25_t4_v1
-208270709,f_cl_clo_x6f_f_10_0_t6_v1
-208086464,packed_mp_veh_mod_idx_11_v253
-208046553,packed_mp_veh_mod_idx_23_v100
-207995194,packed_mp_veh_mod_idx_22_v272
-207913414,vem_tracker_t0_v1
-207897168,packed_mp_veh_livery2_0_v68
-207885993,ve_gargoyle_t0_v3
-207779831,vem_colour_extra_1_mct_pearlescent_olive_green_t24_v2
-207778398,packed_mp_veh_mod_idx_s_7_v228
-207415880,f_cl_clo_hp_f_u_4_7_t11_v1
-207389594,f_cl_outfit_clo_x5f_o_a_1_t12_v0
-207337022,m_cl_clo_h4m_decl_22_t100_v0
-207295608,packed_mp_veh_mod_idx_15_v21
-207213510,f_cl_clo_x6f_l_8_4_t4_v1
-207181889,packed_mp_veh_mod_idx_s_1_v336
-207136827,vem_spt_04_t19_v2
-207084837,f_cl_clo_sbf_f_3_22_t6_v1
-207062845,vem_supermod_23_13_t64_v28
-206894617,wp_wct_clip2_t1_v64
-206853249,m_cl_clo_sum_l_1_14_t4_v1
-206824419,vem_cmod_hrn_cop_t10_v34
-206820745,packed_mp_veh_mod_idx_13_v329
-206807379,packed_mp_veh_mod_idx_s_22_v189
-206798022,fcncl_style_8_t0_v0
-206563723,packed_ng_vehicle_neon_v13
-206497890,f_cl_clo_h3f_ph_6_19_t14_v1
-206428590,wp_wct_tint_6_t2_v56_n2
-206401661,packed_mp_veh_mod_idx_s_2_v263
-206383092,f_cl_clo_vwf_u_15_16_t11_v1
-206262997,f_ta_tat_x2_022_t0_v0
-206086820,f_cl_clo_h3f_u_9_1_t11_v1
-206079892,packed_mp_veh_primary_colour_group_v89
-205982357,wp_wct_clip_tr_t0_v9_n2
-205903600,packed_mp_veh_mod_idx_s_20_v175
-205865157,m_cl_clo_hp_d_4_t11_v1
-205827157,m_cl_clo_s1m_dec_16_t11_v1
-205771446,packed_mp_veh_mod_idx_18_v204
-205697094,vem_colour_extra_1_mct_classic_torino_red_t24_v33
-205681408,packed_mp_veh_mod_idx_s_0_v177
-205674043,packed_mp_veh_mod_idx_18_v235
-205653649,m_cl_clo_bim_l_2_1_t4_v1
-205643559,m_cl_clo_x6m_u_3_3_t11_v1
-205619584,m_ha_cc_eyebrw_2_t2_v0
-205587035,f_cl_clo_fxf_l_4_3_t4_v1
-205585222,packed_ng_vehicle_insurance_v352
-205560186,packed_mp_veh_mod_idx_s_15_v217
-205537870,wp_wct_muzz3_t1_v46_n2
-205530177,packed_mp_veh_mod_idx_s_2_v198
-205451495,f_cl_clo_x6f_f_14_3_t6_v1
-205387608,f_cl_clo_v2f_l_1_5_t4_v1
-205317822,packed_mp_veh_mod_idx_s_1_v270
-205216279,packed_mp_veh_mod_idx_15_v300
-205183161,f_cl_clo_bus_p_0_4_t14_v1
-205074417,packed_mp_veh_mod_idx_s_13_v355
-205050656,wp_wct_clip_ap_t1_v8_n2
-204809342,packed_mp_veh_mod_idx_24_v366
-204677727,packed_mp_veh_mod_idx_s_2_v170
-204668689,vem_rwd_loride_15_t19_v2
-204484056,vem_colour_2_mct_classic_saxon_blue_t25_v2
-204420632,vem_sub_heli_c_15
-204322262,packed_mp_veh_mod_idx_2_v29
-204320294,vem_fender_r_6_t37_v3
-204296272,vem_supermod_0_13_t41_v11
-204140562,vem_colour_1_mct_metals_br_aluminium_t24_v33
-204095294,packed_mp_veh_mod_idx_s_8_v407
-204068851,packed_mp_veh_mod_idx_3_v334
-204068742,m_cl_clo_lxm_dec_33_t100_v0
-204058015,m_cl_clo_grm_u_0_2_t11_v1
-204053472,packed_mp_veh_mod_idx_s_15_v228
-203852619,vem_supermod_13_0_t54_v38
-203828281,packed_lr_vehicle_colour_6_v203
-203727738,vem_colour_2_mct_metals_gold_s_t25_v2
-203649343,packed_mp_int_truck_mod_slot_5_v0
-203643073,m_cl_l_fmm_0_7_t4_v0
-203617517,f_cl_clo_smf_ph_4_25_t14_v1
-203544672,packed_ng_vehicle_neon_kit_v187
-203487973,wp_wct_tint_30_t2_v13_n2
-203480607,m_cl_clo_fxm_ph_0_23_t14_v1
-203386357,vem_supermod_55_8_t55_v7
-203313622,m_cl_clo_scm_t_4_0_t7_v1
-203273939,m_cl_u_fmm_0_2_t11_v0
-203037092,packed_mp_veh_mod_idx_s_10_v202
-203031047,packed_mp_veh_mod_idx_s_18_v112
-202965691,packed_mp_veh_colour_extra1_0_v376
-202875593,vem_supermod_13_4_t54_v3
-202865128,wp_wct_scope_med2_t1_v8_n2
-202860351,vem_rwd_spt_03_t19_v12
-202856447,packed_mp_veh_mod_idx_s_16_v392
-202856067,m_cl_clo_bhm_decl_60_t11_v1
-202631860,packed_mp_veh_colour_extra2_0_v238
-202620287,f_cl_clo_bhf_u_11_12_t11_v1
-202549893,vem_yacht_col_8_v0
-202544790,packed_mp_veh_mod_idx_s_19_v329
-202521695,packed_mp_veh_mod_idx_13_v124
-202506409,f_cl_clo_sbf_l_3_11_t4_v1
-202402937,m_cl_outfit_clo_h2m_o_g_3_t12_v0
-202372477,packed_mp_veh_mod_idx_s_18_v244
-202340231,vem_sub_heli_c_8
-202307729,vem_spt_09_t19_v12
-202294228,packed_mp_veh_mod_idx_6_v377
-202216291,m_cl_clo_h2m_o_s_13_t3_v12
-202145522,vem_cmod_exp_1_t20_v11
-202036637,m_cl_outfit_o_fmm_s6_t12_v0
-201979646,f_cl_clo_awf_u_7_14_t11_v1
-201893309,m_cl_clo_x6m_ey_3_6_t14_v1
-201888278,m_ta_tat_h3_007_t0_v0
-201836034,packed_mp_veh_mod_idx_s_23_v180
-201765593,packed_mp_veh_mod_idx_s_3_v52
-201708388,vem_rwd_hiend_06_t19_v3
-201705580,packed_mp_veh_mod_idx_s_8_v270
-201635423,m_cl_clo_smm_ph_4_22_t14_v1
-201609674,f_cl_clo_grf_l_3_16_t4_v1
-201606527,packed_mp_veh_mod_idx_s_0_v15
-201488467,f_ta_tat_hp_006_t0_v0
-201434794,f_cl_clo_grf_u_11_16_t11_v1
-201168758,f_cl_clo_smf_b_9_11_t1_v1
-201123307,f_cl_clo_ief_l_4_7_t4_v1
-200874262,f_ha_cc_mkup_32_t7_v1
-200869115,f_cl_clo_smf_b_0_20_t1_v1
-200747809,packed_mp_veh_mod_idx_3_v20
-200699263,packed_mp_veh_livery2_0_v163
-200675430,m_cl_clo_awm_b_4_3_t1_v1
-200661057,packed_mp_veh_mod_idx_s_17_v387
-200656508,vem_smod2_whlv79_t66_v3
-200509038,m_cl_clo_h4m_decl_48_t100_v0
-200484954,vem_musc_13_t19_v3
-200438405,f_cl_clo_smf_ph_3_18_t14_v1
-200377817,packed_ng_vehicle_neon_v3
-200313441,vem_colour_5_anthr_black_t38_v3
-200206804,vem_fender_l_5_t36_v35
-200206076,packed_lr_vehicle_colour_5_v133
-200182958,m_cl_clo_lxm_dec_30_t11_v1
-200139987,m_cl_clo_h3m_b_18_3_t1_v1
-200092764,f_cl_clo_h2f_o_g_3_t8_v12
-200058557,m_cl_clo_scm_u_48_0_t11_v1
-200041260,packed_mp_veh_mod_idx_0_v337
-199991623,vem_colour_1_mct_classic_nautical_blue_t24_v1
-199987229,vem_skirt_14_t13_v3
-199954588,packed_mp_veh_mod_idx_s_10_v48
-199717460,m_cl_clo_scm_l_10_9_t4_v1
-199691745,packed_mp_veh_mod_idx_s_16_v75
-199685698,packed_mp_veh_mod_idx_s_13_v287
-199607891,vem_supermod_55_1_t55_v7
-199523395,wp_wct_tint_13_t2_v56_n2
-199484075,f_cl_clo_grf_f_0_22_t6_v1
-199472193,vem_colour_1_mct_metallic_moss_brown_t24_v2
-199356458,f_cl_clo_bif_u_6_0_t11_v1
-199224367,m_cl_clo_indm_u_2_1_t8_v2
-199220014,vem_exhaust_3_t6_v0
-199203327,m_cl_clo_x6m_u_1_25_t11_v1
-199181577,packed_mp_veh_mod_idx_s_0_v13
-199134662,packed_mp_veh_mod_idx_9_v294
-199134080,wp_wct_tint_23_t2_v21_n2
-199052556,packed_mp_veh_mod_idx_10_v42
-198991857,wp_wct_var_etchm_t1_v13
-198867273,m_cl_clo_stm_ht8_14_t14_v1
-198850532,packed_mp_veh_mod_idx_1_v327
-198847875,m_cl_clo_sum_u_16_18_t11_v1
-198818358,vem_colour_extra_1_mct_metallic_race_yellow_t24_v33
-198775481,f_cl_clo_grf_u_12_14_t11_v1
-198715854,vem_supermod_22_7_t63_v27
-198689579,vem_supermod_57_22_t57_v7
-198600860,mp_stat_casinoapt_mod_g_v0
-198600158,f_cl_clo_vwf_u_6_24_t11_v1
-198600153,packed_mp_veh_mod_idx_s_19_v243
-198532358,packed_mp_veh_mod_idx_s_9_v338
-198386553,vem_supermod_63_23_t63_v7
-198339199,packed_mp_veh_mod_idx_10_v346
-198267081,m_cl_clo_exm_au_16_0_t11_v1
-198245806,f_cl_clo_l2f_t_2_0_t7_v1
-198226886,f_cl_clo_x6f_ph_1012_t14_v1
-198169839,f_cl_clo_x6f_ph_2_21_t14_v1
-198152740,packed_mp_veh_mod_idx_s_12_v99
-198033641,packed_mp_veh_mod_idx_s_23_v337
-197985996,packed_mp_veh_mod_idx_s_9_v171
-197953570,m_ta_tat_lx_021_t0_v0
-197883956,f_cl_clo_awf_o_b_6_t8_v12
-197858332,packed_mp_veh_mod_idx_s_10_v123
-197845975,vem_suspension_0_t15_v30
-197824510,packed_mp_veh_mod_idx_9_v357
-197798619,m_cl_u_fmm_8_10_t11_v0
-197731514,vem_colour_1_mct_metallic_graphite_t24_v0
-197719248,m_cl_clo_x6m_u_26_0_t11_v1
-197677897,packed_mp_veh_plate_id_v161
-197642165,packed_mp_veh_mod_idx_7_v124
-197531309,vem_cmod_tyr_4_t18_v7
-197478332,m_cl_clo_busm_s_1_1_t8_v1
-197378255,m_cl_clo_vwm_d_1_8_t10_v1
-197310673,packed_ng_vehicle_bpt_v153
-197191583,packed_mp_veh_mod_idx_23_v381
-197156658,f_cl_clo_bhf_u_20_7_t11_v1
-197086353,packed_mp_veh_mod_idx_s_6_v198
-196936064,vem_colour_extra_1_mct_metallic_maple_brown_t24_v33
-196814818,vem_colour_2_mct_metallic_stone_silver_t25_v0
-196737428,vem_exhaust_6_t6_v27
-196726109,m_ha_brd_hp_6_t1_v0
-196536228,packed_mp_veh_mod_idx_s_17_v257
-196428715,packed_mp_veh_mod_idx_2_v303
-196341045,packed_mp_veh_mod_var_0_v252
-196284867,f_cl_clo_awf_o_h_8_t8_v12
-196202698,vem_insurance_swift2
-196047350,m_cl_clo_busm_u_3_2_t8_v1
-196006543,packed_mp_veh_mod_idx_s_17_v343
-195911978,m_cl_clo_awm_decl_111_t100_v0
-195852230,m_cl_clo_hstm_t_3_12_t7_v1
-195821134,f_cl_clo_busf_g1_6_t14_v1
-195783814,packed_mp_veh_colour2_0_v44
-195758866,packed_lr_vehicle_colour_5_v370
-195752515,m_cl_outfit_clo_awm_o_f_8_t12_v0
-195703832,f_cl_clo_ief_l_7_7_t4_v1
-195687500,packed_mp_veh_colour2_0_v206
-195624230,packed_mp_veh_mod_idx_s_3_v127
-195607320,f_cl_clo_grf_decl_9_t100_v0
-195562873,packed_mp_veh_wheel_type_0_v347
-195481066,vem_supermod_42_6_t42_v7
-195444887,m_cl_clo_trm_u_9_11_t11_v1
-195440192,vem_supermod_14_5_t55_v27
-195362453,vem_colour_2_mct_metallic_garnet_red_t25_v4
-195324834,packed_mp_veh_mod_idx_s_11_v303
-195323034,f_cl_clo_vwf_u_6_6_t11_v1
-195295418,vem_cmod_col5_29_t29_v3
-195286311,packed_mp_veh_mod_idx_24_v71
-195261881,m_cl_clo_x4m_u_12_0_t11_v1
-195253464,packed_ng_vehicle_neon_kit_v380
-195207810,packed_mp_veh_primary_colour_group_v112
-195143343,vem_colour_2_mct_classic_silver_t25_v33
-195116965,packed_mp_veh_mod_idx_22_v274
-195113885,f_cl_outfit_clo_stf_o_11_t12_v0
-195050631,wp_wct_tint_4_t2_v5_n2
-194959538,wp_wt_sg_blp_t0_v0
-194914197,packed_lr_vehicle_colour_5_v26
-194847908,vem_colour_1_mct_classic_ultra_blue_t24_v0
-194696854,packed_mp_veh_mod_idx_s_10_v287
-194462939,wp_wm_tint7_t2_v4
-194231872,m_cl_clo_trm_u_8_9_t11_v1
-194215111,arc_index_6_t0_v0
-194152540,packed_mp_veh_colour_extra2_0_v18
-194141224,packed_mp_veh_mod_idx_18_v54
-194078557,vem_smod3_whlv70_t66_v3
-194034942,m_cl_clo_sum_b_3_1_t1_v1
-194023838,m_cl_clo_h2m_b_4_1_t1_v1
-194005600,vem_rwd_loride_10_t19_v2
-193980909,wp_wt_pist_ap_t0_v0
-193976281,wp_wct_c_tint_31_t2_v8_n2
-193972411,m_cl_clo_sbm_ph_6_1_t14_v1
-193943068,f_cl_clo_sbf_ph_5_0_t14_v1
-193915079,packed_mp_veh_mod_idx_15_v193
-193879741,vem_mct_chrome_t5_v0
-193842553,vem_grill_2_t8_v38
-193807775,vem_supermod_20_4_t61_v10
-193791760,f_cl_outfit_clo_hstf_o_l_1_t12_v0
-193765372,f_ta_tat_fm_027_t0_v0
-193743470,f_ha_cc_mkup_61_t5_v0
-193730155,packed_mp_veh_mod_idx_s_12_v103
-193725414,packed_mp_veh_mod_idx_5_v164
-193675337,packed_mp_veh_mod_idx_7_v222
-193674311,f_ha_cc_lipstick_9_t8_v0
-193666801,packed_mp_veh_mod_idx_s_4_v74
-193531009,vem_smod2_whlv207_t66_v3
-193504175,packed_mp_veh_mod_idx_4_v329
-193362944,f_cl_clo_bif_s_17_17_t8_v1
-193285156,ve_impaler_t1_v3
-193271868,m_cl_clo_x6m_ph_11_0_t14_v1
-193243164,m_cl_clo_smm_b_4_3_t1_v1
-193212936,packed_mp_veh_livery_0_v260
-193185118,vem_colour_extra_1_mct_pearlescent_grace_red_t24_v3
-193148988,f_cl_clo_trf_u_5_7_t11_v1
-193099444,wp_wct_clip2_t1_v48
-192919617,vem_supermod_20_15_t61_v3
-192890086,packed_mp_veh_mod_idx_s_1_v226
-192746948,packed_mp_veh_mod_idx_s_18_v45
-192661634,m_cl_clo_vwm_u_2_0_t11_v1
-192653886,vem_colour_2_mct_metallic_graphite_t25_v0
-192646168,packed_mp_veh_mod_idx_s_12_v236
-192609257,packed_mp_veh_mod_idx_s_19_v110
-192585162,packed_mp_veh_mod_var_0_v8
-192516901,ve_vortex_t0_v3
-192461559,packed_mp_veh_mod_idx_s_12_v303
-192301931,packed_mp_veh_mod_idx_7_v289
-192277376,vem_musc_02_t19_v0
-192132139,wp_wct_scope_lrg_t1_v56
-192120228,m_cl_clo_trm_b_2_2_t1_v1
-192116034,vem_horn_clas2_t10_v10
-192101295,vem_armour_1_t1_v1
-192070582,packed_mp_veh_colour_extra1_0_v287
-192058625,vem_cmod_pla_text_new_t23_v5
-191981790,vem_supermod_9_11_t50_v3
-191941209,m_cl_clo_vwm_u_21_18_t11_v1
-191924485,vem_supermod_59_20_t59_v7
-191909865,packed_mp_veh_plate_id_v180
-191800281,packed_mp_veh_mod_idx_24_v334
-191786963,packed_mp_veh_mod_idx_14_v125
-191758882,ve_flashgt_t0_v3
-191652750,vem_smod_whlv55_t66_v3
-191644636,packed_mp_veh_mod_idx_24_v48
-191638127,packed_mp_veh_mod_idx_s_0_v5
-191583190,packed_mp_veh_mod_idx_s_4_v221
-191562704,vem_supermod_19_1_n1_t60_v38
-191517842,vem_supermod_15_1_t56_v10
-191397932,packed_mp_veh_mod_idx_0_v279
-191388607,packed_mp_veh_mod_idx_s_22_v280
-191344342,f_cl_outfit_clo_h2f_o_g_8_t12_v0
-191327018,packed_mp_veh_secondary_colour_group_v119
-191258846,f_cl_clo_suf_decl_11_t100_v0
-191209490,f_cl_clo_half_2_1_t1_v1
-191207604,vem_spt_03_t19_v3
-191180236,f_cl_ht_fmf_6_3_t14_v0
-191002819,packed_mp_veh_mod_idx_s_5_v174
-190981454,packed_mp_veh_mod_idx_s_14_v298
-190956986,packed_mp_veh_mod_idx_18_v269
-190880830,vem_armour_1_t1_v34
-190875244,packed_mp_veh_mod_idx_s_18_v129
-190870032,vem_smod4_whlv171_t66_v2
-190738629,vem_smod3_whlv56_t66_v3
-190726434,packed_mp_veh_mod_idx_12_v31
-190659655,dbase_index_8_t0_v0
-190635978,packed_mp_veh_mod_idx_s_19_v280
-190587565,f_cl_clo_grf_l_0_2_t4_v1
-190568703,packed_mp_veh_mod_idx_7_v336
-190473540,m_cl_clo_trm_u_16_8_t11_v1
-190410772,packed_mp_veh_mod_idx_s_19_v351
-190407484,packed_mp_veh_wheel_type_0_v163
-190364938,m_cl_clo_x17m_u_4_7_t11_v1
-190319598,f_cl_clo_smf_ph_6_1_t14_v1
-190239555,m_cl_clo_fxm_pe_3_11_t14_v1
-190213222,packed_mp_veh_mod_idx_s_11_v313
-190212752,packed_mp_veh_colour2_0_v52
-190132862,packed_mp_veh_mod_idx_s_20_v371
-190125547,packed_mp_veh_mod_idx_s_17_v124
-189801750,wp_wm_tint6_t2_v25
-189761686,vem_drft_13_t19_v3
-189720628,dec_vw_aw_wv_65
-189611273,packed_mp_veh_mod_idx_s_4_v378
-189611035,f_cl_clo_bhf_b_0_5_t1_v1
-189593130,vem_supermod_14_3_t55_v3
-189572954,packed_mp_veh_primary_colour_group_v150
-189572421,f_ta_tat_sb_047_t0_v0
-189531366,vem_colour_1_mct_metallic_spin_purple_t24_v2
-189273330,f_cl_f_fmf_13_8_t6_v0
-189253268,packed_mp_veh_mod_idx_s_4_v124
-189187101,packed_mp_veh_mod_idx_18_v188
-189165440,packed_mp_veh_wheel_type_0_v414
-189151137,ve_mule4_t0_v37
-189012692,m_cl_clo_sum_u_16_17_t11_v1
-188908595,packed_mp_veh_mod_idx_22_v378
-188884198,f_ta_tat_h27_015_t0_v0
-188760623,vem_truck_type_5_t0_v0
-188756441,packed_mp_veh_mod_idx_s_21_v153
-188712797,m_cl_clo_smm_b_8_14_t1_v1
-188599806,packed_mp_veh_mod_idx_s_21_v373
-188565541,f_ta_tat_st_011_t0_v0
-188511418,wp_wct_c_tint_21_t2_v21_n2
-188454052,packed_mp_veh_mod_idx_s_20_v106
-188411441,m_cl_clo_exm_g_19_9_t14_v1
-188408035,vem_supermod_15_1_t56_v26
-188403541,packed_mp_veh_mod_idx_3_v392
-188370978,f_cl_clo_x4f_u_13_3_t11_v1
-188357141,f_cl_clo_smf_b_1_4_t1_v1
-188286647,dec_cpm_bjack_2
-188216285,f_ha_cc_f_hs_5_t0_v2
-188184974,packed_mp_veh_mod_idx_16_v277
-188095920,vem_smod_whlv153_t66_v3
-187963978,ve_hermes_t0_v3
-187846283,ve_chimera_t0_v3
-187816606,m_cl_clo_exm_at_0_1_t7_v1
-187787204,dec_vw_aw_ls_6e
-187638210,vem_insurance_brigham
-187483059,f_ta_tat_x6_035_t0_v0
-187450021,vem_supermod_57_19_t57_v7
-187409527,f_cl_f_fmf_5_13_t6_v0
-187409303,packed_mp_veh_mod_idx_24_v339
-187377742,ve_baller4_t0_v3
-187355112,packed_mp_veh_mod_idx_s_5_v130
-187323541,m_cl_clo_vwm_u_17_8_t11_v1
-187308020,m_cl_o_fmm_s8_t8_v12
-187243490,f_cl_clo_h2f_f_3_10_t6_v1
-187065151,wp_wct_var_gold_t1_v12
-187036007,vem_horn_cnote_b0_t10_v35
-187012258,packed_mp_veh_mod_idx_9_v58
-187003492,wp_wct_knuck_dmd_t1_v62
-186909319,wp_wct_tint_27_t2_v13_n2
-186874706,m_cl_clo_iem_u_17_1_t11_v1
-186780787,packed_mp_veh_mod_idx_s_16_v73
-186740226,packed_ng_vehicle_neon_v71
-186725910,packed_mp_veh_mod_idx_s_12_v146
-186631891,m_cl_clo_x6m_ey_3_15_t14_v1
-186628465,f_cl_clo_s2f_o_3_t3_v12
-186572619,vem_supermod_15_1_t56_v38
-186526701,m_cl_clo_l2m_u_6_6_t11_v1
-186526573,packed_mp_veh_secondary_colour_group_v356
-186504788,vem_colour_extra_1_mct_classic_stone_silver_t24_v1
-186499294,vem_hiend_04_t19_v2
-186461750,packed_mp_veh_livery_0_v111
-186457936,packed_ng_vehicle_neon_kit_v15
-186310916,vem_colour_2_mct_classic_umber_brown_t25_v3
-186181541,vem_smod4_whlv52_t66_v3
-186174667,fcarcade_wall_9_t0_v0
-185929584,packed_mp_veh_mod_idx_s_16_v267
-185830365,packed_mp_veh_mod_idx_14_v194
-185787563,packed_mp_veh_livery2_0_v359
-185713217,f_cl_clo_s2f_e_1_0_t14_v1_cesp
-185694657,vem_hood_0_t9_v29
-185591885,f_cl_f_fmf_4_2_t6_v0
-185565933,m_cl_l_fmm_14_0_t4_v0
-185526194,vem_supermod_3_4_t44_v6
-185474158,packed_mp_veh_mod_var_1_v288
-185371140,m_cl_clo_x6m_u_3_1_t11_v1
-185322031,vem_supermod_5_3_t46_v3
-185277310,m_cl_clo_awm_decl_36_t100_v0
-185220989,vem_smod4_whlv182_t66_v3
-185164703,f_cl_clo_h4f_b_2_25_t1_v1
-185091390,vem_chassis_2_t4_v26
-185074247,m_cl_clo_sbm_e_0_6_t14_v1
-185051778,packed_mp_veh_mod_idx_s_21_v230
-185036408,m_cl_clo_x6m_ey_3_13_t14_v1
-185011718,m_cl_clo_awm_l_5_2_t4_v1
-184943298,m_cl_clo_h3m_u_11_5_t11_v1
-184869510,vem_smod3_whlv78_t66_v3
-184818476,packed_mp_veh_colour1_0_v85
-184815908,f_cl_clo_h3f_b_18_12_t1_v1
-184790623,vem_colour_extra_1_mct_pearlescent_black_steel_t24_v1
-184768456,packed_mp_veh_mod_idx_s_23_v225
-184752308,vem_colour_extra_1_mct_pearlescent_anthr_black_t24_v4
-184724562,f_cl_clo_stf_ht1519_t14_v1
-184714827,packed_mp_veh_mod_idx_3_v228
-184685422,vem_colour_extra_1_mct_metallic_maple_brown_t24_v0
-184681040,f_cl_clo_bhf_decl_16_t100_v0
-184613590,m_cl_clo_awm_f_7_4_t6_v1
-184581864,packed_ng_vehicle_insurance_v283
-184463486,vem_supermod_1_16_t42_v11
-184443029,vem_smod4_whlv109_t66_v2
-184410927,packed_mp_veh_colour2_0_v78
-184332028,m_cl_clo_lxm_o_9_t3_v12
-184247088,mba_floor1_8_t0_v0
-184145366,f_cl_clo_awf_decl_20_t100_v0
-184099368,f_cl_clo_h3f_ph_9_10_t14_v1
-184030718,vem_horn_hips4_t10_v1
-183992073,vem_smod2_whlv26_t66_v3
-183957127,m_cl_clo_awm_u_7_14_t11_v1
-183882912,m_cl_clo_x6m_ph_8_22_t14_v1
-183860434,m_cl_clo_grm_u_0_6_t11_v1
-183804365,packed_mp_veh_mod_idx_s_12_v9
-183570680,vem_supermod_21_9_t62_v26
-183539445,packed_mp_veh_mod_idx_s_7_v118
-183425344,vem_exhaust_3_t6_v2
-183296532,packed_mp_veh_mod_idx_s_14_v170
-183290268,wp_wm_tint6_t2_v73
-183283459,m_cl_outfit_clo_bim_o_2_t12_v0
-183236097,packed_mp_veh_mod_idx_3_v133
-183187701,packed_mp_veh_mod_idx_13_v137
-183162840,vem_cmod_tyr_lg_t30_v1
-183099300,ve_drafter_t0_v3
-183045495,packed_mp_veh_mod_idx_s_11_v9
-183001411,f_cl_clo_h3f_b_9_11_t1_v1
-182938318,vem_colour_extra_1_mct_matte_midnight_blue_t24_v1
-182741316,vem_skirt_0_t13_v35
-182623844,f_cl_clo_suf_l_1_18_t4_v1
-182609323,vem_cmod_neonlay_6_t21_v30
-182387992,f_cl_clo_bif_decl_40_t11_v1
-182353972,packed_mp_veh_mod_idx_s_6_v382
-182273848,vem_supermod_14_2_t55_v11
-182230609,packed_mp_veh_mod_idx_13_v255
-182088890,pr_mp_prop_21_t0_v0
-181909003,packed_mp_veh_mod_idx_s_3_v80
-181884655,vem_supermod_23_0_t64_v3
-181855271,m_cl_clo_x6m_u_22_9_t11_v1
-181837215,vem_colour_extra_1_mct_classic_sienna_brown_t24_v4
-181819221,packed_mp_veh_mod_idx_15_v309
-181793460,packed_ng_vehicle_insurance_v325
-181708374,vem_rwd_spt_06_t19_v1
-181685500,packed_mp_veh_colour_extra1_0_v63
-181645693,vem_smod4_whlv59_t66_v2
-181535188,vem_smod2_whlv57_t66_v3
-181346903,m_cl_clo_x6m_rw_2_7_t14_v1
-181296039,packed_ng_vehicle_smoke_v186
-181240795,vem_colour_1_mct_classic_frost_white_t24_v0
-181212195,packed_mp_veh_mod_idx_3_v166
-181096185,packed_mp_veh_mod_idx_s_0_v406
-180969237,packed_mp_veh_mod_idx_s_22_v249
-180956897,packed_mp_veh_mod_idx_s_5_v44
-180938515,packed_mp_veh_mod_idx_1_v140
-180727177,vem_smod5_whlv54_t66_v3
-180720450,m_cl_clo_s2m_u_6_14_t11_v1
-180690864,ig_sell_2_t0_v0
-180556801,wp_wct_clip_ap_t1_v21_n2
-180469325,m_cl_clo_trm_decl_6_t100_v0
-180426071,packed_mp_veh_mod_idx_1_v57
-180298998,f_cl_clo_bif_pw_5_0_t14_v1
-180141073,service_spend_lose_wanted_level
-180047095,packed_mp_veh_mod_idx_s_10_v336
-179929445,f_cl_clo_vwf_d_1_8_t10_v1
-179780800,vem_hood_5_t9_v0
-179769561,vem_skirt_4_t13_v38
-179755477,packed_mp_veh_mod_idx_7_v392
-179718787,packed_mp_veh_mod_idx_s_6_v196
-179705127,packed_mp_veh_mod_idx_23_v271
-179685217,m_cl_clo_indm_d_4_t8_v1
-179651730,m_cl_clo_iem_b_2_4_t1_v1
-179605156,packed_mp_veh_livery_0_v52
-179605037,hangar_mod_colour_6_t0_v0
-179556719,f_cl_clo_bif_u_31_0_t11_v1
-179437247,packed_mp_veh_mod_idx_0_v273
-179269980,f_cl_clo_bhf_decl_8_t100_v0
-179261450,packed_mp_veh_mod_idx_s_14_v300
-179249099,m_cl_clo_x6m_f_11_0_t6_v1
-179229281,packed_mp_veh_plate_id_v391
-179175569,f_cl_clo_vwf_u_21_4_t11_v1
-179137572,f_cl_clo_fxf_ph_1_5_t14_v1
-179093120,vem_smod5_whlv113_t66_v3
-179089738,packed_mp_veh_mod_idx_24_v218
-179076400,packed_mp_veh_colour1_0_v411
-179072816,vem_colour_1_mct_metallic_chocolate_brown_t24_v2
-179039429,packed_mp_veh_mod_idx_s_3_v392
-179012696,f_cl_clo_scf_ey_1_11_t14_v1
-178910155,packed_mp_veh_mod_idx_18_v88
-178765968,vem_colour_2_mct_matte_dark_red_t25_v1
-178756419,m_cl_clo_bim_decl_25_t100_v0
-178749705,vem_colour_5_dark_green_t38_v3
-178744813,vem_horn_indi_3_t10_v7
-178735479,f_cl_clo_ief_b_8_2_t1_v1
-178628805,packed_mp_veh_mod_var_1_v270
-178603221,vem_exhaust_0_t6_v36
-178594341,packed_mp_veh_mod_idx_23_v232
-178508969,m_cl_u_fmm_5_7_t11_v0
-178490271,packed_mp_veh_mod_idx_16_v192
-178426231,m_cl_clo_iem_u_5_25_t11_v1
-178396407,vem_colour_extra_1_mct_pearlescent_moss_brown_t24_v1
-178394060,service_earn_winter_22_award_daily_stash
-178356586,m_cl_clo_l2m_u_6_0_t11_v1
-178312870,f_cl_clo_h2f_o_c_6_t8_v12
-178293400,wp_wm_tint4_t2_v12
-178253603,m_cl_clo_hp_l_2_2_t4_v1
-178241525,packed_mp_veh_wheel_type_0_v19
-178194204,vem_colour_2_mct_metallic_light_blue_t25_v3
-178193508,vem_livery_4_n1_t26_v3
-178183968,packed_mp_veh_mod_idx_s_18_v358
-178145296,vem_horn_clas7_t10_v5
-178143509,wp_wm_tint3_t2_v22
-177975327,m_ha_cc_mkup_33_t5_v0
-177890159,f_ta_tat_sm_004_t0_v0
-177881383,packed_mp_veh_mod_var_0_v411
-177869366,packed_mp_veh_mod_idx_15_v19
-177832855,f_cl_f_fmf_1_11_t6_v0
-177743791,vem_horn_cnote_c0_t10_v31
-177741678,f_cl_clo_fxf_l_1_25_t4_v1
-177731784,packed_mp_veh_mod_idx_4_v27
-177708959,packed_mp_veh_colour_extra1_0_v118
-177583739,wp_wm_tint3_t2_v9
-177419602,packed_mp_veh_mod_idx_1_v325
-177412136,m_cl_clo_h2m_b_7_4_t1_v1
-177185526,m_cl_clo_x6m_rw_0_4_t14_v1
-177102917,vem_colour_2_mct_metallic_black_graphite_t25_v33
-177091110,f_cl_clo_bhf_l_3_3_t4_v1
-177086646,vem_cmod_tyr_9_t18_v26
-176978508,packed_ng_vehicle_insurance_v240
-176921677,m_cl_clo_bim_u_8_0_t11_v1
-176883941,vem_supermod_3_19_t44_v11
-176871379,vem_bumper_f_3_t34_v38
-176863981,packed_mp_veh_mod_idx_s_3_v39
-176863966,f_cl_clo_bif_decl_67_t11_v1
-176748502,m_cl_clo_grm_u_3_17_t11_v1
-176737676,packed_mp_veh_mod_var_0_v183
-176696725,packed_mp_veh_mod_idx_s_13_v263
-176690523,vem_colour_1_mct_classic_shadow_silver_t24_v3
-176675927,packed_mp_veh_mod_idx_18_v35
-176668761,f_cl_clo_x6f_f_5_23_t6_v1
-176517009,vem_colour_1_mct_metallic_midnight_silver_t24_v0
-176143638,wp_wt_para_t4_v0
-175983523,packed_ng_vehicle_smoke_v229
-175967448,f_cl_clo_h2f_f_5_22_t6_v1
-175931752,packed_mp_veh_primary_colour_group_v333
-175908493,m_cl_clo_assm_o_4_t3_v12
-175850687,m_cl_clo_awm_l_1_6_t4_v1
-175835201,m_cl_clo_x6m_u_0_6_t11_v1
-175749819,vem_colour_2_mct_classic_bright_orange_t25_v0
-175740210,vem_smod4_whlv179_t66_v2
-175718841,packed_mp_veh_mod_idx_6_v385
-175714580,m_cl_clo_iem_o_12_t3_v12
-175579864,packed_mp_veh_mod_idx_s_10_v97
-175549394,vem_horn_indi_4_t10_v5
-175515982,vem_smod_whlv62_t66_v3
-175501827,f_cl_clo_bbf_u_3_0_t11_v1
-175473793,m_cl_outfit_clo_h3m_o_dl_31_t12_v0
-175332044,m_cl_clo_hstm_o_11_t8_v12
-175282183,packed_mp_veh_wheel_type_0_v244
-175258370,m_cl_clo_grm_u_6_2_t11_v1
-175057054,packed_mp_veh_mod_idx_s_9_v367
-174955125,packed_mp_veh_mod_idx_14_v30
-174950511,f_cl_clo_smf_b_8_17_t1_v1
-174942154,packed_mp_veh_colour2_0_v25
-174901227,packed_mp_veh_mod_idx_10_v28
-174880966,f_cl_clo_bbf_u_3_9_t8_v1
-174836514,packed_ng_vehicle_insurance_v137
-174691602,packed_mp_veh_mod_idx_s_23_v409
-174622186,packed_mp_veh_mod_idx_s_6_v155
-174486014,m_cl_o_fmm_p6_t3_v12
-174482526,packed_mp_veh_mod_idx_s_8_v128
-174396908,packed_mp_veh_mod_idx_s_2_v228
-174249058,packed_mp_veh_colour_extra2_0_v5
-174246125,m_cl_clo_grm_u_14_22_t11_v1
-174244252,f_cl_clo_grf_u_11_0_t11_v1
-174227404,packed_mp_veh_mod_idx_s_9_v206
-174207563,m_cl_clo_awm_u_7_13_t11_v1
-174202411,packed_mp_veh_mod_idx_9_v21
-174075079,vem_chassis_4_t4_v3
-173966703,vem_supermod_13_0_t54_v10
-173934468,vem_horn_lowrder1_t10_v3
-173822278,m_cl_clo_awm_u_17_4_t11_v1
-173746350,vem_colour_extra_1_mct_pearlescent_spin_purple_t24_v4
-173741897,packed_mp_veh_colour1_0_v143
-173606188,m_cl_clo_s2m_d_5_t100_v0
-173599346,f_cl_o_fmf_p6_t3_v12
-173544864,packed_mp_veh_mod_idx_s_13_v46
-173433362,fcclub_stor_4_t2_v0
-173427513,f_cl_clo_sbf_b_10_21_t1_v1
-173361069,f_cl_clo_vwf_d_1_6_t10_v1
-173354274,service_earn_island_heist_award_elite_thief
-173219908,vem_cmod_tyr_9_t18_v28
-173210904,packed_mp_veh_mod_idx_s_11_v404
-173165609,packed_mp_veh_mod_idx_s_10_v338
-173148672,vem_colour_extra_1_mct_classic_rolled_steel_t24_v2
-173148111,packed_mp_veh_mod_idx_15_v257
-173119006,packed_mp_veh_mod_idx_s_9_v244
-173052069,packed_mp_veh_mod_idx_8_v279
-172994016,packed_ng_vehicle_neon_v333
-172923349,packed_mp_veh_mod_idx_13_v247
-172681672,m_cl_clo_v2m_u_1_4_t11_v1
-172382701,packed_mp_veh_mod_idx_14_v365
-172372182,packed_mp_veh_mod_idx_s_23_v14
-172305159,vem_supermod_5_0_t46_v33
-172302249,m_cl_clo_awm_decl_68_t100_v0
-172203581,m_ha_brd_hp_8_t1_v1
-172123478,f_ta_tat_st_040_t0_v0
-171979311,packed_mp_veh_secondary_colour_group_v21
-171964034,vem_supermod_50_5_t50_v7
-171755077,packed_mp_veh_mod_idx_s_14_v73
-171629776,f_cl_clo_ief_b_2_5_t1_v1
-171559712,f_cl_clo_awf_u_9_12_t11_v1
-171414904,vem_horn_cnote_d0_t10_v28
-171259254,f_cl_clo_busf_u_4_10_t11_v1
-171233025,m_cl_clo_iem_u_5_23_t11_v1
-171198419,packed_mp_veh_mod_idx_s_14_v193
-171193005,packed_mp_veh_mod_idx_s_13_v215
-171188477,vem_insurance_rloader2
-171016341,m_cl_clo_hp_u_3_1_t8_v1
-170829960,vem_colour_extra_1_mct_classic_yellow_t24_v4
-170798441,f_cl_clo_l2f_dec_24_t11_v1
-170721067,m_ta_tat_vw_005_t0_v0
-170711419,packed_mp_veh_mod_idx_s_0_v387
-170683091,vem_cmod_neonlay_0_t21_v34
-170642878,vem_colour_1_mct_classic_white_t24_v3
-170486195,packed_mp_veh_mod_idx_23_v170
-170463237,packed_mp_veh_mod_idx_4_v175
-170430551,f_cl_clo_grf_u_7_14_t11_v1
-170413513,vem_supermod_10_8_t51_v26
-170385081,packed_ng_vehicle_smoke_v239
-170383733,packed_mp_veh_mod_idx_s_0_v389
-170370257,f_cl_clo_grf_f_0_1_t6_v1
-170323276,packed_mp_veh_mod_idx_s_16_v8
-170315287,f_cl_clo_trf_u_12_15_t11_v1
-170293212,packed_mp_veh_colour1_0_v216
-170248785,m_cl_clo_grm_u_6_0_t11_v1
-170143526,wp_wct_muzz5_t1_v8_n2
-170132974,m_cl_clo_fxm_l_1_16_t4_v1
-170118662,m_cl_clo_smm_b_3_12_t1_v1
-170089168,f_cl_clo_grf_b_3_4_t1_v1
-170086159,f_cl_clo_awf_b_4_7_t1_v1
-170057465,f_cl_clo_grf_u_17_8_t11_v1
-170020867,vem_insurance_warrener2
-169959064,packed_mp_veh_mod_idx_s_18_v217
-169895402,packed_mp_veh_mod_idx_s_23_v203
-169832784,m_cl_clo_sum_l_2_2_t4_v1
-169823137,packed_ng_vehicle_insurance_v123
-169798007,vem_colour_extra_1_mct_metallic_bright_purple_t24_v3
-169757502,vem_colour_1_mct_metallic_sunset_red_t24_v4
-169740820,ve_marshall_t1_v16
-169717642,packed_mp_veh_mod_idx_2_v45
-169683168,packed_ng_vehicle_neon_kit_v299
-169616124,vem_smod_whlv53_t66_v0
-169537659,packed_mp_veh_mod_idx_23_v350
-169512428,vem_colour_5_yellow_t38_v0
-169479864,f_cl_clo_bif_pw_1_0_t14_v1
-169440045,f_ta_tat_sb_022_t0_v0
-169301993,packed_mp_veh_mod_var_0_v167
-169231223,vem_colour_extra_1_mct_classic_formula_red_t24_v4
-169134449,vem_supermod_4_8_t45_v3
-169055186,packed_mp_veh_mod_idx_5_v252
-169031390,vem_colour_2_mct_metallic_orange_t25_v1
-168988563,kosatk_fla_2_t0_v0
-168952828,ve_emperor2_t0_v0
-168945025,vem_colour_2_mct_matte_matte_dirt_t25_v2
-168890777,f_cl_clo_vwf_f_1_14_t6_v1
-168873997,f_cl_clo_suf_u_19_1_t11_v1
-168857638,vem_smod_whl7_t19_v12
-168823741,wp_wm_tint4_t2_v6
-168753867,vem_suspension_0_t15_v6
-168727842,packed_mp_veh_mod_idx_16_v303
-168682365,m_cl_clo_x6m_o_o_13_t3_v12
-168598917,m_cl_clo_bbm_e_0_0_t14_v1
-168581341,vem_supermod_59_21_t59_v7
-168573338,packed_mp_veh_mod_idx_s_7_v334
-168542895,f_ha_cc_f_hs_12_t0_v1
-168361362,wp_wm_tint7_t2_v74
-168336322,m_cl_clo_hstm_o_20_t4_v12
-168319378,service_spend_business_expenses
-168218748,f_cl_clo_suf_decl_1_t100_v0
-168158448,packed_mp_veh_mod_idx_23_v134
-168111355,packed_mp_veh_mod_idx_s_22_v132
-168076731,m_cl_clo_x6m_ph_8_20_t14_v1
-167909353,packed_mp_veh_mod_idx_s_13_v117
-167847878,vem_colour_extra_1_mct_metallic_harbor_blue_t24_v3
-167743828,packed_mp_veh_mod_idx_3_v197
-167717260,vem_colour_2_mct_classic_frost_white_t25_v4
-167599491,f_cl_clo_scf_l_13_9_t4_v1
-167547990,f_cl_clo_hstf_u_10_0_t11_v1
-167536303,vem_hood_3_t9_v3
-167519853,mp_stat_mpsv_model_293
-167495723,m_cl_clo_scm_ey_1_4_t14_v1
-167424823,wp_wm_tint2_t2_v52
-167325349,vem_colour_1_mct_matte_matte_foil_t24_v33
-167155811,m_cl_clo_bhm_u_10_16_t11_v1
-167143248,packed_mp_veh_mod_idx_s_9_v78
-167114679,m_cl_clo_hp_b_0_0_t1_v1
-167086651,packed_mp_veh_mod_idx_16_v196
-166968377,m_ha_cc_m_hs_6_t0_v0
-166910621,packed_mp_veh_mod_idx_6_v139
-166893747,vem_supermod_23_7_t64_v38
-166829460,vem_horn_clas5_t10_v5
-166785565,f_cl_clo_x6f_o_o_9_t3_v12
-166688543,f_cl_clo_bbf_001_t4_v1
-166678400,packed_mp_veh_mod_idx_22_v90
-166677738,vem_rwd_musc_20_t19_v12
-166670907,packed_mp_veh_mod_idx_s_22_v102
-166587283,m_cl_clo_hp_o_2_t3_v12
-166567920,vem_supermod_11_1_t52_v3
-166541420,vem_horn_xm15_3_t10_v6
-166515592,m_ha_cc_mkup_85_t5_v0
-166510842,packed_mp_veh_mod_idx_16_v336
-166363191,m_cl_outfit_clo_x17m_o_m_6_t12_v0
-166303924,m_cl_clo_x6m_u_10_1_t11_v1
-166289407,vem_smod_whlv139_t66_v0
-166278011,packed_mp_veh_mod_idx_2_v364
-166217999,m_cl_clo_bhm_u_4_10_t11_v1
-166169564,packed_mp_veh_mod_idx_s_15_v111
-166139899,f_ha_cc_body_1_0_t3_v0
-166120522,vem_colour_2_mct_classic_sunrise_orange_t25_v2
-166045692,vem_horn_hips4_t10_v30
-165960918,wp_wct_tint_24_t2_v48_n2
-165956367,f_cl_clo_indf_d_12_t11_v1
-165937254,packed_mp_veh_mod_idx_s_8_v414
-165883986,vem_supermod_18_5_t59_v28
-165836529,vem_supermod_12_1_t53_v26
-165827813,f_cl_clo_fxf_u_13_4_t11_v1
-165789392,m_cl_clo_hstm_o_11_t4_v12
-165787202,f_cl_clo_s2f_d_3_t100_v0
-165774164,f_cl_clo_x17f_u_4_1_t11_v1
-165752840,packed_mp_veh_mod_idx_s_23_v16
-165709916,packed_mp_veh_mod_idx_5_v201
-165639463,vem_supermod_3_27_t44_v7
-165630982,packed_mp_veh_mod_idx_7_v403
-165538017,packed_mp_veh_mod_idx_s_0_v314
-165471477,packed_mp_veh_mod_idx_s_9_v53
-165369036,vem_rwd_musc_07_t19_v12
-165301409,packed_mp_veh_mod_idx_15_v384
-165269445,pr_pm_modshop_3_t90_v0
-165184625,f_ta_tat_bi_043_t0_v0_cesp
-165141868,packed_mp_veh_mod_idx_s_4_v184
-165134706,packed_ng_vehicle_insurance_v189
-165131356,m_cl_clo_sbm_f_4_1_t6_v1
-165099183,packed_mp_veh_mod_idx_2_v378
-165098737,packed_lr_vehicle_colour_6_v80
-164854259,f_cl_clo_vwf_u_2_3_t11_v1
-164786208,f_cl_clo_bhf_u_17_6_t11_v1
-164770567,packed_mp_veh_mod_idx_s_14_v215
-164671483,m_cl_clo_s1m_u_0_1_t11_v1
-164572034,m_cl_clo_s1m_u_2_2_t11_v1
-164505038,vem_supermod_15_5_t56_v6
-164495854,f_cl_clo_h3f_u_11_17_t11_v1
-164409596,packed_mp_veh_mod_idx_s_22_v312
-164317917,packed_mp_veh_mod_idx_s_6_v172
-164152181,packed_mp_veh_window_tint_0_v271
-164135227,f_cl_clo_bif_pe_1_1_t14_v1
-164124343,f_cl_clo_awf_decl_114_t100_v0
-164030723,vem_supermod_8_0_t49_v31
-164001686,ve_blazer03_t0_v0
-163898011,packed_mp_veh_mod_idx_23_v397
-163739292,vem_colour_extra_1_mct_classic_midnight_blue_t24_v2
-163714535,hangar_mod_lighting_16_t0_v0
-163621603,m_cl_clo_s1m_o_5_t100_v0
-163569071,m_cl_clo_grm_ph_1_8_t14_v1
-163457395,wp_wt_mkrifle_t0_v1
-163426125,m_cl_clo_lxm_u_7_1_t11_v1
-163417439,service_earn_fixer_rival_delivery
-163379147,m_cl_g_fmm_15_2_t14_v0
-163376682,f_cl_clo_smf_b_1_16_t1_v1
-163362927,m_cl_clo_smm_ph_4_13_t14_v1
-163288313,packed_mp_veh_mod_idx_15_v56
-163229994,packed_ng_vehicle_neon_kit_v308
-163048496,f_cl_clo_h4f_decl_15_t100_v0
-162953545,packed_mp_veh_mod_idx_s_3_v122
-162950621,vem_horn_hips1_t10_v3
-162950163,vem_supermod_59_7_t59_v7
-162890954,packed_mp_veh_secondary_colour_group_v92
-162883539,f_ha_cc_mkup_18_t5_v0
-162806574,packed_mp_veh_mod_idx_4_v345
-162804474,f_cl_clo_awf_decl_5_t100_v0
-162796229,packed_mp_veh_mod_idx_s_17_v126
-162770616,packed_mp_veh_mod_idx_s_21_v7
-162749037,f_cl_clo_l2f_u_7_14_t11_v1
-162734352,packed_mp_veh_mod_idx_s_14_v285
-162717730,f_cl_clo_hstf_o_n_0_t3_v12
-162701743,packed_mp_veh_mod_idx_7_v73
-162558829,packed_mp_veh_mod_idx_s_11_v210
-162477520,packed_mp_veh_mod_idx_s_10_v152
-162448436,vem_exhaust_0_t6_v27
-162433067,m_cl_clo_s2m_o_4_t100_v0
-162197010,vem_supermod_4_4_t45_v6
-162185520,packed_mp_veh_mod_idx_18_v256
-162154967,m_cl_clo_fxm_l_0_3_t4_v1
-162135581,vem_supermod_48_6_t48_v7
-162126388,f_cl_clo_trf_u_9_6_t11_v1
-162064602,f_cl_clo_grf_l_0_4_t4_v1
-161978482,m_cl_clo_iem_b_4_3_t1_v1
-161959157,packed_ng_vehicle_smoke_v153
-161950192,packed_mp_veh_mod_idx_s_8_v47
-161927768,m_ha_cc_blush_21_t5_v0
-161927214,packed_ng_vehicle_neon_kit_v172
-161909576,f_ta_tat_h3_009_t0_v0
-161892999,m_cl_clo_grm_u_15_10_t11_v1
-161752425,m_cl_f_fmm_12_5_t6_v0
-161723928,vem_colour_1_mct_metallic_dark_green_t24_v2
-161723649,m_cl_clo_stm_u_7_3_t11_v1
-161701906,f_cl_clo_grf_l_3_13_t4_v1
-161699843,f_ha_cc_eyebrw_18_t2_v0
-161699781,m_cl_clo_grm_u_10_7_t11_v1
-161662968,packed_mp_veh_mod_idx_s_15_v19
-161653229,ve_champion_t1_v38
-161545245,vem_colour_1_mct_classic_grace_red_t24_v3
-161521312,f_cl_clo_x6f_rw_2_5_t14_v1
-161443508,packed_mp_veh_colour2_0_v140
-161420005,f_ha_cc_f_hs_6_t0_v1
-161414318,packed_mp_veh_mod_idx_s_3_v157
-161397104,packed_mp_veh_mod_idx_s_17_v84
-161320750,vem_cmod_hrn_mus5_t10_v28
-161301755,vem_cmod_hrn_mus2_t10_v6
-161084648,vem_smod5_whlv19_t66_v3
-161038755,vem_smod2_whlv143_t66_v3
-160923993,packed_mp_veh_mod_idx_s_6_v58
-160726864,vem_horn_luxe3_t10_v32
-160576060,packed_mp_veh_mod_idx_8_v15
-160526172,vem_smod4_whlv73_t66_v0
-160471630,packed_mp_veh_mod_idx_s_15_v275
-160390115,m_cl_clo_iem_o_1_t3_v12
-160337121,packed_mp_veh_mod_idx_s_2_v92
-160318592,f_cl_clo_s2f_o_8_t100_v0
-160270117,packed_mp_veh_mod_idx_2_v227
-160238786,packed_mp_veh_mod_idx_s_5_v299
-160210020,packed_mp_veh_mod_idx_s_15_v68
-160174559,packed_mp_veh_window_tint_0_v104
-160117156,vem_cmod_neoncol_13_t21_v31
-159967116,packed_mp_veh_livery2_0_v156
-159959539,vem_smod4_whlv71_t66_v2
-159843730,packed_mp_veh_mod_idx_8_v90
-159802436,wp_wct_clip_inc_t0_v21_n2
-159800080,m_cl_clo_bhm_decl_46_t100_v0
-159753252,f_cl_clo_ief_u_3_2_t11_v1
-159746100,packed_mp_veh_mod_idx_s_12_v232
-159733012,dec_cpm_claw_4
-159722673,packed_mp_veh_mod_idx_s_13_v378
-159675878,packed_mp_veh_mod_idx_s_18_v278
-159617880,m_cl_clo_iem_u_2_0_t11_v1
-159611641,vem_exhaust_14_t6_v35
-159589509,m_cl_clo_grm_u_6_15_t11_v1
-159461269,m_cl_clo_x6m_u_22_12_t11_v1
-159444371,packed_mp_veh_mod_idx_s_3_v384
-159430636,packed_mp_veh_mod_idx_s_17_v73
-159398000,packed_mp_veh_mod_idx_12_v142
-159288264,vem_exhaust_12_t6_v38
-159232527,vem_cmod_pla_4_t23_v37
-159185651,vem_cmod_tyr_3_t18_v11
-159176868,vem_colour_extra_1_mct_matte_yellow_t24_v4
-159163391,packed_mp_veh_mod_idx_s_10_v69
-159153894,vem_colour_extra_1_mct_metallic_anthr_black_t24_v4
-158976952,f_cl_clo_bif_u_0_1_t11_v1
-158835324,m_cl_clo_lxm_u_8_9_t11_v1
-158598163,packed_mp_veh_mod_idx_s_15_v56
-158597931,packed_mp_veh_mod_idx_s_2_v341
-158590456,packed_mp_veh_mod_idx_23_v113
-158422821,vem_supermod_3_44_t44_v7
-158373081,f_cl_clo_h2f_o_c_6_t3_v12
-158188194,kosatk_fla_17_t0_v0
-158104012,packed_mp_veh_primary_colour_group_v343
-158009776,wp_wct_c_tint_31_t2_v70_n2
-157995475,m_cl_clo_grm_g_0_1_t3_v1
-157939360,packed_ng_vehicle_neon_v168
-157894692,kosatk_fla_15_t0_v0
-157847428,f_ta_tat_st_039_t0_v0
-157839322,packed_mp_veh_colour2_0_v192
-157837443,packed_mp_veh_mod_idx_12_v169
-157745067,packed_mp_veh_colour_extra1_0_v355
-157720888,vem_colour_1_mct_matte_green_t24_v1
-157713000,m_cl_clo_lxm_w_14_0_t14_v1
-157644607,packed_mp_veh_mod_idx_1_v386
-157563132,packed_mp_veh_mod_idx_16_v91
-157475858,packed_mp_veh_mod_idx_14_v336
-157277582,vem_colour_2_mct_classic_umber_brown_t25_v4
-157261326,m_cl_clo_h2m_s_3_0_t8_v1
-157167798,vem_colour_mct_none_6
-157142019,m_cl_clo_pim_d_1_t8_v1
-156990342,m_cl_clo_stm_o_14_t11_v12
-156874501,dec_vw_aw_mt_9b
-156841915,m_cl_clo_l2m_e_29_2_t14_v1
-156838543,m_ta_tat_sb_018_t0_v0
-156827560,wp_wct_flash_t1_v22_n2
-156791663,vem_supermod_5_8_t46_v11
-156766052,packed_mp_veh_primary_colour_group_v281
-156683723,f_cl_clo_h2f_u_3_24_t11_v1
-156595502,f_cl_clo_h3f_u_5_0_t11_v1
-156577834,packed_mp_veh_colour_extra1_0_v0
-156532255,f_cl_outfit_clo_arf_o_21_t12_v0
-156515458,vem_fender_r_14_t37_v27
-156457591,vem_bumper_f_1_t34_v38
-156385804,packed_mp_veh_mod_idx_12_v339
-156293865,vem_armour_4_t1_v34
-156199101,dec_vw_aw_mt_37
-156170682,packed_mp_veh_mod_idx_s_3_v171
-156080241,vem_horn_xm15_2_t10_v35
-155999930,vem_supermod_19_5_t60_v27
-155988088,vem_horn_hween1_t10_v11
-155936318,vem_colour_extra_1_mct_pearlescent_black_graphite_t24_v3
-155837867,f_cl_clo_arf_o_0_t11_v12
-155786136,vem_cmod_airhorn_02_t10_v39
-155781857,packed_mp_veh_mod_idx_s_18_v198
-155781414,f_cl_clo_arf_ph_0_2_t14_v1
-155661027,packed_mp_veh_mod_idx_s_20_v83
-155577827,packed_mp_veh_colour1_0_v293
-155562975,wp_wm_tint3_t2_v5
-155452214,m_cl_clo_sum_u_0_0_t11_v1
-155432126,wp_wct_tint_16_t2_v9_n2
-155318937,vem_smod4_whl_18_t19_v3
-155216267,f_cl_clo_h4f_pey_2_5_t14_v1
-155198293,m_cl_clo_s1m_f_0_4_t6_v1
-155116007,packed_mp_veh_mod_idx_s_3_v322
-155026343,m_cl_clo_bus_p_1_11_t14_v1
-155024737,m_cl_clo_vwm_u_15_15_t11_v1
-154972676,vem_supermod_16_1_t57_v26
-154958929,vem_turbo_1_t17_v0
-154833387,packed_mp_veh_mod_idx_s_8_v324
-154787324,m_cl_clo_vwm_u_23_8_t11_v1
-154784859,wp_wct_c_tint_13_t2_v1_n2
-154756426,f_ta_tat_st_000_t0_v0
-154732333,service_earn_refund_buy_cardropoff
-154648062,packed_mp_veh_mod_idx_s_18_v399
-154602987,m_cl_clo_h3m_o_jan_3_t4_v12
-154586588,m_cl_clo_bim_ph_12_5_t14_v1
-154582025,packed_mp_veh_mod_idx_5_v28
-154543447,m_cl_clo_lxm_u_0_9_t11_v1
-154373132,packed_mp_veh_secondary_colour_group_v246
-154172533,f_cl_clo_grf_u_21_9_t11_v1
-153905619,f_cl_clo_grf_ph_1_7_t14_v1
-153865240,vem_rwd_spt_12_t19_v12
-153853782,vem_cmod_hrn_mus2_t10_v28
-153836577,packed_mp_veh_mod_idx_s_14_v156
-153822328,vem_colour_extra_1_mct_pearlescent_flur_yellow_t24_v1
-153818668,packed_mp_veh_wheel_type_0_v263
-153809153,vem_supermod_60_19_t60_v7
-153792783,f_cl_clo_awf_f_0_2_t6_v1
-153651571,packed_mp_veh_mod_idx_24_v115
-153638595,m_cl_clo_smm_ph_8_6_t14_v1
-153516854,packed_mp_veh_mod_idx_15_v134
-153455519,m_cl_clo_smm_u_3_10_t11_v1
-153432861,m_cl_clo_hp_d_19_t100_v0
-153414351,packed_mp_veh_mod_idx_s_7_v259
-153289889,packed_ng_vehicle_insurance_v203
-153280083,packed_mp_veh_mod_idx_1_v196
-153272277,f_cl_clo_grf_g_1_19_t3_v1
-153268933,m_ta_tat_bb_027_t0_v0
-153103815,vem_musc_11_t19_v1
-153096765,m_cl_clo_exm_et_0_1_t7_v1
-153024949,packed_ng_vehicle_insurance_v261
-152921861,packed_ng_vehicle_bpt_v262
-152884531,m_cl_clo_x6m_u_10_17_t11_v1
-152875315,fa_upgrade_weapons_gnlck_0_t0_v0
-152767465,ve_everon_t0_v3
-152760563,packed_mp_veh_mod_idx_s_18_v234
-152740539,vem_supermod_23_2_t64_v39
-152729719,packed_mp_veh_mod_var_1_v346
-152680146,packed_lr_vehicle_colour_6_v377
-152667329,packed_mp_veh_mod_idx_s_10_v170
-152600260,m_cl_clo_l2m_dec_8_t11_v1
-152505441,packed_mp_veh_window_tint_0_v149
-152493444,pr_pm_font_2_t1_v0
-152432190,packed_mp_veh_mod_idx_s_9_v122
-152415579,packed_mp_veh_mod_idx_s_12_v188
-152383623,packed_ng_vehicle_neon_kit_v311
-152226437,f_cl_clo_h4f_o_s1_f4_t8_v12
-152218556,vem_colour_extra_1_mct_classic_surf_blue_t24_v0
-152139042,packed_mp_veh_livery_0_v15
-152132782,m_cl_clo_s1m_dec_6_t100_v0
-152126998,packed_mp_veh_mod_idx_16_v69
-152019040,packed_ng_vehicle_neon_v391
-151991609,f_cl_clo_awf_decl_15_t100_v0
-151978260,packed_mp_veh_mod_idx_16_v140
-151921064,vem_colour_extra_1_mct_pearlescent_sandy_brown_t24_v0
-151912213,m_cl_clo_hp_o_7_t8_v12
-151794712,packed_mp_veh_livery_0_v344
-151751708,vem_supermod_17_4_t58_v27
-151707921,packed_mp_veh_mod_idx_9_v173
-151668220,packed_mp_veh_mod_idx_4_v113
-151628260,m_cl_clo_grm_b_1_5_t1_v1
-151511524,m_ta_tat_h27_026_t0_v0
-151459155,f_cl_clo_grf_u_3_9_t11_v1
-151355339,m_cl_clo_trm_u_9_7_t11_v1
-151325849,packed_mp_veh_mod_idx_24_v3
-151249271,vem_colour_extra_1_mct_classic_galaxy_blue_t24_v33
-151176442,m_cl_clo_h3m_u_13_0_t11_v1
-151127652,f_cl_clo_h2f_b_11_9_t1_v1
-151052307,vem_horn_clas7_t10_v27
-151043352,f_cl_clo_suf_u_17_10_t11_v1
-150875118,m_cl_clo_hp_d_36_t8_v1
-150824756,packed_mp_veh_mod_idx_s_0_v312
-150809714,m_cl_clo_bim_u_10_11_t11_v1
-150751883,packed_lr_vehicle_colour_5_v171
-150736798,packed_mp_veh_mod_idx_s_10_v111
-150648973,packed_mp_veh_mod_idx_12_v131
-150636928,packed_mp_veh_mod_idx_15_v217
-150513718,packed_mp_veh_mod_idx_s_20_v162
-150498635,packed_mp_veh_mod_idx_14_v187
-150466615,m_cl_clo_scm_l_14_0_t4_v1
-150419973,f_cl_clo_trf_decl_8_t100_v0
-150382996,vem_colour_extra_1_mct_metallic_frost_white_t24_v2
-150257781,f_cl_clo_busf_u_2_4_t8_v1
-150221874,packed_mp_veh_mod_var_0_v17
-150094888,packed_mp_veh_mod_idx_s_20_v400
-150032319,f_cl_clo_vwf_u_17_3_t11_v1
-149979856,packed_mp_veh_primary_colour_group_v379
-149972465,f_cl_clo_s1f_u_2_3_t11_v1
-149946752,wp_gsa_type_r_t0_v50
-149916025,f_ta_tat_bi_001_t0_v0
-149890589,packed_mp_veh_mod_idx_s_22_v397
-149882267,m_ha_brd_hp_2_t1_v1
-149871078,f_cl_clo_sbf_u_17_6_t11_v1
-149858614,packed_ng_vehicle_neon_v317
-149804509,packed_mp_veh_mod_idx_s_23_v244
-149751799,packed_mp_veh_mod_idx_s_7_v275
-149731101,m_ha_cc_lipstick_9_t8_v0
-149686491,packed_mp_veh_mod_var_1_v54
-149661938,vem_supermod_17_6_t58_v26
-149602449,m_cl_clo_fxm_l_1_6_t4_v1
-149482187,packed_mp_veh_mod_idx_s_18_v209
-149373349,vem_chassis_5_t4_v1
-149368867,f_cl_clo_fxf_u_7_4_t11_v1
-149340085,packed_mp_veh_mod_idx_s_1_v228
-149336829,m_cl_clo_hstm_t_3_4_t7_v1
-149297698,f_cl_clo_h4f_s_1_6_t8_v1
-149162190,m_cl_ht_fmm_0_2_t14_v0
-149071310,packed_mp_veh_mod_idx_s_15_v9
-149027761,packed_mp_veh_mod_idx_11_v214
-148926227,packed_mp_veh_mod_idx_s_17_v218
-148858333,packed_mp_veh_mod_idx_s_21_v398
-148854421,f_cl_t_fmf_1_4_t7_v0
-148679678,packed_mp_veh_window_tint_0_v390
-148639713,f_cl_clo_h3f_ph_10_1_t14_v1
-148637490,packed_mp_veh_colour_extra1_0_v330
-148629190,vem_supermod_21_19_t62_v3
-148613429,vem_rwd_musc_04_t19_v1
-148495995,m_cl_clo_awm_l_1_9_t4_v1
-148465733,m_cl_clo_v2m_h_0_4_t14_v1
-148452718,f_cl_clo_ief_u_2_7_t11_v1
-148451280,packed_mp_veh_mod_idx_s_8_v191
-148447769,f_cl_clo_grf_u_24_6_t11_v1
-148402231,m_cl_clo_fxm_ph_0_2_t14_v1
-148382915,f_cl_clo_grf_decl_16_t100_v0
-148318216,packed_mp_veh_mod_idx_s_8_v46
-148228838,f_ta_tat_ar_005_t0_v0
-148219705,packed_mp_veh_mod_idx_s_2_v4
-148160599,vem_insurance_alkonost
-148053614,packed_lr_vehicle_colour_5_v328
-148043749,dec_vw_aw_mt_15d
-148018763,vem_colour_2_mct_metallic_spin_purple_t25_v2
-147980429,packed_mp_veh_window_tint_0_v55
-147969299,m_cl_clo_vwm_t_0_9_t7_v1
-147968080,f_cl_clo_ief_u_5_11_t11_v1
-147937317,packed_ng_vehicle_bpt_v233
-147798328,m_cl_clo_h4m_b_2_25_t1_v1
-147753083,m_cl_clo_awm_u_1_11_t11_v1
-147743704,vem_colour_extra_1_mct_classic_silver_t24_v33
-147725011,f_ta_tat_fm_228_t0_v0
-147712002,f_cl_clo_awf_l_0_9_t4_v1
-147692759,m_cl_clo_fxm_pe_4_9_t14_v1
-147667606,m_cl_clo_vwm_u_19_5_t11_v1
-147629719,vem_colour_2_mct_classic_blue_t25_v4
-147478849,f_cl_clo_valf_b_0_2_t1_v1
-147470100,vem_cmod_tyr_7_t18_v26
-147462261,m_cl_clo_grm_f_0_15_t6_v1
-147352518,m_cl_clo_vwm_u_17_18_t11_v1
-147341730,packed_mp_veh_mod_idx_12_v402
-147294190,packed_mp_veh_mod_idx_s_16_v60
-147256805,m_cl_clo_x17m_u_4_1_t11_v1
-147153310,packed_mp_veh_plate_id_v250
-147094619,vem_spoiler_11_t14_v1
-147052288,m_cl_clo_x6m_f_4_22_t6_v1
-147008200,f_cl_clo_bhf_u_3_3_t11_v1
-146948589,m_cl_clo_iem_l_4_4_t4_v1
-146944334,m_cl_clo_trm_d_24_0_t10_v1
-146920959,packed_ng_vehicle_smoke_v1
-146882468,m_cl_clo_h3m_o_sl_26_t3_v12
-146760861,packed_mp_veh_mod_var_1_v337
-146697503,f_cl_clo_scf_u_55_12_t11_v1
-146681398,mp_stat_mpsv_model_150
-146672551,vem_colour_mct_none_126
-146653637,vem_rwd_hiend_18_t19_v2
-146609470,packed_mp_veh_colour_extra1_0_v226
-146601945,f_cl_clo_x6f_u_1_20_t11_v1
-146462343,packed_mp_veh_mod_idx_s_0_v377
-146383264,m_cl_clo_smm_ph_8_17_t14_v1
-146367200,packed_ng_vehicle_smoke_v297
-146354357,packed_mp_veh_mod_idx_s_13_v343
-146338006,packed_mp_veh_mod_var_0_v324
-146312278,packed_mp_veh_mod_idx_s_13_v198
-146297873,vem_smod2_whlv117_t66_v3
-146202273,packed_mp_veh_colour2_0_v79
-145932971,m_cl_clo_grm_decl_4_t11_v1
-145829620,mp_stat_mpsv_model_163
-145816901,m_cl_outfit_clo_l2m_o_0_t12_v0
-145771124,vem_colour_extra_1_mct_classic_black_graphite_t24_v4
-145719549,m_ta_tat_sb_062_t0_v0
-145635232,vem_supermod_8_2_t49_v28
-145634621,f_cl_clo_smf_u_0_7_t11_v1
-145590578,vem_supermod_17_2_t58_v27
-145585244,m_cl_clo_h4m_s_2_8_t8_v1
-145545610,packed_mp_veh_mod_idx_s_19_v270
-145233179,vem_colour_extra_1_mct_metallic_sunset_red_t24_v3
-145176473,vem_colour_1_mct_metallic_blue_t24_v33
-145109248,m_cl_clo_fxm_ph_2_9_t14_v1
-145029722,vem_cmod_hrn_0_t10_v10
-145012744,wp_wt_gnade_stk_t2_v1
-144913964,f_cl_clo_busf_l_1_10_t4_v1
-144847232,vem_hlight_0_t11_v6
-144691026,mt_snk_item2_t0_v2
-144683884,packed_mp_veh_mod_idx_2_v138
-144639043,m_cl_clo_bhm_u_14_7_t11_v1
-144607863,f_cl_clo_lxf_dec_34_t100_v0
-144571394,packed_ng_vehicle_bpt_v95
-144552814,packed_mp_veh_mod_idx_s_0_v75
-144541368,f_cl_clo_h3f_ph_5_12_t14_v1
-144526715,m_cl_clo_smm_ph_1_8_t14_v1
-144487910,vem_spt_23_t19_v1
-144354892,packed_mp_veh_mod_idx_s_12_v313
-144351209,ve_boxville4_t1_v0
-144349966,m_cl_clo_h4m_b_1_8_t1_v1
-144346187,packed_mp_veh_mod_idx_24_v137
-144342290,m_cl_clo_vwm_f_2_11_t6_v1
-144339978,packed_mp_veh_mod_idx_s_18_v274
-144286041,m_cl_clo_bus_p_1_13_t14_v1
-144278390,packed_mp_veh_mod_idx_s_15_v22
-144152125,m_cl_clo_awm_b_2_2_t1_v1
-144037143,vem_supermod_2_1_n1_t43_v3
-144020228,packed_mp_veh_mod_idx_s_15_v205
-143958471,packed_ng_vehicle_bpt_v301
-143935577,packed_mp_veh_plate_id_v121
-143873525,vem_drft_19_t19_v2
-143813166,vem_supermod_43_11_t43_v7
-143810937,m_cl_outfit_clo_hp_o_6_t12_v0
-143771336,f_cl_clo_vef_dec_48_t11_v1
-143732451,f_cl_clo_sbf_l_2_12_t4_v1
-143711685,packed_mp_veh_plate_id_v242
-143591183,packed_mp_veh_mod_idx_9_v387
-143528900,packed_mp_veh_mod_idx_s_5_v218
-143402534,packed_ng_vehicle_neon_kit_v267
-143369849,packed_mp_veh_mod_idx_s_14_v272
-143356923,wp_wm_tint7_t2_v95
-143278356,m_cl_clo_iem_u_17_8_t11_v1
-143228493,wp_wct_clip1_t1_v2
-143216930,vem_colour_1_mct_classic_pink_t24_v33
-143188357,packed_mp_veh_mod_var_1_v165
-143069479,vem_smod4_whlv180_t66_v2
-143026847,packed_mp_veh_mod_idx_13_v401
-143005701,m_cl_clo_arm_u_2_1_t11_v1
-142922761,m_cl_clo_lxm_e_24_0_t14_v1
-142917656,f_ta_tat_fx_013_t0_v0
-142841624,packed_mp_veh_mod_idx_s_15_v241
-142805923,wp_wct_c_tint_19_t2_v22_n2
-142756806,vem_drft_04_t19_v1
-142723676,vem_cmod_pla_0_t23_v39
-142515960,packed_mp_veh_mod_idx_23_v249
-142500057,f_ha_cc_eyebrw_31_t2_v0
-142420091,m_cl_clo_x3m_b_13_1_t1_v1
-142359584,packed_mp_veh_mod_idx_s_15_v371
-142280869,packed_mp_veh_mod_idx_14_v288
-142231344,m_cl_clo_grm_l_4_7_t4_v1
-142212293,vem_supermod_18_0_t59_v28
-142179512,f_cl_clo_vwf_l_2_20_t4_v1
-142145493,f_cl_clo_l2f_rw_4_0_t14_v1
-142039734,vem_supermod_13_22_t54_v3
-142028977,vem_rwd_suv_04_t19_v3
-142009124,m_cl_clo_grm_b_4_3_t1_v1
-142008874,vem_supermod_0_4_t41_v28
-141929067,packed_mp_veh_mod_idx_s_9_v376
-141922902,packed_mp_veh_colour1_0_v157
-141755740,packed_ng_vehicle_bpt_v61
-141751374,vem_supermod_9_23_t50_v3
-141692443,f_cl_clo_scf_f_0_20_t6_v1
-141644041,f_cl_outfit_clo_hp_f_o_6_t12_v0
-141422514,packed_mp_veh_mod_idx_16_v163
-141348734,packed_mp_veh_mod_idx_s_16_v386
-141302844,packed_mp_veh_mod_idx_2_v246
-141272886,packed_mp_veh_mod_idx_s_5_v56
-141264714,packed_mp_veh_plate_id_v1
-141252580,vem_hiend_14_t19_v3
-141204948,packed_mp_veh_mod_idx_s_9_v274
-141204717,vem_supermod_12_6_t53_v10
-141025446,f_cl_clo_x6f_l_1_19_t4_v1
-141002006,packed_mp_veh_mod_idx_15_v269
-140986381,packed_lr_vehicle_colour_6_v403
-140950911,vem_colour_extra_1_mct_metallic_formula_red_t24_v2
-140813567,vem_bumper_r_13_t35_v27
-140762766,vem_colour_extra_1_mct_pearlescent_racing_green_t24_v0
-140704452,packed_mp_veh_mod_idx_5_v132
-140649483,vem_spoiler_4_t14_v1
-140559817,packed_mp_veh_mod_idx_12_v365
-140540735,f_cl_g_fmf_4_0_t14_v0
-140470491,f_cl_outfit_clo_s1f_o_3_t12_v0
-140391895,f_cl_clo_trf_b_2_2_t1_v1
-140139092,vem_trans_2_t16_v10
-140130260,packed_mp_veh_mod_idx_10_v210
-140085265,packed_mp_veh_colour_extra2_0_v386
-140084941,m_ha_cc_blush_24_t5_v0
-139994839,vem_rwd_musc_06_t19_v0
-139959561,vem_smod_whlv105_t66_v3
-139945782,vem_truck_slot_10_mod_1_t0_v0
-139930947,f_cl_clo_v2f_o_11_t3_v12
-139930407,packed_mp_veh_mod_idx_s_21_v143
-139878926,packed_ng_vehicle_smoke_v295
-139840471,packed_mp_veh_mod_idx_18_v143
-139790222,f_cl_clo_exf_el_0_3_t4_v1
-139769403,packed_mp_veh_mod_idx_s_23_v93
-139746762,packed_mp_veh_mod_idx_s_2_v129
-139621675,m_ha_cc_m_hs_21_t0_v0
-139610191,packed_mp_veh_mod_idx_s_17_v224
-139578883,packed_mp_veh_mod_idx_3_v350
-139426939,vem_supermod_19_16_t60_v3
-139379401,vem_horn_xm15_2_t10_v7
-139376510,vem_smod4_whlv200_t66_v1
-139370586,f_cl_clo_x6f_u_1_6_t11_v1
-139310574,m_ta_tat_h3_006_t0_v0
-139276665,m_cl_clo_x6m_ey_0_3_t14_v1
-139238543,m_cl_clo_hp_d_5_t8_v1
-139144861,packed_mp_veh_mod_idx_s_23_v167
-139068617,f_cl_clo_lxf_o_8_t3_v12
-139054456,m_cl_clo_trm_u_15_0_t11_v1
-138986450,mp_stat_mpsv_model_327
-138947646,m_cl_clo_sum_u_4_1_t11_v1
-138915580,packed_mp_veh_mod_idx_24_v246
-138893487,packed_mp_veh_mod_idx_s_19_v277
-138769463,vem_colour_extra_1_mct_classic_chocolate_brown_t24_v0
-138659465,fa_upgrade_cash_setup_1_t0_v0
-138632999,vem_fender_l_3_t36_v1
-138450318,vem_colour_1_mct_classic_harbor_blue_t24_v2
-138430699,packed_lr_vehicle_colour_5_v178
-138322443,packed_mp_veh_mod_var_1_v220
-138298251,packed_mp_veh_mod_idx_s_18_v96
-138253923,packed_mp_veh_colour_extra1_0_v152
-138252226,packed_mp_veh_mod_idx_s_6_v333
-138236512,packed_mp_veh_mod_idx_10_v93
-138233975,packed_ng_vehicle_smoke_v212
-138113142,m_cl_clo_x6m_u_0_11_t11_v1
-138051568,packed_mp_veh_mod_idx_4_v279
-138024969,packed_mp_veh_mod_idx_s_5_v320
-137984096,f_cl_clo_exf_au_12_0_t11_v1
-137892851,vem_insurance_schafter6
-137784248,f_cl_d_fmm_0_0_t10_v0
-137763902,packed_mp_veh_mod_idx_s_1_v32
-137680231,f_cl_clo_suf_u_18_2_t11_v1
-137575990,packed_mp_veh_livery_0_v169
-137531442,f_cl_clo_h2f_ph_4_2_t14_v1
-137462439,f_cl_clo_l2f_g_0_2_t14_v1
-137416861,m_cl_clo_sum_u_3_5_t11_v1
-137338709,m_ta_tat_sb_034_t0_v0
-137313648,m_cl_l_fmm_1_13_t4_v0
-137291981,vem_roof_11_t12_v1
-137276146,f_cl_outfit_clo_x6f_o_o_18_t12_v0
-137265783,packed_mp_veh_colour_extra1_0_v321
-137265324,fa_upgrade_cash_setup_0_t0_v0
-137245733,f_cl_clo_valf_u_0_1_t11_v1
-137221223,dec_vw_aw_mf_1h
-137219013,vem_supermod_22_0_t63_v26
-137175271,m_cl_clo_x17m_u_4_0_t11_v1
-137101726,packed_mp_veh_mod_idx_s_10_v184
-136968833,packed_mp_veh_mod_idx_15_v100
-136897423,f_cl_clo_s2f_u_6_1_t11_v1
-136849658,f_cl_clo_h3f_u_5_4_t11_v1
-136803143,vem_smod4_whlv40_t66_v2
-136740842,m_cl_clo_smm_ph_4_10_t14_v1
-136739062,packed_mp_veh_mod_idx_11_v244
-136685372,m_cl_clo_busm_u_2_0_t11_v1
-136644616,f_cl_clo_vwf_u_20_25_t11_v1
-136617538,m_ha_clo_s2m_h_1_0_t0_v0
-136571434,f_cl_clo_v2f_u_0_2_t11_v1
-136556522,f_cl_clo_grf_b_0_14_t1_v1
-136547455,vem_colour_extra_1_mct_matte_matte_od_t24_v3
-136544816,vem_chassis_7_t4_v35
-136515443,packed_mp_veh_mod_idx_s_3_v271
-136502765,f_cl_ht_fmf_7_6_t14_v0
-136440674,dec_cpm_3cardp_1
-136249012,vem_supermod_17_0_t58_v27
-136092210,packed_ng_vehicle_neon_v350
-136076960,packed_mp_veh_mod_idx_s_0_v115
-136056199,vem_colour_mct_none_141
-136013243,f_cl_clo_bif_s_17_15_t8_v1
-135986603,m_ta_tat_bus_001_t0_v0
-135877922,m_cl_clo_h3m_s_1_3_t8_v1
-135860973,vem_colour_extra_1_mct_classic_sandy_brown_t24_v1
-135813048,service_spend_import_export_repair
-135728678,f_cl_clo_hstfb_14_11_t1_v1
-135678836,m_cl_clo_x4m_u_11_10_t11_v1
-135310703,m_cl_ht_fmm_5_0_t14_v0
-135269641,f_cl_clo_ief_u_14_7_t11_v1
-135235929,m_cl_outfit_clo_ltsm_o_0_t12_v0
-135086849,m_cl_outfit_o_fmm_b5_t12_v0
-135073956,m_cl_ht_fmm_15_4_t14_v0
-134969998,packed_mp_veh_colour1_0_v304
-134934938,packed_mp_veh_mod_var_0_v351
-134902018,packed_lr_vehicle_colour_5_v244
-134864324,packed_mp_veh_mod_idx_s_1_v266
-134658053,m_ta_tat_sm_024_t0_v0
-134629525,m_ha_cc_m_hs_12_t0_v2
-134624971,packed_mp_veh_mod_idx_s_0_v32
-134621052,vem_livery2_0_t39_v6
-134504517,m_ta_tat_bi_015_t0_v0_cesp
-134459070,f_cl_clo_hstf_u_7_0_t11_v1
-134445571,m_cl_clo_exm_g_7_9_t14_v0
-134380691,m_ha_cc_blush_15_t5_v0
-134301933,vem_colour_extra_1_mct_pearlescent_rolled_steel_t24_v2
-134301618,m_cl_clo_busm_f_1_3_t6_v1
-134203645,packed_mp_veh_colour_extra2_0_v402
-134073111,vem_supermod_13_19_t54_v3
-134050765,vem_smod5_whlv22_t66_v0
-133980989,m_cl_clo_x6m_ey_0_1_t14_v1
-133941869,m_cl_clo_og_decl_2_t8_v1
-133929854,f_cl_clo_bus_p_1_2_t14_v1
-133808296,vem_colour_extra_1_mct_classic_moss_brown_t24_v0
-133618810,f_cl_u_fmf_12_9_t8_v0
-133559176,packed_mp_veh_mod_idx_s_3_v149
-133485136,f_cl_clo_lxf_lw_6_1_t14_v1
-133450856,m_cl_clo_h2m_o_g_23_t3_v12
-133380527,m_cl_clo_hstmb_18_0_t1_v1
-133210724,m_cl_outfit_clo_awm_o_c_3_t12_v0
-133203664,packed_mp_veh_colour_extra2_0_v75
-133193594,vem_colour_5_pink_t38_v0
-133154110,m_cl_clo_h2m_f_5_20_t6_v1
-133078082,wp_gsa_type_r_t0_v8_n2
-132932593,f_cl_clo_x6f_f_14_5_t6_v1
-132908456,vem_colour_extra_1_mct_classic_wine_red_t24_v1
-132889149,packed_mp_veh_mod_idx_12_v33
-132881966,packed_mp_veh_mod_idx_8_v195
-132813252,dec_vw_aw_wv_10e
-132743217,packed_mp_veh_mod_idx_s_6_v282
-132740390,vem_engine_0_t5_v10
-132722360,packed_lr_vehicle_colour_6_v106
-132661030,vem_colour_extra_1_mct_metallic_salmon_pink_t24_v0
-132611014,vem_supermod_11_17_t52_v3
-132606547,wp_wct_tint_2_t2_v46_n2
-132569518,vem_bumper_f_16_t34_v27
-132534064,packed_mp_veh_mod_var_1_v137
-132486973,packed_mp_veh_mod_idx_s_1_v141
-132369054,vem_colour_2_mct_matte_matte_desert_t25_v3
-132316399,packed_mp_veh_mod_idx_11_v201
-132309938,vem_spoiler_0_t14_v1
-132308427,packed_mp_veh_mod_idx_s_2_v110
-132269095,packed_mp_veh_mod_idx_22_v116
-132259991,vem_mwt_supermod3_t10_v0
-132238223,packed_mp_veh_mod_idx_s_4_v277
-132221150,packed_mp_veh_window_tint_0_v155
-132150228,packed_ng_vehicle_insurance_v250
-132065053,packed_mp_veh_window_tint_0_v187
-131932559,vem_fender_r_10_t37_v1
-131909021,packed_mp_veh_colour_extra1_0_v44
-131896519,m_cl_clo_bim_pe_1_5_t14_v1
-131854058,vem_supermod_21_4_t62_v27
-131821238,m_cl_clo_x6m_f_3_10_t6_v1
-131814219,m_cl_clo_vwm_u_17_15_t11_v1
-131805236,vem_rwd_bikew_24_t19_v3
-131783871,m_cl_clo_x6m_f_10_0_t6_v1
-131731578,packed_mp_veh_mod_idx_s_2_v221
-131708919,f_cl_clo_vwf_pw_3_4_t14_v1
-131599856,m_cl_clo_grm_u_16_6_t11_v1
-131571261,vem_colour_2_mct_metallic_bison_brown_t25_v1
-131570231,f_cl_clo_suf_b_3_1_t1_v1
-131559798,f_cl_clo_awf_ph_1_2_t14_v1
-131506547,vem_supermod_57_2_t57_v7
-131497885,packed_mp_veh_mod_idx_16_v178
-131473767,packed_mp_veh_mod_idx_s_5_v93
-131354504,packed_mp_veh_mod_idx_7_v354
-131342097,m_cl_clo_vwm_l_3_19_t4_v1
-131271106,vem_suspension_5_t15_v31
-131270320,packed_mp_veh_mod_idx_s_16_v282
-130977308,packed_mp_veh_mod_idx_0_v227
-130885372,m_cl_clo_indm_ht_4_0_t14_v1
-130879747,packed_mp_veh_mod_idx_s_17_v109
-130876611,packed_mp_veh_mod_idx_9_v283
-130822944,packed_ng_vehicle_bpt_v131
-130737311,m_cl_clo_awm_decl_24_t100_v0
-130681870,m_cl_clo_l2m_u_3_1_t11_v1
-130629484,f_cl_clo_stf_o_1_t3_v12
-130559236,packed_mp_veh_livery_0_v382
-130544051,m_cl_clo_sum_u_14_24_t11_v1
-130451063,packed_mp_veh_mod_idx_5_v177
-130447858,packed_mp_veh_window_tint_0_v13
-130420269,m_cl_clo_grm_u_8_18_t11_v1
-130400749,vem_smod_whlv200_t66_v3
-130211419,f_cl_u_fmf_15_3_t11_v0
-130108238,vem_supermod_15_10_n1_t56_v38
-130100684,m_cl_clo_stm_ht6_8_t14_v1_cesp
-130098846,packed_mp_veh_mod_idx_s_13_v39
-130084133,wp_wm_tint2_t2_v0
-130076804,f_cl_clo_bbf_p3_3_t14_v1
-130062580,packed_mp_veh_colour1_0_v167
-130019263,vem_insurance_lurcher
-129866771,f_cl_clo_h2f_o_g_16_t3_v12
-129814458,vem_smod_whlv6_t66_v0
-129766270,packed_mp_veh_wheel_type_0_v235
-129721145,f_cl_clo_exf_eu_9_6_t11_v1
-129706868,m_cl_clo_grm_f_0_17_t6_v1
-129683254,packed_mp_veh_mod_idx_13_v355
-129643448,packed_mp_veh_mod_idx_12_v118
-129625501,packed_lr_vehicle_colour_5_v223
-129610961,m_cl_clo_bhm_decl_15_t100_v0
-129606397,packed_mp_veh_mod_idx_s_23_v284
-129578447,wp_wm_tint3_t2_v57
-129563121,vem_supermod_23_4_t64_v32
-129558105,f_cl_clo_grf_u_4_0_t11_v1
-129472301,ve_seashark_t0_v0
-129457550,packed_ng_vehicle_insurance_v14
-129302637,f_ta_tat_h3_011_t0_v0
-129210117,packed_mp_veh_mod_idx_s_1_v171
-129193626,vem_colour_2_mct_classic_anthr_black_t25_v2
-129161283,f_cl_clo_stf_o_17_t3_v12_cesp
-129111113,f_cl_clo_awf_ph_2_18_t14_v1
-128911708,f_cl_clo_h4f_decl_25_t11_v1
-128889189,vem_colour_2_mct_matte_green_t25_v1
-128874884,vem_smod3_whlv98_t66_v3
-128753409,m_cl_clo_grm_ph_4_20_t14_v1
-128733627,f_cl_clo_stf_o_5_t3_v12
-128698587,m_cl_clo_grm_b_5_20_t1_v1
-128695557,mp_stat_mpsv_model_104
-128681033,f_cl_clo_ief_f_0_6_t6_v1
-128679123,dec_vw_aw_ss_13b
-128599654,vem_horn_clas6_t10_v33
-128592557,m_cl_clo_grm_u_15_11_t11_v1
-128481242,f_cl_clo_lxf_u_0_4_t11_v1
-128422751,pr_pm_off_var_7_t0_v0
-128391946,m_cl_clo_vwm_pey_1_7_t14_v1
-128384256,packed_mp_veh_mod_idx_22_v376
-128305390,packed_ng_vehicle_insurance_v142
-128260218,packed_mp_veh_mod_idx_2_v262
-128207124,packed_mp_veh_colour1_0_v340
-128170224,vem_musc_20_t19_v2
-128140175,vem_colour_1_mct_classic_orange_t24_v1
-128094893,vem_drft_09_t19_v2
-128030771,vem_supermod_6_5_t47_v27
-128026163,f_cl_clo_lxf_dec_13_t100_v0
-128015283,f_cl_clo_bif_o_5_t4_v12
-127903982,packed_mp_veh_mod_idx_s_13_v373
-127774954,packed_lr_vehicle_colour_6_v356
-127690014,vem_cmod_col5_13_t29_v0
-127682406,m_cl_clo_bim_pw_7_0_t14_v1
-127619995,m_cl_clo_valm_u_2_1_t8_v1
-127602756,vem_colour_extra_1_mct_metallic_grace_red_t24_v3
-127583727,f_cl_clo_awf_o_e_0_t8_v12
-127466519,ve_tulip2_t0_v3
-127431320,packed_mp_veh_mod_idx_14_v222
-127416159,mp_stat_dbase_orbital_weapon_v0
-127408527,f_cl_clo_smf_b_3_10_t1_v1
-127305751,packed_mp_veh_wheel_type_0_v294
-127252896,m_cl_clo_bus_m_o_17_t3_v12
-127204536,f_cl_clo_h3f_b_14_21_t1_v1
-127199671,packed_mp_veh_mod_idx_1_v295
-127183574,f_cl_clo_sbf_f_0_13_t6_v1
-127171224,wp_wct_c_tint_24_t2_v56_n2
-127169026,wp_wct_tint_9_t2_v56_n2
-126787992,packed_mp_veh_mod_idx_s_4_v27
-126492623,fcbase_gra1_t0_v0
-126461114,vem_armour_3_t1_v38
-126460110,packed_mp_veh_mod_idx_8_v181
-126429156,vem_smod_whlv109_t66_v0
-126413191,m_cl_g_fmm_7_6_t14_v0
-126368696,packed_mp_veh_mod_idx_10_v120
-126333925,f_cl_o_fmf_p3_t3_v12
-126306658,f_cl_clo_bhf_u_15_5_t11_v1
-126287527,packed_mp_veh_mod_idx_23_v307
-126262524,vem_smod4_whlv101_t66_v3
-126196129,m_cl_clo_hp_l_1_0_t4_v1
-126144386,vem_colour_1_mct_metals_gold_s_t24_v4
-126104426,f_cl_clo_hstf_o_13_t4_v12
-125985897,packed_mp_veh_mod_idx_23_v171
-125985166,packed_mp_veh_mod_var_0_v200
-125978312,m_cl_clo_exm_au_8_2_t11_v1
-125970157,f_cl_clo_arf_o_19_t11_v12
-125846745,packed_mp_veh_plate_id_v195
-125798164,vem_livery_255_t26_v2
-125796054,vem_cmod_win_3_t33_v38
-125738934,f_cl_l_fmf_1_3_t4_v0
-125693985,vem_livery_2_t26_v2
-125599977,f_cl_clo_sbf_u_14_19_t11_v1
-125560128,vem_smod2_whl29_t19_v12
-125449483,m_cl_clo_smm_ph_0_8_t14_v1
-125348862,packed_mp_veh_mod_idx_24_v235
-125339662,wp_wct_tint_20_t2_v46_n2
-125282900,packed_mp_veh_window_tint_0_v367
-125251341,packed_mp_veh_mod_idx_12_v268
-125208497,m_cl_clo_indm_d_21_t11_v1
-125171037,packed_mp_veh_mod_idx_s_7_v290
-124943082,m_cl_clo_busm_t_0_2_t7_v1
-124936245,f_cl_clo_bif_decl_26_t100_v0
-124924258,packed_mp_veh_mod_idx_s_10_v158
-124885154,m_cl_clo_bbm_l_1_7_t4_v1
-124847686,m_cl_clo_grm_ph_4_22_t14_v1
-124719250,vem_supermod_8_6_t49_v27
-124596154,packed_mp_veh_livery_0_v336
-124570468,m_cl_clo_fxm_pe_4_2_t14_v1
-124563541,m_ha_clo_trm_h_0_0_t0_v1
-124497432,packed_mp_veh_mod_idx_s_22_v155
-124427952,m_cl_clo_vwm_u_19_2_t11_v1
-124373744,vem_colour_extra_1_mct_classic_salmon_pink_t24_v1
-124288068,vem_trans_3_t16_v28
-124252823,packed_mp_veh_primary_colour_group_v10
-124238972,wp_wm_tint7_t2_v6
-124238844,packed_mp_veh_mod_idx_2_v313
-124200639,m_cl_clo_awm_b_12_7_t1_v1
-124140646,f_ta_tat_sb_030_t0_v0
-124085642,vem_grill_4_t8_v1
-123859892,packed_mp_veh_mod_idx_4_v32
-123776830,packed_mp_veh_window_tint_0_v328
-123677652,packed_mp_veh_wheel_type_0_v50
-123628205,vem_colour_1_mct_classic_racing_blue_t24_v4
-123603290,vem_supermod_1_12_t42_v3
-123491799,m_cl_clo_iem_o_3_t3_v12_cesp
-123405177,vem_armour_5_t1_v27
-123377896,packed_lr_vehicle_colour_6_v329
-123333703,packed_mp_veh_mod_idx_s_19_v136
-123156948,f_cl_clo_ief_l_2_6_t4_v1
-123155663,vem_armour_2_t1_v7
-123120583,m_cl_l_fmm_12_5_t4_v0
-123096380,packed_mp_veh_mod_idx_3_v325
-123095689,m_cl_clo_vwm_u_15_5_t11_v1
-123071605,vem_insurance_rumpo
-123043392,f_cl_clo_exf_eu_6_6_t11_v1
-123042082,packed_mp_veh_mod_idx_s_6_v387
-123019010,m_cl_clo_bim_decl_28_t100_v0
-122987970,vem_smod_whlv132_t66_v0
-122724263,packed_mp_veh_mod_idx_s_10_v68
-122658462,vem_colour_2_mct_metallic_diamond_blue_t25_v4
-122641629,m_cl_clo_h3m_u_7_0_t8_v1
-122640750,m_cl_outfit_clo_x17m_o_m_1_t12_v0
-122476458,packed_mp_veh_mod_idx_s_16_v312
-122420847,wp_wt_molotov_t2_v2
-122376837,m_cl_clo_sum_u_14_22_t11_v1
-122344972,f_cl_clo_bif_ph_12_3_t14_v1
-122325291,packed_ng_vehicle_bpt_v343
-122324904,packed_mp_veh_colour_extra2_0_v98
-122323426,packed_mp_veh_mod_idx_3_v108
-122300557,vem_smod4_whlv17_t66_v2
-122210096,packed_ng_vehicle_insurance_v157
-122204960,m_cl_clo_bhm_u_0_9_t11_v1
-122201114,fcarcade_c_up3_c_12
-122201018,packed_mp_veh_wheel_type_0_v384
-122198483,packed_mp_veh_mod_idx_8_v355
-122191321,vem_supermod_55_17_t55_v7
-122096178,vem_colour_2_mct_metallic_red_t25_v3
-122046074,packed_mp_veh_mod_idx_s_16_v103
-122015526,packed_mp_veh_mod_var_0_v129
-121966277,vem_smod4_whlv179_t66_v0
-121891824,mba_floor1_6_t0_v1
-121875202,m_cl_clo_smm_b_1_7_t1_v1
-121855510,packed_mp_veh_mod_var_1_v159
-121853562,packed_mp_veh_mod_idx_0_v323
-121837861,pm_weapon_discount_bronze_kills
-121742744,vem_rwd_drft_24_t19_v0
-121650441,m_cl_clo_grm_u_11_14_t11_v1
-121630746,vem_colour_2_mct_metallic_shadow_silver_t25_v4
-121580207,m_cl_clo_busm_g1_0_t14_v0
-121543027,packed_mp_veh_mod_idx_11_v277
-121521913,vem_supermod_10_8_t51_v10
-121499851,packed_mp_veh_mod_idx_14_v235
-121471218,m_cl_clo_sum_l_1_8_t4_v1
-121471082,packed_mp_veh_mod_idx_15_v246
-121361730,vem_supermod_3_30_t44_v27
-121351702,packed_mp_veh_mod_idx_3_v54
-121325606,vem_exhaust_0_t6_v1
-121200103,f_cl_clo_suf_l_3_3_t4_v1
-121178770,vem_spoiler_4_t14_v29
-121141070,vem_cmod_hrn_mus2_t10_v33
-121094816,f_cl_clo_s1f_ph_0_24_t14_v1
-121020421,packed_mp_veh_mod_idx_24_v376
-120987057,fcclub_ice_0_t0_v0
-120948360,m_cl_clo_trm_ph_0_0_t14_v1
-120923767,m_cl_clo_hp_g_0_2_t14_v1
-120881311,m_cl_clo_hp_d_14_t100_v0
-120879425,candc_hacker_wep_1_t0_v0
-120791094,m_cl_clo_h2m_ph_2_7_t14_v1
-120744497,f_cl_clo_vwf_pw_1_2_t14_v1
-120713130,vem_supermod_7_8_t48_v7
-120444233,vem_smod_whlv9_t66_v3
-120415629,packed_ng_vehicle_neon_v83
-120308726,vem_colour_2_mct_metallic_torino_red_t25_v4
-120277266,packed_mp_veh_mod_idx_s_4_v200
-120249469,packed_mp_veh_mod_idx_0_v56
-120211018,m_cl_clo_h4m_decl_27_t100_v0
-120148594,dec_vw_aw_mf_1a
-120094887,dec_vw_aw_wv_38
-120055175,packed_mp_veh_secondary_colour_group_v401
-120004759,m_cl_clo_s1m_dec_7_t11_v1
-119977851,packed_mp_veh_mod_idx_s_7_v342
-119725832,m_cl_clo_x6m_t_2_1_t7_v1
-119690517,f_cl_clo_awf_u_1_15_t11_v1
-119555822,packed_mp_veh_mod_idx_s_8_v336
-119553533,m_cl_clo_h3m_u_11_0_t11_v1
-119392238,packed_lr_vehicle_colour_5_v184
-119299632,packed_mp_veh_mod_idx_s_9_v88
-119295694,packed_mp_veh_mod_idx_s_17_v378
-119267143,wp_wm_tint1_t2_v52
-119134828,vem_colour_2_mct_metallic_black_t25_v1
-119130491,vem_smod_whlv19_t66_v0
-119113660,vem_colour_5_wine_red_t38_v3
-119069879,f_cl_f_fmf_14_7_t6_v0
-118879037,packed_lr_vehicle_colour_5_v201
-118807802,m_ha_cc_mkup_68_t5_v0
-118746390,mp_stat_mpsv_model_55
-118744823,m_cl_f_fmm_4_2_t6_v0
-118736090,packed_mp_veh_mod_idx_s_17_v232
-118675367,ve_marshall_t1_v5
-118644616,m_cl_clo_hp_l_2_6_t4_v1
-118535847,m_cl_clo_xmasm_u_1_1_t11_v1
-118484388,f_cl_clo_grf_u_3_0_t11_v1
-118481775,packed_mp_veh_mod_idx_s_0_v133
-118377253,packed_mp_veh_mod_idx_18_v367
-118357153,m_cl_clo_bus_p_1_2_t14_v1
-118306017,m_cl_clo_h3m_b_18_21_t1_v1
-118188445,ve_squalo_t0_v0
-118180368,packed_mp_veh_mod_idx_s_16_v139
-118165279,vem_supermod_16_5_t57_v28
-118135533,m_cl_clo_awm_b_2_10_t1_v1
-118122178,vem_colour_1_mct_classic_wine_red_t24_v2
-118095474,packed_mp_veh_mod_idx_s_6_v288
-118090475,vem_supermod_18_16_t59_v3
-118089857,m_cl_clo_val_decl_a_t11_v1
-117956769,f_ta_tat_sb_037_t0_v0
-117724727,f_cl_clo_l2f_t_4_1_t7_v1
-117627157,vem_colour_1_mct_classic_black_steel_t24_v33
-117554773,vem_spoiler_22_t14_v38
-117430144,vem_chassis_0_t4_v38
-117408014,f_ta_tat_ie_007_t0_v0
-117393113,vem_smod2_whlv198_t66_v3
-117338865,packed_mp_veh_mod_idx_s_3_v114
-117305815,f_cl_outfit_clo_l2f_o_1_t12_v0
-117294836,wp_wct_clip1_t1_v10
-117281325,vem_cmod_exp_1_t20_v3
-117263307,packed_ng_vehicle_neon_kit_v169
-117053133,packed_mp_veh_mod_idx_11_v120
-116993164,vem_sub_heli_c_20
-116871860,f_cl_clo_bif_u_13_0_t11_v1
-116870196,packed_mp_veh_colour_extra2_0_v199
-116849247,ve_jb7002_t0_v36
-116834024,m_cl_clo_x3m_b_3_0_t1_v1
-116745974,f_cl_clo_scf_d_27_11_t10_v1
-116673020,m_cl_clo_bbm_l_1_10_t4_v1
-116648774,packed_mp_veh_mod_idx_s_23_v129
-116606573,packed_ng_vehicle_smoke_v143
-116528730,fa_upgrade_coke_equip_0_t0_v0
-116506180,packed_mp_veh_colour_extra1_0_v290
-116502656,vem_supermod_0_0_t41_v36
-116465225,m_cl_clo_sbm_b_10_21_t1_v1
-116458922,ve_ellie_t0_v3
-116456591,vem_horn_cnote_g0_t10_v3
-116423075,vem_insurance_taipan
-116379266,packed_mp_veh_mod_idx_22_v142
-116316153,m_cl_f_fmm_3_2_t6_v0
-116311529,wp_wm_tint4_t2_v72
-116294517,packed_ng_vehicle_smoke_v326
-116241056,vem_yacht_light_2_v0
-116106592,f_cl_clo_smf_ph_8_2_t14_v1
-116073042,m_cl_clo_h3m_b_14_9_t1_v1
-116063879,m_cl_clo_grm_u_17_4_t11_v1
-116052796,factory_index_24_t0_v0
-115945563,packed_mp_veh_mod_idx_24_v282
-115883817,wp_wm_tint5_t2_v22
-115875721,packed_lr_vehicle_colour_6_v212
-115851452,f_cl_clo_lxf_e_8_1_t14_v1
-115829126,f_cl_clo_bbf_p4_0_t14_v1
-115752632,packed_mp_veh_livery2_0_v270
-115708792,wp_wt_rifle_cbn2_t1_v9
-115708754,vem_rwd_drft_09_t19_v1
-115608085,packed_mp_veh_mod_idx_3_v189
-115600484,m_cl_clo_busm_l_1_4_t4_v1
-115575513,m_cl_clo_h4m_decl_8_t100_v0
-115529131,vem_engine_0_t5_v0
-115400192,packed_lr_vehicle_colour_5_v145
-115354643,vem_fender_r_12_t37_v27
-115324991,vem_smod5_whlv148_t66_v3
-115305590,wp_wm_tint1_t2_v91
-115224534,packed_mp_veh_mod_idx_4_v372
-115208431,packed_mp_veh_plate_id_v289
-115086335,packed_mp_veh_mod_idx_s_6_v314
-115082510,f_cl_clo_h4f_o_h2_f3_t3_v12
-115061471,ve_blimp3_t0_v0
-115005572,vem_supermod_17_7_t58_v28
-115002614,vem_colour_extra_1_mct_matte_matte_desert_t24_v33
-114993260,wp_wct_c_tint_21_t2_v22_n2
-114931578,packed_mp_veh_mod_idx_s_17_v52
-114921969,f_cl_clo_bhf_decl_13_t11_v1
-114753501,m_cl_outfit_clo_h3m_o_pr_1_t12_v0
-114629160,f_cl_clo_indf_d_25_t8_v1
-114585491,m_cl_clo_bhm_u_0_6_t11_v1
-114515072,vem_smod2_whlv165_t66_v3
-114498900,m_cl_clo_grm_ph_5_23_t14_v1
-114442791,vem_colour_2_mct_metallic_candy_red_t25_v3
-114374921,f_cl_clo_suf_u_3_2_t11_v1
-114198446,packed_mp_veh_mod_idx_1_v88
-114165847,packed_mp_veh_mod_idx_4_v210
-114129803,packed_mp_veh_mod_idx_s_3_v190
-114124789,packed_mp_veh_mod_idx_6_v312
-114116718,packed_mp_veh_mod_idx_24_v92
-114060684,wp_wm_tint1_t2_v63
-113805545,m_cl_clo_iem_b_9_3_t1_v1
-113694547,f_cl_outfit_clo_x6f_o_o_14_t12_v0
-113678441,packed_mp_veh_mod_idx_24_v313
-113660767,m_ha_none_t8_v0
-113649879,m_cl_clo_h4m_u_3_1_t11_v1
-113515670,m_cl_clo_arm_o_11_t3_v12
-113513418,f_cl_clo_scf_b_9_0_t1_v1
-113481276,vem_colour_extra_1_mct_metals_br_aluminium_t24_v1
-113471121,vem_colour_6_blue_t65_v3
-113422588,packed_mp_veh_mod_idx_12_v275
-113393673,m_cl_clo_grm_ph_5_5_t14_v1
-113149273,m_cl_clo_bhm_decl_38_t100_v0
-113115233,packed_mp_veh_mod_idx_s_7_v204
-113062464,m_cl_clo_s2m_d_1_t100_v0
-113059346,m_cl_clo_awm_decl_44_t100_v0
-113049548,dec_vw_aw_wv_36
-112982772,f_cl_clo_bus_f_o_22_t3_v12
-112926742,packed_mp_veh_mod_idx_s_9_v357
-112894658,f_cl_clo_awf_decl_1_t100_v0
-112879510,packed_mp_veh_plate_id_v134
-112775077,packed_mp_veh_mod_idx_6_v172
-112550283,packed_ng_vehicle_neon_v187
-112364801,m_cl_clo_grm_u_8_5_t11_v1
-112307157,packed_mp_veh_mod_idx_9_v4
-112298727,f_cl_clo_scf_l_0_20_t4_v1
-112283767,packed_lr_vehicle_colour_6_v253
-112220340,m_cl_clo_bim_u_2_0_t11_v1
-112159497,f_cl_clo_val_decl_n_t8_v1
-112156105,vem_bumper_r_12_t35_v2
-112090522,vem_rwd_musc_05_t19_v2
-111992483,packed_mp_veh_mod_idx_1_v212
-111935660,vem_supermod_2_11_t43_v26
-111895144,m_cl_clo_iem_l_3_1_t4_v1
-111817791,f_ha_cc_eyebrw_9_t2_v1
-111785816,vem_supermod_0_1_t41_v26
-111778050,packed_mp_veh_mod_idx_s_9_v296
-111728863,packed_mp_veh_mod_idx_s_8_v163
-111697088,m_cl_clo_x17m_o_m_7_t3_v12
-111526151,packed_mp_veh_window_tint_0_v221
-111472486,autoshop_tnt_2_t0_v0
-111391624,m_cl_clo_bim_decl_35_t11_v1
-111336612,vem_cmod_neonlay_1_t21_v30
-111297633,wp_wct_tint_22_t2_v9_n2
-111227893,packed_mp_veh_mod_idx_s_0_v30
-111221452,f_cl_clo_lxf_lw_5_1_t14_v1
-111115479,wp_gsa_type_r_t0_v52
-110939170,packed_mp_veh_mod_idx_13_v364
-110895735,packed_mp_veh_mod_idx_2_v97
-110810781,vem_armour_4_t1_v27
-110799498,vem_smod5_whlv122_t66_v3
-110696502,packed_mp_veh_mod_idx_16_v17
-110683906,wp_wct_tint_9_t2_v22_n2
-110652643,m_ta_tat_vw_011_t0_v0
-110640345,m_cl_clo_hstmb_20_1_t1_v1
-110626083,packed_mp_veh_mod_idx_s_4_v98
-110624646,dec_vw_aw_wv_34
-110504640,vem_colour_2_mct_classic_lime_green_t25_v0
-110470330,dec_vw_aw_ss_38
-110437227,packed_mp_veh_mod_idx_s_20_v168
-110416186,packed_mp_veh_colour_extra2_0_v229
-110137926,vem_colour_extra_1_mct_metallic_dark_silver_t24_v0
-110126457,m_cl_clo_awm_f_0_4_t6_v1
-110125366,f_cl_t_fmf_1_5_t7_v0
-110086128,vem_smod4_whlv4_t66_v2
-110050958,f_cl_outfit_clo_awf_o_e_1_t12_v0
-109958656,f_cl_clo_h2f_u_7_1_t11_v1
-109919181,f_cl_clo_h2f_u_6_1_t11_v1
-109900252,m_cl_clo_x6m_f_3_3_t6_v1
-109817266,packed_mp_veh_mod_idx_s_14_v200
-109695318,packed_ng_vehicle_bpt_v253
-109607754,f_cl_ht_fmf_14_1_t14_v0
-109560129,m_ta_tat_h3_025_t0_v0
-109511681,vem_colour_mct_none_115
-109376503,vem_rwd_suv_05_t19_v12
-109356385,m_cl_clo_val_decl_o_t8_v1
-109325104,packed_mp_veh_mod_idx_14_v405
-109284045,wp_wct_tint_18_t2_v47_n2
-109270136,vem_supermod_7_20_t48_v3
-109201286,service_earn_bank_interest
-109196528,packed_mp_veh_mod_idx_8_v27
-109141145,m_cl_clo_bhm_decl_57_t11_v1
-109043135,packed_mp_veh_colour1_0_v284
-108974283,f_cl_clo_x6f_ey_3_2_t14_v1
-108941794,packed_mp_veh_mod_idx_s_11_v14
-108890509,m_cl_clo_pim_d_1_t100_v0
-108881207,f_cl_clo_trf_u_16_11_t11_v1
-108833302,m_cl_u_fmm_1_11_t8_v1
-108811669,packed_mp_veh_mod_idx_s_3_v404
-108753228,vem_truck_type_1_t0_v0
-108644989,f_cl_clo_arf_o_12_t11_v12
-108516076,vem_roof_7_t12_v0
-108514891,packed_mp_veh_mod_idx_s_4_v261
-108481852,vem_supermod_23_35_t64_v33
-108457791,vem_colour_2_mct_classic_sunset_red_t25_v3
-108342197,packed_mp_veh_mod_idx_s_23_v59
-108187516,f_cl_clo_xmas_h_0_0_t14_v1
-108175567,m_cl_clo_vwm_pw_7_2_t14_v1
-108144103,m_cl_clo_s1m_o_0_t100_v0
-108140016,vem_horn_hips2_t10_v29
-108128326,wp_wct_var_gold_t1_v9
-107998715,casino_heist_vehicle_livery_v0
-107877708,vem_colour_extra_1_mct_metallic_black_t24_v1
-107854848,packed_mp_veh_mod_idx_s_4_v136
-107719520,packed_mp_veh_mod_idx_2_v165
-107693759,packed_mp_veh_mod_idx_s_10_v356
-107686553,m_cl_g_fmm_2_7_t14_v0
-107585238,m_cl_clo_bim_prw_2_0_t14_v1
-107548968,f_cl_clo_smf_ph_2_10_t14_v1
-107410637,vem_brake_2_t2_v29
-107402687,m_cl_clo_fxm_u_2_4_t11_v1
-107312753,packed_ng_vehicle_bpt_v88
-107271692,m_cl_clo_scm_f_0_13_t6_v1
-107192799,packed_mp_veh_mod_idx_18_v125
-107155208,f_cl_clo_stf_u_5_4_t11_v1
-107137670,packed_ng_vehicle_neon_kit_v160
-107117200,vem_insurance_washingt
-107082365,vem_cmod_tyr_255_t18_v31
-106904512,vem_rwd_spt_11_t19_v12
-106845480,wp_wct_supp_t1_v56_n2
-106823374,f_cl_clo_h2f_u_7_3_t11_v1
-106820786,f_cl_clo_stf_u_5_12_t11_v1
-106774805,f_cl_clo_hstf_u_3_2_t8_v1
-106752319,packed_mp_veh_mod_idx_1_v239
-106674430,packed_mp_veh_mod_idx_s_21_v287
-106579073,f_cl_clo_hstf_o_c_0_t3_v12
-106427221,vem_colour_6_sunrise_orange_t65_v3
-106378416,auto_shop_index_3_t0_v0
-106329762,f_cl_clo_grf_b_2_8_t1_v1
-106244958,packed_mp_veh_mod_idx_s_12_v136
-106194503,packed_mp_veh_mod_idx_s_1_v115
-106069503,packed_mp_veh_mod_idx_s_22_v48
-106066903,vem_supermod_23_9_t64_v33
-106029391,vem_colour_extra_1_mct_pearlescent_black_t24_v2
-106018455,packed_mp_veh_mod_idx_12_v104
-105885966,packed_lr_vehicle_colour_6_v34
-105833477,packed_mp_veh_mod_var_1_v183
-105798850,packed_mp_veh_colour2_0_v127
-105759371,packed_mp_veh_colour_extra1_0_v42
-105715634,vem_colour_2_mct_classic_mariner_blue_t25_v2
-105669160,packed_mp_veh_secondary_colour_group_v103
-105367373,m_cl_clo_l2m_dec_20_t100_v0
-105365446,f_cl_clo_smf_ph_0_21_t14_v1
-105337345,packed_ng_vehicle_smoke_v173
-105314591,m_cl_clo_x6m_f_5_24_t6_v1
-105245425,packed_mp_veh_mod_idx_s_0_v393
-105235635,f_cl_clo_x3f_b_1_0_t1_v1
-105234423,vem_supermod_61_5_t61_v7
-105218736,packed_mp_veh_mod_idx_s_12_v226
-105104296,wp_wct_var_fam_t1_v10
-104995979,f_cl_outfit_o_fmf_p8_t12_v0
-104977681,vem_colour_extra_1_mct_classic_sunrise_orange_t24_v0
-104977428,m_cl_u_fmm_3_12_t11_v0
-104960875,packed_mp_veh_mod_idx_s_10_v257
-104852686,f_ta_tat_bus_f_001_t0_v0
-104777524,vem_smod4_whlv164_t66_v2
-104772520,packed_mp_veh_mod_idx_s_17_v94
-104716179,vem_cmod_hrn_cop_t10_v32
-104687781,vem_cmod_pla_0_t23_v3
-104668003,mp_stat_hub_prod_total_1_v0
-104629648,packed_mp_veh_mod_var_1_v71
-104503631,f_cl_clo_suf_u_11_4_t11_v1
-104499799,packed_mp_veh_mod_idx_3_v269
-104306126,f_cl_g_fmf_0_3_t14_v0
-104282191,packed_mp_veh_colour_extra1_0_v257
-104254597,packed_mp_veh_mod_idx_7_v350
-104238043,f_cl_clo_h4f_t_6_0_t7_v1
-104203294,vem_smod4_whlv183_t66_v1
-104186610,vem_colour_1_mct_classic_blaze_red_t24_v1
-104175620,m_cl_u_fmm_12_11_t11_v0
-104169973,mp_stat_mpsv_model_98
-104130099,packed_mp_veh_mod_idx_s_23_v9
-104011998,m_cl_clo_h4m_pey_2_1_t14_v1
-103922939,ve_manana2_t0_v27
-103870356,f_cl_clo_grf_ph_2_15_t14_v1
-103860220,m_cl_clo_h3m_o_bs_5_t4_v12
-103793738,fcarcade_flr_9_t0_v0
-103731527,packed_mp_veh_mod_idx_s_8_v142
-103642809,f_cl_clo_smf_b_4_3_t1_v1
-103636122,f_cl_outfit_clo_h2f_o_g_17_t12_v0
-103601388,vem_cmod_neonlay_2_t21_v31
-103588032,packed_mp_veh_mod_idx_5_v48
-103553314,m_cl_clo_bhm_decl_3_t100_v0
-103197229,packed_mp_veh_mod_idx_10_v283
-103193173,m_ha_cc_mkup_57_t5_v0
-103177429,f_cl_clo_bhf_u_0_8_t11_v1
-103131160,m_ha_hair_beard7_t1_v0
-103062971,vem_colour_1_mct_matte_matte_foil_t24_v3
-103026763,vem_rwd_hiend_15_t19_v12
-102861852,m_cl_clo_exm_au_16_4_t11_v1
-102846953,pr_mp_prop_76_t0_v0
-102741895,f_cl_clo_smf_ph_0_14_t14_v1
-102725449,m_ta_tat_h4_020_t0_v0
-102597442,m_cl_clo_awm_o_b_2_t3_v12
-102557599,f_ta_tat_bi_044_t0_v0_cesp
-102532016,vem_colour_mct_none_75
-102467983,packed_mp_veh_primary_colour_group_v239
-102413891,mp_stat_mpsv_model_131
-102408642,vem_cmod_win_2_t33_v36
-102407603,m_cl_clo_grm_l_3_25_t4_v1
-102349010,vem_smod4_whlv110_t66_v1
-102281702,m_cl_clo_h4m_decl_6_t11_v1
-102263236,m_cl_clo_h2m_b_7_5_t1_v1
-102209903,packed_mp_veh_mod_idx_24_v336
-102156969,packed_mp_veh_livery2_0_v235
-102117356,packed_mp_veh_mod_idx_12_v125
-102105005,f_cl_u_fmf_1_2_t11_v0
-102011479,vem_supermod_23_7_t64_v27
-101989065,vem_supermod_9_9_t50_v11
-101944499,vem_supermod_48_11_t48_v7
-101896591,packed_mp_veh_mod_idx_s_23_v234
-101834175,f_cl_clo_grf_u_22_15_t11_v1
-101688651,packed_mp_veh_livery_0_v103
-101570966,m_cl_clo_hilf_u_2_4_t11_v1
-101558889,packed_mp_veh_mod_idx_s_23_v398
-101498811,packed_ng_vehicle_neon_kit_v255
-101487950,m_cl_clo_awm_l_3_6_t4_v1
-101467096,packed_mp_veh_window_tint_0_v244
-101437117,ve_tribike3_t0_v4
-101396060,m_cl_f_fmm_15_9_t6_v0
-101369981,f_cl_clo_suf_u_7_2_t11_v1
-101356756,vem_supermod_23_5_t64_v34
-101307780,service_earn_wage_payment
-101207711,m_cl_clo_bhm_decl_38_t11_v1
-101108426,vem_colour_2_mct_classic_pink_t25_v33
-101051737,packed_lr_vehicle_colour_5_v212
-100905838,packed_mp_veh_mod_idx_s_14_v223
-100858709,packed_mp_veh_mod_idx_s_21_v327
-100847647,f_cl_clo_suf_l_2_16_t4_v1
-100775901,f_ha_face_e_c_12_t4_v0
-100708319,fchub_mod2_9_t0_v0
-100690233,vem_rwd_loride_07_t19_v0
-100646444,ve_surfer3_t0_v3
-100614956,m_cl_clo_lxm_dec_2_t100_v0
-100470176,m_cl_ht_fmm_0_0_t14_v0
-100311832,packed_mp_veh_mod_idx_s_11_v194
-100298006,fcarcade_ceil_2_t0_v0
-100120174,packed_ng_vehicle_insurance_v175
-100020542,m_cl_clo_vwm_decl_34_t100_v0
-99972233,vem_colour_extra_1_mct_metallic_umber_brown_t24_v4
-99891502,packed_mp_veh_mod_idx_s_7_v74
-99804850,vem_colour_1_mct_classic_saddle_brown_t24_v2
-99582750,m_cl_outfit_clo_hilf_o_22_t12_v0
-99514656,packed_mp_veh_mod_idx_4_v207
-99347885,f_cl_clo_ief_f_0_9_t6_v1_cesp
-99345757,vem_colour_extra_1_mct_metallic_olive_green_t24_v3
-99276917,vem_insurance_havok
-99258228,vem_cmod_pla_text_new_t23_v11
-99170731,packed_mp_veh_mod_idx_s_4_v101
-99105731,vem_supermod_17_23_t58_v3
-98924241,vem_grill_0_t8_v11
-98915289,vem_horn_indi_3_t10_v27
-98874833,packed_mp_veh_mod_idx_s_12_v194
-98867995,packed_mp_veh_mod_var_1_v207
-98749313,m_cl_u_fmm_12_8_t11_v0
-98615967,packed_mp_veh_mod_idx_s_11_v324
-98588259,f_cl_clo_ief_u_20_10_t11_v1
-98550260,vem_cmod_tyr_3_t18_v39
-98520431,vem_colour_2_mct_classic_nautical_blue_t25_v4
-98464234,vem_supermod_19_13_t60_v26
-98439714,packed_ng_vehicle_neon_kit_v72
-98338159,m_cl_clo_trm_f_1_10_t6_v1
-98249822,vem_supermod_3_6_t44_v10
-98234120,packed_mp_veh_mod_idx_s_22_v97
-98211669,vem_supermod_63_20_t63_v7
-98155986,vem_supermod_57_3_t57_v7
-98119583,packed_mp_veh_mod_idx_24_v290
-97932522,packed_mp_veh_mod_idx_s_6_v126
-97887181,m_cl_clo_lxm_w_5_2_t14_v1
-97651463,vem_rwd_loride_11_t19_v3
-97640159,packed_mp_veh_secondary_colour_group_v127
-97584104,packed_mp_veh_colour_extra2_0_v370
-97506515,f_ta_tat_vw_008_t0_v0
-97422652,packed_mp_veh_mod_idx_s_6_v354
-97357127,f_cl_clo_grf_ph_0_11_t14_v1
-97334948,vem_colour_2_mct_metals_br_steel_t25_v3
-97296842,ve_zhaba_t0_v3
-97279031,m_cl_clo_iem_b_10_7_t1_v1
-97208982,f_cl_clo_h3f_ph_1_0_t14_v1
-97152287,m_cl_clo_sum_u_17_10_t11_v2
-97150319,vem_drft_14_t19_v12
-97089702,f_cl_clo_exf_eu_7_0_t11_v1
-97079187,m_ha_cc_lipstick_3_t8_v0
-97027596,m_cl_clo_grm_u_10_17_t11_v1
-97023204,packed_mp_veh_mod_idx_s_6_v379
-96964674,vem_colour_mct_none_24
-96933476,vem_colour_extra_1_mct_pearlescent_sunset_red_t24_v2
-96759826,f_ha_cc_eyebrw_4_t2_v1
-96756487,m_cl_clo_hstmb_19_5_t1_v1
-96738746,packed_mp_veh_mod_idx_s_23_v369
-96692144,vem_supermod_10_11_t51_v28
-96622622,vem_smod_whlv25_t66_v0
-96618170,packed_mp_veh_mod_idx_s_17_v340
-96602034,f_cl_outfit_clo_awf_o_d_0_t12_v0
-96593501,service_spend_bounty_dm
-96503323,vem_spt_01_t19_v12
-96483083,vem_mwt_supermod1_t8_v0
-96446975,packed_mp_veh_livery_0_v233
-96372344,packed_mp_veh_mod_idx_14_v253
-96292818,f_cl_clo_x6f_b_2_21_t1_v1
-96281240,m_cl_clo_x6m_u_0_2_t11_v1
-96188639,vem_colour_1_mct_matte_midnight_blue_t24_v2
-96147084,packed_mp_veh_mod_var_0_v56
-96099266,m_cl_clo_grm_u_2_4_t11_v1
-96059185,vem_suv_19_t19_v3
-95946794,vem_bumper_f_0_t34_v38
-95925815,f_cl_outfit_clo_awf_o_h_8_t12_v0
-95883037,vem_cmod_tyr_stt_t30_v34
-95873742,packed_mp_veh_mod_var_0_v325
-95834603,packed_mp_veh_mod_idx_8_v407
-95766154,packed_mp_veh_mod_idx_3_v377
-95765851,pr_pm_font_14_t1_v0
-95692623,packed_mp_veh_mod_idx_s_5_v67
-95586751,packed_ng_vehicle_smoke_v120
-95586520,packed_mp_veh_mod_idx_5_v270
-95451886,packed_mp_veh_colour2_0_v376
-95394171,vem_bumper_r_17_t35_v28
-95139993,f_cl_clo_sbf_u_0_22_t11_v1
-95090354,packed_ng_vehicle_smoke_v312
-94944070,vem_colour_extra_1_mct_metallic_petrol_green_t24_v1
-94852195,mba_style_3_t0_v0
-94730637,f_cl_clo_bhf_u_17_2_t11_v1
-94653574,m_cl_clo_scm_ey_0_6_t14_v1
-94541412,f_cl_clo_grf_u_20_21_t11_v1
-94508495,packed_mp_veh_mod_idx_23_v256
-94365308,f_cl_clo_grf_u_11_14_t11_v1
-94337749,f_cl_clo_trf_u_15_2_t11_v1
-94274366,packed_mp_veh_mod_idx_9_v275
-94274140,packed_mp_veh_mod_idx_s_2_v320
-94206673,packed_mp_veh_mod_idx_5_v141
-94165592,m_cl_clo_grm_l_0_14_t4_v1
-94112636,packed_mp_veh_mod_idx_15_v375
-93974480,packed_mp_veh_mod_idx_8_v240
-93905253,vem_smod4_whlv91_t66_v3
-93879451,m_ta_tat_h27_028_t0_v0
-93709182,packed_ng_vehicle_neon_v92
-93675091,vem_colour_1_mct_classic_cast_iron_sil_t24_v0
-93670064,m_cl_clo_x2m_b_3_0_t1_v1
-93490746,f_cl_clo_bhf_u_16_2_t11_v1
-93484741,m_cl_clo_hp_d_6_t100_v0
-93482916,m_cl_rstar_dev_2_t100_v0
-93209007,m_ta_tat_x6_040_t0_v0
-93186217,vem_supermod_57_0_t57_v7
-93100876,f_cl_clo_hp_f_u_1_2_t11_v1
-93093367,packed_mp_veh_mod_idx_s_16_v248
-92996989,packed_mp_veh_mod_idx_24_v7
-92908578,vem_smod4_whlv186_t66_v1
-92904177,packed_mp_veh_mod_idx_23_v67
-92822731,f_cl_clo_x6f_ph_0_24_t14_v1
-92636013,m_cl_clo_fxm_u_6_5_t11_v1
-92587751,f_cl_clo_h4f_b_2_10_t1_v1
-92507342,vem_chassis_22_t4_v35
-92500025,packed_mp_veh_mod_idx_s_5_v165
-92336891,f_cl_clo_suf_u_10_6_t11_v1
-92326875,m_cl_clo_smm_b_6_10_t1_v1
-92325629,m_cl_clo_s2m_f_1_5_t6_v1
-92265550,packed_mp_veh_mod_idx_s_17_v247
-92223994,ve_scramjet_t0_v3
-92210079,f_cl_clo_h3f_u_11_11_t11_v1
-92089156,vem_offr_23_t19_v1
-91963207,f_cl_clo_x6f_f_7_2_t6_v1
-91929217,f_cl_clo_s2f_f_0_4_t6_v1
-91879762,f_cl_clo_val_decl_d_t8_v1
-91851414,packed_mp_veh_mod_idx_5_v256
-91815617,packed_mp_veh_mod_idx_s_2_v316
-91726112,vem_supermod_49_20_t49_v7
-91605932,vem_cmod_hrn_mus4_t10_v28
-91513624,vem_colour_extra_1_mct_pearlescent_surf_blue_t24_v1
-91512542,m_cl_clo_awm_u_7_4_t11_v1
-91500241,packed_mp_veh_mod_idx_24_v296
-91462339,vem_hood_1_t9_v38
-91411335,m_cl_clo_halm_2_1_t1_v1
-91268746,vem_supermod_9_13_t50_v27
-91256263,packed_mp_veh_mod_idx_s_6_v232
-91209861,vem_grill_2_t8_v5
-91071096,packed_mp_veh_mod_idx_s_22_v165
-91068353,packed_mp_veh_mod_idx_23_v79
-90917660,vem_skirt_7_t13_v3
-90893868,packed_mp_veh_mod_idx_16_v121
-90866392,vem_colour_mct_none_100
-90735517,f_ta_tat_fm_236_t0_v0
-90719586,packed_mp_veh_mod_idx_s_16_v145
-90703523,m_cl_clo_grm_decl_14_t100_v0
-90572747,packed_mp_veh_mod_idx_s_16_v95
-90541963,packed_mp_veh_colour_extra1_0_v147
-90477819,vem_colour_extra_1_mct_classic_saddle_brown_t24_v4
-90382290,dec_vw_aw_wh_38a
-90352507,f_cl_clo_x6f_ph_0_15_t14_v1
-90308226,f_cl_f_fmf_6_3_t6_v0
-90251067,f_cl_clo_h3f_b_19_5_t1_v1
-90222248,packed_mp_veh_mod_idx_22_v231
-90167781,packed_mp_veh_mod_idx_15_v175
-90105687,vem_colour_2_mct_metallic_sienna_brown_t25_v0
-90096959,packed_mp_veh_mod_idx_s_0_v255
-90073958,m_ha_cc_mkup_14_t7_v1
-90071349,vem_horn_cnote_c1_t10_v29
-90022081,packed_mp_veh_mod_idx_7_v185
-89992120,ve_rallytruck_t1_v0
-89945410,packed_mp_veh_colour_extra1_0_v371
-89864668,vem_hiend_19_t19_v1
-89862073,packed_lr_vehicle_colour_6_v385
-89807424,packed_mp_veh_mod_var_1_v153
-89793297,packed_mp_veh_mod_idx_s_8_v224
-89720112,vem_cmod_hrn_mus5_t10_v2
-89597118,packed_mp_veh_mod_idx_s_12_v175
-89560955,f_ha_cc_f_hs_21_t0_v0
-89406157,mp_stat_mpsv_model_337
-89338901,vem_bumper_f_12_t34_v27
-89319309,f_cl_clo_bhf_u_7_15_t11_v1
-89243103,packed_mp_veh_window_tint_0_v284
-89219527,vem_horn_lowrder2_t10_v28
-89192270,vem_spoiler_2_t14_v26
-89171786,packed_ng_vehicle_neon_kit_v101
-89098312,packed_mp_veh_mod_idx_3_v191
-89076744,m_cl_clo_hstm_u_3_1_t100_v0
-89047187,packed_mp_veh_mod_idx_s_7_v395
-88911677,vem_colour_1_mct_classic_race_yellow_t24_v1
-88750163,f_cl_outfit_clo_h2f_o_s_4_t12_v0
-88725921,m_cl_clo_stm_h_9_3_t14_v1
-88715547,m_cl_clo_smm_b_5_13_t1_v1
-88702267,vem_hiend_14_t19_v12
-88521081,mp_stat_missionforfactory0_v0
-88468322,vem_supermod_16_6_t57_v7
-88431705,vem_supermod_53_5_t53_v7
-88430529,vem_cmod_tyr_8_t18_v39
-88422477,packed_ng_vehicle_insurance_v187
-88420146,f_cl_clo_x6f_rw_212_t14_v1
-88239542,vem_colour_1_mct_classic_red_t24_v2
-88062631,packed_mp_veh_mod_idx_s_1_v247
-88017717,packed_mp_veh_colour1_0_v150
-87988134,packed_mp_veh_mod_idx_s_2_v412
-87816645,packed_mp_veh_mod_idx_s_7_v215
-87725798,m_cl_clo_scm_ey_0_7_t14_v1
-87721774,m_cl_clo_busm_g1_7_t14_v0
-87665603,packed_mp_veh_mod_idx_1_v318
-87638892,packed_mp_veh_colour_extra2_0_v400
-87505182,m_cl_clo_s2m_u_5_10_t11_v1
-87477872,vem_rwd_hiend_11_t19_v3
-87447640,m_cl_clo_awm_f_7_7_t6_v1
-87389678,packed_mp_veh_primary_colour_group_v40
-87333661,packed_mp_veh_mod_idx_s_11_v255
-87237642,packed_mp_veh_mod_idx_s_20_v391
-87228675,mp_stat_mpsv_model_214
-87141625,m_cl_clo_grm_b_0_8_t1_v1
-87104023,packed_mp_veh_secondary_colour_group_v314
-87068372,m_cl_clo_hstmb_14_8_t1_v1
-87030803,vem_hiend_06_t19_v0
-86943222,vem_insurance_krieger
-86879171,f_cl_clo_scf_l_0_11_t4_v1
-86857705,m_cl_u_fmm_1_1_t11_v0
-86769332,f_cl_clo_x6f_ey_012_t14_v1
-86746612,vem_smod4_whlv118_t66_v3
-86730639,f_cl_clo_busf_g1_7_t14_v1
-86553503,vem_supermod_9_1_t50_v11
-86454000,mp_stat_mpsv_model_187
-86307572,m_cl_clo_fxm_l_0_2_t4_v1
-86283735,vem_supermod_3_9_t44_v38
-86280064,vem_cmod_hrn_mus5_t10_v38
-86255440,vem_offr_06_t19_v0
-86148871,f_cl_clo_exf_oa_3_t3_v12
-86142747,dec_vw_aw_mt_21
-86093553,f_cl_clo_x6f_l_9_2_t4_v1
-85901457,packed_mp_veh_mod_idx_8_v146
-85730807,packed_mp_veh_mod_idx_14_v109
-85590590,packed_mp_veh_mod_idx_s_18_v22
-85417567,f_cl_clo_h4f_b_1_2_t1_v1
-85319767,packed_mp_veh_mod_var_1_v174
-85290323,wp_rwt_tint5_t2_v83
-85124030,vem_supermod_23_33_n1_t64_v34
-85021904,packed_mp_veh_mod_idx_s_8_v150
-84984461,packed_mp_veh_mod_idx_s_14_v321
-84958762,packed_mp_veh_colour2_0_v118
-84871391,f_cl_clo_scf_u_4_2_t11_v1
-84845345,vem_colour_2_mct_metallic_blue_silver_t25_v2
-84771125,vem_bumper_f_0_t34_v29
-84739446,ve_airbus_t1_v0
-84730785,packed_mp_veh_secondary_colour_group_v146
-84617083,packed_mp_veh_mod_idx_s_13_v222
-84550012,vem_cmod_hrn_sad_t10_v33
-84534505,vem_supermod_2_2_t43_v28
-84499514,f_cl_clo_h4f_decl_26_t100_v0
-84445052,f_cl_clo_vwf_o_1_0_t8_v12
-84417962,m_cl_clo_x6m_ph_10_9_t14_v1
-84398005,vem_horn_cnote_g0_t10_v31
-84370424,vem_colour_extra_1_mct_classic_diamond_blue_t24_v4
-84321909,m_cl_u_fmm_3_0_t11_v0
-84304383,packed_mp_veh_mod_idx_12_v188
-84255330,m_cl_clo_vwm_decl_20_t100_v0
-84179264,m_cl_clo_bhm_u_11_17_t11_v1
-84105828,packed_mp_veh_mod_var_0_v222
-84062351,vem_colour_extra_1_mct_metallic_light_blue_t24_v1
-83993176,f_cl_clo_stf_l_3_12_t4_v1
-83982731,vem_cmod_neonlay_2_t21_v6
-83937263,packed_mp_veh_colour_extra2_0_v170
-83806373,m_cl_clo_vwm_pw_2_0_t14_v1
-83798467,vem_rwd_drft_01_t19_v0
-83734254,f_cl_f_fmf_9_11_t6_v0
-83709937,m_cl_clo_x6m_l_0_20_t4_v1
-83648331,m_cl_clo_hst_a_7_t100_v0
-83589974,vem_bumper_f_25_t34_v3
-83578235,m_cl_clo_hp_d_31_t8_v1
-83549433,vem_colour_extra_1_mct_classic_bleeched_brown_t24_v33
-83465967,packed_mp_veh_mod_idx_13_v22
-83439493,packed_mp_veh_mod_idx_12_v251
-83285340,f_ta_tat_fx_018_t0_v0
-83142280,m_cl_clo_grm_f_3_6_t6_v1
-83091414,packed_mp_veh_mod_idx_s_17_v289
-83070494,vem_smod4_whlv65_t66_v0
-83067341,f_ta_tat_lx_008_t0_v0
-83024084,m_cl_outfit_clo_trm_o_r5_t12_v0
-82997777,f_cl_clo_bbf_p2_2_t14_v1
-82995599,packed_mp_veh_mod_idx_s_23_v141
-82922912,ve_coquette_t0_v3
-82897174,packed_mp_veh_mod_idx_s_11_v223
-82855948,packed_mp_veh_mod_idx_s_4_v219
-82849649,vem_smod4_whl_1_t19_v3
-82827868,vem_drft_14_t19_v2
-82807360,f_ta_tat_hp_031_t0_v0
-82798713,packed_mp_veh_mod_idx_s_5_v186
-82727653,packed_mp_veh_mod_idx_s_19_v285
-82712113,packed_ng_vehicle_neon_v376
-82653782,vem_cmod_tyr_2_t30_v0
-82554026,f_ha_cc_mkup_12_t7_v0
-82452846,f_cl_outfit_clo_awf_o_h_6_t12_v0
-82370149,vem_cmod_neonlay_6_t21_v2
-82264454,packed_mp_veh_mod_idx_18_v155
-82221231,packed_mp_veh_mod_idx_s_4_v412
-82198763,f_cl_clo_vwf_u_6_23_t11_v1
-82151384,f_ta_tat_hp_021_t0_v0
-82147169,f_cl_clo_exf_decl_8_t11_v1
-82061843,f_cl_clo_arf_o_30_t11_v12
-81954974,wp_wct_scope_mac2_t1_v48_n2
-81953674,vem_bumper_f_4_t34_v3
-81939170,packed_mp_veh_window_tint_0_v78
-81888383,packed_mp_veh_mod_idx_0_v387
-81866745,packed_mp_veh_mod_idx_s_13_v323
-81855381,packed_mp_veh_mod_idx_14_v265
-81837724,packed_mp_veh_mod_idx_s_18_v309
-81746417,vem_insurance_schwarze
-81635472,packed_mp_veh_window_tint_0_v359
-81628006,packed_mp_veh_mod_idx_9_v213
-81556936,vem_supermod_50_19_t50_v7
-81552768,m_cl_clo_h4m_s_1_15_t8_v1
-81430979,vem_colour_1_mct_classic_gold_t24_v3
-81409889,f_cl_clo_h3f_o_ff_1_t3_v12
-81250201,packed_mp_veh_colour_extra2_0_v176
-81179672,packed_mp_veh_mod_idx_s_23_v194
-81164027,packed_mp_veh_mod_idx_s_6_v256
-81103411,f_cl_clo_lxf_t_14_1_t7_v1
-81002009,vem_supermod_53_19_t53_v7
-80973169,vem_smod5_whlv121_t66_v3
-80943933,packed_mp_veh_mod_idx_0_v203
-80932581,packed_mp_veh_mod_idx_12_v4
-80897757,vem_supermod_19_3_t60_v5
-80872811,vem_smod2_whlv50_t66_v3
-80811033,f_cl_clo_ief_u_20_9_t11_v1
-80785842,m_cl_clo_hstmb_14_5_t1_v1
-80757081,ve_sultan2_t0_v3
-80729983,f_cl_clo_scf_u_0_2_t11_v1
-80678114,vem_smod2_whlv202_t66_v3
-80581724,vem_supermod_15_5_t56_v28
-80545807,packed_mp_veh_mod_idx_s_13_v149
-80512407,m_ta_tat_st_003_t0_v0
-80502907,f_cl_clo_sbf_f_3_7_t6_v1
-80497453,vem_supermod_9_12_t50_v10
-80473774,m_cl_clo_stm_ht1512_t14_v1
-80469321,f_cl_l_fmf_12_11_t4_v0
-80452361,f_cl_clo_h4f_ph_1_3_t14_v1
-80431933,packed_mp_veh_mod_var_0_v118
-80415090,f_cl_clo_h2f_o_g_11_t8_v12
-80379386,packed_lr_vehicle_colour_5_v95
-80371559,m_cl_clo_grm_u_16_17_t11_v1
-80368058,f_cl_clo_awf_o_f_2_t8_v12
-80361929,wp_wct_tint_14_t2_v47_n2
-80317534,ve_blazer_t0_v0
-80241689,packed_ng_vehicle_neon_v112
-80222885,m_cl_clo_hstm_t_3_7_t7_v1
-80214122,mp_stat_mpsv_model_35
-80159276,f_cl_clo_xmas_h_0_1_t14_v1
-80141839,vem_colour_5_white_t38_v0
-80102216,packed_mp_veh_mod_var_1_v124
-80092018,vem_colour_extra_1_mct_pearlescent_silver_t24_v1
-80071622,vem_rwd_hiend_14_t19_v2
-79962383,packed_mp_veh_colour1_0_v190
-79950033,wp_wt_sg_sof_t0_v0
-79898770,wp_gsa_type_c_t0_v23
-79723829,dec_ch_tr_01a
-79640094,m_cl_clo_bhm_u_2_3_t11_v1
-79507174,vem_cmod_whe_0_t19_v34
-79469400,vem_rwd_bikew_25_t19_v3
-79457065,packed_mp_veh_mod_var_0_v302
-79405929,packed_mp_veh_wheel_type_0_v82
-79349569,packed_mp_veh_mod_idx_24_v75
-79325763,vem_horn_cnote_e0_t10_v5
-79287849,packed_mp_veh_wheel_type_0_v168
-79199991,mp_stat_mpsv_model_93
-79173054,f_cl_clo_stf_u_5_8_t11_v1
-79146384,f_cl_clo_h3f_ph_9_9_t14_v1
-79061615,packed_mp_veh_mod_idx_s_2_v254
-79025798,f_cl_outfit_clo_hstf_o_0_t12_v0
-78961801,f_cl_clo_bif_u_11_2_t11_v1
-78939807,packed_mp_veh_mod_idx_s_8_v300
-78916548,f_cl_clo_s2f_u_4_3_t11_v1
-78908689,vem_hood_1_t9_v4
-78804102,vem_rwd_bikew_10_t19_v3
-78543030,f_cl_clo_awf_decl_117_t100_v0
-78488431,packed_mp_veh_livery_0_v275
-78356585,packed_mp_veh_mod_idx_6_v88
-78356251,vem_rwd_offr_07_t19_v1
-78295941,vem_fender_r_3_t37_v1
-78285503,m_cl_clo_smm_b_0_7_t1_v1
-78205309,packed_mp_veh_wheel_type_0_v208
-78054215,packed_mp_veh_mod_idx_s_13_v100
-78041662,pr_pm_person_1_t0_v0
-78009632,packed_mp_veh_mod_idx_0_v72
-77926555,vem_supermod_10_15_t51_v11
-77872673,vem_colour_extra_1_mct_metallic_bright_purple_t24_v33
-77869092,vem_fender_r_6_n1_t37_v1
-77854829,mp_stat_mpsv_model_226
-77832423,vem_colour_1_mct_classic_bleeched_brown_t24_v2
-77772300,packed_mp_veh_mod_idx_6_v380
-77761487,hangar_mod_floor_decal_7_t0_v0
-77747543,packed_mp_veh_mod_idx_s_18_v335
-77743700,m_cl_clo_valm_u_2_1_t11_v1
-77667961,f_cl_clo_hstf_l_5_2_t4_v1
-77663260,packed_mp_veh_wheel_type_0_v248
-77625147,packed_ng_vehicle_bpt_v43
-77614506,vem_fender_r_11_t37_v38
-77517694,m_cl_clo_busm_u_5_1_t11_v1
-77516446,packed_lr_vehicle_colour_6_v239
-77481775,vem_insurance_hakuchou2
-77453105,m_cl_clo_awm_l_0_13_t4_v1
-77405332,ve_rumpo3_t0_v3
-77322656,m_cl_clo_s2m_u_5_1_t11_v1
-77267219,vem_offr_03_t19_v2
-77239587,f_cl_clo_bhf_decl_11_t100_v0
-77197210,kosatk_fla_14_t0_v0
-77187239,m_ta_tat_bb_021_t0_v0
-77011375,vem_horn_hween1_t10_v6
-76890117,m_cl_clo_h4m_decl_30_t11_v1
-76883908,f_cl_clo_hp_f_g_0_2_t14_v1
-76828475,wp_wct_c_tint_31_t2_v46_n2
-76778332,vem_supermod_17_14_t58_v28
-76684289,packed_mp_veh_wheel_type_0_v362
-76659914,vem_hood_11_t9_v1
-76614084,packed_mp_veh_mod_idx_s_8_v319
-76567130,f_cl_clo_stf_u_6_11_t11_v1
-76541668,m_cl_clo_awm_decl_12_t100_v0
-76505816,vem_supermod_12_0_t53_v39
-76476119,vem_colour_extra_1_mct_matte_matte_desert_t24_v2
-76410761,m_cl_clo_xmasm_u_0_3_t11_v1
-76084769,packed_mp_veh_mod_idx_s_2_v337
-75936733,packed_ng_vehicle_neon_v239
-75709244,vem_colour_extra_1_mct_metallic_blue_t24_v0
-75705669,packed_mp_veh_mod_idx_s_4_v319
-75648313,packed_mp_veh_mod_idx_15_v327
-75618622,factory_index_17_t0_v0
-75590827,f_cl_clo_fxf_ph_2_18_t14_v1
-75526131,vem_bumper_r_15_t35_v1
-75511249,packed_mp_veh_colour_extra1_0_v284
-75500392,vem_cmod_pla_text_t23_v6
-75493679,packed_mp_veh_primary_colour_group_v58
-75474226,f_cl_clo_sbf_f_6_0_t6_v1
-75438902,packed_mp_veh_livery_0_v325
-75425276,m_cl_clo_fxm_l_0_17_t4_v1
-75387248,packed_mp_veh_mod_idx_24_v408
-75348471,packed_mp_veh_livery_0_v139
-75331417,packed_mp_veh_colour_extra2_0_v305
-75192590,packed_mp_veh_colour2_0_v83
-75174733,vem_smod2_whlv47_t66_v3
-75137893,vem_supermod_23_38_n1_t64_v33
-75064449,vem_supermod_8_23_t49_v3
-75023954,vem_cmod_neoncol_13_t21_v3
-74969899,packed_mp_veh_primary_colour_group_v391
-74949900,packed_mp_veh_mod_idx_s_22_v121
-74927341,packed_ng_vehicle_smoke_v167
-74903969,wp_wct_camo_7_t1_v22_n2
-74894756,vem_smod4_whlv25_t66_v3
-74799692,dec_vw_aw_ls_6d
-74744712,packed_mp_veh_mod_idx_4_v182
-74684057,packed_mp_veh_mod_idx_8_v378
-74677366,m_cl_clo_awm_f_8_3_t6_v1
-74675321,packed_mp_veh_mod_idx_s_1_v66
-74483677,m_cl_clo_bhm_u_16_18_t11_v1
-74440651,m_ta_tat_lx_014_t0_v0
-74412521,m_cl_clo_iem_b_10_12_t1_v1
-74396850,packed_mp_veh_window_tint_0_v299
-74386275,vem_exhaust_4_t6_v4
-74355163,packed_mp_veh_mod_idx_s_1_v162
-74265632,packed_mp_veh_mod_idx_12_v22
-74263114,m_cl_clo_valm_u_2_0_t8_v2
-74219218,m_cl_clo_scm_l_10_23_t4_v1
-74196924,f_cl_clo_s1f_f_1_0_t6_v1
-74196821,m_ha_cc_mkup_0_t7_v1
-74144024,packed_mp_veh_mod_idx_15_v189
-74019804,packed_mp_veh_mod_idx_15_v153
-73978090,vem_offr_02_t19_v2
-73905717,f_cl_clo_grf_u_15_13_t11_v1
-73878661,m_cl_clo_h3m_b_18_15_t1_v1
-73868349,f_ta_tat_vw_001_t0_v0
-73822630,vem_cmod_tyr_3_t18_v28
-73780385,packed_mp_veh_mod_idx_1_v113
-73774817,f_cl_clo_bif_ph_12_2_t14_v1
-73708974,packed_mp_veh_mod_idx_s_20_v76
-73701237,m_cl_outfit_clo_x6m_o_o_10_t12_v0
-73608741,packed_mp_veh_mod_idx_s_4_v309
-73572201,vem_horn_cnote_e0_t10_v31
-73494419,vem_colour_extra_1_mct_classic_harbor_blue_t24_v33
-73483843,packed_mp_veh_mod_idx_13_v335
-73411108,vem_supermod_6_12_t47_v28
-73370113,f_cl_clo_sbf_f_6_6_t6_v1
-73339395,packed_lr_vehicle_colour_5_v78
-73285699,packed_mp_veh_mod_idx_s_21_v371
-73244184,m_cl_clo_hstm_u_3_0_t8_v1
-73237458,f_cl_clo_bif_f_2_1_t6_v1
-73229510,packed_mp_veh_mod_idx_s_19_v196
-73153095,f_cl_clo_grf_u_13_4_t11_v1
-73023066,vem_grill_2_t8_v7
-72903271,m_cl_clo_fxm_ph_1_1_t14_v1
-72837994,f_cl_clo_x6f_u_26_12_t11_v1
-72834535,lab_equipment_installed_v0
-72782339,packed_mp_veh_mod_idx_11_v288
-72561051,f_cl_clo_h2f_b_8_9_t1_v1
-72479667,m_cl_outfit_clo_h2m_o_s_15_t12_v0
-72380040,m_cl_clo_x6m_ph_2_14_t14_v1
-72280251,f_ha_cc_eyebrw_29_t2_v1
-72162308,packed_mp_veh_mod_idx_s_23_v374
-71911152,packed_mp_veh_mod_idx_22_v309
-71683277,m_cl_clo_stm_ht13_3_t14_v1_cesp
-71652860,f_cl_l_fmf_11_10_t4_v0
-71514530,packed_mp_veh_mod_idx_s_20_v410
-71500398,mba_floor0_8_t0_v0
-71401056,vem_supermod_10_9_t51_v27
-71371570,vem_cmod_col5_16_t29_v0
-71293784,vem_turbo_0_t17_v30
-71290790,packed_ng_vehicle_smoke_v190
-71261381,m_cl_clo_h2m_u_7_1_t11_v1
-71223074,f_cl_clo_x6f_u_12_10_t11_v1
-71142857,packed_mp_veh_mod_idx_s_1_v199
-71110378,vem_colour_1_mct_matte_black_t24_v33
-71051413,ve_burrito2_t1_v3
-71034982,vem_supermod_23_32_n1_t64_v3
-71018808,vem_insurance_ztype
-71009489,m_cl_clo_s1m_o_3_t100_v0
-70960106,packed_mp_veh_mod_idx_s_16_v359
-70891425,packed_ng_vehicle_neon_kit_v210
-70888507,ve_buccanee2_t0_v0
-70879833,f_cl_clo_trf_b_1_0_t1_v1
-70877648,m_cl_clo_smm_u_0_3_t11_v1
-70868472,vem_supermod_1_5_t42_v28
-70853392,packed_mp_veh_mod_idx_s_8_v89
-70693594,vem_exhaust_5_t6_v27
-70636236,m_cl_l_fmm_0_2_t4_v0
-70519671,vem_colour_mct_none_27
-70451270,f_cl_clo_bhf_l_4_9_t4_v1
-70273777,vem_insurance_dominator3
-70218231,m_cl_clo_sbm_e_0_2_t14_v1
-70156569,f_ta_tat_bi_030_t0_v0
-69987696,f_cl_clo_suf_u_19_10_t11_v1
-69978843,vem_exhaust_8_t6_v4
-69951105,packed_mp_veh_mod_idx_s_1_v100
-69895067,m_cl_clo_fxm_d_7_0_t10_v1
-69859681,m_cl_outfit_clo_arm_o_0_t12_v0
-69855188,vem_rwd_musc_09_t19_v3
-69680262,m_ta_tat_s1_007_t0_v0
-69665428,packed_mp_veh_mod_idx_s_10_v102
-69652185,wp_ps_can_7_t3_v33
-69582633,packed_mp_veh_mod_idx_s_11_v323
-69481393,m_cl_outfit_clo_bim_o_12_t12_v0
-69442020,packed_mp_veh_mod_idx_s_13_v166
-69275416,packed_mp_veh_mod_idx_15_v88
-69270104,packed_mp_veh_colour_extra1_0_v323
-69245395,m_cl_clo_lxm_e_9_2_t14_v1
-69210890,f_cl_outfit_clo_v2f_o_8_t12_v0
-69042087,f_cl_clo_awf_u_1_12_t11_v1
-68988678,m_cl_clo_h3m_s_1_0_t8_v1
-68896222,f_cl_clo_exf_eu_9_2_t8_v2
-68888633,packed_mp_veh_mod_idx_s_1_v372
-68646311,mp_stat_mpsv_model_365
-68625934,m_cl_clo_bhm_decl_33_t100_v0
-68476307,f_cl_clo_stf_o_5_t11_v12
-68334961,vem_supermod_2_7_t43_v3
-68327356,f_cl_clo_ief_o_6_t3_v12_cesp
-68180466,kosatk_fla_33_t0_v1
-68107472,m_ta_tat_fm_244_t0_v0
-68079214,vem_cmod_col5_22_t29_v2
-68042307,m_cl_clo_awm_b_12_2_t1_v1
-68004267,kosatk_fla_30_t0_v0
-67962165,m_cl_clo_vwm_u_6_8_t11_v1
-67961839,packed_mp_veh_mod_idx_s_19_v309
-67936941,packed_mp_veh_mod_idx_s_3_v58
-67911734,packed_mp_veh_mod_idx_22_v66
-67869692,m_ta_tat_sb_009_t0_v0
-67869521,vem_chassis_26_t4_v3
-67803560,f_cl_clo_hstf_o_n_0_t8_v12
-67739893,f_cl_clo_xmas_h_1_0_t14_v1
-67724991,vem_colour_extra_1_mct_metallic_black_graphite_t24_v4
-67648601,m_cl_clo_h3m_decl_11_t100_v0
-67644068,vem_colour_2_mct_classic_orange_t25_v33
-67615878,m_cl_clo_hst_b_0_0_t1_v1
-67557044,packed_mp_veh_mod_idx_s_14_v115
-67520159,packed_mp_veh_mod_idx_1_v410
-67380249,packed_mp_veh_mod_idx_s_13_v232
-67350837,mp_stat_mpsv_model_141
-67324858,packed_ng_vehicle_insurance_v60
-67239541,f_cl_clo_h2f_o_s_8_t3_v12
-67085080,f_cl_clo_h4f_t_8_1_t7_v1
-67008380,packed_mp_veh_mod_idx_4_v277
-66857142,pr_pm_modshop_5_t0_v0
-66854150,packed_ng_vehicle_neon_kit_v266
-66827492,f_ta_tat_gr_002_t0_v0
-66608582,packed_mp_veh_mod_idx_1_v257
-66581355,vem_supermod_18_10_t59_v26
-66499182,f_cl_clo_grf_decl_8_t100_v0
-66472901,wh_index_7_t0_v0
-66458845,vem_colour_2_mct_metallic_sandy_brown_t25_v0
-66244854,m_cl_clo_awm_decl_4_t100_v0
-66191172,vem_supermod_16_15_t57_v3
-65945214,packed_mp_veh_livery2_0_v303
-65933758,m_ha_cc_mkup_43_t5_v0
-65848981,m_cl_outfit_clo_h4m_o_s2_m4_t12_v0
-65835128,m_cl_clo_hp_f_1_10_t6_v1
-65762239,pr_mp_prop_24_t0_v0
-65555628,vem_supermod_23_9_n1_t64_v3
-65552093,m_ha_cc_mkup_38_t7_v0
-65525066,m_cl_clo_grm_ph_0_8_t14_v1
-65475762,packed_mp_veh_mod_idx_s_11_v287
-65453419,f_cl_clo_l2f_u_2_4_t11_v1
-65424834,m_cl_m_fmm_2_3_t1_v0
-65399062,m_cl_clo_smm_b_4_4_t1_v1
-65356527,vem_supermod_2_19_t43_v3
-65289193,vem_colour_extra_1_mct_chrome_chrome_t24_v4
-65181792,packed_mp_veh_mod_idx_8_v174
-65137089,packed_mp_veh_mod_idx_s_18_v287
-65054044,f_cl_clo_vwf_u_8_7_t11_v1
-65027149,packed_mp_veh_mod_idx_11_v141
-64957289,m_cl_clo_vwm_u_10_1_t11_v1
-64956735,packed_mp_veh_mod_idx_16_v354
-64844570,vem_supermod_3_41_t44_v10
-64843123,m_cl_clo_bhm_u_10_6_t11_v1
-64807919,f_cl_clo_suf_b_3_12_t1_v1
-64795481,packed_mp_veh_mod_idx_s_1_v200
-64775632,packed_mp_veh_plate_id_v58
-64715049,vem_supermod_2_1_t43_v28
-64709322,vem_horn_cnote_b0_t10_v38
-64465142,f_cl_clo_awf_o_b_12_t3_v12
-64464650,packed_lr_vehicle_colour_6_v71
-64434742,packed_mp_veh_mod_idx_10_v181
-64419964,m_cl_clo_iem_ph_0_2_t14_v1
-64356941,f_cl_clo_x4f_u_10_7_t11_v1
-64042099,vem_horn_luxe1_t10_v6
-64017874,m_cl_clo_hp_d_32_t100_v0
-64000134,packed_mp_veh_mod_idx_s_5_v335
-63962254,packed_ng_vehicle_bpt_v370
-63879517,ve_italigtb2_t0_v27
-63770845,vem_cmod_hrn_mus2_t10_v11
-63749102,m_cl_clo_awm_b_8_8_t1_v1
-63728325,wp_rwt_tint5_t2_v81
-63704623,vem_colour_extra_1_mct_pearlescent_bright_purple_t24_v1
-63617781,m_cl_clo_x6m_ph_1010_t14_v1
-63533445,f_cl_clo_fxf_ph_4_9_t14_v1
-63505286,m_cl_clo_vwm_u_19_7_t11_v1
-63490870,f_cl_clo_grf_u_11_6_t11_v1
-63488787,packed_mp_veh_mod_idx_13_v316
-63405655,m_cl_clo_hp_d_25_t8_v1
-63277397,f_cl_clo_s2f_d_13_t100_v0
-63254969,packed_ng_vehicle_insurance_v172
-63138042,vem_supermod_3_41_t44_v27
-62963782,packed_ng_vehicle_smoke_v201
-62939859,f_cl_f_fmf_3_2_t6_v0
-62910866,f_ta_tat_s1_027_t0_v0
-62849365,vem_colour_mct_none_138
-62811673,packed_mp_veh_mod_idx_8_v236
-62769198,packed_mp_veh_mod_idx_s_1_v325
-62556469,packed_mp_veh_mod_idx_6_v2
-62483450,mp_stat_prop_clubhouse_var_v0
-62390198,packed_ng_vehicle_bpt_v366
-62356493,f_cl_clo_stf_u_5_10_t11_v1
-62351157,packed_mp_veh_mod_idx_16_v113
-62125181,f_cl_clo_h3f_ph_5_0_t14_v1
-62114008,m_cl_clo_stm_o_18_t3_v12_cesp
-62038625,packed_ng_vehicle_neon_v259
-62002020,f_cl_f_fmf_0_3_t6_v0
-61984058,packed_mp_veh_mod_var_0_v147
-61963338,f_cl_clo_grf_u_9_4_t11_v1
-61948182,packed_mp_veh_mod_idx_24_v80
-61864712,packed_mp_veh_mod_idx_13_v93
-61748857,vem_horn_clas2_t10_v1
-61693778,m_cl_clo_hstm_t_1_0_t7_v1
-61676737,f_cl_clo_x6f_rw_2_2_t14_v1
-61670186,vem_cmod_tyr_1_t32_v28
-61652818,m_cl_clo_iem_u_17_5_t11_v1
-61621174,m_cl_clo_hstm_t_1_4_t7_v1
-61605182,f_cl_clo_h4f_pey_0_3_t14_v1
-61487223,packed_mp_veh_mod_idx_18_v286
-61365214,packed_mp_veh_plate_id_v104
-61264075,dec_vw_aw_ls_1d
-61185012,fcarcade_c_up3_c_22
-60859963,vem_bikew_09_t19_v3
-60825572,vem_supermod_62_8_t62_v7
-60684060,packed_mp_veh_mod_idx_s_2_v18
-60650509,packed_mp_veh_mod_idx_5_v161
-60628389,packed_mp_veh_mod_idx_2_v60
-60623488,packed_mp_veh_mod_idx_s_5_v397
-60476027,m_cl_clo_s2m_u_2_1_t11_v1
-60420939,packed_mp_veh_mod_idx_4_v262
-60392610,f_cl_clo_h4f_u_2_13_t11_v1
-60376102,packed_mp_veh_colour1_0_v378
-60292106,packed_mp_veh_mod_idx_s_10_v193
-60291092,vem_colour_1_mct_metallic_bleeched_brown_t24_v3
-60290467,packed_mp_veh_mod_idx_15_v294
-60207562,f_cl_clo_bhf_decl_42_t11_v1
-60189564,m_cl_clo_hp_d_35_t8_v1
-60121678,packed_mp_veh_mod_idx_3_v395
-60120378,packed_mp_veh_mod_idx_9_v126
-60083059,f_cl_clo_v2f_f_1_4_t6_v1
-59993194,f_cl_clo_ief_u_16_4_t11_v1
-59846249,packed_mp_veh_mod_idx_22_v244
-59792804,vem_roof_18_t12_v3
-59668082,service_earn_ambient_job_checkpoint_collection
-59632515,f_cl_clo_hstf_s_6_11_t8_v2
-59523027,m_cl_clo_h4m_ph_1_4_t14_v1
-59475932,m_cl_clo_sum_u_2_4_t11_v1
-59473767,packed_mp_veh_mod_idx_13_v270
-59434453,f_cl_clo_stf_u_5_11_t11_v1
-59418142,m_cl_clo_bbm_l_1_8_t4_v1
-59415910,f_cl_clo_grf_u_15_9_t11_v1
-59366911,m_cl_clo_trm_u_19_10_t11_v1
-59338393,f_cl_clo_bif_decl_20_t11_v1
-59224111,m_cl_clo_s2m_u_5_8_t11_v1
-59219000,packed_mp_veh_wheel_type_0_v383
-59062139,packed_mp_veh_colour_extra1_0_v298
-59056533,m_cl_u_fmm_14_6_t8_v2
-58921952,packed_mp_veh_mod_idx_s_1_v137
-58807254,ve_comet7_t0_v3
-58776311,vem_rwd_hiend_02_t19_v2
-58688607,bhub_index_4_t0_v0
-58670483,vem_colour_1_mct_matte_orange_t24_v33
-58523252,f_cl_clo_grf_l_0_19_t4_v1
-58446994,m_cl_l_fmm_1_1_t4_v0
-58441888,packed_mp_veh_mod_idx_s_12_v17
-58411139,packed_ng_vehicle_insurance_v403
-58393875,f_cl_clo_bif_s_16_12_t8_v1
-58375353,wp_wct_tint_19_t2_v70_n2
-58343229,m_cl_g_fmm_3_5_t14_v0
-58295100,packed_mp_veh_mod_idx_3_v187
-58287753,packed_mp_veh_mod_idx_s_5_v151
-58069335,packed_mp_veh_mod_idx_s_15_v77
-58032134,packed_mp_veh_mod_var_1_v77
-57994069,vem_supermod_19_0_t60_v34
-57868962,f_cl_clo_x5f_u_16_11_t11_v1
-57868256,service_earn_challenge_win
-57859734,m_cl_clo_iem_u_6_10_t11_v1
-57841247,f_cl_clo_bif_u_15_3_t11_v1
-57755825,m_cl_clo_stm_ht1517_t14_v1
-57660696,m_cl_clo_awm_f_8_8_t6_v1
-57658656,packed_mp_veh_mod_idx_14_v358
-57617953,m_cl_clo_grm_decl_18_t11_v1
-57564844,wp_wct_knife_xm301_t1_v34
-57551855,packed_mp_veh_mod_idx_s_13_v314
-57519524,m_cl_clo_grm_u_15_5_t11_v1
-57471251,vem_spoiler_13_t14_v28
-57441967,m_cl_clo_sbm_pe_1_8_t14_v1
-57358420,vem_supermod_14_2_t55_v10
-57335464,packed_mp_veh_livery2_0_v146
-57316467,packed_lr_vehicle_colour_6_v110
-57269293,m_cl_tat_vw_023_t100_v0
-57181847,f_cl_clo_x6f_f_3_1_t6_v1
-57150452,vem_colour_1_mct_matte_blue_t24_v4
-57080275,kosatk_col_11_t0_v0
-57060419,m_ta_tat_bi_032_t0_v0
-57027483,m_cl_clo_awm_decl_102_t100_v0
-57026867,packed_lr_vehicle_colour_6_v94
-56997458,m_ta_tat_x2_025_t0_v0
-56911452,packed_mp_veh_mod_idx_s_19_v100
-56886930,packed_mp_veh_mod_idx_0_v109
-56824332,m_cl_clo_sum_u_15_21_t11_v1
-56713859,f_cl_clo_ltsfl_0_4_t4_v1
-56571505,f_cl_clo_ltsft_0_0_t3_v1
-56552741,m_cl_clo_fxm_u_2_19_t11_v1
-56535537,f_cl_clo_s1f_ph_0_17_t14_v1
-56517135,m_cl_clo_bhm_u_16_11_t11_v1
-56438608,vem_supermod_18_4_t59_v28
-56426699,m_cl_clo_sum_u_10_6_t11_v1
-56307317,f_cl_clo_grf_f_0_10_t6_v1
-56241339,packed_mp_veh_mod_idx_s_14_v236
-56240161,f_cl_outfit_o_fmf_s7_t12_v0
-56208730,wp_wct_camo_2_t1_v13_n2
-56168737,packed_mp_veh_mod_idx_s_15_v71
-56118369,m_ha_cc_m_hs_16_t0_v0
-56055210,packed_mp_veh_mod_idx_9_v172
-56006498,arc_mac_iap_t0_v0
-55974676,m_cl_clo_h3m_decl_6_t100_v0
-55737620,vem_supermod_8_8_t49_v10
-55717463,packed_mp_veh_mod_idx_s_17_v33
-55610237,packed_mp_veh_mod_idx_s_10_v233
-55544469,vem_supermod_10_18_t51_v11
-55520422,m_cl_clo_indm_d_5_t8_v2
-55492807,m_cl_clo_s2m_d_10_t11_v1
-55478348,packed_mp_veh_mod_idx_9_v215
-55372380,wp_wct_c_tint_28_t2_v46_n2
-55367199,wp_wct_c_tint_17_t2_v48_n2
-55307621,m_cl_clo_fxm_l_3_22_t4_v1
-55283326,f_cl_clo_bhf_decl_49_t11_v1
-55277810,packed_ng_vehicle_insurance_v209
-55270271,m_cl_clo_sum_decl_12_t100_v0
-55267458,packed_mp_veh_mod_idx_11_v346
-55260171,vem_supermod_16_2_t57_v39
-55187563,vem_colour_1_mct_matte_green_t24_v33
-55146122,m_cl_clo_sbm_ph_5_22_t14_v1
-54968591,m_cl_clo_smm_b_0_17_t1_v1
-54836943,packed_mp_veh_mod_idx_s_16_v120
-54658773,packed_mp_veh_mod_idx_s_22_v118
-54507671,packed_mp_veh_colour1_0_v316
-54470427,m_cl_clo_h4m_b_2_12_t1_v1
-54449095,packed_mp_veh_mod_idx_12_v19
-54327837,packed_mp_veh_colour_extra2_0_v36
-54304995,wp_wct_c_tint_23_t2_v13_n2
-54230091,ve_marshall_t1_v13
-54229956,vem_smod3_whlv100_t66_v3
-54225237,f_cl_clo_l2f_h_0_3_t14_v1
-54142557,packed_mp_veh_mod_idx_2_v158
-54067964,vem_bumper_f_0_t34_v33
-54032255,packed_mp_veh_mod_idx_22_v368
-53934689,vem_cmod_neoncol_1_t21_v6
-53926337,m_cl_clo_h4m_b_2_19_t1_v1
-53855473,m_cl_clo_bim_ph_10_0_t14_v1
-53723334,f_cl_clo_busf_u_2_6_t8_v1
-53623984,packed_mp_veh_colour_extra1_0_v91
-53595316,vem_colour_6_black_t65_v3
-53556515,f_cl_clo_x6f_t_10_0_t7_v1
-53521095,f_cl_clo_fxf_u_9_1_t11_v1
-53485279,packed_mp_veh_window_tint_0_v176
-53386302,vem_rwd_drft_03_t19_v0
-53254879,f_cl_clo_x6f_ph_0_9_t14_v1
-53234144,vem_hood_10_t9_v38
-53039411,packed_mp_veh_colour_extra2_0_v207
-52870895,packed_mp_veh_mod_idx_s_0_v236
-52710757,vem_smod5_whlv24_t66_v0
-52601332,vem_supermod_54_17_t54_v7
-52577956,packed_mp_veh_mod_idx_7_v407
-52574477,wp_wct_tint_11_t2_v56_n2
-52560191,vem_smod2_whl20_t19_v12
-52517557,vem_cmod_neoncol_9_t21_v3
-52498583,f_cl_clo_bif_u_10_10_t11_v1
-52480371,packed_mp_veh_mod_idx_s_17_v359
-52289697,f_cl_clo_awf_b_12_2_t1_v1
-52283704,packed_ng_vehicle_insurance_v411
-52187638,vem_insurance_burrito2
-52026052,fixer_hq_tnt_9_t0_v0
-52010926,m_cl_clo_awm_decl_20_t100_v0
-51981855,packed_mp_veh_mod_idx_s_21_v189
-51964431,packed_mp_veh_mod_idx_11_v5
-51951413,f_ta_tat_bi_009_t0_v0
-51916505,m_cl_clo_bus_p_1_6_t14_v1
-51815502,pr_pm_bhidesinage_0_t0_v0
-51788824,vem_colour_extra_1_mct_metallic_sienna_brown_t24_v2
-51734128,f_cl_clo_grf_decl_26_t10_v1
-51731822,packed_mp_veh_secondary_colour_group_v169
-51707259,m_cl_clo_hp_l_0_7_t4_v1
-51689689,m_cl_clo_vwm_pey_0_2_t14_v1
-51683778,f_cl_clo_stf_h_9_10_t14_v1
-51666882,packed_mp_veh_mod_idx_s_7_v227
-51515353,vem_supermod_3_0_t44_v3
-51490825,packed_mp_veh_mod_idx_16_v8
-51426515,vem_hlight_0_t11_v29
-51393065,m_cl_clo_iem_l_4_3_t4_v1
-51389187,packed_mp_veh_mod_idx_3_v79
-51387776,m_cl_sp_fmm_10_0_t8_v0
-51367078,wp_wct_c_tint_10_t2_v1_n2
-51316124,packed_mp_veh_mod_idx_s_8_v329
-51281279,m_cl_clo_x6m_l_6_1_t4_v1
-51214054,packed_mp_veh_mod_idx_s_18_v132
-51131838,ve_lguard_t1_v3
-51099667,packed_mp_veh_mod_idx_s_4_v289
-50990858,f_cl_clo_bus_f_o_15_t3_v12
-50987894,f_cl_clo_smf_ph_8_14_t14_v1
-50972615,f_cl_clo_ief_ph_0_13_t14_v1
-50908225,packed_mp_veh_mod_idx_6_v163
-50896123,m_cl_f_fmm_9_3_t6_v0
-50819840,vem_cmod_tyr_lg_t30_v30
-50809946,packed_mp_veh_colour_extra1_0_v72
-50758204,f_cl_clo_busf_u_1_7_t11_v1
-50744456,packed_mp_veh_mod_idx_s_9_v340
-50676921,vem_supermod_1_2_t42_v10
-50624162,m_cl_clo_indm_d_12_t100_v0
-50603916,f_cl_clo_scf_d_27_12_t10_v1
-50568499,m_cl_clo_vwm_s_2_11_t8_v2
-50488742,vem_insurance_reaper
-50479334,packed_mp_veh_mod_idx_s_0_v254
-50476945,vem_rwd_spt_05_t19_v3
-50468691,f_ta_tat_fm_205_t0_v0
-50358450,vem_supermod_18_2_t59_v38
-50297418,packed_mp_veh_mod_idx_15_v264
-50263321,packed_mp_veh_primary_colour_group_v85
-50249317,m_cl_clo_bim_ph_11_6_t14_v1
-50242176,m_cl_clo_sbm_b_10_3_t1_v1
-50188225,vem_smod_whlv17_t66_v0
-50170674,f_cl_clo_hp_f_f_1_14_t6_v1
-50159110,packed_mp_veh_mod_idx_s_0_v199
-50143362,m_cl_clo_busm_f_1_4_t6_v1
-49908713,packed_mp_veh_mod_idx_15_v98
-49904686,vem_cmod_col5_27_t29_v3
-49893868,ve_italigtb_t0_v3
-49881822,packed_ng_vehicle_smoke_v98
-49803021,packed_mp_veh_window_tint_0_v22
-49802107,ve_yosemite2_t0_v3
-49714107,fa_upgrade_meth_setup_0_t0_v0
-49520817,f_cl_clo_sbf_f_2_1_t6_v1
-49485085,vem_cmod_col5_15_t29_v2
-49431961,m_cl_clo_awm_u_7_8_t11_v1
-49304120,fchub_mod2_4_t0_v0
-49291387,packed_mp_veh_window_tint_0_v199
-49281818,packed_mp_veh_mod_idx_2_v216
-49228511,packed_mp_veh_mod_idx_2_v393
-49185203,m_cl_clo_fxm_pe_2_10_t14_v1
-49171597,f_cl_clo_grf_g_1_13_t3_v1
-49144773,f_cl_clo_bif_s_16_10_t8_v1
-49120435,packed_mp_veh_mod_idx_s_2_v47
-49101290,kosatk_fla_12_t0_v1
-49016121,f_cl_clo_suf_u_8_1_t11_v1
-48987846,f_cl_clo_bbf_p4_6_t14_v1
-48934789,packed_mp_veh_mod_idx_12_v389
-48926264,m_cl_clo_vwm_l_3_23_t4_v1
-48908709,m_cl_clo_bhm_u_13_2_t11_v1
-48824300,m_cl_clo_busm_f_0_5_t6_v1
-48822892,m_cl_clo_apm_u_23_1_t11_v1
-48532797,vem_colour_extra_1_mct_pearlescent_wine_red_t24_v2
-48520587,packed_mp_veh_livery_0_v92
-48511928,packed_mp_veh_colour_extra1_0_v40
-48497555,f_cl_outfit_clo_trf_o_r4_t12_v0
-48425542,vem_hood_7_t9_v6
-48420711,packed_mp_veh_mod_var_0_v210
-48404355,m_cl_outfit_clo_h2m_o_s_18_t12_v0
-48283031,m_ta_tat_sm_021_t0_v0
-48268600,packed_mp_veh_mod_idx_3_v3
-48172022,f_cl_clo_sbf_b_5_2_t1_v1
-48124705,f_cl_clo_h3f_b_18_21_t1_v1
-48122053,packed_mp_veh_mod_idx_s_4_v158
-48102441,vem_smod4_whlv132_t66_v0
-47890204,f_cl_clo_x6f_t_2_1_t7_v1
-47809532,wp_gsa_type_r_t0_v5_n2
-47755235,m_cl_clo_indm_d_7_t100_v0
-47754165,packed_mp_veh_mod_idx_10_v202
-47752629,f_cl_clo_suf_decl_6_t11_v1
-47721695,packed_mp_veh_mod_idx_s_13_v336
-47668598,packed_mp_veh_secondary_colour_group_v178
-47643809,packed_mp_veh_mod_idx_s_21_v315
-47612509,packed_mp_veh_primary_colour_group_v283
-47593419,packed_mp_veh_mod_idx_s_18_v80
-47585672,packed_mp_veh_mod_idx_24_v390
-47546905,service_earn_premium_job
-47546351,f_ta_tat_x6_000_t0_v0
-47480599,packed_mp_veh_colour_extra2_0_v364
-47422035,f_cl_clo_vwf_u_19_17_t11_v1
-47297487,packed_mp_veh_mod_idx_24_v54
-47253881,vem_cmod_tyr_stt_t30_v30
-47209740,m_cl_clo_vwm_decl_19_t100_v0
-47121093,packed_ng_vehicle_neon_kit_v4
-46977921,packed_mp_veh_mod_idx_9_v185
-46877361,f_cl_clo_suf_u_20_19_t11_v1
-46812119,packed_mp_veh_colour1_0_v1
-46796879,vem_supermod_9_7_t50_v11
-46761039,f_cl_clo_bbf_p2_1_t14_v1
-46749415,m_cl_clo_h3m_b_14_4_t1_v1
-46701015,vem_cmod_col5_1_t29_v0
-46692370,vem_supermod_13_2_t54_v11
-46654274,vem_supermod_18_23_t59_v3
-46622315,service_earn_vehicle_sales
-46608653,f_cl_clo_grf_b_2_11_t1_v1
-46574349,m_cl_u_fmm_14_2_t8_v1
-46514005,vem_loride_04_t19_v3
-46439412,vem_smod4_whlv100_t66_v0
-46415479,vem_supermod_5_14_t46_v10
-46360608,vem_colour_extra_1_mct_classic_cream_t24_v4
-46324587,f_cl_l_fmf_5_15_t4_v0
-46307220,packed_mp_veh_mod_idx_s_21_v214
-46266438,m_cl_clo_bhm_u_4_12_t11_v1
-46261782,m_cl_clo_bim_ph_11_5_t14_v1
-46236158,m_cl_outfit_clo_x6m_o_o_18_t12_v0
-46154875,packed_mp_veh_mod_idx_s_14_v134
-45937430,packed_mp_veh_mod_idx_s_2_v31
-45908618,m_cl_outfit_clo_stm_o_2_t12_v0
-45896983,pr_pm_bemblem_12_t0_v0
-45826240,vem_supermod_63_1_t63_v7
-45772614,vem_fender_r_5_t37_v10
-45720578,vem_smod4_whlv28_t66_v0
-45716057,m_cl_clo_grm_b_2_21_t1_v1
-45686595,vem_colour_2_mct_metallic_petrol_green_t25_v1
-45666283,m_cl_clo_h2m_u_3_16_t11_v1
-45646910,packed_mp_veh_mod_idx_16_v322
-45625961,wp_wm_tint5_t2_v61
-45478625,vem_colour_2_mct_matte_might_purple_t25_v0
-45408493,f_cl_clo_suf_u_5_6_t11_v1
-45408022,vem_colour_5_beechwood_brown_t38_v0
-45150719,m_cl_clo_x6m_ph_10_1_t14_v1
-45067511,wp_wct_muzz1_t1_v56_n2
-45062548,packed_mp_veh_mod_idx_s_13_v187
-45033489,m_cl_outfit_clo_h2m_o_s_8_t12_v0
-45011037,pr_mp_prop_offg2_t0_v0
-44949021,packed_mp_veh_plate_id_v146
-44926797,vem_horn_indi_1_t10_v33
-44921651,pr_pm_modshop_2_t88_v0
-44893425,packed_mp_veh_mod_idx_14_v299
-44816108,f_cl_clo_vwf_l_2_24_t4_v1
-44805401,packed_mp_veh_mod_idx_s_7_v358
-44785887,m_ta_tat_h4_014_t0_v0
-44696228,f_cl_clo_smf_o_3_t8_v12
-44692503,f_cl_ht_fmf_3_7_t14_v0
-44646111,packed_mp_veh_mod_idx_18_v332
-44474349,packed_mp_veh_mod_idx_s_9_v388
-44452096,vem_colour_extra_1_mct_metallic_torino_red_t24_v2
-44392055,vem_supermod_15_9_t56_v3
-44357334,f_cl_clo_ief_u_4_8_t11_v1
-44313523,candc_hacker_tnt_3_t0_v0
-44174802,f_cl_clo_busf_u_4_15_t11_v1
-43927872,f_cl_clo_stf_o_8_t11_v12_cesp
-43863963,packed_mp_veh_mod_idx_s_19_v297
-43840945,m_cl_clo_sbm_l_0_7_t4_v1
-43824617,m_cl_clo_s2m_u_2_0_t11_v1
-43717627,f_cl_clo_h4f_b_1_5_t1_v1
-43699124,vem_rwd_suv_02_t19_v1
-43695606,vem_suspension_1_t15_v3
-43645336,packed_ng_vehicle_smoke_v399
-43591671,vem_insurance_primo
-43537890,f_cl_clo_stf_o_16_t3_v12_cesp
-43519918,wp_wct_camo_ind_t1_v1_n2
-43500190,m_cl_clo_x6m_f_4_5_t6_v1
-43485786,packed_mp_veh_mod_idx_s_6_v309
-43484896,f_cl_clo_stf_o_18_t11_v12_cesp
-43476892,f_cl_clo_scf_ph_2_0_t14_v1
-43448679,packed_mp_veh_mod_idx_s_12_v57
-43415336,vem_drft_13_t19_v0
-43379011,packed_ng_vehicle_insurance_v252
-43238113,wp_wct_c_tint_25_t2_v1_n2
-43177910,packed_mp_veh_colour2_0_v299
-43136473,packed_mp_veh_mod_idx_2_v345
-43116345,vem_colour_extra_1_mct_metallic_mariner_blue_t24_v3
-43067928,packed_mp_veh_mod_var_0_v73
-43058634,vem_supermod_4_1_t45_v6
-43006993,vem_musc_04_t19_v3
-43002018,m_cl_clo_grm_u_15_0_t11_v1
-42882998,f_ta_tat_bus_f_010_t0_v0
-42871383,m_cl_clo_vwm_u_8_9_t11_v1
-42828143,packed_mp_veh_mod_idx_s_13_v89
-42801723,wp_wm_tint5_t2_v74
-42790845,vem_bumper_f_7_t34_v3
-42554937,vem_colour_5_bleeched_brown_t38_v0
-42516390,f_cl_clo_h4f_t_13_11_t7_v1
-42515060,m_cl_clo_hilf_u_2_0_t11_v1
-42487807,m_cl_ht_fmm_2_3_t14_v0
-42433265,packed_mp_veh_mod_idx_s_16_v276
-42342093,packed_mp_veh_mod_idx_s_12_v217
-42246208,vem_supermod_3_15_t44_v3
-42189794,vem_smod_whlv90_t66_v3
-42188035,m_cl_clo_busm_u_1_0_t11_v1
-42172076,packed_mp_veh_secondary_colour_group_v240
-42157679,pr_mp_prop_44_t0_v0
-42151359,m_cl_clo_exm_g_20_9_t14_v1
-42133706,packed_mp_veh_mod_var_0_v334
-42122614,vem_colour_2_mct_classic_sunrise_orange_t25_v0
-42110328,packed_mp_veh_mod_idx_s_4_v329
-42103977,packed_mp_veh_mod_idx_13_v226
-42030496,m_cl_outfit_clo_hstm_o_a_1_t12_v0
-41965088,vem_supermod_15_0_t56_v33
-41927273,dec_vw_aw_wh_3
-41894198,packed_mp_veh_mod_idx_18_v196
-41878150,vem_smod4_whlv98_t66_v1
-41826899,nclu_index_4_t0_v0
-41800202,vem_colour_1_mct_metallic_racing_green_t24_v2
-41719964,m_cl_clo_s1m_u_2_8_t11_v1
-41699980,wp_wct_tint_24_t2_v5_n2
-41665580,packed_ng_vehicle_neon_kit_v190
-41660642,m_cl_clo_x2m_ht_0_7_t14_v1
-41657690,vem_cmod_neoncol_4_t21_v31
-41514027,m_cl_clo_h3m_l_5_2_t4_v1
-41463220,m_cl_clo_sum_u_2_0_t11_v1
-41432577,m_cl_clo_indm_g_0_0_t14_v0
-41376978,packed_mp_veh_mod_idx_s_19_v28
-41348620,wp_wct_var_metal_t1_v11
-41282247,packed_mp_veh_primary_colour_group_v356
-41206302,m_cl_clo_x6m_u_0_10_t11_v1
-41141155,packed_mp_veh_mod_idx_7_v365
-41132703,vem_colour_extra_1_mct_classic_spin_purple_t24_v0
-41069413,vem_trans_2_t16_v35
-41034273,f_cl_clo_grf_u_19_24_t11_v1
-40994105,vem_supermod_9_10_t50_v10
-40966330,packed_mp_veh_mod_idx_24_v392
-40962579,packed_mp_veh_mod_idx_s_15_v252
-40895178,mba_floor0_4_t0_v1
-40860331,vem_colour_extra_1_mct_classic_wine_red_t24_v3
-40762222,f_cl_clo_half_3_0_t1_v1
-40633239,m_cl_clo_sbm_u_11_17_t11_v1
-40464963,mp_stat_mpsv_model_361
-40453325,f_ta_tat_s2_018_t0_v0
-40388618,packed_mp_veh_mod_idx_s_23_v212
-40338424,vem_supermod_13_10_t54_v26
-40230704,f_cl_outfit_o_fmf_b9_t12_v0
-40162296,packed_mp_veh_mod_idx_s_17_v262
-40099918,f_cl_m_fmf_6_0_t1_v0
-39920961,f_cl_clo_vwf_u_18_3_t11_v1
-39862468,packed_mp_veh_mod_idx_18_v3
-39848993,f_cl_clo_bhf_decl_53_t100_v0
-39847803,vem_fender_r_14_t37_v3
-39847542,packed_mp_veh_mod_idx_10_v9
-39623222,m_cl_clo_scm_rw_0_5_t14_v1
-39605884,vem_smod5_whlv38_t66_v3
-39560085,m_cl_clo_smm_b_2_20_t1_v1
-39475210,packed_mp_veh_plate_id_v113
-39433155,packed_mp_veh_mod_idx_s_1_v257
-39426669,f_cl_clo_ief_b_3_3_t1_v1
-39325721,packed_mp_veh_mod_idx_s_13_v400
-39253851,packed_mp_veh_mod_idx_s_15_v164
-39165142,m_cl_clo_trm_u_13_0_t11_v1
-39114826,packed_mp_veh_colour_extra2_0_v284
-39080794,packed_mp_veh_mod_idx_s_8_v117
-39032494,vem_horn_hween1_t10_v30
-38986715,m_ha_cc_eyebrw_16_t2_v0
-38940860,f_ta_tat_fm_012_t0_v0
-38891247,vem_colour_5_cabernet_red_t38_v3
-38692322,vem_smod4_whl_10_t19_v3
-38649524,f_cl_clo_bhf_l_0_7_t4_v1
-38592295,packed_mp_veh_mod_idx_4_v5
-38548335,packed_mp_veh_mod_idx_10_v388
-38489072,packed_mp_veh_mod_idx_s_23_v259
-38458217,f_cl_clo_s1f_e_1_0_t14_v1
-38417951,packed_lr_vehicle_colour_5_v196
-38405903,vem_cmod_pla_text_new_t23_v28
-38376215,packed_mp_veh_mod_idx_16_v41
-38346204,m_cl_clo_sbm_lw_1_1_t14_v1
-38194036,vem_horn_indi_3_t10_v11
-38093851,f_ha_cc_eyebrw_12_t2_v1
-38071659,packed_mp_veh_mod_idx_15_v137
-38010616,f_cl_clo_ief_ph_0_7_t14_v1
-38008338,m_cl_ht_fmm_15_1_t14_v0
-37999597,packed_mp_veh_mod_idx_6_v203
-37917800,packed_mp_veh_plate_id_v210
-37906357,f_cl_clo_busf_l_0_11_t4_v1
-37759380,m_cl_clo_h4m_decl_20_t11_v1
-37725667,f_cl_outfit_clo_awf_o_e_8_t12_v0
-37698712,f_cl_clo_grf_b_1_25_t1_v1
-37539408,vem_supermod_62_18_t62_v7
-37529441,f_cl_outfit_clo_h3f_o_jan_1_t12_v0
-37444502,packed_mp_veh_mod_idx_9_v111
-37443127,m_cl_u_fmm_1_11_t11_v0
-37372755,packed_mp_veh_mod_idx_s_9_v405
-37358364,wp_wct_tint_24_t2_v46_n2
-37353739,m_cl_clo_vwm_ph_0_10_t14_v1
-37339912,m_cl_clo_h2m_u_7_16_t11_v1
-37233561,packed_mp_veh_colour_extra1_0_v390
-37219353,packed_mp_veh_mod_idx_s_7_v261
-37198289,packed_mp_veh_mod_idx_s_14_v271
-37182606,packed_mp_veh_mod_idx_s_0_v191
-37146035,packed_mp_veh_mod_idx_s_17_v307
-37115849,f_cl_outfit_clo_awf_o_f_15_t12_v0
-36986142,f_cl_l_fmf_4_5_t4_v0
-36955928,vem_cmod_exp_0_t20_v36
-36914290,vem_cmod_col5_18_t29_v0
-36903005,m_cl_clo_h3m_ph_5_11_t14_v1
-36885585,wp_wm_tint1_t2_v47
-36805001,packed_mp_veh_mod_idx_7_v197
-36776089,packed_mp_veh_mod_idx_s_4_v315
-36744420,packed_mp_veh_mod_idx_s_0_v27
-36740635,f_cl_clo_lxf_dec_35_t100_v0
-36685735,m_cl_clo_x6m_ph_8_21_t14_v1
-36644167,f_cl_clo_suf_u_15_6_t11_v1
-36599821,packed_mp_veh_primary_colour_group_v208
-36552197,packed_mp_veh_mod_idx_10_v89
-36487965,vem_supermod_3_45_t44_v11
-36466927,ve_tropic_t0_v0
-36375720,packed_mp_veh_mod_idx_11_v290
-36274140,packed_mp_veh_mod_idx_9_v321
-36170411,pr_pm_bfcolour_0_t0_v0
-36043441,packed_mp_veh_mod_idx_s_13_v157
-35982970,vem_horn_hips2_t10_v10
-35683603,pr_mp_prop_48_t0_v0
-35611094,packed_mp_veh_mod_idx_s_19_v138
-35566416,m_cl_clo_bhm_decl_55_t11_v1
-35547143,wp_wct_supp_t1_v98
-35467127,m_cl_clo_bhm_decl_13_t100_v0
-35457347,f_cl_outfit_clo_h4f_o_s2_f2_t12_v0
-35416595,f_cl_clo_arf_b_0_8_t1_v1
-35359686,wp_wt_shatchet_t1_v0
-35293323,f_cl_clo_h2f_ph_2_5_t14_v1
-35245565,vem_smod4_whl_17_t19_v3
-35236416,vem_supermod_20_11_t61_v3
-35215641,f_cl_l_fmf_3_3_t4_v0
-35091481,vem_smod_whl1_t19_v12
-35042020,packed_mp_veh_mod_idx_s_5_v197
-34930752,vem_cmod_win_0_t33_v10
-34912236,wp_wm_tint6_t2_v70
-34875317,f_cl_clo_arf_o_14_t7_v12
-34859223,packed_mp_veh_colour1_0_v223
-34817894,vem_colour_2_mct_classic_cast_iron_sil_t25_v33
-34652851,f_cl_clo_h2f_b_4_15_t1_v1
-34488969,packed_mp_veh_mod_idx_15_v356
-34363970,vem_brake_1_t2_v32
-34296110,m_cl_clo_exm_al_5_4_t4_v1
-34246196,packed_mp_veh_mod_idx_s_5_v18
-34189935,f_cl_clo_ief_b_10_11_t1_v1
-34154448,m_cl_clo_smm_u_3_6_t11_v1
-34120356,vem_colour_1_mct_matte_dark_blue_t24_v2
-33994021,packed_mp_veh_window_tint_0_v266
-33982878,vem_cmod_col3_c_t24_v1
-33907502,packed_mp_veh_colour1_0_v258
-33876808,m_ha_none_t7_v1
-33859054,packed_mp_veh_mod_idx_s_20_v93
-33843131,f_cl_clo_fxf_pe_5_10_t14_v1
-33818022,f_cl_clo_grf_u_6_6_t11_v1
-33818021,packed_mp_veh_mod_idx_s_19_v312
-33767196,packed_mp_veh_mod_idx_s_0_v302
-33765982,packed_mp_veh_colour_extra1_0_v93
-33725180,f_cl_outfit_clo_x6f_o_o_23_t12_v0
-33659309,vem_spoiler_27_t14_v3
-33488737,vem_colour_2_mct_metallic_grace_red_t25_v3
-33487871,f_cl_u_fmf_10_15_t11_v0
-33438316,m_cl_clo_smm_ph_6_18_t14_v1
-33412362,f_cl_clo_h2f_b_9_7_t1_v1
-33401835,vem_supermod_23_17_n1_t64_v33
-33387256,m_cl_clo_x6m_u_10_4_t11_v1
-33366971,vem_insurance_jugular
-33330944,vem_smod_whlv185_t66_v0
-33274538,packed_mp_veh_mod_idx_s_17_v235
-33205009,vem_insurance_thruster
-33197250,packed_ng_vehicle_neon_v384
-33014094,f_cl_clo_lxf_e_4_1_t14_v1
-32987733,packed_mp_veh_primary_colour_group_v413
-32925342,packed_mp_veh_mod_idx_13_v0
-32876197,f_ta_tat_sm_023_t0_v0
-32678724,m_cl_clo_vwm_l_3_16_t4_v1
-32515883,packed_lr_vehicle_colour_6_v27
-32496713,f_cl_clo_vwf_u_19_5_t11_v1
-32472931,vem_colour_1_mct_metallic_racing_blue_t24_v33
-32469821,packed_mp_veh_mod_idx_s_6_v40
-32440505,packed_mp_veh_mod_idx_4_v161
-32390000,packed_mp_veh_mod_idx_s_4_v237
-32292882,packed_mp_veh_mod_idx_s_10_v378
-32278481,f_cl_clo_vwf_u_13_11_t11_v1
-32184506,m_cl_clo_l2m_f_0_1_t6_v1
-31882634,packed_mp_veh_mod_idx_s_12_v65
-31825745,packed_mp_veh_mod_idx_4_v399
-31824831,packed_mp_veh_window_tint_0_v205
-31709365,packed_mp_veh_mod_idx_s_3_v338
-31691154,f_cl_clo_vwf_u_7_6_t11_v1
-31557533,packed_mp_veh_mod_idx_s_6_v29
-31337064,vem_smod4_whlv202_t66_v0
-31312565,f_cl_clo_s2f_d_24_t11_v1
-31266574,packed_mp_veh_livery_0_v252
-31232829,packed_mp_veh_mod_idx_s_11_v269
-31206217,nclu_index_7_t0_v0
-31180292,packed_ng_vehicle_neon_kit_v125
-31156877,service_earn_pickup
-31032325,vem_insurance_marquis
-30995395,f_cl_u_fmf_10_0_t11_v0
-30914611,packed_mp_veh_livery_0_v181
-30871859,m_cl_clo_h2m_u_6_8_t11_v1
-30856386,f_ha_face_e_c_5_t4_v0
-30832019,vem_smod4_whlv190_t66_v3
-30825502,wp_wct_clip1_t1_v85
-30790510,packed_mp_veh_mod_var_1_v302
-30744522,dec_vw_aw_2s_7
-30682542,mp_stat_mpsv_model_135
-30667815,f_cl_clo_x6f_f_12_24_t6_v1
-30519550,cb_buy_2_t0_v0
-30503213,f_cl_clo_bhf_b_0_2_t1_v1
-30470896,packed_mp_veh_mod_idx_7_v35
-30387140,vem_supermod_0_3_t41_v26
-30312922,f_cl_clo_hp_f_t_1_4_t7_v1
-30245820,f_cl_clo_vwf_ph_1_16_t14_v1
-30211087,packed_mp_veh_mod_idx_s_12_v288
-30146026,vem_supermod_3_20_t44_v3
-30067532,packed_ng_vehicle_bpt_v227
-29911759,ve_technical2_t0_v3
-29901158,m_cl_clo_hstm_o_13_t4_v12
-29846054,f_cl_clo_vwf_ph_0_17_t14_v1
-29766250,m_cl_clo_grm_b_3_8_t1_v1
-29725441,vem_fender_r_10_t37_v35
-29673941,packed_mp_veh_colour2_0_v15
-29651923,f_cl_outfit_clo_trf_o_l1_t12_v0
-29619362,dec_vw_aw_wv_20
-29614409,f_cl_clo_grf_ph_3_21_t14_v1
-29444243,f_cl_clo_h2f_ph_411_t14_v1
-29411922,m_cl_clo_hilf_o_3_t3_v12
-29288818,vem_cmod_airhorn_01_t10_v2
-29255103,f_cl_clo_hstf_b_13_3_t1_v1
-29226002,vem_spoiler_13_t14_v6
-29069794,vem_horn_cnote_c0_t10_v1
-29064810,vem_supermod_5_2_t46_v11
-29051608,packed_mp_veh_mod_idx_s_0_v368
-29049438,m_cl_g_fmm_3_4_t14_v0
-29035093,m_cl_clo_scm_f_0_22_t6_v1
-29027784,m_cl_clo_stm_ht6_1_t14_v1
-28708829,wp_wct_tint_31_t2_v47_n2
-28644935,packed_mp_veh_secondary_colour_group_v325
-28619761,packed_mp_veh_mod_idx_12_v325
-28613488,vem_supermod_17_6_t58_v38
-28548365,f_cl_clo_indf_d_14_t8_v1
-28544019,packed_mp_veh_mod_idx_s_22_v186
-28474193,kosatk_fla_19_t0_v1
-28415563,vem_smod4_whlv113_t66_v0
-28405939,f_cl_clo_bbf_p1_2_t14_v1
-28224659,vem_musc_15_t19_v1
-28187050,kosatk_fla_0_t0_v0
-28171520,packed_mp_veh_mod_idx_15_v412
-27980291,packed_mp_veh_colour2_0_v342
-27956529,packed_mp_veh_mod_idx_s_20_v389
-27923311,packed_mp_veh_plate_id_v212
-27853383,packed_mp_veh_mod_idx_1_v43
-27807396,packed_mp_veh_mod_idx_0_v334
-27773592,f_cl_outfit_clo_h3f_o_clb_1_t12_v0
-27761842,f_cl_clo_smf_b_2_21_t1_v1
-27745954,m_cl_clo_h4m_t_0_1_t7_v1
-27687764,packed_mp_veh_colour_extra2_0_v64
-27664856,packed_mp_veh_livery_0_v353
-27640837,m_cl_l_fmm_13_1_t4_v0
-27457385,m_cl_clo_bhm_decl_23_t11_v1
-27456611,packed_mp_veh_mod_idx_s_6_v158
-27451662,m_cl_clo_vwm_l_3_4_t4_v1
-27443911,service_earn_gangops_setup_fail
-27435083,packed_mp_veh_mod_idx_s_8_v185
-27419467,vem_rwd_offr_01_t19_v12
-27417266,packed_mp_veh_mod_idx_1_v171
-27262818,m_ta_tat_lx_005_t0_v0
-27235586,m_cl_outfit_clo_bus_m_o_17_t12_v0
-27194853,f_cl_clo_suf_u_20_18_t11_v1
-27171575,wp_wct_tint_30_t2_v21_n2
-27039285,packed_mp_veh_mod_idx_5_v392
-26947441,f_cl_clo_hstfb_14_20_t1_v1
-26879796,m_cl_clo_awm_f_7_1_t6_v1
-26844325,m_cl_clo_h4m_u_7_8_t11_v1
-26790901,f_cl_clo_exf_au_3_1_t11_v1
-26757462,f_cl_clo_bbf_101_t4_v1
-26732827,packed_mp_veh_colour1_0_v230
-26686466,packed_mp_veh_livery2_0_v279
-26472946,packed_ng_vehicle_insurance_v9
-26459225,f_cl_clo_x2f_l_0_0_t4_v1
-26401475,packed_mp_veh_plate_id_v153
-26290654,dec_vw_aw_mt_28d
-26181411,packed_mp_veh_mod_idx_8_v276
-26141309,m_cl_clo_sum_u_17_17_t11_v2
-26132824,fixer_hq_wal_2_t0_v0
-26101108,packed_mp_veh_mod_idx_7_v330
-26073271,f_cl_clo_ief_l_5_2_t4_v1
-25966833,wp_rwt_tint2_t2_v82
-25806940,packed_mp_veh_mod_idx_s_4_v171
-25766036,mp_stat_mpsv_model_177
-25749158,packed_mp_veh_colour2_0_v260
-25692940,packed_mp_veh_mod_idx_s_7_v173
-25670256,packed_mp_veh_mod_idx_16_v390
-25642798,pm_weapon_discount_gun_van_0_2
-25592145,packed_mp_veh_mod_idx_8_v259
-25433143,vem_cmod_neoncol_255_t21_v36
-25411899,m_cl_l_fmm_15_4_t4_v0
-25396307,packed_mp_veh_mod_idx_2_v129
-25388967,packed_ng_vehicle_smoke_v333
-25305224,packed_mp_veh_colour_extra1_0_v6
-25185337,vem_chassis_14_t4_v3
-25078692,packed_mp_veh_mod_idx_s_17_v46
-25069075,f_cl_clo_vwf_pw_7_4_t14_v1
-24975417,packed_mp_veh_mod_idx_2_v96
-24951143,fcarcade_b_up3_c_25
-24936718,m_ha_cc_m_hs_14_t0_v2
-24759747,m_ta_tat_fm_214_t0_v0
-24709520,vem_smod4_whlv167_t66_v3
-24641522,packed_mp_veh_mod_idx_15_v18
-24616949,packed_mp_veh_mod_idx_s_8_v184
-24611809,packed_mp_veh_mod_idx_14_v40
-24465318,packed_mp_veh_mod_idx_9_v190
-24397439,m_cl_clo_x6m_l_8_1_t4_v1
-24370960,f_cl_clo_bif_decl_27_t100_v0
-24323793,vem_bikew_08_t19_v4
-24288024,packed_mp_veh_mod_idx_14_v155
-24277431,f_cl_clo_arf_o_24_t8_v12
-24154220,m_cl_clo_fxm_l_4_1_t4_v1
-24073923,m_cl_clo_busm_l_1_11_t4_v1
-24052022,vem_colour_1_mct_classic_dark_silver_t24_v3
-23994192,packed_ng_vehicle_neon_v271
-23847818,packed_mp_veh_mod_idx_s_5_v122
-23844001,wp_wct_c_tint_23_t2_v48_n2
-23785097,packed_mp_veh_mod_idx_s_15_v392
-23685816,vem_supermod_21_13_t62_v3
-23673137,vem_supermod_9_0_t50_v37
-23612271,vem_supermod_12_11_t53_v26
-23587143,m_cl_clo_trm_u_12_18_t11_v1
-23569830,f_cl_clo_grf_u_25_1_t11_v1
-23512170,packed_ng_vehicle_insurance_v409
-23377322,m_cl_clo_h3m_ph_5_9_t14_v1
-23213275,f_cl_clo_h3f_o_jan_3_t3_v12
-23212565,packed_mp_veh_mod_idx_s_11_v31
-23180579,packed_mp_veh_mod_idx_10_v191
-23158594,packed_mp_veh_livery_0_v76
-23132612,packed_mp_veh_mod_idx_s_16_v287
-23119346,packed_mp_veh_colour_extra2_0_v252
-23041531,vem_hood_1_t9_v29
-23033089,packed_mp_veh_mod_idx_s_22_v35
-23014109,m_cl_clo_x6m_l_0_24_t4_v1
-22994040,m_cl_clo_fxm_u_6_7_t11_v1
-22987194,f_cl_clo_grf_u_20_13_t11_v1
-22982300,f_cl_clo_stf_o_e_1_t3_v12
-22976198,packed_mp_veh_mod_var_0_v296
-22886262,m_cl_clo_h4m_b_2_10_t1_v1
-22884341,wp_wct_tint_11_t2_v22_n2
-22867953,packed_mp_veh_mod_idx_4_v250
-22799139,f_cl_clo_s1f_f_1_3_t6_v1
-22728592,f_cl_clo_x6f_u_2_13_t11_v1
-22592510,vem_colour_extra_1_mct_classic_torino_red_t24_v4
-22583015,m_cl_clo_vwm_f_2_13_t6_v1
-22531836,wp_wct_tint_26_t2_v22_n2
-22490006,m_cl_clo_iem_u_4_0_t11_v1
-22379003,vem_supermod_16_3_t57_v7
-22357106,packed_mp_veh_mod_idx_18_v113
-22276096,f_cl_clo_s1f_u_5_6_t11_v1
-22257223,vem_smod5_whlv63_t66_v3
-22230577,f_cl_outfit_clo_h4f_o_l2_f4_t12_v0
-22181328,packed_mp_veh_mod_idx_15_v254
-22138407,vem_supermod_20_0_t61_v7
-22106074,vem_colour_1_mct_classic_dark_green_t24_v0
-22061804,packed_mp_veh_mod_idx_22_v170
-22055566,m_cl_clo_smm_b_6_3_t1_v1
-22041119,m_ha_cc_mkup_87_t5_v0
-22020056,m_cl_clo_hstm_b_15_3_t1_v1
-21987201,f_cl_clo_fxf_u_2_4_t11_v1
-21943367,packed_mp_veh_mod_idx_15_v192
-21861111,packed_mp_veh_mod_idx_5_v377
-21571968,m_cl_clo_fxm_l_5_14_t4_v1
-21488382,m_cl_clo_bhm_decl_45_t100_v0
-21452546,vem_smod5_whlv182_t66_v3
-21378462,packed_mp_veh_mod_idx_10_v27
-21367495,ve_insurgent_t0_v3
-21312539,m_cl_outfit_clo_ltsm_o_4_t12_v0
-21277081,vem_rwd_musc_01_t19_v2
-21171111,vem_insurance_sultan3
-20997316,vem_cmod_tyr_12_t18_v32
-20983040,f_cl_clo_ief_u_4_21_t11_v1
-20977275,packed_mp_veh_mod_idx_8_v166
-20938208,packed_mp_veh_mod_idx_s_5_v376
-20754682,packed_mp_veh_mod_idx_13_v381
-20739240,f_cl_clo_hstf_t_4_1_t7_v1
-20734122,m_cl_outfit_clo_h3m_o_dl_11_t12_v0
-20640709,f_cl_clo_bus_m_0_9_t1_v1
-20608776,vem_supermod_13_0_t54_v7
-20424408,f_cl_clo_stf_o_20_t8_v12
-20256258,f_cl_clo_x3f_b_0_1_t1_v1
-20119300,wp_wt_autoshgn_t0_v0
-20095834,packed_ng_vehicle_neon_kit_v331
-20038121,vem_hood_4_t9_v6
-20016973,m_cl_clo_h2m_u_6_10_t11_v1
-19923828,vem_supermod_3_25_t44_v6
-19903104,mp_stat_mpsv_model_339
-19739936,m_cl_clo_l2m_t_1_0_t7_v1
-19721698,vem_smod_whlv150_t66_v0
-19720637,m_ta_tat_fm_026_t0_v0
-19671852,packed_mp_veh_colour1_0_v395
-19670419,f_cl_clo_hstf_u_12_7_t11_v1
-19658809,packed_mp_veh_mod_idx_9_v386
-19656550,m_cl_sp_fmm_6_1_t8_v1
-19655371,f_cl_clo_s1f_dec_22_t100_v0
-19612611,packed_ng_vehicle_neon_kit_v137
-19583460,vem_cmod_tyr_8_t18_v11
-19526674,packed_mp_veh_mod_idx_s_16_v239
-19377356,m_cl_clo_apm_u_17_5_t11_v1
-19279295,vem_smod_whlv117_t66_v0
-19261716,vem_cmod_hrn_0_t10_v39
-19153425,packed_mp_veh_mod_idx_13_v359
-19125988,packed_mp_veh_colour_extra1_0_v400
-19124621,vem_chassis_1_t4_v2
-19026786,packed_mp_veh_colour2_0_v158
-18872430,vem_spoiler_5_t14_v7
-18824542,packed_mp_veh_mod_idx_3_v374
-18552549,packed_mp_veh_mod_idx_14_v167
-18504763,vem_drft_05_t19_v1
-18398274,mp_stat_ie_wh_owned_vehicle_11_v0
-18380968,packed_mp_veh_plate_id_v8
-18376339,m_cl_clo_og_decl_1_t8_v2
-18331589,packed_mp_veh_mod_idx_7_v138
-18306651,packed_ng_vehicle_neon_v189
-18222697,packed_lr_vehicle_colour_5_v60
-18139423,f_ta_tat_fm_208_t0_v0
-18060186,fcarcade_b_liv_rem
-18011366,f_cl_clo_hstf_b_4_0_t1_v1
-18002013,packed_mp_veh_mod_idx_24_v52
-17786562,packed_mp_veh_colour1_0_v229
-17741192,packed_mp_veh_mod_idx_s_14_v194
-17714854,packed_mp_veh_wheel_type_0_v162
-17685745,vem_supermod_13_10_t54_v3
-17681376,vem_rwd_offr_08_t19_v1
-17647240,f_cl_clo_busf_u_2_11_t8_v1
-17626887,f_cl_clo_ltsfu_0_4_t11_v1
-17285397,m_cl_outfit_clo_hilf_o_21_t12_v0
-17223141,m_cl_clo_grm_g_1_18_t3_v1
-17194527,f_cl_clo_vwf_decl_19_t100_v0
-17163378,f_cl_clo_bif_ph_12_1_t14_v1
-16949537,vem_cmod_pla_4_t23_v33
-16898289,f_cl_outfit_clo_h3f_o_dl_26_t12_v0
-16641541,f_cl_clo_hstfb_19_0_t1_v1
-16636655,m_cl_clo_iem_l_4_9_t4_v1
-16614621,packed_mp_veh_mod_idx_15_v45
-16581801,vem_horn_cnote_f0_t10_v29
-16574172,packed_mp_veh_mod_idx_s_22_v70
-16534528,m_ha_cc_mkup_72_t5_v0
-16448645,m_cl_clo_bus_p_0_11_t14_v1
-16338534,f_cl_outfit_clo_assf_o_0_t12_v0
-16306323,f_cl_clo_x6f_l_8_14_t4_v1
-16219279,vem_colour_1_mct_classic_light_blue_t24_v4
-16075950,f_ha_cc_eyebrw_1_t2_v0
-16070951,m_cl_clo_x6m_b_2_11_t1_v1
-16050346,m_cl_clo_bim_u_4_1_t11_v1
-15971270,f_cl_clo_awf_decl_85_t100_v0
-15953909,packed_mp_veh_mod_idx_s_6_v269
-15914967,ve_dubsta3_t0_v3
-15891861,packed_mp_veh_mod_idx_s_2_v81
-15845256,f_cl_clo_x6f_f_3_13_t6_v1
-15824790,m_cl_clo_hstm_o_14_t3_v12
-15706172,packed_mp_veh_mod_idx_s_20_v57
-15689907,vem_insurance_mule3
-15626299,f_cl_clo_x6f_f_6_25_t6_v1
-15586979,vem_supermod_12_12_t53_v28
-15566888,packed_mp_veh_mod_idx_s_5_v313
-15538792,m_cl_clo_grm_l_0_3_t4_v1
-15518970,vem_supermod_23_10_t64_v33
-15427846,packed_mp_veh_colour1_0_v248
-15402086,f_cl_outfit_clo_h3f_o_dl_24_t12_v0
-15136549,vem_colour_1_mct_metals_gold_p_t24_v1
-14996035,packed_mp_veh_mod_idx_18_v321
-14931066,vem_cmod_col5_6_t29_v4
-14749355,vem_rwd_spt_18_t19_v2
-14712938,packed_mp_veh_wheel_type_0_v129
-14663437,vem_supermod_15_6_t56_v27
-14661526,f_cl_clo_x6f_u_3_8_t11_v1
-14492101,packed_mp_veh_mod_idx_s_1_v377
-14419183,packed_mp_veh_mod_idx_s_14_v379
-14354069,vem_supermod_10_22_t51_v3
-14294688,vem_colour_1_mct_classic_midnight_silver_t24_v33
-14151810,packed_mp_veh_mod_idx_22_v386
-14099562,vem_supermod_11_1_t52_v28
-14065755,f_cl_clo_h3f_b_9_19_t1_v1
-14031971,vem_smod_whlv51_t66_v3
-13990913,packed_mp_veh_mod_idx_s_21_v412
-13940511,vem_supermod_53_23_t53_v7
-13809160,packed_mp_veh_mod_idx_22_v111
-13798700,m_cl_u_fmm_7_1_t11_v0
-13777839,m_cl_clo_h3m_ph_9_1_t14_v1
-13753605,f_cl_clo_h2f_b_4_22_t1_v1
-13643155,packed_mp_veh_mod_var_0_v412
-13635484,vem_smod4_whlv160_t66_v2
-13633908,m_cl_clo_exm_decl_9_t100_v0
-13483089,vem_supermod_10_12_t51_v10
-13473578,vem_colour_extra_1_mct_metallic_woodbeech_brown_t24_v33
-13463961,f_cl_clo_hp_f_d_22_t100_v0
-13461957,packed_mp_veh_mod_idx_0_v154
-13461492,vem_colour_1_mct_metallic_nautical_blue_t24_v1
-13321488,vem_insurance_infernus2
-13314952,vem_horn_clas3_t10_v36
-13244402,m_cl_clo_grm_ph_4_17_t14_v1
-13165654,wp_wct_camo_7_t1_v1_n2
-13114977,packed_mp_veh_mod_idx_24_v224
-13058563,m_cl_outfit_clo_h2m_o_g_24_t12_v0
-12980921,vem_bikew_07_t19_v4
-12886218,vem_livery_7_n1_t26_v3
-12830009,packed_mp_veh_mod_idx_s_8_v133
-12807117,vem_smod_whl31_t19_v12
-12781197,packed_mp_veh_livery2_0_v100
-12773167,packed_mp_veh_mod_idx_15_v141
-12699404,f_ta_tat_l2_029_t0_v0
-12619854,service_earn_gangops_award_loyalty_award_2
-12472558,vem_colour_1_mct_metallic_wine_red_t24_v33
-12462970,ve_schafter6_t0_v0
-12450811,f_cl_clo_h3f_b_15_0_t1_v1
-12382226,f_cl_clo_l2f_l_1_2_t4_v1
-12357847,m_cl_clo_sbm_f_6_3_t6_v1
-12315134,m_cl_clo_sum_decl_1_t100_v0
-12304121,m_cl_clo_grm_u_11_6_t11_v1
-12292797,m_cl_clo_vwm_pw_7_0_t14_v1
-12170641,vem_supermod_21_3_t62_v38
-12150310,packed_mp_veh_primary_colour_group_v327
-12102504,vem_rwd_musc_13_t19_v1
-11982053,m_cl_clo_x4m_u_11_6_t11_v1
-11882602,m_cl_clo_lxm_w_1_2_t14_v1
-11863967,m_cl_clo_bus_m_o_6_t8_v12
-11806835,f_cl_clo_scf_l_0_18_t4_v1
-11591929,packed_mp_veh_secondary_colour_group_v180
-11515553,packed_mp_veh_livery2_0_v319
-11488788,vem_smod_whlv55_t66_v0
-11452378,f_cl_clo_sbf_f_3_14_t6_v1
-11424964,vem_colour_extra_1_mct_matte_dark_blue_t24_v2
-11383245,m_cl_clo_l2m_f_0_0_t6_v1
-11353177,ve_cerberus2_t1_v38
-11324618,vem_smod5_whlv76_t66_v3
-11262388,vem_supermod_14_11_t55_v3
-11195112,packed_mp_veh_livery2_0_v409
-11189924,packed_mp_veh_mod_idx_s_1_v315
-11144482,f_ha_cc_blush_14_t5_v0
-11124414,vem_supermod_6_0_t47_v26
-11109241,packed_mp_veh_mod_idx_s_2_v211
-11091300,packed_mp_veh_mod_idx_s_17_v332
-10976925,packed_mp_veh_mod_idx_24_v155
-10920316,kosatk_col_12_t0_v0
-10821543,packed_mp_veh_mod_idx_s_22_v101
-10810672,m_cl_clo_h4m_u_7_4_t11_v1
-10713835,f_cl_clo_h3f_ph_6_14_t14_v1
-10652260,vem_supermod_17_7_t58_v3
-10595055,packed_mp_veh_plate_id_v334
-10498834,vem_colour_extra_1_mct_metallic_blue_t24_v4
-10461758,packed_mp_veh_mod_idx_s_4_v346
-10448885,m_cl_clo_fxm_u_2_11_t11_v1
-10418208,packed_mp_veh_mod_idx_5_v179
-10412584,packed_mp_veh_mod_idx_16_v105
-10156865,packed_lr_vehicle_colour_5_v401
-10018600,f_cl_clo_bbf_011_t4_v1
-9872549,f_cl_clo_h3f_ph_6_18_t14_v1
-9845848,packed_mp_veh_mod_idx_18_v146
-9808472,vem_horn_cnote_c1_t10_v4
-9795362,vem_supermod_50_22_t50_v7
-9770940,packed_mp_veh_colour2_0_v310
-9745533,packed_mp_veh_mod_idx_10_v102
-9722205,vem_supermod_3_1_t44_v3
-9684917,wp_wct_holo_t1_v70_n2
-9648438,wp_wm_tint4_t2_v70
-9601570,f_cl_clo_fxf_ph_0_10_t14_v1
-9598776,m_cl_clo_h2m_b_9_0_t1_v1
-9548252,f_cl_clo_awf_f_4_0_t6_v1
-9547994,vem_colour_extra_1_mct_pearlescent_cream_t24_v0
-9543137,m_cl_clo_smm_u_7_11_t11_v1
-9482281,packed_mp_veh_livery2_0_v257
-9410864,packed_mp_veh_window_tint_0_v373
-9397539,wp_wm_tint7_t2_v64
-9338623,packed_mp_veh_mod_idx_3_v263
-9272346,m_cl_clo_trm_o_ms_1_t3_v12
-9249915,vem_smod4_whlv46_t66_v0
-9089656,fcclub_sty_3_t0_v0
-9064725,vem_hood_18_t9_v1
-9047228,packed_lr_vehicle_colour_5_v311
-9029840,m_cl_clo_apm_l_10_6_t4_v1
-8936920,vem_hood_8_t9_v1
-8866334,f_ta_tat_gr_009_t0_v0
-8731508,vem_supermod_23_5_t64_v6
-8727393,f_cl_clo_ief_l_0_4_t4_v1_cesp
-8701288,m_cl_clo_hstm_u_1_0_t11_v1
-8567894,mba_floor1_2_t0_v1
-8524777,packed_mp_veh_mod_idx_s_13_v171
-8498648,vem_fender_r_5_t37_v5
-8353451,m_cl_clo_vwm_d_1_16_t10_v1
-8321198,vem_smod4_whlv170_t66_v0
-8303628,packed_mp_veh_mod_idx_s_18_v99
-8281458,f_cl_clo_hstf_t_1_4_t7_v1
-8201558,m_cl_outfit_clo_bim_o_14_t12_v0
-8070528,vem_spoiler_15_t14_v6
-8036746,packed_mp_veh_mod_idx_24_v266
-8024710,f_cl_clo_h2f_ph_2_9_t14_v1
-8003235,packed_mp_veh_secondary_colour_group_v22
-7875677,f_cl_clo_vwf_u_8_22_t11_v1
-7579521,packed_mp_veh_mod_idx_s_7_v325
-7517751,packed_mp_veh_mod_idx_10_v44
-7388859,packed_mp_veh_mod_idx_22_v30
-7355572,packed_lr_vehicle_colour_5_v5
-7317105,m_cl_clo_sum_l_1_10_t4_v1
-7315254,vem_smod_whlv159_t66_v0
-7223116,packed_mp_veh_mod_idx_6_v149
-6999124,f_cl_clo_stf_ht1511_t14_v1
-6949799,f_ha_cc_mkup_49_t5_v0
-6766151,m_cl_clo_fxm_u_6_6_t11_v1
-6756823,f_cl_clo_x2f_ht_5_7_t14_v1
-6748530,vem_cmod_tyr_1_t32_v10
-6697792,m_cl_clo_bhm_decl_47_t11_v1
-6678525,f_ha_cc_mkup_33_t5_v0
-6646697,packed_mp_veh_mod_idx_5_v180
-6551784,packed_mp_veh_mod_idx_s_7_v192
-6535929,m_cl_clo_grm_f_0_23_t6_v1
-6501160,vem_chassis_2_t4_v38
-6495420,m_cl_clo_grm_l_4_8_t4_v1
-6477359,f_cl_clo_s2f_d_22_t11_v1
-6445610,m_cl_clo_x6m_u_26_21_t11_v1
-6433412,packed_ng_vehicle_neon_v224
-6419294,packed_mp_veh_mod_idx_s_10_v18
-6302393,m_ta_tat_bi_020_t0_v0_cesp
-6165931,f_cl_clo_sbf_u_0_24_t11_v1
-6136430,m_cl_clo_h3m_ph_2_1_t14_v1
-6126644,packed_mp_veh_mod_idx_s_5_v372
-6074584,vem_horn_clas1_t10_v7
-6073004,m_cl_clo_h3m_b_0_0_t1_v1
-6068969,f_cl_clo_ief_l_2_1_t4_v1
-6047417,f_cl_clo_s1f_ph_0_21_t14_v1
-6039153,m_cl_clo_bim_ph_1_9_t14_v1
-5994941,packed_mp_veh_mod_idx_s_21_v409
-5930394,packed_mp_veh_mod_idx_9_v316
-5887849,m_cl_clo_fxm_u_6_0_t11_v1
-5861820,f_cl_clo_suf_l_3_0_t4_v1
-5708807,packed_mp_veh_mod_idx_s_21_v156
-5549712,vem_colour_extra_1_mct_classic_bright_green_t24_v4
-5536189,vem_colour_1_mct_metallic_blue_t24_v2
-5519648,f_cl_clo_trf_u_4_1_t11_v1
-5487808,packed_mp_veh_mod_idx_15_v337
-5474235,packed_mp_veh_colour_extra1_0_v161
-5399422,m_cl_clo_stm_l_3_3_t4_v1
-5381195,f_cl_clo_x3f_b_12_2_t1_v1
-5314954,m_cl_clo_iem_u_3_10_t11_v1
-5298952,packed_mp_veh_livery2_0_v189
-5241327,f_cl_clo_stf_ht11_1_t14_v1
-5179820,f_cl_clo_lxf_t_15_0_t7_v1
-5090243,f_cl_clo_awf_f_8_1_t6_v1
-4911433,packed_mp_veh_mod_idx_s_9_v212
-4816386,f_cl_clo_x6f_f_6_24_t6_v1
-4770018,packed_mp_veh_mod_idx_s_4_v198
-4760369,packed_mp_veh_mod_idx_10_v257
-4716126,mba_colour_6_t0_v0
-4608456,vem_spoiler_12_t14_v0
-4535664,f_cl_clo_awf_l_1_2_t4_v1
-4462474,vem_supermod_23_1_t64_v20
-4444697,m_cl_clo_sum_decl_7_t11_v1
-4439276,vem_musc_07_t19_v2
-4423041,vem_rwd_spt_14_t19_v2
-4244175,packed_mp_veh_window_tint_0_v81
-4229406,packed_mp_veh_mod_idx_s_14_v7
-4224034,m_cl_clo_iem_b_1_5_t1_v1
-4218060,vem_colour_2_mct_matte_matte_foil_t25_v1
-4138654,service_earn_gangops_award_first_time_xm_submarine
-4079358,f_cl_clo_scf_u_4_14_t11_v1
-4036193,packed_lr_vehicle_colour_6_v186
-3969025,f_cl_clo_l2f_dec_10_t11_v1
-3923676,vem_supermod_10_1_t51_v27
-3923247,wp_wct_c_tint_1_t2_v70_n2
-3840004,packed_mp_veh_mod_idx_3_v67
-3683957,m_cl_clo_h4m_s_1_8_t8_v1
-3683443,vem_hood_6_t9_v4
-3585720,packed_ng_vehicle_insurance_v138
-3538010,vem_smod2_whlv97_t66_v3
-3392441,f_cl_clo_ief_o_8_t8_v12_cesp
-3335669,vem_smod5_whlv172_t66_v3
-3331490,wp_wct_camo_6_t1_v9_n2
-3232563,m_cl_clo_bim_u_28_1_t11_v1
-3231890,vem_supermod_1_8_t42_v11
-3151002,packed_mp_veh_mod_idx_s_14_v266
-3148811,packed_mp_veh_mod_idx_s_9_v297
-3122502,vem_smod2_whlv167_t66_v3
-3119746,vem_offr_10_t19_v1
-3022018,fcbase_gra7_t0_v0
-2959941,packed_mp_veh_mod_idx_s_21_v268
-2767276,m_ta_tat_bus_010_t0_v0
-2752087,wp_wct_grip_t1_v48_n2
-2730560,f_cl_clo_vwf_u_6_14_t11_v1
-2709224,m_cl_clo_trm_u_11_10_t11_v1
-2683269,f_cl_clo_awf_b_8_3_t1_v1
-2607799,f_ta_tat_x6_022_t0_v0
-2567499,packed_mp_veh_mod_idx_s_20_v72
-2537283,packed_ng_vehicle_neon_kit_v369
-2519057,m_cl_outfit_clo_hstm_o_m_1_t12_v0
-2413509,packed_mp_veh_mod_idx_s_9_v73
-2225331,f_cl_clo_fxf_u_4_15_t11_v1
-2160994,vem_cmod_neoncol_5_t21_v35
-2129981,vem_horn_indi_1_t10_v3
-1982972,packed_mp_veh_mod_idx_s_18_v404
-1832106,packed_ng_vehicle_bpt_v65
-1817690,packed_mp_veh_mod_idx_22_v106
-1716862,packed_ng_vehicle_neon_kit_v202
-1688422,f_cl_clo_vwf_u_15_18_t11_v1
-1662379,f_cl_clo_lxf_dec_28_t11_v1
-1639167,vem_colour_2_mct_classic_stone_silver_t25_v2
-1533041,f_cl_outfit_clo_s2f_o_6_t12_v0
-1482841,packed_ng_vehicle_bpt_v129
-1442091,vem_cmod_whe_0_t19_v3
-1365510,f_cl_clo_h4f_plw_010_t14_v1
-1266952,packed_mp_veh_mod_idx_s_19_v391
-1242700,m_cl_clo_x6m_o_o_22_t3_v12
-1080906,packed_mp_veh_mod_idx_s_20_v101
-1079220,packed_mp_veh_mod_idx_14_v280
-1028622,packed_mp_veh_mod_idx_22_v225
-947331,f_cl_clo_bif_ph_10_2_t14_v1
-931019,vem_cmod_hrn_mus3_t10_v26
-894722,packed_mp_veh_mod_idx_s_11_v138
-885403,m_ta_tat_x6_000_t0_v0
-857841,m_cl_clo_hp_d_28_t8_v1
-830162,wp_wm_tint5_t2_v49
-764697,m_cl_clo_scm_ey_0_25_t14_v1
-675236,packed_mp_veh_mod_idx_0_v315
-657528,f_cl_f_fmf_15_0_t6_v0
-580718,f_ta_tat_gr_000_t0_v0
-530103,m_cl_g_fmm_3_1_t14_v0
-517686,vem_sub_heli_cm_1
-488378,vem_armour_5_t1_v30
-362960,packed_mp_veh_mod_idx_s_5_v345
-362334,f_cl_crew_logo_3_t10_v1
-309865,f_cl_ht_fmf_12_0_t14_v0
-297381,packed_mp_veh_mod_idx_13_v283
-296891,m_cl_clo_val_decl_r_t8_v2
-184107,f_cl_outfit_clo_awf_o_f_5_t12_v0
-157542,vem_cmod_hrn_mus3_t10_v2
-132958,f_cl_clo_l2f_h_0_7_t14_v1
